query_ts,assumedLPToken,equityValue,totalDexYield,totalTradingfee,newTotalTradingFee,liquidity,totalVolume,volume,priceImpact,priceEffect,totalReturn,totalEquityVal,impermanentLoss,tokenPrice,quoteTokenPrice,rewardPrice,rewardTokenPerLP,feePerDollar
2021-06-24T01:00:00.000Z,0.011169694510107662,1,0.000044131402297494317,0.000010243459879520946,4.558575739110893e-13,20110542.0472,121177.3667,121177.3667,-4.558575739110893e-13,-4.558575739110893e-13,0.000044131402297494317,1.0000441314022974,0,1933.9086545801442,0.9959859291692628,13.343419650563256,0.0002961006,0.000010243459520211274
2021-06-24T02:00:00.000Z,0.011169694510107662,0.9957054384552656,0.00008564145273191003,0.000016304348344901056,0.0000011262682305668292,20055514.9941,192988.2544,71810.8877,-0.004295687812964966,-0.004295687812964966,-0.004208920092002489,0.9957910799079975,-0.00002510948648093425,1912.0034423472412,0.9987602882188749,12.957236626901992,0.0002956386000000001,0.000006087029384481699
2021-06-24T03:00:00.000Z,0.011169694510107662,0.994980769036686,0.0001272646093680907,0.00002386798740422093,0.000008605822215179693,20041092.4566,282604.8801,89616.6257,-0.005027836785529205,-0.005027836785529205,-0.004891966353945934,0.995108033646054,-0.00006223404820759892,1902.836807596713,1.0020963429266676,12.90069463668407,0.00029144900000000005,0.000007601794364250247
2021-06-24T04:00:00.000Z,0.011169694510107662,0.9910502905907307,0.0001695743560130901,0.000034445901446458033,0.00002327094524046114,19961987.7956,407936.0772,125331.1971,-0.008972980354509774,-0.008972980354509774,-0.008780135053256224,0.9912198649467437,-0.00006000064785993686,1895.6748573950604,0.9979213187938447,12.878629637750771,0.00029563649999999995,0.00001067343779846229
2021-06-24T05:00:00.000Z,0.011169694510107662,0.9930786446539516,0.00021168530784436903,0.000043369044235503347,0.00002732528856774774,20032518.7646,513817.76540000003,105881.6882,-0.006948680634616178,-0.006948680634616178,-0.006709670038204061,0.9932903299617959,-0.000050516937909361737,1901.2631042152962,0.9990571332466318,12.85740407911636,0.0002951706999999999,0.00000898533389910413
2021-06-24T06:00:00.000Z,0.011169694510107662,1.0021906824918685,0.0002586934162926758,0.000049209016248923643,0.000036189278784348744,20216328.0429,583114.6638,69296.8984,0.002154493213084141,0.002154493213084141,0.0024493759081611654,1.0024493759081612,-0.000008770883545894392,1929.9749732532487,1.002321020778139,13.084817621540676,0.00029601740000000006,0.0000058272069502440225
2021-06-24T07:00:00.000Z,0.011169694510107662,1.001409769912881,0.000303299132856492,0.00005631611750150134,0.00004163324405803692,20235466.8184,667592.9235,84478.2597,0.0013681366688229613,0.0013681366688229613,0.0017130690457374902,1.0017130690457374,-0.000011980687027568493,1927.0981189251625,1.0022426238030988,13.152482378277867,0.00029452170000000003,0.000007097095549059111
2021-06-24T08:00:00.000Z,0.011169694510107662,0.9952291685655497,0.00035118944477276556,0.00006478731993006484,0.000049649497888437644,20112957.1271,768297.4441000001,100704.5206,-0.004820480932338778,-0.004820480932338778,-0.0044196419896775745,0.9955803580103224,-0.000008465545124680673,1916.6833539817412,0.9952716832106647,13.322533247045506,0.0002954728000000001,0.000008511810766470035
2021-06-24T09:00:00.000Z,0.011169694510107662,1.0082306593668213,0.0004042668107843568,0.00007112841581980331,0.00005742548994458474,20384029.288,843710.3301000001,75412.886,0.00817323387687674,0.00817323387687674,0.008634926177605681,1.0086349261776058,-2.073623867060448e-7,1950.9709462329488,1.003479914603955,13.632764796376392,0.00029486019999999994,0.000006289330945745451
2021-06-24T10:00:00.000Z,0.011169694510107662,1.0026228177095216,0.00044912112289105126,0.00007652135655347898,0.00006106748421075281,20227988.4733,907712.0853000002,64001.7552,0.0025617502253107993,0.0025617502253107993,0.0030719388324126034,1.0030719388324125,-4.823943914322726e-7,1940.7682035919581,0.9975570776825425,13.627362799095401,0.00029573269999999985,0.0000053788335890943805
2021-06-24T11:00:00.000Z,0.011169694510107662,1.0016599802123023,0.00048769604381889353,0.00007961151620695898,0.00006498073919503078,20208779.6986,944385.5297000002,36673.4444,0.0015949994731072614,0.0015949994731072614,0.0021476762561211857,1.0021476762561212,-0.000002919378245369586,1932.3184251654043,0.9999879348846461,13.451015924860704,0.00029543219999999973,0.000003085038107685396
2021-06-24T12:00:00.000Z,0.011169694510107662,1.0079375833731608,0.0005423491020308949,0.00008567883171456021,0.00007066194567140194,20336876.6427,1016396.4355000001,72010.9058,0.007866921427489348,0.007866921427489348,0.008479932475191646,1.0084799324751916,-0.000010645588327418132,1958.1370956836881,0.9992000530616113,13.711578182388884,0.0002951654000000001,0.000006019534956659265
2021-06-24T13:00:00.000Z,0.011169694510107662,1.0137931642047506,0.0005866193891607687,0.00009315589335476279,0.00007932331691362648,20464289.6477,1105179.3366,88782.9011,0.013713840887837003,0.013713840887837003,0.0143797835939114,1.0143797835939115,-0.000027514991251531562,1975.0271130691071,1.0021825819985375,13.687402663009538,0.0002958223000000007,0.000007375332076916887
2021-06-24T14:00:00.000Z,0.011169694510107662,1.0096911656332765,0.0006263834891492028,0.00009802607116294586,0.00008291891648437577,20467808.9307,1163252.9296000001,58073.593,0.009608246716792168,0.009608246716792168,0.010317549122425747,1.0103175491224257,-0.00001981412552054529,1964.8201118494947,0.9992453677601549,13.57317807436296,0.00029457219999999985,0.000004823433149794583
2021-06-24T15:00:00.000Z,0.011169694510107662,1.006826284033268,0.00067033395459571,0.00010115368168514878,0.00008663788168261632,20415006.5112,1200557.2084000001,37304.2788,0.006739646151585399,0.006739646151585399,0.007496617987863725,1.0074966179878637,-0.000023412146076151608,1960.3109240531137,0.9958605839874016,13.55906832572645,0.00029449599999999945,0.000003106404787341521
2021-06-24T16:00:00.000Z,0.011169694510107662,1.012223344265327,0.0007178604179033004,0.00011559082347393978,0.00010128688994859303,20498882.1256,1372540.4457,171983.2373,0.012122057375378414,0.012122057375378414,0.012941204683230307,1.0129412046832302,-0.0000871032661523552,1983.3583603849138,0.9948411662635053,13.62409475249686,0.0002911852000000009,0.000014262802313735551
2021-06-24T17:00:00.000Z,0.011169694510107662,1.0223331252967995,0.0007792453909223591,0.00012958897951394178,0.00011711341883491322,20740867.1724,1539594.2592,167053.8135,0.022216011877964625,0.022216011877964625,0.023112370687721897,1.0231123706877219,-0.00012447585486630164,2008.3129031768929,1.0021740202596405,13.920525419136277,0.0002943370999999996,0.000013692363033302156
2021-06-24T18:00:00.000Z,0.011169694510107662,1.0265890105355733,0.0008338649759096048,0.00015457873040205722,0.00014247504411457612,20830590.9369,1837870.0376,298275.7784,0.0264465354914587,0.0264465354914587,0.02742287551148288,1.027422875511483,-0.00019505130051955533,2024.653666416445,1.002330814558716,14.075888389429858,0.00029208539999999974,0.000024342507844161128
2021-06-24T19:00:00.000Z,0.011169694510107662,1.020351284939992,0.0008808237097785225,0.00017905907173446689,0.0001655842949317421,20859993.1966,2132266.7823,294396.7447,0.02018570064506031,0.02018570064506031,0.021232108649770577,1.0212321086497707,-0.000193764140541286,2012.1728584570399,0.9962821222898253,14.092458313110129,0.00029208800000000035,0.000023992072349840122
2021-06-24T20:00:00.000Z,0.011169694510107662,1.018592571363546,0.0009243633112902543,0.00020054995826213024,0.0001876496661108451,20824746.3389,2390721.591,258454.8087,0.018404921697435128,0.018404921697435128,0.019516934674836228,1.0195169346748363,-0.00014967596177517528,2003.876659817061,0.9969173446206564,14.055412074046595,0.00029208069999999976,0.00002109860872443205
2021-06-24T21:00:00.000Z,0.011169694510107662,1.0186246287095944,0.0009742009716904842,0.00020600827968565139,0.00019565437784563322,20825401.7394,2456364.739,65643.148,0.018428974331748726,0.018428974331748726,0.019598829681284843,1.0195988296812848,-0.00013490848397790245,2002.1696408254834,0.9978144319794772,14.113106699167584,0.00029208069999999976,0.000005358520954190011
2021-06-24T22:00:00.000Z,0.011169694510107662,1.0155529045955753,0.0010138398107630519,0.00020923842241860985,0.00019464729365203937,20762894.4731,2495211.7955,38847.0565,0.015358257301923306,0.015358257301923306,0.016566744406338398,1.0165667444063384,-0.00009277272593410935,1990.541497828973,0.9976002148033994,14.024514823329016,0.0002920798000000005,0.000003180673876446279
2021-06-24T23:00:00.000Z,0.011169694510107662,1.0154793648839762,0.0010493565873684852,0.00021647705129192188,0.0002029649635817421,20813780.9731,2582486.2778,87274.4823,0.015276399920394423,0.015276399920394423,0.01652872147134465,1.0165287214713445,-0.00004919852938345404,1983.025656538552,1.0012197525607516,13.8955171952826,0.00028891480000000166,0.000007128287748475442
2021-06-25T00:00:00.000Z,0.011169694510107662,1.0141620354041887,0.001086589679411713,0.0002197632994004046,0.0002051063125567687,20795516.9599,2622124.4636999997,39638.1859,0.013956929091631931,0.013956929091631931,0.015248625083600413,1.0152486250836004,-0.00006798274759967082,1983.8994898504716,0.9981791842647463,13.794851599688712,0.0002909778999999985,0.000003240357821348627
2021-06-25T01:00:00.000Z,0.011169694510107662,1.0148440713006823,0.0011340829855410706,0.0002319273078291381,0.00021812953595401474,20824902.4108,2768953.3370999997,146828.8734,0.014625941764728312,0.014625941764728312,0.015978154286223397,1.0159781542862234,-0.00008564454483728223,1988.0443000397822,0.9974130046588403,13.832682872762081,0.00028810000000000055,0.000011986086650305275
2021-06-25T02:00:00.000Z,0.011169694510107662,1.0171024032316514,0.0011742146636129556,0.0002411651087313193,0.0002282277898311147,20891271.4029,2880567.6489999997,111614.3119,0.01687417544182024,0.01687417544182024,0.01827661789526431,1.0182766178952642,-0.00006212868243249403,1988.5861722361874,1.0015650954299256,13.776948917712499,0.00029048490000000056,0.000009082469255732366
2021-06-25T03:00:00.000Z,0.011169694510107662,1.0179981536928246,0.0012251157179337968,0.0002502618129354794,0.00023630691635379009,20964108.1948,2990763.32,110195.671,0.017761846776470858,0.017761846776470858,0.019223269410758446,1.0192232694107584,-0.00014875569614680728,2002.5046074657505,0.9963409227123922,13.849190803198535,0.00028924620000000023,0.000008935874541349034
2021-06-25T04:00:00.000Z,0.011169694510107662,1.0198507316083185,0.0012689499207557057,0.00025690933599046927,0.0002468467327088053,21002302.1685,3071290.2649,80526.9449,0.01960388487560971,0.01960388487560971,0.021119681529074223,1.0211196815290742,-0.00009934154755897318,1999.8125494078088,1.0012968124151431,13.838048977371406,0.00028997060000000017,0.000006518133356605125
2021-06-25T05:00:00.000Z,0.011169694510107662,1.0168653126465284,0.0012868928383572315,0.0002617017738418314,0.00024967930524288917,25844510.2476,3142939.6431,71649.3782,0.016615633341285463,0.016615633341285463,0.018152205484885584,1.0181522054848855,-0.00004981356590050279,1985.7641750751106,1.002478475140204,13.643437014280913,0.00023484569999999988,0.000004712952258451525
2021-06-25T06:00:00.000Z,0.011169694510107662,1.0108618109429097,0.0013076001153648875,0.00026651441767056234,0.00025147518953416714,26088224.3545,3216000.9672,73061.3241,0.010610335753375555,0.010610335753375555,0.012169411058274609,1.0121694110582746,-0.000018759827562275788,1966.436423511949,1.0004069982705286,13.493495962604777,0.0002312274999999998,0.0000047609315713576265
2021-06-25T07:00:00.000Z,0.011169694510107662,1.0128281555367276,0.0013439022535939942,0.0002721142781120072,0.0002593976452429647,26170017.3505,3301114.0878999997,85113.1207,0.012568757891484594,0.012568757891484594,0.014172057790321553,1.0141720577903215,-0.000023245825837459044,1971.6132889826868,1.0016510947075816,13.511428155891794,0.00022902689999999953,0.000005528934247620418
2021-06-25T08:00:00.000Z,0.011169694510107662,1.0054603436006528,0.0013529090496236683,0.0002803991957264395,0.00026792153851951106,25989120.5262,3427083.7367,125969.6488,0.005192422062133328,0.005192422062133328,0.006813252650276508,1.0068132526502764,-2.5926997815339803e-7,1942.5509951242934,1.0018786988960218,13.258803103377488,0.0002304839000000005,0.00000823992496183601
2021-06-25T09:00:00.000Z,0.011169694510107662,1.004032101971904,0.0013813882030282584,0.00029070807203882834,0.0002774490807457841,25982013.9451,3584007.1089999997,156923.3723,0.0037546528911582833,0.0037546528911582833,0.0054134901749323255,1.0054134901749323,-5.754754039966059e-8,1940.5113671990898,1.0000647317011748,13.204534332241678,0.0002306360999999998,0.000010267477089100348
2021-06-25T10:00:00.000Z,0.011169694510107662,0.9939812816919819,0.0013797740855195134,0.0002985949989172626,0.000284849849891855,25741737.2809,3704155.6528999996,120148.5439,-0.00630356815791,-0.00630356815791,-0.004638944222498631,0.9953610557775013,-0.000028277090620587586,1907.3203617306808,0.9971786591301168,12.872410223575516,0.00023042659999999974,0.000007934682978120223
2021-06-25T11:00:00.000Z,0.011169694510107662,0.9908466110449105,0.001422371148396155,0.00030872918902629954,0.0002936959390472671,25660867.6359,3858540.6345999995,154384.9817,-0.009447084894136815,-0.009447084894136815,-0.007731017806693392,0.9922689821933066,-0.00015217578344506322,1882.506986381058,1.0039403835029617,12.959773909375151,0.0002295760999999988,0.000010227809621013034
2021-06-25T12:00:00.000Z,0.011169694510107662,0.9807763062314859,0.0014489840238745256,0.0003241171778675303,0.00030514041795792757,25540243.3018,4094256.0591999996,235715.4246,-0.019528834186472,-0.019528834186472,-0.017774709744639548,0.9822252902553604,-0.0002492779988673144,1854.2687918804659,0.9985874953584509,12.902215831364494,0.0002285002000000017,0.00001568960080312777
2021-06-25T13:00:00.000Z,0.011169694510107662,0.987035809297798,0.0014826345046986221,0.0003438369149779316,0.00032936105094250046,25646185.4671,4395655.2423,301399.1831,-0.013293551753144506,-0.013293551753144506,-0.011481556197503384,0.9885184438024966,-0.00027300878658298444,1864.1231564259865,1.005982651660345,12.908085417490803,0.00022882120000000027,0.000019978745452313004
2021-06-25T14:00:00.000Z,0.011169694510107662,0.9815549590907995,0.0015002537509535257,0.00035463309937149907,0.00033596381015965626,25553886.898,4560989.83,165334.5877,-0.018781004719360173,-0.018781004719360173,-0.01694478715824699,0.983055212841753,-0.0002236577385104077,1857.8720093991835,0.9981717221760343,12.777711164781426,0.00022837329999999853,0.000010999062499255177
2021-06-25T15:00:00.000Z,0.011169694510107662,0.9710699066573268,0.0015233498044123022,0.0003755948126859905,0.0003613327993400306,25281014.5829,4882002.2638,321012.4338,-0.02929142614201319,-0.02929142614201319,-0.027406743538260857,0.9725932564617391,-0.00045960447362225487,1821.1895970232242,0.9965789971415938,12.698536279642985,0.000228372800000001,0.00002158620397415237
2021-06-25T16:00:00.000Z,0.011169694510107662,0.9729450199754588,0.0015353558569961726,0.00039002219439571856,0.00036921150156055127,25389169.1124,5103464.0451,221461.7813,-0.02742419152610176,-0.02742419152610176,-0.025519624167545035,0.974480375832455,-0.00046533233932821716,1824.3489729779135,0.9986841771942415,12.533830229113697,0.00022689169999999922,0.000014828568297893835
2021-06-25T17:00:00.000Z,0.011169694510107662,0.9727679477667498,0.0015098073031384036,0.00041512507865164907,0.00039571424424489354,25388894.6142,5488861.8531,385397.808,-0.027627766477495097,-0.027627766477495097,-0.0257222449301118,0.9742777550698882,-0.0005518637393712167,1819.0175303034366,1.0011920057262436,12.081010660360755,0.00022172960000000047,0.000025805624213098278
2021-06-25T18:00:00.000Z,0.011169694510107662,0.9693709776979283,0.0015231532081257256,0.0004281404557165458,0.0004098637297470509,25345735.6719,5689042.8002,200180.9471,-0.031038886031818702,-0.031038886031818702,-0.029105869093945927,0.970894130906054,-0.0005982327821486555,1810.157354914725,0.99904609715296,11.947412079747512,0.00022512129999999883,0.000013426621916809779
2021-06-25T19:00:00.000Z,0.011169694510107662,0.9800657584353984,0.0015949611105490575,0.0004383348069171836,0.00042304517600155744,26573411.4275,5851636.1429,162593.3427,-0.02035728674060311,-0.02035728674060311,-0.018339280454052493,0.9816607195459475,-0.0003602884636146886,1844.3524085337035,1.002260645156918,12.274858758712488,0.00021926279999999888,0.000010401701089230615
2021-06-25T20:00:00.000Z,0.011169694510107662,0.9804374560768856,0.0016475292534696767,0.0004607957903488054,0.00044590956825230066,26677357.3384,6211139.349,359503.2061,-0.020008453491366707,-0.020008453491366707,-0.01791501466964473,0.9820849853303553,-0.00029292454316098837,1849.8870013703554,0.9999737924612354,12.445669547285412,0.0002184915999999989,0.000022909145108248368
2021-06-25T21:00:00.000Z,0.011169694510107662,0.9846522267804355,0.001680576775641564,0.0004644959281364518,0.00045139371445468424,26825163.3644,6270435.7755,59296.4265,-0.01579916693401917,-0.01579916693401917,-0.013667196443922922,0.9863328035560771,-0.0002208211684178174,1863.7687332559724,1.0010703414957145,12.465783063222979,0.00021822149999999968,0.000003757812158705364
2021-06-25T22:00:00.000Z,0.011169694510107662,0.9810809494323295,0.0016885163943851451,0.0004760136625087083,0.0004639619850482779,26730916.0404,6455033.8426,184598.0671,-0.019383012552718792,-0.019383012552718792,-0.01723053417328537,0.9827694658267146,-0.00029710570015206716,1850.7489003653393,1.000784302171604,12.302274499594109,0.00021819719999999982,0.000011739841373027036
2021-06-25T23:00:00.000Z,0.011169694510107662,0.9701490595926168,0.0017016217244040191,0.000490061473425655,0.0004699559248233509,26451217.5444,6680336.8138,225302.9712,-0.03032089633220658,-0.03032089633220658,-0.02814931868297921,0.9718506813170208,-0.0006290215308316638,1809.905943031929,1.0006661924326226,12.181595670951634,0.00021804909999999984,0.000014480053721424567
2021-06-26T00:00:00.000Z,0.011169694510107662,0.9699972771103456,0.0017393553890733258,0.0004987448698917353,0.00048211304862944004,26447830.5348,6819607.669,139270.8552,-0.030484835938283883,-0.030484835938283883,-0.028263367500581116,0.9717366324994189,-0.0005554490131584044,1813.4772734007984,0.9983578910983939,12.23834712298883,0.0002180430000000006,0.00000895198014553485
2021-06-26T01:00:00.000Z,0.011169694510107662,0.9743531419462378,0.0018002948490900587,0.0005132249993668179,0.0005007092198947571,26567235.6611,7051856.4788,232248.8098,-0.02614756727365697,-0.02614756727365697,-0.023846563204672152,0.9761534367953278,-0.0004427509997949608,1828.1139271635834,0.9992455194969593,12.45406436376852,0.00021767959999999985,0.00001486127430405202
2021-06-26T02:00:00.000Z,0.011169694510107662,0.9734017485326589,0.001807347482936712,0.0005226548218382307,0.0005061573133355868,26541408.9336,7203103.3582,151246.8794,-0.02710440878067666,-0.02710440878067666,-0.02479090398440436,0.9752090960155957,-0.0005233401443951458,1821.5816464156753,1.0008592072594744,12.297394773278187,0.00021622289999999986,0.000009687492311476361
2021-06-26T03:00:00.000Z,0.011169694510107662,0.9720568986032867,0.0018339077375250916,0.0005293058119663966,0.0005100722376061295,26516918.6417,7309828.9964,106725.6382,-0.02845317363431943,-0.02845317363431943,-0.026109193659188207,0.9738908063408118,-0.0005264421720022616,1818.8820497843612,0.9995674328072919,12.274709506071787,0.0002180398999999988,0.0000068421820571067794
2021-06-26T04:00:00.000Z,0.011169694510107662,0.9770919001241808,0.0018707538458335557,0.0005306014250435242,0.0005140167327734035,26656105.7872,7330620.5847,20791.5883,-0.023422116608592614,-0.023422116608592614,-0.021037346029985655,0.9789626539700144,-0.0004946222677406631,1830.1238611324334,1.0037428060662563,12.322901180182365,0.0002153833000000001,0.000001325988889456338
2021-06-26T05:00:00.000Z,0.011169694510107662,0.9775052624708969,0.001923405049766602,0.0005339008701460706,0.0005179250341469377,26656797.9965,7383548.019699999,52927.435,-0.023012662563250075,-0.023012662563250075,-0.020571332479336533,0.9794286675206635,-0.00041873236842204786,1835.5011371627509,1.0016416429012,12.469700555390576,0.00021801280000000053,0.000003375373122901475
2021-06-26T06:00:00.000Z,0.011169694510107662,0.976538233895424,0.001957177233430456,0.0005401967421766765,0.0005233854092372425,26928711.9124,7485673.3127999995,102125.2931,-0.023985151513813197,-0.023985151513813197,-0.021504588871145498,0.9784954111288545,-0.0003945603355199889,1835.2299268310012,0.9997963039575751,12.491575594041128,0.00021786480000000007,0.000006447133410419662
2021-06-26T07:00:00.000Z,0.011169694510107662,0.96792113593187,0.001953754266256771,0.0005479532427662551,0.0005295776943431418,26727801.7306,7611664.4941,125991.1813,-0.03260844176247313,-0.03260844176247313,-0.030125109801873214,0.9698748901981268,-0.0006226322762444836,1805.962616201935,0.998125130760679,12.28123170009065,0.00021529510000000028,0.000008013566187330133
2021-06-26T08:00:00.000Z,0.011169694510107662,0.9540739357452593,0.0018820587007533456,0.0005635375691466762,0.0005344836806940867,26355835.7761,7864905.4084,253240.9143,-0.04646054793543475,-0.04646054793543475,-0.04404400555398732,0.9559559944460126,-0.0012856184044629515,1752.8344023721218,0.9991382935224057,11.654595274781315,0.00021503290000000118,0.000016334505874421735
