query_ts,assumedLPToken,equityValue,totalDexYield,totalTradingfee,newTotalTradingFee,liquidity,totalVolume,volume,priceImpact,priceEffect,totalReturn,totalEquityVal,impermanentLoss,tokenPrice,quoteTokenPrice,rewardPrice,block,blockTime,lpName,lpTokens,token0_symbol,token0,token0_liquidity,token0_price,token0_posVal,token0_posValUSD,token0_debtVal,token0_debtValUSD,token0_supply,token0_debt,token0_util,token0_supplyRate,token0_borrowRate,token1_symbol,token1,token1_liquidity,token1_price,token1_posVal,token1_posValUSD,token1_debtVal,token1_debtValUSD,token1_supply,token1_debt,token1_util,token1_supplyRate,token1_borrowRate,liquidity,tvl,health,debt,leverage
2021-09-13T10:00:00.000Z,0.02164146171371195,1,0.00001806851834171925,0.00003330126883169345,8.388845174067683e-13,235621692.9453,4615589.1506,4615589.1506,-8.388845174067683e-13,-8.388845174067683e-13,0.00001806851834171925,1.0000180685183417,-2.220446049250313e-16,0.9998351505548608,394.0385471024709,18.79311355696069,10875163,2021-09-13T10:00:00.000Z,USDT-WBNB LP,0,USDT,0,117830728.51665221,0.9999171,44225375.206688516,44221708.92308388,26905358.492908332,26903128.03868927,139275289.280616740595875618,63021185.937192292756726834,0.452493663899092649,0.055282639283767047,0.150831221297472,WBNB,0,298981.8959372341,394.32537754,139240.38308861278,54906016.63023146,81791.43748815164,32252439.467054702,687262.207077946172196016,350494.453219312457964168,0.452493663899092649,0.070223284412154508,0.16999550273808,235717109.34233302,0,99127725.55331534,59155567.50574397,2.479919283700975
2021-09-13T12:00:00.000Z,0.02164146171371195,1.005091031401283,0.0000549197930385459,0.00007199822801662683,0.00003899105393401214,236562660.48669997,9975488.9759,3429803.0502,0.005052040347349074,0.005052040347349074,0.005145951194321632,1.0051459511943217,-0.00001418088994808997,0.9995489509696144,398.14396889595747,19.066161480212273,10877557,2021-09-13T12:00:00.000Z,USDT-WBNB LP,0,USDT,0,118334426.86848786,0.9999171,44475167.80943102,44471480.81801961,26913962.422274303,26911731.254789498,139872086.384546737244657868,63019096.297312036155786594,0.45054805377003709,0.054808258153608204,0.150182684561232,WBNB,0,297082.50828598306,398.90194077,138513.91167525557,55253468.19090381,81796.61752157882,32628829.47777918,688137.562445723701469102,350521.942291494002456416,0.45054805377003709,0.070055728502785297,0.1697925731508,236831406.06859872,0,99724949.00892343,59540560.73256868,2.481683889850414
2021-09-13T14:00:00.000Z,0.02164146171371195,1.015771624189062,0.00009315841733205112,0.00013572434922828232,0.00010371939507081152,241215915.31100002,18851266.302100003,5930401.2479,0.01566790479399116,0.01566790479399116,0.015864782606394023,1.015864782606394,-0.00011773971378548076,1.0000354761349888,406.40136783214945,19.509332241087346,10879931,2021-09-13T14:00:00.000Z,USDT-WBNB LP,0,USDT,0,120583662.32673538,0.9999171,44886493.641728334,44882772.55140544,26890314.62130111,26888085.414219007,139804007.731753933935054336,62986958.713271254593916915,0.450537575676129305,0.054805708913806511,0.15017919188616,WBNB,0,296819.9419783452,407.18547627,135202.21594772357,55052378.69343321,80788.67856314537,32895976.557958283,685662.758505324467463515,349670.901945428971912859,0.450537575676129305,0.070220129894612997,0.169991684485344,241434435.38201475,0,99935151.24483865,59784061.97217729,2.488977336734022
2021-09-13T16:00:00.000Z,0.02164146171371195,1.002190105712822,0.00012626263115319989,0.00025394261926002526,0.0002229018465498278,238853684.54200003,35422330.433400005,3788841.5027,0.001967203866272138,0.001967203866272138,0.0023163683439751657,1.002316368343975,-0.00000180113639847157,0.999902446319306,395.56375614168894,18.96189681794977,10882310,2021-09-13T16:00:00.000Z,USDT-WBNB LP,0,USDT,0,119436386.33968513,0.9999171,44304073.3741333,44300400.56645058,26893243.49508323,26891014.04519749,136727020.621180438637576442,63029812.11874203624128848,0.460990167359633537,0.057378222282586582,0.153663389103744,WBNB,0,301920.8740027968,395.91730379,139116.37720653947,55078580.97664572,81868.98025112052,32413345.925060395,686326.594876665212776773,350785.577813836714035595,0.460990167359633537,0.070531897417067551,0.170368636153968,238962183.45636517,0,99378981.5430963,59304359.970257886,2.479848284093415
2021-09-13T18:00:00.000Z,0.02164146171371195,1.0027219433467693,0.00016309400207985966,0.00028376632160894235,0.00025179551694209934,239321963.94290003,39609460.30370001,2073071.3963,0.0024701478298272406,0.0024701478298272406,0.0028850373488491995,1.0028850373488492,-0.000004135506416313994,0.9994264617145072,396.14954689742774,19.066831633170562,10884707,2021-09-13T18:00:00.000Z,USDT-WBNB LP,0,USDT,0,119730055.01097599,0.9999171,44188666.86659824,44185003.626115,26814060.599474497,26811837.7138508,136721748.045991139344210064,62935771.304550062791260021,0.460320118810793847,0.057211545171603006,0.153440039578032,WBNB,0,302059.1180672784,396.22,139136.4589776501,55128647.77612452,81973.71009472452,32479623.41373175,686340.835096983537081765,351001.981317523402478371,0.460320118810793847,0.070616017703106989,0.170470201468608,239401993.15003264,0,99313651.40223953,59291461.12758255,2.4814646754884713
2021-09-13T20:00:00.000Z,0.02164146171371195,1.0049287514398242,0.00020044854474177238,0.00030602568600921186,0.00027440644380982704,239778961.4289,42734308.94340001,1419089.7047,0.004654344996014359,0.004654344996014359,0.005129199984565958,1.005129199984566,-0.000010447097922750004,0.9999076514199503,397.68622846202146,19.17901049085886,10887107,2021-09-13T20:00:01.000Z,USDT-WBNB LP,0,USDT,0,119900246.07673793,0.9999171,44171319.51071028,44167657.70832284,26751782.962241497,26749565.239433926,136710991.077402780459965619,62816257.039144763468900545,0.4594821275458355,0.057003432891313186,0.153160709174208,WBNB,0,301468.29384399805,398.46974224,138904.52097284744,55349248.668021195,81976.76642251243,32665260.986047216,686487.128322879814196874,351019.82792403408714966,0.4594821275458355,0.070593101807985604,0.170442539224704,240016299.68788865,0,99516906.37634403,59414826.22548114,2.481589633304912
2021-09-13T22:00:00.000Z,0.02164146171371195,1.0085889280809515,0.00023909416876272683,0.0003252011053247925,0.00029400449125494,241119259.20220003,45430426.60470001,1473680.4703,0.008294923589696523,0.008294923589696523,0.00882802224971419,1.0088280222497141,-0.000033675104184505145,0.9998890204821266,400.5811156695417,19.36586703896558,10889506,2021-09-13T21:59:59.000Z,USDT-WBNB LP,0,USDT,0,120573010.73570484,0.9999171,44333575.27819182,44329900.024801254,26752656.00037737,26750438.205194935,136881495.012870174938113841,62685477.07969501137919536,0.457954357335161036,0.056624992217999844,0.152651452443408,WBNB,0,300961.8398722308,401.32598792,139351.28199003733,55925290.91257023,82456.33525309307,33091870.2057103,686545.233158366740132668,351545.894708079968852134,0.457954357335161036,0.070792869016929154,0.170683531439472,241346822.9460587,0,100255190.93737149,59842308.410905235,2.4807730770433096
2021-09-14T00:00:00.000Z,0.02164146171371195,1.0080006040591283,0.00027649474602127716,0.00034144361531698424,0.0003109021750071772,241385460.17270002,47718413.233,1204022.5879,0.007689701884121103,0.007689701884121103,0.008277098805149556,1.0082770988051495,-0.000024360026308234417,1.0005155106585288,399.8498383847256,19.42040559200165,10891906,2021-09-13T23:59:59.000Z,USDT-WBNB LP,0,USDT,0,120630543.75532568,0.9999171,44320674.91628683,44317000.732336275,26771814.472344134,26769595.08892438,136885381.78392055571227937,62705476.078776931329467939,0.458087454347464317,0.056657911271397135,0.152695818108144,WBNB,0,301845.13912365644,399.75085295,140435.16499823835,56139076.99221977,82920.3828982131,33147493.790501278,687074.744842641800967386,352083.33943645375566727,0.458087454347464317,0.07090008292484357,0.170812730363328,241283395.30674142,0,100456077.72455604,59917088.87942566,2.478011430140123
2021-09-14T02:00:00.000Z,0.02164146171371195,1.0087432767778066,0.0003138225148211325,0.0003716139316450005,0.00034096487596868563,241274292.2528,51964623.5643,1350679.7179,0.008402311901837933,0.008402311901837933,0.009057099292627751,1.0090570992926278,-0.00002961705133308623,1.0005060094933393,400.4193661169064,19.455410483615616,10894306,2021-09-14T01:59:59.000Z,USDT-WBNB LP,0,USDT,0,120576133.45817845,1.00028618,44333916.73299465,44346604.213285305,26761257.449130945,26768915.985787738,135504773.659312280098409974,62690960.880133067921440116,0.462647618878368302,0.057791561196889543,0.154215872955072,WBNB,0,301277.00188303954,400.8781369,140345.75930519693,56261546.51208319,82923.65012460618,33242278.36689958,686720.614878827586123822,352074.340029975339221235,0.462647618878368302,0.070969597512435232,0.170896447248048,241386003.14174217,0,100608150.7253685,60011194.352687314,2.4782190517383342
2021-09-14T04:00:00.000Z,0.02164146171371195,1.008674852282272,0.0003506921986812727,0.0003966863549536883,0.0003666055386424283,242632470.2502,55510803.937800005,2004223.335,0.00830824674362951,0.00830824674362951,0.009025544480953211,1.0090255444809533,-0.000041890694584822974,0.9989562281279238,400.96576124483636,19.469365249909988,10896705,2021-09-14T04:00:00.000Z,USDT-WBNB LP,0,USDT,0,121442990.80523573,1.00028618,44593352.51895135,44606114.244575225,26858460.25217693,26866146.6063319,135433176.371617074791309327,62787089.157202694913003637,0.463601983201813727,0.05803023567351198,0.154533994373376,WBNB,0,302560.09370982816,401.1476471,140217.14915830464,56247779.46792365,82971.6318450144,33283874.890674956,685529.282697119538832945,352144.624530004053523487,0.463601983201813727,0.071244914483136008,0.171227611230624,242849015.05839744,0,100853893.71249887,60150021.497006856,2.4777469125925955
2021-09-14T06:00:00.000Z,0.02164146171371195,1.0080273098198205,0.00038765266358504737,0.00041594001464580253,0.00038577867913147657,242512518.41090003,58235339.494500004,1137806.2208,0.007641531140688995,0.007641531140688995,0.008414962483405519,1.0084149624834056,-0.000026955882725165914,1.0001050793762323,399.9756890847033,19.4893492187307,10899098,2021-09-14T05:59:59.000Z,USDT-WBNB LP,0,USDT,0,121243519.012135,1.00028618,44546389.59044298,44559137.87621597,26875246.118088126,26882937.2760222,135218879.713737226068116979,62767932.181719130086167679,0.464195031896439961,0.058178797456811986,0.1547316772848,WBNB,0,303159.07317984477,400.14867638,140474.07052581775,56210513.38661674,82974.79257454406,33202253.421608858,682563.495923243813892338,352184.786762120399026595,0.464195031896439961,0.071881781447122232,0.171991220749488,242586918.34790832,0,100769651.2628327,60085190.69763106,2.476858482646893
2021-09-14T08:00:00.000Z,0.02164146171371195,1.0109356378512326,0.0004280437823186015,0.00045162078167023414,0.00042184485060681176,243337486.5433,63287431.36620001,2433112.4195,0.010513793000625826,0.010513793000625826,0.01136368163355124,1.0113636816335512,-0.000055723403166174634,0.9997369969396052,402.40728774173596,19.660198926802156,10901498,2021-09-14T07:59:59.000Z,USDT-WBNB LP,0,USDT,0,121700750.94155176,1.00028618,44691476.624058895,44704266.430839166,26876180.635595635,26883872.06096993,135117212.188726228261037376,62772103.76308758288807964,0.464575184362226631,0.05827412751210812,0.15485839476696,WBNB,0,302352.2361472881,402.34740643,140038.89859137058,56344287.64755173,82978.00057534597,33385983.322237495,688468.672026090969294495,352079.083444608503503172,0.464575184362226631,0.070611566791144091,0.170464829027184,243386217.3046285,0,101048554.0783909,60269855.383207425,2.477973974444803
2021-09-14T10:00:00.000Z,0.02164146171371195,1.0119974566496175,0.0004669784494100841,0.0004812168266626538,0.00045249782586531673,247834563.78489998,67515056.4678,2148356.2526,0.011544958823752172,0.011544958823752172,0.012464435099027572,1.0124644350990275,-0.00007199309245120578,0.9993144120807476,403.3994848238265,19.761686316570998,10903890,2021-09-14T10:00:01.000Z,USDT-WBNB LP,0,USDT,0,124002461.77627578,1.00028618,44806107.0946767,44818929.70640506,26899491.329443708,26907189.42587237,134878237.361378983248008232,62007127.647786913774607559,0.459726705069931663,0.057064133697290861,0.15324223500072,WBNB,0,307182.139948841,403.83,140694.5046512966,56816661.8133331,83410.10357633428,33683502.12723107,686557.18545349372726105,352402.092435892070218357,0.459726705069931663,0.071135647242855285,0.17109625625352,248087312.3763274,0,101635591.51973817,60590691.55310344,2.4762051217656134
2021-09-14T12:00:00.000Z,0.02164146171371195,1.0105686855423803,0.0005015641611156287,0.0005070672302219032,0.00047852794299552137,253036307.2611,71283811.62030001,2048551.0662,0.010090157599384808,0.010090157599384808,0.011070249703495958,1.011070249703496,-0.000051059428267885565,0.9997691529376899,402.0570259337859,19.700364344669605,10906290,2021-09-14T12:00:01.000Z,USDT-WBNB LP,0,USDT,0,126547554.01835091,1.00028618,44727310.517909,44740110.57963301,26900444.310754746,26908142.679907598,134718414.010199567283479829,62041083.232913324186442155,0.46052415097624425,0.057262273273073561,0.153508050304848,WBNB,0,314676.67223192344,401.67972445,154705.95182345115,62142244.09921883,90321.26253596373,36280219.84742202,686914.282166823316792318,359492.334551621194104828,0.46052415097624425,0.073949959489937545,0.174447935194032,252983008.39032185,0,106882354.67885184,63188362.527329616,2.4461567692923256
2021-09-14T14:00:00.000Z,0.02164146171371195,1.012024863916127,0.0005410492537068746,0.0005407215881580406,0.0005124430731082708,254980493.5117,76270454.84920001,2116859.7157,0.011512420843018623,0.011512420843018623,0.012565913169833768,1.0125659131698337,-0.00006450153434145456,0.9999235400203804,403.12780836927163,19.853096365872204,10908681,2021-09-14T13:59:59.000Z,USDT-WBNB LP,0,USDT,0,127499995.40290283,1.00028618,45968772.29229824,45981927.63555285,27488641.446951874,27496508.146361165,134199245.528309689441777112,62633155.547289220155052914,0.466717642865410809,0.058812846698074598,0.155572547606928,WBNB,0,316252.6724607962,403.54,154786.1813173691,62462415.60881113,92134.89055288205,37180113.73371002,679438.830361759871959602,367449.298923022822254338,0.466717642865410809,0.078969226371174509,0.180270973865952,255157086.79641694,0,108444343.244364,64676621.880071186,2.4777242192196134
2021-09-14T16:00:00.000Z,0.02164146171371195,1.0197359401879635,0.0005887000107215355,0.0005869048375240972,0.000562671706242801,256865663.0095,83114408.73120001,3581350.1418,0.01917326848172074,0.01917326848172074,0.020324640198685077,1.0203246401986852,-0.000181209182429809,0.999788210590797,409.3126312774671,20.27415864829038,10911064,2021-09-14T16:00:01.000Z,USDT-WBNB LP,0,USDT,0,128460045.1240659,1.00028618,46335043.314534955,46348303.47723071,27494127.625081353,27501995.8945251,129006490.123381878944298346,62677596.52309550004860379,0.48584839772906473,0.063733139694596503,0.161949465882,WBNB,0,313776.8409259243,409.20985848,153918.07940525402,62984795.4909374,92343.36842029562,37787816.72283567,683523.508607814079648866,367244.116269283123697123,0.48584839772906473,0.077941102607777504,0.17909362864656,256897384.48937845,0,109333098.96816811,65289812.61736077,2.4824010201537554
2021-09-14T18:00:00.000Z,0.02164146171371195,1.0165570375870312,0.0006230485830973703,0.0006111200035796738,0.0005854141363976773,256060476.099,86702321.19270001,1237793.028,0.01597162345063352,0.01597162345063352,0.017180086170128568,1.0171800861701286,-0.0001370113135820139,0.9991263639810849,407.01446803561475,20.214657327386,10913446,2021-09-14T18:00:00.000Z,USDT-WBNB LP,0,USDT,0,128142275.51781905,1.00028618,46221222.630257174,46234450.2197495,27495141.28455292,27503009.844085734,128958044.255038419406132576,62681455.988026748302160986,0.486060845216158509,0.063788889217042133,0.162020281736016,WBNB,0,314559.212418794,407.796985,154276.78299975506,62913606.96279937,92327.09884140425,37650712.54132165,684537.770192507369243811,367201.48352663685668674,0.486060845216158509,0.077692265692042509,0.178807510465632,256455245.7025855,0,109148057.18254888,65153722.38540739,2.480957097904358
2021-09-14T20:00:00.000Z,0.02164146171371195,1.0146841169799514,0.0006604616149549031,0.0006324458916628226,0.0006085110152529438,255750131.0816,89863215.65470001,1624126.421,0.014075605964698479,0.014075605964698479,0.015344578594906325,1.0153445785949062,-0.0001061982321151067,0.9992384186195394,405.45126333348975,20.248562537849136,10915843,2021-09-14T19:59:59.000Z,USDT-WBNB LP,0,USDT,0,127972527.03459314,1.00028618,46130995.42972896,46144197.19800104,27496083.172742058,27503952.001824435,129080456.583219797318788091,62296154.909485001090843495,0.482614925283610883,0.062887634844633176,0.160871641750656,WBNB,0,315389.48595320503,405.31263353,154586.74281559893,62655959.839415215,92330.56006805452,37422742.45648304,704630.162873529797493806,368529.252267439661098842,0.482614925283610883,0.073855907049433328,0.174336965055792,255840493.35174638,0,108800157.03741625,64926694.458307475,2.479862555667617
2021-09-14T22:00:00.000Z,0.02164146171371195,1.016467658679104,0.0007001822040780958,0.0006608939458413229,0.000634765770245016,253971481.20690003,94057752.98900001,2653415.4512,0.01583289290885892,0.01583289290885892,0.01716784088318203,1.0171678408831821,-0.00011629229093734761,1.0002925768943092,406.4289231717905,20.34076047413714,10918243,2021-09-14T21:59:59.000Z,USDT-WBNB LP,0,USDT,0,126948598.37683916,1.00028618,46161478.709355265,46174689.20133231,27496899.86046426,27504768.92326633,128160887.57784620644051954,62294591.846363555820812877,0.486065546390080959,0.063790123152534414,0.162021848791392,WBNB,0,312442.6765757103,407.13702,154480.64242731768,62894788.405543685,92334.34937864447,37592731.849660166,705518.11048808122241115,368802.860527158119647438,0.486065546390080959,0.073779548455640705,0.174246819462864,254191908.78858113,0,109069477.60687599,65097500.772926494,2.4804315261684255
2021-09-15T00:00:00.000Z,0.02164146171371195,1.0257686216722062,0.0007510945460067737,0.0006851807775973644,0.0006663915341285076,256313129.0849,97627537.70140001,1584947.6055,0.025102230138077664,0.025102230138077664,0.026519716218212946,1.026519716218213,-0.0002882597027771272,1.000613966760658,413.7470459960396,20.731279292432514,10920636,2021-09-14T23:59:59.000Z,USDT-WBNB LP,0,USDT,0,128077928.95129241,1.00028618,46568922.004459806,46582249.098559044,27498184.02151541,27506053.45181869,128158252.630385052210196875,62324143.850046596852980918,0.486306129889212922,0.063853286030415832,0.162102043294128,WBNB,0,309746.1740657744,414.2236891,153136.85755185352,63432914.07230996,92338.0561723018,38248610.27201388,715983.067311985574686933,368958.126046772244098799,0.486306129889212922,0.071698888091472454,0.171772277339088,256418785.19913554,0,110015163.17086901,65754663.72383257,2.485628597628383
2021-09-15T02:00:00.000Z,0.02164146171371195,1.0224737600789509,0.0007844439764782281,0.0007107151985024242,0.00068936400380748,255574550.0412,101381924.95130001,1602079.3027,0.021784396075143375,0.021784396075143375,0.023258204055429083,1.023258204055429,-0.00022217014337277963,1.0003043578321773,411.20035554919053,20.62040472269033,10923036,2021-09-15T01:59:59.000Z,USDT-WBNB LP,0,USDT,0,127748393.7963901,1.00039557,46454753.28318102,46473129.389937244,27508681.19800089,27519562.80702238,128542814.906124340839890109,62364063.148585249911610378,0.485161797601290538,0.063553131858285113,0.16172059919616,WBNB,0,310766.45067230903,411.25515791,153730.95738313106,63222649.15425504,92417.98066483013,38007371.23203804,717641.826127671120631392,369085.658165935517178339,0.485161797601290538,0.071417167001135955,0.171434479191264,255603232.9728948,0,109695778.54419228,65526934.03906043,2.4835555417676147
2021-09-15T04:00:00.000Z,0.02164146171371195,1.0259391338942108,0.0008381981969008372,0.000732318229308425,0.0007126072520009519,256459825.1399,104558511.7166,1067554.8218,0.025226526642209812,0.025226526642209812,0.026777332091111602,1.0267773320911115,-0.0003021698937443196,1.0001623208079298,414.03427020834874,21.03165993223485,10925436,2021-09-15T03:59:59.000Z,USDT-WBNB LP,0,USDT,0,128209101.56504045,1.00039557,46620028.37770256,46638469.862327926,27508766.87678479,27519648.51969824,129287769.581626015730460578,62352544.812783430409926676,0.482277210091532001,0.062799652988785523,0.16075907002512,WBNB,0,309708.45123076066,414.056934,153201.98383268682,63434343.708479874,92421.67008198726,38267833.34930718,722697.136435526409797383,369108.556251065313059439,0.482277210091532001,0.070430264851191272,0.170245846007568,256496748.98984385,0,110072813.5708078,65787481.86900542,2.485536617677133
2021-09-15T06:00:00.000Z,0.02164146171371195,1.0286659917052983,0.0008784140402559225,0.000754621850497899,0.0007366485739825901,257187883.7015,107838508.6962,1155451.5766,0.027929343131315676,0.027929343131315676,0.029544405745554187,1.0295444057455543,-0.000365038923781591,1.0003575697294342,416.1389569292046,21.08233724096872,10927836,2021-09-15T05:59:59.000Z,USDT-WBNB LP,0,USDT,0,128547976.98541717,1.00039557,46751098.0694696,46769591.401332945,27520064.90221234,27530951.01428571,129272942.337079214988745861,62374782.974395354914350641,0.482504550811206104,0.062858873209414142,0.16083485024472,WBNB,0,309016.8312624887,416.72019121,152832.3883610724,63688342.100907065,92425.06361835114,38515390.1836357,727820.071657902259524476,369514.367521521997239368,0.482504550811206104,0.069595052413078402,0.169233386953392,257372379.71948588,0,110457933.50224,66046341.19792141,2.4871419323440707
2021-09-15T08:00:00.000Z,0.02164146171371195,1.0359402646043825,0.0009413712495549008,0.0007949928459990655,0.0007824141940446783,252043024.8872,113675286.9428,3789021.4176,0.03515785041033781,0.03515785041033781,0.03688163585393739,1.0368816358539374,-0.0005962795274534471,0.9998470447484482,422.2276817858509,21.643321864293885,10930228,2021-09-15T07:59:59.000Z,USDT-WBNB LP,0,USDT,0,126040791.04454114,1.00039557,47101930.31545092,47120562.42602581,27521304.183253832,27532190.785549603,129234687.325302899414035062,62360109.987409901020421826,0.482533840395653557,0.062866504915765896,0.160844613443424,WBNB,0,298468.14381567127,422.42968106,151704.06306352443,64084298.97543075,92437.79250979867,39048467.20780471,727824.738236825896796258,368913.098539524690724805,0.482533840395653557,0.069367858818061147,0.168956929289952,252172451.79887885,0,111204861.40145656,66580657.99335431,2.4920301743978137
2021-09-15T10:00:00.000Z,0.02164146171371195,1.03589815604189,0.0010060654709736865,0.0008251898289362053,0.0008122227228890555,251793471.17880002,117993575.36819999,2619970.8236,0.035085933319001006,0.035085933319001006,0.036904221512863745,1.0369042215128637,-0.0006118209181624756,0.9993302987063015,422.3873160595993,22.218546049294606,10932528,2021-09-15T09:59:59.000Z,USDT-WBNB LP,0,USDT,0,125981105.29857878,1.00039557,47036411.01632535,47055017.209431075,27476465.96978972,27487334.83543339,128855659.055867926766614658,62293598.347086355283880862,0.483437039579904908,0.063102070228744053,0.161145679846032,WBNB,0,298059.93412649195,422.16378795,151312.4773737838,63878648.61221524,92275.7490467298,38955479.75349106,727793.365273939982076096,368812.790465043092969065,0.483437039579904908,0.069336118825910502,0.168918270852816,251861050.4713691,0,110933665.82164632,66442814.58892445,2.493403986392094
2021-09-15T12:00:00.000Z,0.02164146171371195,1.038839979089484,0.0010449123231761413,0.0008572894015025906,0.000849429200573848,259651865.84120002,122712895.3201,2464670.4237,0.03799054988891015,0.03799054988891015,0.03988489141266014,1.0398848914126602,-0.0006776370728290848,1.0002974145767776,424.35054363074954,22.19541347426232,10934909,2021-09-15T12:00:01.000Z,USDT-WBNB LP,0,USDT,0,129839354.5507164,1.00039557,47149599.03714982,47168250.00404094,27477489.695396226,27488358.965995032,128773355.342116216572350261,62296872.439550607391865626,0.483771446927390765,0.063189399461462233,0.161257148946864,WBNB,0,305818.043900163,424.64663907,150329.8600366757,63837069.81643784,91937.24743567589,39040843.12890674,728306.566086985642676906,364647.636534779772377216,0.483771446927390765,0.067683392600862642,0.166892923697184,259755319.61336195,0,111005319.82047878,66529202.09490177,2.4958410377766094
2021-09-15T14:00:00.000Z,0.02164146171371195,1.046500420162464,0.0010881673746490318,0.0009032750232044238,0.0008997308772225043,260882248.9453,129466119.8501,2993303.5661,0.045600689285241414,0.045600689285241414,0.04758858753711295,1.047588587537113,-0.0009998625661883365,0.9996897992279321,430.8574145951532,22.256230213506317,10937309,2021-09-15T14:00:01.000Z,USDT-WBNB LP,0,USDT,0,130480510.08643278,1.00039557,47512562.369096994,47531356.91339334,27482670.310020205,27493541.62991474,129847090.924801095850241756,62385137.819176652641457103,0.480450793120240373,0.062324900439438087,0.160150264359984,WBNB,0,302750.31237613916,431.20188416,149221.06588990547,64344404.76809075,91941.20616605226,39645221.33074474,730660.857804228477014282,364150.16259479631747115,0.480450793120240373,0.067064562494844817,0.16612821972144,261078629.38842747,0,111875761.68148409,67138762.96065947,2.5007435652898877
2021-09-15T16:00:00.000Z,0.02164146171371195,1.05183378374872,0.0011501431813252668,0.0009420463121537591,0.0009433777271796728,261357765.12489998,135142169.5959,2968225.4983,0.05089040602154027,0.05089040602154027,0.05298392693004521,1.0529839269300452,-0.001189110175997432,1.0006819985548137,434.79633748618807,22.679514649054234,10939708,2021-09-15T15:59:59.000Z,USDT-WBNB LP,0,USDT,0,130589820.49355909,1.00039557,47635457.429360114,47654300.58725545,27444515.746682078,27455371.973775994,130742402.956802353357236924,62409615.428329768814347742,0.477347930104589526,0.061522482515201678,0.159115976685792,WBNB,0,300551.93964551366,434.74951697,146795.54278462517,63819291.318964764,90939.52629322816,39535915.12946156,731228.618640547004830257,363403.91336210438377138,0.477347930104589526,0.066686297088991259,0.165659049283248,261306288.49413538,0,111473591.90622021,66991287.103237554,2.5060210436475767
2021-09-15T18:00:00.000Z,0.02164146171371195,1.0471830698196238,0.0011758211353911222,0.0009697766856864707,0.0009683036751777507,260212010.1157,139195505.5317,1886749.4779,0.046214766144446084,0.046214766144446084,0.04835889095501496,1.048358890955015,-0.001019309426319004,0.9998435592894585,431.29730779845914,22.381228013707048,10942108,2021-09-15T17:59:59.000Z,USDT-WBNB LP,0,USDT,0,130126362.11838776,1.00039557,47464613.50606519,47483389.08322979,27445546.768498413,27456403.40343363,131090556.372995370260561805,62329769.038653455941226268,0.475471084746218809,0.06103964315361243,0.158490361575792,WBNB,0,301661.99205120053,431.26103602,147332.16185831532,63538620.7620834,90942.92867922198,39220141.64089424,731820.133366832565220125,362987.198317585493547231,0.475471084746218809,0.066425934820380089,0.165335342997024,260272899.42330867,0,111022009.84531319,66676545.04432787,2.503570778738266
2021-09-15T20:00:00.000Z,0.02164146171371195,1.0443283651470434,0.0012143148893679213,0.0009909848290688738,0.0009852480928134177,259536955.831,142295642.16939998,1003223.8877,0.043343117054229996,0.043343117054229996,0.045542680036411334,1.0455426800364114,-0.0009411359022729604,0.9988636963689178,429.3536820255391,22.338754972747097,10944508,2021-09-15T19:59:59.000Z,USDT-WBNB LP,0,USDT,0,129916102.05395836,1.00039557,47469869.17746449,47488646.83361502,27488948.095601484,27499821.89879966,131052062.031295658217860006,62363611.929589292788264219,0.475868986439119589,0.06114184890262483,0.15862299546384,WBNB,0,302241.4465336761,429.67988475,147595.73568575468,63418918.69904653,90946.37340246968,39077827.242003635,711923.950512586403026684,363025.342074827038361359,0.475868986439119589,0.070205387914463292,0.16997383955592,259834562.8797111,0,110907565.53266156,66577649.14080329,2.501867239096149
2021-09-15T22:00:00.000Z,0.02164146171371195,1.0451406473892677,0.0012527512525760606,0.0010103870530673604,0.0010079598459185046,258086504.05449998,145124033.46949998,1493436.2995,0.0441326875433492,0.0441326875433492,0.04639339864184377,1.0463933986418437,-0.0009411882675625094,0.999618398248356,429.6791231156362,22.29616087929405,10946908,2021-09-15T21:59:59.000Z,USDT-WBNB LP,0,USDT,0,129092513.95667604,1.00039557,47546950.05251248,47565758.19954476,27540271.67063607,27551165.775900822,131058891.855187955723189784,62365291.520124889896070812,0.475857003193913125,0.061138769616693306,0.158619001051008,WBNB,0,300324.69603289,430.0451662,143586.32255649695,61748603.94785554,89158.99943542737,38342396.73043407,712615.366590559681536527,361255.682770275819406389,0.475857003193913125,0.069387744869333433,0.168981145437456,258296762.90185052,0,109314362.14740029,65893562.506334886,2.5175575542375728
2021-09-16T00:00:00.000Z,0.02164146171371195,1.0459882032468766,0.0013059477121847242,0.001030166957363236,0.0010263612637608777,258366252.8354,147997553.92409995,1252038.7289,0.0449618419831157,0.0449618419831157,0.0472941509590613,1.0472941509590612,-0.0009609514798392116,0.9999584299791885,430.2154748387167,22.50813697651367,10949308,2021-09-15T23:59:59.000Z,USDT-WBNB LP,0,USDT,0,129188496.78624411,1.00039557,47569389.135168225,47588206.15842842,27541349.88574152,27552244.417515825,129941247.984687982960134104,62375390.857239637072687363,0.480027641912365105,0.062215164983862053,0.16000921395504,WBNB,0,300275.40612497507,431.02014701,143523.7671323512,61861635.20881502,89162.53699406437,38430849.80296619,712843.796364306271613259,361247.486563061162837292,0.480027641912365105,0.069340135098631822,0.168923163064032,258664349.57139206,0,109449841.36724344,65983094.22048202,2.5180131606742107
2021-09-16T02:00:00.000Z,0.02164146171371195,1.0451909869159823,0.0013397549021869955,0.0010504921247794273,0.0010460776689198426,258291198.65799996,150951927.93419993,1458472.7196,0.04414490924706249,0.04414490924706249,0.04653074181816933,1.0465307418181693,-0.0008829534428743679,1.0009957504521991,429.0979374604672,22.38355656476032,10951708,2021-09-16T01:59:59.000Z,USDT-WBNB LP,0,USDT,0,129017130.46298265,1.00033759,47503596.9923105,47519633.731619135,27553150.648110785,27562452.31623808,129786605.877257995228986653,62390769.538776015682924043,0.480718091956116935,0.062394268654954221,0.160239363966864,WBNB,0,300969.9838967926,428.55013937,143805.3929145648,61627821.17569436,89169.708269864,38213690.90663246,722121.83182264707169278,361257.4273139662607246,0.480718091956116935,0.067573495233163558,0.166757376828816,258041413.90121275,0,109147454.9073135,65776143.22287054,2.516581829515294
2021-09-16T04:00:00.000Z,0.02164146171371195,1.0395445028648918,0.0013683942399104415,0.0010742202627240138,0.0010637735035181617,256956857.42850003,154402086.00189993,2338354.1817,0.03848072936137359,0.03848072936137359,0.04091289710480219,1.0409128971048023,-0.0006898638191312756,1.0004386741558209,424.6914539987625,22.18337540822408,10954107,2021-09-16T04:00:00.000Z,USDT-WBNB LP,0,USDT,0,128422180.2980467,1.00033759,47272163.71100816,47288122.32075536,27552125.558951207,27561426.881018654,129538305.093182416104288077,62147798.454851125969906545,0.479763869151642593,0.062146809930026433,0.15992128969488,WBNB,0,302521.60866414127,424.84894587,144518.31202559956,61398452.52298772,89171.51491012795,37884424.11119885,721051.847877035259192748,361496.234902860686898119,0.479763869151642593,0.067863824743322288,0.167115229381296,256991520.8857506,0,108686574.84374309,65445850.9922175,2.513523483486008
2021-09-16T06:00:00.000Z,0.02164146171371195,1.0489316051386535,0.0014452621709908616,0.0011013104774909414,0.0011004971624684057,258780006.1754,158337003.80689994,1494063.775,0.04783110797618506,0.04783110797618506,0.05037686730964433,1.0503768673096443,-0.0010259614084223712,1.0012407907814054,432.0272599241085,22.752950362585306,10956506,2021-09-16T06:00:00.000Z,USDT-WBNB LP,0,USDT,0,129229648.59759973,1.00033759,47654334.36839539,47670421.995134816,27549039.109157193,27558339.389270052,129993141.761574443674621854,62169242.608000321982356768,0.478250173551673869,0.061755271693466371,0.159416724511728,WBNB,0,299495.0176349042,431.64,143314.43115946246,61860241.06567037,89152.54656160409,38481805.197850786,720681.923513545014845181,361501.791914691570577197,0.478250173551673869,0.067935599912701886,0.1672035795036,258547304.64659983,0,109530663.06080519,66040144.58712084,2.518495223897619
2021-09-16T08:00:00.000Z,0.02164146171371195,1.0451556640316462,0.0014875999142197165,0.0011360552945791783,0.0011312442303428316,258008610.58439997,163380538.28349993,1562464.6245,0.04402441980130334,0.04402441980130334,0.04664326394586589,1.0466432639458658,-0.0009806328127544006,0.9986146918218061,430.0217999549594,22.761687724343442,10958905,2021-09-16T07:59:59.000Z,USDT-WBNB LP,0,USDT,0,129183263.92421886,1.00033759,47621462.86326572,47637539.39291374,27558411.596320562,27567715.040491365,128736117.274877413735182296,62294159.38623501297073446,0.483890307591182796,0.063220454029759429,0.161296769168928,WBNB,0,299994.8033243809,430.25660496,143453.52434989894,61721826.35633421,89144.15353865296,38354860.85357379,720184.885997048668744179,362497.795791731035796212,0.483890307591182796,0.068404787582949069,0.167779970039664,258301620.4862781,0,109359365.74924794,65922575.89406516,2.5176668467870083
2021-09-16T10:00:00.000Z,0.02164146171371195,1.042571481815946,0.0015165112071633402,0.0011814898207867643,0.0011758841626785532,257276132.0784,169976769.72219995,4021043.7698,0.04139559765326739,0.04139559765326739,0.044087993023109284,1.0440879930231093,-0.0008141058920017041,1.0000320708071235,427.25254354729407,22.574018530254623,10961291,2021-09-16T10:00:01.000Z,USDT-WBNB LP,0,USDT,0,128633691.82764857,1.00033759,47436213.270213924,47452227.26145182,27559452.015453152,27568755.81085905,129985954.306884048761645833,62278941.090486500106269001,0.479120543620059501,0.06198025373060313,0.159706847859264,WBNB,0,301082.6207032074,426.94943624,144026.3972091523,61491989.09212588,89147.64369455392,38061536.21751419,721369.348955195783800997,362626.223282259084244323,0.479120543620059501,0.068228654594215724,0.167563825543872,257224172.4465688,0,108944216.3535777,65630292.02837324,2.5152238697102502
2021-09-16T12:00:00.000Z,0.02164146171371195,1.041890325428301,0.0015436324134234724,0.0012183708102929613,0.0012114283886064392,271871046.22969997,175620592.67549995,2690102.4546,0.04067889703969452,0.04067889703969452,0.04343395784172443,1.0434339578417244,-0.0008231241022557123,0.9991209020790272,427.05377109032446,22.401985795085658,10963671,2021-09-16T12:00:00.000Z,USDT-WBNB LP,0,USDT,0,136044860.77851102,1.00033759,50093697.81400418,50110608.94544921,29311910.67967818,29321806.08760453,130564260.533813612641769369,64032853.129393760478109366,0.490431706713572606,0.06494127991595369,0.163477235569824,WBNB,0,318334.1732201614,426.8916982,161248.73448337291,68835746.09620796,100508.02206973384,42906040.224071756,718841.004609957444188927,374767.504696409841336384,0.490431706713572606,0.07338747296355312,0.173783215980144,271985003.9641089,0,118946355.04165718,72227846.3116763,2.546022085788992
2021-09-16T14:00:00.000Z,0.02164146171371195,1.0398250773067899,0.0015932000482453323,0.0012718032200158516,0.0012637474527394943,271036444.066,183813522.67539993,4159708.1093,0.038561329854050364,0.038561329854050364,0.04141827735503519,1.0414182773550351,-0.0006454828661136558,1.0017333772862675,424.2083973235956,22.55236880809497,10966068,2021-09-16T14:00:01.000Z,USDT-WBNB LP,0,USDT,0,135304782.92184347,1.00033759,49912790.207266256,49929640.26611233,29339431.236003768,29349335.93459473,130545788.923864334001637088,64071061.709592264176547823,0.490793783834415185,0.065037205326323404,0.163597927941504,WBNB,0,319411.86234163214,424.48052814,162394.9131934811,68933478.51961832,100792.34373427207,42784387.300792225,718872.664450321203275371,374714.220876841064587709,0.490793783834415185,0.073360144101414619,0.173750855282208,270934576.484467,0,118863118.78573065,72133723.23538695,2.543647684414707
2021-09-16T16:00:00.000Z,0.02164146171371195,1.0408792981385586,0.0016425440705244247,0.0013296832985484433,0.001321593270551924,272084459.0938,192713273.68719992,4571685.2511,0.03955770486800669,0.03955770486800669,0.04252184220908304,1.042521842209083,-0.0007568935707905622,0.9997108238184608,425.8826217880752,22.69423374891493,10968460,2021-09-16T16:00:00.000Z,USDT-WBNB LP,0,USDT,0,136086746.23273498,1.00033759,50061925.18397731,50078825.58930017,29340526.850942962,29350431.919402573,131914350.813613972424847328,64063698.537811974293253395,0.485646164671875872,0.063680093254305614,0.161882054875296,WBNB,0,319423.88120805455,425.85515421,163719.51107442714,69720797.63578598,101713.48056305107,43315209.95041395,721719.729498243438895148,376179.047004819336656368,0.485646164671875872,0.073352650743313723,0.173741981177952,272160993.9476085,0,119799623.22508615,72665641.86981653,2.5416826624957376
2021-09-16T18:00:00.000Z,0.02164146171371195,1.039593817032135,0.0016660878925241253,0.0013772827651690452,0.0013742310390141288,271724632.6778,200031716.15269992,3823642.5473,0.03821958599312092,0.03821958599312092,0.041259904924659176,1.0412599049246591,-0.0006798277800057484,1.0004585946659719,424.4694373595413,22.48281952320361,10970844,2021-09-16T17:59:59.000Z,USDT-WBNB LP,0,USDT,0,135800039.1652841,1.00033759,49960811.92153604,49977678.192032635,29341611.565317187,29351516.999965522,131856435.917834435804604908,64057932.999092041244520846,0.485815747659138657,0.063724573970670792,0.161938582524576,WBNB,0,320075.61534387077,424.91,164067.87348556228,69714080.12275027,101717.52210406985,43220792.31724032,721729.252941646030623892,375887.152956410687881633,0.485815747659138657,0.073236926932387757,0.173604876241968,271849213.61627007,0,119691758.3147829,72572309.31720585,2.540177376032933
2021-09-16T20:00:00.000Z,0.02164146171371195,1.0394530649277007,0.001696801989484569,0.0014147588494252995,0.0014049277529155635,271592498.4344,205791634.7578999,2007417.2155,0.03804813717478517,0.03804813717478517,0.0411498669171853,1.0411498669171853,-0.0006809509940298719,1.000262898503319,424.41227521149074,22.372193074510392,10973244,2021-09-16T19:59:59.000Z,USDT-WBNB LP,0,USDT,0,135760557.96970552,1.00033759,49963743.87222037,49980611.13251419,29342583.017730486,29352488.78033144,132019747.560109104447199562,64049441.521654529765431123,0.4851504619980626,0.063550162102394858,0.161716820647248,WBNB,0,319963.05749305914,424.95327279,163874.7523593584,69639112.34276013,101721.33389995931,43226813.75335208,741160.167733806348031651,372482.351158053597068006,0.4851504619980626,0.068194762652215025,0.167522202501984,271775737.83004093,0,119619723.47527432,72579302.53368352,2.5429135428827023
2021-09-16T22:00:00.000Z,0.02164146171371195,1.0352869381583072,0.001722194740490452,0.0014524640842989095,0.0014379823920498414,271995891.95970005,211607439.35349992,2720507.4801,0.03384895576625735,0.03384895576625735,0.03700913289879764,1.0370091328987976,-0.000546689645848919,1.0000500049676957,421.0751194185759,22.19976187686392,10975644,2021-09-16T21:59:59.000Z,USDT-WBNB LP,0,USDT,0,135991145.74703068,1.00033759,49775282.43037122,49792086.067966886,29343684.268508248,29353590.402880453,132027297.30904823920691797,64052825.408137589968384997,0.485148349725006842,0.063549608734849671,0.161716116574512,WBNB,0,322977.8718699278,421.57937513,164521.8051168578,69358999.79642455,101725.37341398121,42885319.35873212,741592.194290495338195636,372545.034691651341285284,0.485148349725006842,0.068138257494216336,0.167452784922672,272197864.40166473,0,119151085.86439145,72238909.76161256,2.5398754814388886
2021-09-17T00:00:00.000Z,0.02164146171371195,1.0404103268018925,0.0017721804870175068,0.0014720467461485803,0.0014652910599253222,273582299.3401,214636900.60859993,1566684.2326,0.03894503574196717,0.03894503574196717,0.04218250728891,1.04218250728891,-0.0006552058107028857,1.0018331299144387,424.4796408051321,22.34654216661529,10978044,2021-09-17T00:00:00.000Z,USDT-WBNB LP,0,USDT,0,136538868.97404242,1.00033759,49932043.15730236,49948899.715751834,29344624.187676564,29354530.63935608,131918422.099247435121459223,64054773.946540160377440146,0.485563524238860483,0.063658422728830763,0.161854508053152,WBNB,0,322260.7841494252,424.78410987,163851.8053188455,69601643.27295832,101642.2276223064,43176003.18574535,741599.190228592626434148,372664.739942091020764515,0.485563524238860483,0.068180766175448457,0.167505010273152,273476223.47174114,0,119550542.98871017,72530533.82510144,2.542546143977289
2021-09-17T02:00:00.000Z,0.02164146171371195,1.0390440546194672,0.0017998103672286728,0.0015094221283551885,0.0014998637395793324,273046255.0582,220415110.17519996,2904383.8034,0.03754419087988792,0.03754419087988792,0.04084386498669592,1.040843864986696,-0.0007283544065933567,0.9985143641895959,424.7427743606873,22.210850769846683,10980443,2021-09-17T02:00:00.000Z,USDT-WBNB LP,0,USDT,0,136726008.84858322,1,49952633.28665436,49952633.28665436,29290989.0759733,29290989.0759733,131966045.509504688733510643,64016192.167112182241326958,0.48509593448794748,0.063535877719955061,0.161698644810576,WBNB,0,321426.0026391318,425.10874374,163248.1997845756,69398237.12823749,101448.18740651585,43126511.50308404,739092.839760034941116616,372618.648802856339089046,0.48509593448794748,0.068626989455023946,0.168052252115952,273367013.0358745,0,119350870.41489184,72417500.57905734,2.5429853179595305
2021-09-17T04:00:00.000Z,0.02164146171371195,1.034057494913973,0.0018270366125493571,0.0015416085416149923,0.0015251324186937865,271516493.22,225388984.35759994,1889296.9921,0.03253236249527913,0.03253236249527913,0.035884531526522274,1.0358845315265224,-0.0005492020073435411,0.9987006055578115,420.5708245155496,22.07550446649658,10982843,2021-09-17T04:00:00.000Z,USDT-WBNB LP,0,USDT,0,135934903.2787206,1,49646698.13210642,49646698.13210642,29252347.95021981,29252347.95021981,131308725.504412325714433674,63966511.641666444970063027,0.487145933341017756,0.064074013296019534,0.162381977770032,WBNB,0,322795.1515852538,420.90329994,164084.49022965235,69063703.40663336,101451.97878331445,42701472.65533992,739030.908929832114128907,372649.220468259237959762,0.487145933341017756,0.068649755253859911,0.168080124011184,271800447.7855865,0,118710401.53873979,71953820.60555974,2.538902528146554
2021-09-17T06:00:00.000Z,0.02164146171371195,1.036648339992534,0.0018714649107864595,0.0015653711219458962,0.001552427017841973,272314245.9622,229060865.09809995,1531304.9527,0.035095912974691945,0.035095912974691945,0.038519804903320375,1.0385198049033204,-0.000588787710178118,1.0000049883000839,422.1104764908509,22.151191524024288,10985233,2021-09-17T06:00:00.000Z,USDT-WBNB LP,0,USDT,0,136161464.73227584,1,49702280.20669205,49702280.20669205,29249179.586191867,29249179.586191867,131391068.745620570929469513,63860475.66367303758723421,0.486033611518222674,0.063781741302101012,0.162011203814592,WBNB,0,322550.90162067703,423.18086536,163683.4895960887,69267720.77241737,101316.52791999993,42875215.96045617,738477.464299901035196772,372486.365652871145897725,0.486033611518222674,0.068692612220183345,0.16813258070976,272658834.4027622,0,118970000.9791094,72124395.54664804,2.5396192424203337
2021-09-17T08:00:00.000Z,0.02164146171371195,1.0316591007667708,0.0018930492476757852,0.0015905949424282948,0.0015696758618894968,271418880.9911,232964434.93559995,1773553.9708,0.030089424904881312,0.030089424904881312,0.03355215001444659,1.0335521500144467,-0.00038882650504334926,1.0015910705313145,417.375087615184,21.95769701725873,10987633,2021-09-17T08:00:00.000Z,USDT-WBNB LP,0,USDT,0,135493190.41511714,1,49797007.05371777,49797007.05371777,29501677.68813621,29501677.68813621,132080624.65717461590942538,64121673.554504459210563157,0.485473730313868345,0.063634880559261305,0.161824576762512,WBNB,0,325151.4473541302,417.31446495,164751.66345317874,68753252.28358576,101320.62267033452,42282561.43807149,738933.589544511134891632,372581.977488347889065947,0.485473730313868345,0.068643059722864848,0.168071927237136,271183592.6954241,0,118550259.33730352,71784239.1262077,2.534965746543812
2021-09-17T10:00:00.000Z,0.02164146171371195,1.0317004050026972,0.0019299417259855194,0.001620695549443985,0.0015998064495348352,271529740.4432,237624459.36639997,2273533.969,0.030100598553162383,0.030100598553162383,0.03363034672868274,1.0336303467286827,-0.000419829141116157,1.0005098048820398,417.83521559329665,21.946238158165883,10990032,2021-09-17T10:00:00.000Z,USDT-WBNB LP,0,USDT,0,135697178.5559523,1,49841884.15324236,49841884.15324236,29495380.301144905,29495380.301144905,136919968.462580317464283289,64054369.237807762358106621,0.46782342967975169,0.059091865561394125,0.155941143213168,WBNB,0,324920.88754691015,417.57736053,164553.60387066106,68713859.57000984,101310.01602267152,42304769.08599918,739110.800115269259841378,371641.535856106858737401,0.46782342967975169,0.068264224321095704,0.167607497984256,271376785.15885603,0,118555743.7232522,71800149.38714409,2.5356483091841424
2021-09-17T12:00:00.000Z,0.02164146171371195,1.018571108678901,0.0019114267746792838,0.0016721345554718406,0.0016316263702309541,267989445.1208,245580334.781,3423537.5873,0.01693948230867015,0.01693948230867015,0.020482535453580388,1.0204825354535805,-0.00016721268509467535,0.9983455412633222,408.10925647999966,21.316743952315548,10992431,2021-09-17T11:59:59.000Z,USDT-WBNB LP,0,USDT,0,134216778.68245067,1,49272218.892734945,49272218.892734945,29468148.367474012,29468148.367474012,136929411.83480369609003974,64027003.434502942237131055,0.467591312754248143,0.059033241648699069,0.155863770898608,WBNB,0,328330.5154888385,408.32638457,166210.5877311982,67868168.36553496,101259.36938096513,41346872.203167655,737183.727201565591684795,371495.548241150379455571,0.467591312754248143,0.068567688940860037,0.16797962953296,268282791.0160125,0,117140387.2582699,70815020.57064167,2.5286445771308634
2021-09-17T14:00:00.000Z,0.02164146171371195,1.021704718414306,0.0019527145762195336,0.0017110119027325963,0.001675580049054215,267962721.3454,251578504.4407,2663838.7297,0.020029138365251775,0.020029138365251775,0.023657432990525525,1.0236574329905255,-0.000178495993322203,1.0007709909809543,409.5977459551354,21.365181662907506,10994827,2021-09-17T14:00:01.000Z,USDT-WBNB LP,0,USDT,0,133878141.83276682,1,49304956.29820213,49304956.29820213,29468868.23413581,29468868.23413581,136108187.775981590239453659,64014381.903330508752299405,0.470319845920590851,0.059724204504101033,0.156773281942224,WBNB,0,327104.73144514667,409.87576721,164348.95806316994,67362655.2763059,100367.54251561458,41138223.49156982,733162.326267908028905586,371811.870731206408472821,0.470319845920590851,0.069440043714656359,0.169044815580768,267950444.59186733,0,116667611.57450803,70607091.72570562,2.53291999216421
2021-09-17T16:00:00.000Z,0.02164146171371195,1.0237085637575334,0.0020139069996353443,0.0017406190714363368,0.0017078892816357882,270536490.4861,256139275.3783,2077516.9203,0.022000674475897597,0.022000674475897597,0.025722470757168728,1.0257224707571688,-0.0002417147172464329,0.999608121973603,411.66097528186066,21.625381222367306,10997221,2021-09-17T16:00:01.000Z,USDT-WBNB LP,0,USDT,0,135321296.3096901,1,50134027.57114163,50134027.57114163,29896962.771902267,29896962.771902267,130893998.626699145654540452,63381806.323502595812708492,0.484222401244408705,0.063307260134418784,0.16140746705688,WBNB,0,328591.3209846723,411.95192413,167094.37902963362,68834850.95256509,102301.36154306849,42143242.72878585,733206.009026021673937073,376971.418680467419802327,0.484222401244408705,0.071372117359493783,0.171380400596208,270685123.2417443,0,118968878.52370672,72040205.50068812,2.535099990262931
2021-09-17T18:00:00.000Z,0.02164146171371195,1.0225541278804238,0.002049188926132362,0.0017680083776965864,0.0017336585968941165,270049259.3673,260394218.1768,1713849.6611,0.020820469283529652,0.020820469283529652,0.02460331680655613,1.024603316806556,-0.00022857409695331565,0.9990592046306088,410.936411577775,21.605658105310813,10999617,2021-09-17T18:00:01.000Z,USDT-WBNB LP,0,USDT,0,135152549.62503538,1,50100476.210429095,50100476.210429095,29894417.584619593,29894417.584619593,130933514.022099995964139728,63391283.401902168909276308,0.484148645023018978,0.063287975821120446,0.161382881654352,WBNB,0,328576.04918102635,411.00223183,166770.13744796166,68542898.6937081,102024.70481597267,41932381.38116172,741894.88540588235586266,376680.396458910985606724,0.484148645023018978,0.069602533439581948,0.169242482471904,270198039.16432106,0,118643374.9041372,71826798.96578132,2.534217262286691
2021-09-17T20:00:00.000Z,0.02164146171371195,1.0225083614650876,0.002084624637736989,0.001794477183860159,0.0017605268208429337,267311970.57430002,264490529.4905,1572414.1212,0.020747834644244678,0.020747834644244678,0.0245929861028246,1.0245929861028247,-0.00020137198505254528,1.0003005459261298,410.3680482763478,21.58564894594662,11002017,2021-09-17T20:00:01.000Z,USDT-WBNB LP,0,USDT,0,133616126.79452738,1,50033684.26789727,50033684.26789727,29895353.75213522,29895353.75213522,130985273.638871369564665485,63376924.520368443823453443,0.483847708675249281,0.063209323397615435,0.161282569548816,WBNB,0,325697.10851110984,411.43,160273.50130565636,65941326.642186195,98977.20201617811,40722190.22551616,741928.497488322691744416,373496.821193523932639763,0.483847708675249281,0.068424790858616449,0.167804499781152,267617688.1492533,0,115975010.91008347,70617543.97765139,2.5569111053500544
2021-09-17T22:00:00.000Z,0.02164146171371195,1.0149450650940224,0.0020919817829367212,0.0018201633590230477,0.0017752971726345823,265339022.4193,268440632.75699997,2469837.6403,0.013169767921387798,0.013169767921387798,0.017037046876959103,1.0170370468769592,-0.00008673227980027232,0.9997478987394915,404.52098369135956,21.278936944846578,11004416,2021-09-17T22:00:01.000Z,USDT-WBNB LP,0,USDT,0,132724366.94994172,1,49698954.12713384,49698954.12713384,29896547.43178718,29896547.43178718,135987392.601338825573280328,63379030.790444552347569724,0.466065490175598616,0.058648601096761627,0.155355163367904,WBNB,0,327914.19415348367,405.42701331,161361.9063685583,65420475.76101246,98980.81969215492,40129498.10276601,741596.430246692991277677,373597.500710963539857124,0.466065490175598616,0.068523009275909349,0.167924891677824,265669639.30754405,0,115119429.8881463,70026045.53455319,2.5529117305867817
2021-09-18T00:00:00.000Z,0.02164146171371195,1.016255049325627,0.002128781199054234,0.0018417691729210248,0.001796952146579267,265779888.68109998,271764375.4981,1654784.3366,0.01445809717904778,0.01445809717904778,0.01838383052468128,1.0183838305246813,-0.0001038071030192711,0.9997802894618851,405.53726266935683,21.277122551948413,11006816,2021-09-18T00:00:01.000Z,USDT-WBNB LP,0,USDT,0,132908504.78137942,1,49749560.83448254,49749560.83448254,29897623.563708905,29897623.563708905,135994175.695031577512254653,63393255.429711949185067763,0.466146841257908103,0.058669076955272534,0.15538228041744,WBNB,0,327714.9236431156,406.33778186,161204.38036890252,65503430.34521558,98984.43692938554,40221116.540547594,744373.907391312035335692,373655.710652734804723987,0.466146841257908103,0.068033800080370707,0.167324381336736,266071459.93694228,0,115252991.17969812,70118740.1042565,2.55355940186209
2021-09-18T02:00:00.000Z,0.02164146171371195,1.020566754098255,0.00222910695377786,0.0018647989084339173,0.0018274073333044427,266929901.9881,275307519.6902,1429348.0473,0.018739346764950593,0.018739346764950593,0.022795861052032896,1.022795861052033,-0.0001760680185879382,0.9996344672436196,409.02706729360034,21.89981907010976,11009214,2021-09-18T02:00:00.000Z,USDT-WBNB LP,0,USDT,0,133513754.64483611,1.00000416,49980386.9948033,49980594.9132132,29899269.69219742,29899394.07315934,136026909.810249998375231433,63355587.910941852131027823,0.465757753368942855,0.058571176901673411,0.155252584454688,WBNB,0,326298.5794077136,409.52166855,160494.27073024452,65725881.54216517,98988.87796555189,40538090.47234514,730822.296088452940712885,374683.44636577615148373,0.465757753368942855,0.0709690839874519,0.170895828953232,267140648.746597,0,115706476.45537837,70437484.54550448,2.5559764327365317
2021-09-18T04:00:00.000Z,0.02164146171371195,1.0260889385333498,0.0023182038742594994,0.0018830126461153256,0.0018553098597009487,268370342.2378,278109738.431,1808918.6363,0.024233628673648866,0.024233628673648866,0.028407142407609314,1.0284071424076093,-0.0002460254209835089,1.0015965704031335,412.6409674705207,22.393158984161854,11011612,2021-09-18T04:00:00.000Z,USDT-WBNB LP,0,USDT,0,133971291.87300299,1.00000416,50148572.05248674,50148780.67054648,29896333.693351164,29896458.06209933,136259781.061696214169341265,63355582.020893373841216523,0.464961718911077627,0.058371138013908738,0.154987239636144,WBNB,0,325186.2184709298,412.61778771,159973.3805389673,66007862.37047865,98992.60442831168,40846109.43886112,730813.865972356879052025,374733.317555393272911264,0.464961718911077627,0.070989615264598498,0.170920547153856,268149467.25283298,0,116156643.04102513,70742567.50096044,2.557723385529465
2021-09-18T06:00:00.000Z,0.02164146171371195,1.0320545729772905,0.002396264629016496,0.0019059051314780297,0.0018890372209021677,271931909.4745,281646001.03099996,1910644.9241,0.030165535756388362,0.030165535756388362,0.03445083760630702,1.034450837606307,-0.0004184031543101874,1.000622185040665,417.84096453599426,22.769568658549556,11013992,2021-09-18T06:00:01.000Z,USDT-WBNB LP,0,USDT,0,135881347.65951052,1.00000416,50626008.42027245,50626219.024467476,29989005.39258105,29989130.14684348,136112041.27828662851650061,63420684.14962597053245287,0.465944699337509684,0.058618204955369916,0.155314899748368,WBNB,0,325401.36174145277,418.2366709,158620.21319703158,66340789.90497473,98797.67408319763,41320810.30121978,730918.519238096271582247,374607.156474553822646831,0.465944699337509684,0.070921509797461354,0.170838539268048,271976695.1669886,0,116967008.9294422,71309940.44806327,2.561859813166646
2021-09-18T08:00:00.000Z,0.02164146171371195,1.0316212206861997,0.0024222632829302188,0.0019282605125514843,0.0019116107575125607,271781308.6233,285110863.2636,1653242.9987,0.029709609928687097,0.029709609928687097,0.03404348396912988,1.03404348396913,-0.0004057608121804668,1.000620123423189,417.47205432636815,22.645418183579803,11016392,2021-09-18T08:00:01.000Z,USDT-WBNB LP,0,USDT,0,135806467.3618241,1.00000416,50613657.76545471,50613868.31827102,29995118.83984962,29995243.619543996,141070323.993362703691013532,63334105.731092503839892575,0.448954138179142095,0.05442115090350275,0.14965137937296,WBNB,0,325508.3140569394,417.89667866,158547.80706170847,66256601.97991447,98730.92911662719,41259327.35885439,730995.915839968355126911,374564.494683809763315548,0.448954138179142095,0.070890343165988392,0.170800997426064,271835875.6373395,0,116870470.2981855,71254570.97839838,2.562055599931794
2021-09-18T10:00:00.000Z,0.02164146171371195,1.0305711829780126,0.00247669657030699,0.001946599588922554,0.0019272026422998412,271505314.5563,287952883.93219995,1490535.0789,0.028643980335712804,0.028643980335712804,0.033047879548319635,1.0330478795483196,-0.00040168304298793256,0.9997281264479635,416.9801459834243,22.787833371803274,11018785,2021-09-18T10:00:01.000Z,USDT-WBNB LP,0,USDT,0,135783278.098961,1.00000416,50604896.76830758,50605107.28467814,29996068.14189692,29996192.92554039,139428566.725439090871382,63370510.47198280064394914,0.454501627322693351,0.055774366891872327,0.151500542433696,WBNB,0,325576.57690665126,417.474388,158580.68451180554,66203374.21518709,98735.17184349471,41219405.439437784,730796.673847100732119061,372980.816457143027615631,0.454501627322693351,0.070330487958995095,0.170125211630592,271703725.14863706,0,116808481.49986523,71215598.36497818,2.5619893603632398
2021-09-18T12:00:00.000Z,0.02164146171371195,1.0289903653817967,0.0024928865570480042,0.001967026252630036,0.0019457695749944826,271098508.60440004,291118546.0943999,1668303.2822,0.027044595806802185,0.027044595806802185,0.03148325193884467,1.0314832519388446,-0.0003691771634849461,0.9993438487970765,415.8443161068436,22.578400716800367,11021185,2021-09-18T12:00:01.000Z,USDT-WBNB LP,0,USDT,0,135639499.21769106,1.00000416,50549518.04429528,50549728.33029035,29997236.10233821,29997360.890840396,134757715.170248711361760396,63389380.618734585984936797,0.47039518693716654,0.059743340607514595,0.156798395635824,WBNB,0,325958.5565718836,416.64965072,158761.10053607638,66147757.08627903,98738.98736437116,41139564.597811736,730861.055592691414328376,372914.877786744662447826,0.47039518693716654,0.070293237003321564,0.170080151763888,271450582.22287846,0,116697485.41656938,71136925.48865214,2.5613707470057445
2021-09-18T14:00:00.000Z,0.02164146171371195,1.0296595518466696,0.002540442968180222,0.0019992569594695295,0.001978995543633566,271102336.8073,296111690.72929996,3235910.4987,0.027680556303036008,0.027680556303036008,0.032199994814849794,1.0321999948148497,-0.0003780288159475065,0.9996387438205864,416.2366421739712,22.65561498376014,11023581,2021-09-18T14:00:00.000Z,USDT-WBNB LP,0,USDT,0,135599899.3278587,1.00000416,50585111.9696183,50585322.403684095,30005060.957302433,30005185.778356016,135249338.202503593674844767,63412248.301008268251908277,0.468854407302633642,0.059352602911776752,0.1562848024212,WBNB,0,325659.5184098256,416.67,158723.73747298724,66135419.692869596,98745.53536033079,41144302.21858903,730847.815796871644328519,372878.639627806110246437,0.468854407302633642,0.070282122464109104,0.170066704971168,271293014.95926195,0,116720742.09655368,71149487.99694505,2.561280008696449
2021-09-18T16:00:00.000Z,0.02164146171371195,1.0283539433000448,0.00257328030336035,0.002025943102176508,0.0020023690630968094,271063265.7338,300246486.5455,2225715.9544,0.026351574236948005,0.026351574236948005,0.030927223603405166,1.0309272236034053,-0.00033589885359619487,0.99992280389197,415.0428557864365,22.6052004364062,11025949,2021-09-18T16:00:01.000Z,USDT-WBNB LP,0,USDT,0,135542221.02388757,1.00000416,50894971.54766886,50895183.2707505,30240821.517906394,30240947.319723908,140973500.007704792238978051,63610095.120894486614676656,0.451220230166789705,0.054971917940744863,0.15040674336312,WBNB,0,326548.22621245746,414.73,159033.45884268207,65955946.38582554,98773.25223344467,40964230.89877651,703882.827752042030636131,373713.175315831497080253,0.451220230166789705,0.076109670613663705,0.17697698183808,270972130.73661953,0,116851129.65657604,71205178.21850042,2.559945098638136
2021-09-18T18:00:00.000Z,0.02164146171371195,1.0259653616859075,0.0025955998796821323,0.0020514296759738646,0.0020236045504617994,272504091.0199,304228438.4597,1834700.1509,0.023941757135445663,0.023941757135445663,0.028560961565589595,1.0285609615655895,-0.00027585495676651917,1.0000035779484444,413.0627808813921,22.465235542154623,11028337,2021-09-18T18:00:00.000Z,USDT-WBNB LP,0,USDT,0,136241804.51889333,1.00000416,50771230.66354449,50771441.87186405,30241728.528361216,30241854.333951894,148491047.361441076709114018,63605489.671133613126084098,0.428345619492546989,0.049539591828414407,0.142781873161392,WBNB,0,329881.6366006928,413.96,166277.20356932344,68832111.18955712,102189.83635377888,42302504.6570103,696126.010396135535099779,380877.263803765074058267,0.428345619492546989,0.080827312474130102,0.182379462941952,272800173.5720229,0,119603553.06142117,72544358.99096219,2.54155549035425
2021-09-18T20:00:00.000Z,0.02164146171371195,1.023408287623582,0.002625857508010965,0.0020720914114026275,0.002038770043166549,271938522.2974,307457918.0916,1624776.5586,0.021369517580415387,0.021369517580415387,0.0260341451315929,1.0260341451315929,-0.00023821919682620596,0.9991502535577901,411.3410873257889,22.396354843104618,11030731,2021-09-18T20:00:01.000Z,USDT-WBNB LP,0,USDT,0,136084753.20617056,1.00000416,50687649.61194426,50687860.47256664,30239019.63768778,30239145.432009473,148504823.689296374566984548,63616121.518050826672627052,0.428377475812834615,0.049546960679594591,0.142792491931776,WBNB,0,330551.4844309112,411.57478328,166776.13832076036,68640852.98564225,102372.24689082782,42133835.32797912,696844.047735289751846403,381058.236390077601953641,0.428377475812834615,0.080737496892484116,0.1822781044404,272131974.8862785,0,119328713.45820889,72372980.75998859,2.5413023416144385
2021-09-18T22:00:00.000Z,0.02164146171371195,1.02094107684838,0.0026465658010315085,0.002088199084267612,0.0020507208159432633,271289209.24230003,309975677.3067,786849.6355,0.018890356032436717,0.018890356032436717,0.02358764264941149,1.0235876426494115,-0.00018689176814923325,0.9992146064552047,409.32025804603785,22.24837591231684,11033131,2021-09-18T22:00:01.000Z,USDT-WBNB LP,0,USDT,0,135751245.31462732,1.00000416,50564644.718559854,50564855.06748188,30240578.06207108,30240703.86287582,136028255.516944016584769017,63628869.338898955884987932,0.467762150570057014,0.059076385960805087,0.155920716841392,WBNB,0,331389.8578672661,409.19685888,167195.2806503615,68415783.66168797,102376.6478734986,41892202.73249946,696868.171719113676210629,381053.435201849217089244,0.467762150570057014,0.080729872734131923,0.182269497856032,271355498.9437828,0,118980638.72916985,72132906.59537527,2.5397310245321503
2021-09-19T00:00:00.000Z,0.02164146171371195,1.0229392076662551,0.002700787243265382,0.002104314340300781,0.002071041101025406,273295239.7462,312506208.0859,1307559.4328,0.020868166565229718,0.020868166565229718,0.025639994909520507,1.0256399949095205,-0.00020494127590797717,1.0002412896538642,410.4891240553268,22.383767260904868,11035531,2021-09-19T00:00:01.000Z,USDT-WBNB LP,0,USDT,0,136612175.59991804,1.00000416,50729427.1163541,50729638.1507709,30317113.850513157,30317239.969706774,135782311.090749067156916522,63699960.893307299917189557,0.469132984860847737,0.059423154510175349,0.15637766159232,WBNB,0,332895.8047503614,410.9893411,167897.57621305186,69004114.22008921,102944.11208447508,42308932.79572296,707876.794390229263760691,381589.145538274027478608,0.469132984860847737,0.078458578986285287,0.179687175555024,273429371.3558738,0,119733752.37086011,72626172.76542974,2.541708858186755
2021-09-19T02:00:00.000Z,0.02164146171371195,1.0218050345534069,0.0027405835160340952,0.0021265144417222936,0.0020916326312949707,273008481.8737,315995279.2925,2318618.9095,0.019713401922111906,0.019713401922111906,0.024545618069440972,1.024545618069441,-0.00018552043763531145,1.0000928400914317,409.6217855121105,22.39957092708967,11037917,2021-09-19T02:00:00.000Z,USDT-WBNB LP,0,USDT,0,136491569.04713178,1.00014511,50688188.79064109,50695544.153716505,30320195.064466503,30324594.827972308,135821564.954562816433182984,63689395.849244761888758836,0.468919614278860271,0.059369113249422094,0.156306538073088,WBNB,0,333244.5825729226,410.42,168063.51452990904,68976627.63336527,102948.53045192396,42252135.868078634,707839.998731165672252072,382226.943933551308253987,0.468919614278860271,0.078729258281827947,0.179996865855264,273281616.9182951,0,119672171.78708178,72576730.69605094,2.541056395581205
2021-09-19T04:00:00.000Z,0.02164146171371195,1.020754487729833,0.002779266115881995,0.002139908052381323,0.0021015182911943153,272729731.5786,318100316.91990006,1057635.786,0.01865296943863859,0.01865296943863859,0.0235337538457149,1.023533753845715,-0.00016839770398913156,0.9999629996592089,408.8233478598282,22.40484150348247,11040312,2021-09-19T04:00:01.000Z,USDT-WBNB LP,0,USDT,0,136369986.6356275,1.00014511,50644992.66417934,50652341.759064846,30321338.522861805,30325738.45229486,136225674.887288727849917113,63679685.395229123736962569,0.467457294286975124,0.058999406926675378,0.155819098073232,WBNB,0,333554.31280713883,408.65136466,168218.5286592619,68742731.2977047,102952.60427311424,42071722.23150908,728902.725886144125241052,382253.306636556106692799,0.467457294286975124,0.074255241902494686,0.174807644901552,272697200.40125406,0,119395073.05676955,72397460.68380395,2.540449759644579
2021-09-19T06:00:00.000Z,0.02164146171371195,1.0210530116455234,0.0028243598544874745,0.0021564982843954535,0.0021188329164503195,272824595.0905,320707881.8616001,1267313.5317,0.018934178729073103,0.018934178729073103,0.0238773715000109,1.023877371500011,-0.00017873290853154256,0.999684170396464,409.1631894157795,22.460334448615725,11042711,2021-09-19T05:59:59.000Z,USDT-WBNB LP,0,USDT,0,136455394.19826072,1.00014511,50676392.31907547,50683745.9703649,30322372.45910506,30326772.538572602,136188152.961981386105642236,63682767.419908889827138856,0.467608716579677272,0.059037636181649091,0.15586957216656,WBNB,0,333393.3772105688,410.12,168142.71358761087,68958689.69655097,102956.91724711026,42224690.90138486,729699.75833813186319601,382521.409488076222289049,0.467608716579677272,0.074197086820677571,0.174739178731824,273206487.10211134,0,119642435.66691586,72551463.43995747,2.540666076934882
2021-09-19T08:00:00.000Z,0.02164146171371195,1.0231226564377398,0.002872788285233698,0.0021705552642879546,0.002137128103675723,273364664.613,322917209.83840007,1266091.5308,0.020985528334064085,0.020985528334064085,0.025995444722973507,1.0259954447229735,-0.00019797101714102983,1.000703815775301,410.3937393285674,22.5405975295213,11045110,2021-09-19T07:59:59.000Z,USDT-WBNB LP,0,USDT,0,136586200.78368494,1.00014511,50727361.46744881,50734722.51487135,30323475.46542122,30327875.704946008,136113816.843015920282961898,63683438.762754286701154513,0.467869024907311761,0.059103384596493418,0.155956341609936,WBNB,0,333051.69941848674,410.94995767,167978.3124281993,69030680.38184655,102961.05064421573,42311839.403899185,729978.263867163387009413,382660.16773967893500256,0.467869024907311761,0.074194279547587368,0.174735873033696,273473602.58522934,0,119765402.8967179,72639715.10884519,2.5414038185674657
2021-09-19T10:00:00.000Z,0.02164146171371195,1.0245448667865324,0.0029074255644914566,0.002187933654532091,0.0021580390450308684,273428989.4448,325645454.7643001,1463802.4488,0.02238682774150158,0.02238682774150158,0.027452292351023904,1.0274522923510239,-0.0002491057917599626,0.9996521475078349,411.95397484148435,22.513835266415022,11047495,2021-09-19T10:00:01.000Z,USDT-WBNB LP,0,USDT,0,136762152.4131368,1.00014511,50851100.19462375,50858479.197772995,30324581.580322355,30328981.98035548,136035567.25348229265602379,63691867.083623428448377087,0.468200106557007933,0.059187061729837913,0.156066702157296,WBNB,0,331868.1669657724,412.1702635,167573.8913035206,69068974.93429244,102965.05732209732,42439134.807741456,729081.196041395667190209,381878.451413417223904057,0.468200106557007933,0.074073399240027218,0.174593471658048,273568187.7946179,0,119927454.13206543,72768116.78809693,2.5430267023759128
2021-09-19T12:00:00.000Z,0.02164146171371195,1.015117628504589,0.0028721718051217555,0.0022151280794296085,0.0021676389889184744,270906555.0849,329914520.4509001,2518363.7162,0.012949989515670612,0.012949989515670612,0.01798980030971084,1.0179898003097108,-0.00008061489854105375,1.000003936215929,404.241976854222,21.982240027912646,11049638,2021-09-19T12:00:00.000Z,USDT-WBNB LP,0,USDT,0,135452868.72866738,1.00014511,50356060.415475234,50363367.58340213,30319649.94352347,30324049.627926778,136348515.073655792822578996,63695774.828521634797610516,0.467154151213990305,0.058922910263684319,0.155718050390496,WBNB,0,335079.38621396857,404.6307628,169199.41669512074,68463289.04266177,102969.13130164413,41664478.143437624,729677.281724504739005788,382307.499152231117597585,0.467154151213990305,0.074118692321874694,0.17464684214376,271055951.9367625,0,118826656.6260639,71988527.7713644,2.5369642112452033
2021-09-19T14:00:00.000Z,0.02164146171371195,1.0208190434570021,0.0029335510393881242,0.002250162253681689,0.002212454532170227,272442124.24579996,335414457.5414001,2449233.884,0.018606588924831913,0.018606588924831913,0.023752594496390264,1.0237525944963903,-0.00014678823956337794,1.0011362644039874,408.3070502618169,22.16340115303945,11052038,2021-09-19T14:00:00.000Z,USDT-WBNB LP,0,USDT,0,136066401.86607274,1.00014511,50583643.96873024,50590984.161306545,30320261.777079515,30324661.55026599,136540248.038302133154456237,63634502.402652487364271247,0.466049412659641578,0.058644554854586099,0.155349804203136,WBNB,0,333624.0140203882,409.14047267,168496.21072426782,68938619.29883085,102984.5903119295,42135163.95794914,735591.163241592564688989,382148.832938299460691481,0.466049412659641578,0.072871185120492235,0.17317084633704,272585233.2520119,0,119529603.4601374,72459825.50821513,2.539412945228393
2021-09-19T16:00:00.000Z,0.02164146171371195,1.0282424188401642,0.003039924980200055,0.0022834695042134004,0.002262301816584822,274442718.55090004,340643627.0641,2534182.7822,0.025980117023579385,0.025980117023579385,0.03128234382036426,1.0312823438203642,-0.0003205790488050031,1.0001590342473006,414.6445263029568,22.675605092664966,11054437,2021-09-19T15:59:59.000Z,USDT-WBNB LP,0,USDT,0,137199539.84994632,1.00014511,51004698.65425968,51012099.94608141,30322579.474159535,30326979.583667032,136302616.009800647352140454,63643072.579251814280800913,0.466924806305079639,0.058865069172693548,0.155641602080736,WBNB,0,330937.34652379283,414.82623155,167173.4121276981,69347916.56828807,103007.24868542784,42730108.794509724,735947.650822521373601753,381957.280253243662119912,0.466924806305079639,0.072727641157903007,0.173000203558848,274500941.21279544,0,120360016.51436949,73057088.37817675,2.544451712753038
2021-09-19T18:00:00.000Z,0.02164146171371195,1.0281637032517579,0.0031577742999745065,0.002313119890916183,0.00229152987376402,276309465.349,345314741.37350005,2128806.6466,0.025872173377993857,0.025872173377993857,0.03132147755173238,1.0313214775517323,-0.00032374399003576304,0.999929072820374,414.65262011327934,23.26069851340093,11056836,2021-09-19T17:59:59.000Z,USDT-WBNB LP,0,USDT,0,138164532.29514685,1.00014511,51047264.70691309,51054672.175494716,30344578.469631504,30348981.771413233,132503319.207364337139451218,63664993.466392575065835303,0.480478480442882139,0.062332083939334465,0.160159493464992,WBNB,0,333181.86348864064,415.6666445,167584.77379417967,69659400.59231819,103290.9486390218,42934602.028004035,770651.712708191782484098,381979.51339041785955407,0.480478480442882139,0.066332690126762103,0.16521925838184,276677168.55500853,0,120714072.76781291,73283583.79941727,2.5450733355974537
2021-09-19T20:00:00.000Z,0.02164146171371195,1.0266555297210438,0.0031692214697621145,0.002330412221723668,0.002305853250048173,275704311.0248,348046433.1438,1271159.5553,0.024349676470995618,0.024349676470995618,0.029824751190805906,1.0298247511908059,-0.0002858913665897411,0.9999782586400152,413.40242650936574,23.057830161721146,11059236,2021-09-19T19:59:59.000Z,USDT-WBNB LP,0,USDT,0,137855152.67091066,1.00014511,50970234.18311091,50977630.47379322,30345253.57141485,30349656.9711606,132000252.222025394820621905,63531182.599175395408473186,0.481295918225333987,0.062544355440802979,0.160431972735888,WBNB,0,333457.53841764614,413.63545989,167844.55192705768,69426458.42637949,103294.60007489834,42726309.4061342,789171.571167956485851526,381819.460291888550128274,0.481295918225333987,0.063202901900021608,0.161274376905984,275805019.08928514,0,120404088.90017271,73075966.37729481,2.544028422888964
2021-09-19T22:00:00.000Z,0.02164146171371195,1.024945253223314,0.003211013905584007,0.0023517859525862272,0.0023228290368630944,275266174.0277,351422958.9579,1640417.1806,0.022622424186450996,0.022622424186450996,0.028156267128898096,1.0281562671288982,-0.0002635786332245704,0.9992433277954877,412.3124762732232,23.078103964157634,11061636,2021-09-19T22:00:00.000Z,USDT-WBNB LP,0,USDT,0,137736969.20697752,1.00014511,50922640.66053506,50930030.044921316,30346383.08009123,30350786.643739983,132019787.459214540867726125,63556315.633249882885487376,0.481415073122160703,0.062575327607623242,0.160471691034912,WBNB,0,333808.54406192055,412.5,168008.36732288633,69303451.52069062,103298.55094136497,42610652.26331305,789256.387362763792580505,381842.73653621853554476,0.481415073122160703,0.063197023079374428,0.1612668762576,275452980.6441214,0,120233481.56561193,72961438.90705302,2.5434374062074276
2021-09-20T00:00:00.000Z,0.02164146171371195,1.0200618090297688,0.003198457435737574,0.002384580850168451,0.002347448796653273,273952915.9922,356603860.4257,2209602.101,0.017714360233115567,0.017714360233115567,0.023260266465506413,1.0232602664655064,-0.0001441544814314577,1.0004138289823707,407.8864033902497,22.711859978551395,11064036,2021-09-20T00:00:00.000Z,USDT-WBNB LP,0,USDT,0,136919590.48047048,1.00014511,50620765.991269775,50628111.57062277,30347409.898112457,30351813.610762775,132091172.690157020779485285,63674826.718941339175026667,0.482052096458419646,0.062741040390639453,0.160684032131424,WBNB,0,335820.6243052688,408.75384054,169022.1243496501,69088442.46414894,103302.31707176402,42225218.83976435,789244.539528504467209614,382670.468939550154115139,0.482052096458419646,0.063473213993373008,0.161618885630784,274207428.7995642,0,119716554.03477171,72577032.45052713,2.5396217443747777
2021-09-20T02:00:00.000Z,0.02164146171371195,1.0177804037704112,0.003217354359339033,0.0024129023191090957,0.00236930588612716,303396288.0334,361570953.3229,2094230.5136,0.015411097884284075,0.015411097884284075,0.020997758129750268,1.0209977581297502,-0.0001262891064663929,0.9992354366576237,406.5211018114867,22.601645545684484,11066435,2021-09-20T01:59:59.000Z,USDT-WBNB LP,0,USDT,0,151814215.60082906,1.00019448,50588270.824412994,50598109.23132293,30348586.3089993,30354488.502064675,132122509.068475601601038385,63649048.773059946626720142,0.481742658550878172,0.062660517042716064,0.160580886169392,WBNB,0,373161.79491952964,407.14250313,169273.29918794005,68918354.74445131,103306.1189574948,42060311.86099998,790086.65459809619228079,382818.887269182381253678,0.481742658550878172,0.063387120719248431,0.161509240792944,303773767.68550014,0,119516463.97577424,72414800.36306465,2.5374149193219733
2021-09-20T04:00:00.000Z,0.02164146171371195,0.9992131832289838,0.0031082519945686885,0.00247572105062158,0.002388212917251331,294388945.4037,372468385.7115,6442419.288,-0.00317502968826755,-0.00317502968826755,0.0023214352235524697,1.0023214352235525,-0.0000034268394791814316,0.9992732773062564,391.76050720295535,21.60172428351304,11068835,2021-09-20T04:00:00.000Z,USDT-WBNB LP,0,USDT,0,147301520.05929133,1.00019448,49283015.99267091,49292600.553621165,30062936.41309789,30068783.05297151,130389473.634439288641378092,63330199.351896089884026456,0.485700245477246247,0.063694276672764601,0.161900081798976,WBNB,0,375725.6537786069,392.21673429,164049.64643962283,64343016.58797798,99416.7559388562,38992915.348044135,787868.267564276986144577,377998.479036416812517325,0.485700245477246247,0.062149358565697895,0.159924568839696,294696056.17293286,0,113635617.14159915,69061698.40101564,2.549374619784923
2021-09-20T06:00:00.000Z,0.02164146171371195,1.0008237052787663,0.003136055782341583,0.0025107721636457437,0.0024287165313872094,294802391.19969994,378541815.0158,1667796.0949,-0.0016050112526209137,-0.0016050112526209137,0.003959761061107878,1.003959761061108,-0.0000030670449974179448,1.0007057979363776,392.4329625016395,21.563949030510297,11071235,2021-09-20T06:00:00.000Z,USDT-WBNB LP,0,USDT,0,147297445.0164482,1.00019448,49304313.66337162,49313902.36629287,30070761.7867591,30076609.94851139,128178427.667115550367774972,63302347.220922280241443004,0.493861161921263235,0.065852688748616461,0.164620387282032,WBNB,0,375608.0619088721,392.94871013,163793.04955729021,64362267.551796354,99420.33140200032,39067090.98511316,787491.57599687210374169,379750.286638909958064875,0.493861161921263235,0.062786771385682765,0.160742581553664,294920794.86507547,0,113676169.91808923,69143700.93362455,2.5526581505675243
2021-09-20T08:00:00.000Z,0.02164146171371195,0.9853925489088259,0.003060331758176584,0.0025682806517882727,0.0024469700774786274,287096706.41609997,388348807.2568,6789671.6594,-0.017054421168652745,-0.017054421168652745,-0.011547119332997534,0.9884528806670024,-0.0001417103279266474,0.9994698508814407,380.8521039172599,20.818324581365996,11073634,2021-09-20T07:59:59.000Z,USDT-WBNB LP,0,USDT,0,143624495.607775,1.00019448,48159153.21461271,48168519.20672989,29755976.720934507,29761763.663287193,126803402.177164953213183926,62894378.846814121453619318,0.495999143295386163,0.066424090531894309,0.165333047743872,WBNB,0,376913.64109428506,381.22,160065.76367118393,61020270.42672874,97198.22340702728,37053906.72722694,764131.2791634316799568,376535.786255644170824497,0.495999143295386163,0.065560208390240507,0.164254405190256,287339445.95764416,0,109188789.63345863,66815670.390514135,2.576840968620443
2021-09-20T10:00:00.000Z,0.02164146171371195,0.9872011587311286,0.0030778239541709614,0.0026096811272948678,0.0024947555300599555,284386303.3053,395314326.0595,2905155.5884,-0.015293596798931386,-0.015293596798931386,-0.009721017314700469,0.9902789826852996,-0.00011675230806795778,0.9997050316755034,382.1279073234858,20.71392468892128,11076034,2021-09-20T10:00:01.000Z,USDT-WBNB LP,0,USDT,0,142234875.69466543,1.00019448,46587600.09700858,46596660.453475446,28730985.128173456,28736572.730161183,126228649.876408912655681724,61806499.388595972364960219,0.489639233637617273,0.06473157635440385,0.163213077860928,WBNB,0,372109.3946542153,382.20661989,151447.62378540693,57884284.377392754,92207.62965315717,35242366.45780214,722118.26262749769460678,370317.148603053546200991,0.489639233637617273,0.071005951985725939,0.170940212845776,284485211.4933922,0,104480944.8308682,63978939.18796332,2.579648666094419
2021-09-20T12:00:00.000Z,0.02164146171371195,0.9693568189497893,0.0029546396218782306,0.002716212661737819,0.002552669637421734,276022764.9397,413227399.80029994,12621662.7621,-0.03319585068763242,-0.03319585068763242,-0.027688541428332457,0.9723114585716676,-0.0005485865411289925,0.9992072900622466,368.5433059782568,19.67524166817221,11078431,2021-09-20T12:00:01.000Z,USDT-WBNB LP,0,USDT,0,138122166.73129895,1.00019448,45354592.52573678,45363413.08689118,28414227.832543746,28419753.83157262,125967185.644527762024361209,61304433.55564957613619596,0.486669867568901659,0.063948841198315083,0.16222328918568,WBNB,0,374474.5642277481,368.58072535,153970.4868375835,56750553.72108916,92120.46763633797,33953828.78098265,718539.20515042202209586,358200.249955513504628925,0.486669867568901659,0.067098775512759845,0.166170589504272,276173135.2384734,0,102113966.80798034,62373582.612555265,2.569526411869358
2021-09-20T14:00:00.000Z,0.02164146171371195,0.9776809542547283,0.0030439141142573727,0.002838607251275712,0.0026991113854953896,278261444.44589996,433717458.5288999,6569411.9219,-0.02501815713076705,-0.02501815713076705,-0.019275131631014287,0.9807248683689858,-0.0003218740739114878,0.9998743099007396,374.5542727628268,20.060196141095545,11080789,2021-09-20T14:00:01.000Z,USDT-WBNB LP,0,USDT,0,139148266.77546686,1.00019448,45410893.36492104,45419724.87546265,28193038.130857754,28198521.112913445,127098235.240367310925702342,60943930.535719076373948574,0.479502570751374579,0.062079133137429228,0.159834190227264,WBNB,0,371456.62855634565,374.07016392,153375.30908506626,57373127.01073141,92575.47319749439,34629722.43395829,662760.424651816267368302,353196.108715429131974917,0.479502570751374579,0.076680060937330857,0.177638905164816,278126170.2636321,0,102792851.88619405,62828243.54687174,2.5720970668203256
2021-09-20T16:00:00.000Z,0.02164146171371195,0.9727514572665482,0.0030477881910307447,0.002889881148099715,0.002735902558476555,276821982.94,442301511.2674999,3734767.4703,-0.02998444529192834,-0.02998444529192834,-0.02420075454242104,0.975799245457579,-0.00044190984685521517,0.9991269272006615,371.0255719240417,19.876238737601742,11083187,2021-09-20T15:59:59.000Z,USDT-WBNB LP,0,USDT,0,138531939.93864098,1.00019448,45244906.34535507,45253705.57474112,28206650.071137756,28212135.700443592,126922519.296305981960225954,60957537.66597572411345091,0.480273618928629819,0.062278942234274459,0.1600912062936,WBNB,0,373049.7355124,370.36239159,153481.98787707085,56843956.09613935,92259.80399700854,34169561.65595672,656778.630325935198445439,352343.838125487933324098,0.480273618928629819,0.077706813166526651,0.178824250058256,276722473.85670966,0,102097661.67088047,62381697.35640031,2.570695775191247
2021-09-20T18:00:00.000Z,0.02164146171371195,0.9768265658825118,0.003107121641173649,0.002927506452398632,0.002785469984277311,278374218.852,448608581.67969996,2358967.4167,-0.02595890410176549,-0.02595890410176549,-0.02006631247631453,0.9799336875236855,-0.000349501113482531,0.9999758551997394,373.7938548548046,20.05386173273028,11085586,2021-09-20T17:59:59.000Z,USDT-WBNB LP,0,USDT,0,139190470.15211082,1.00019448,45417071.84019908,45425904.55233057,28215602.052833952,28221089.423121188,126588008.444634032737766552,60954449.35695753744973325,0.481518353167055841,0.062602179596714498,0.16050611771928,WBNB,0,372363.2896331199,373.8466366,152958.6197057438,57183065.515970804,92246.50693552807,34486046.35594574,614450.543148302983297861,352669.316578467733126451,0.481518353167055841,0.088945760275622286,0.19131961092984,278424303.3373995,0,102608970.06830138,62707135.779066935,2.571535166141106
2021-09-20T20:00:00.000Z,0.02164146171371195,0.9708032389547213,0.0030599071506974677,0.00299364758976999,0.0028366969150812604,269891718.0974,459535234.10289997,6141961.398,-0.032033457960359946,-0.032033457960359946,-0.026136853894581216,0.9738631461054188,-0.0005496923510339702,1.0004420458849657,368.9740867373862,19.54455117047996,11087986,2021-09-20T20:00:00.000Z,USDT-WBNB LP,0,USDT,0,134886326.48755714,1.00019448,43038434.4889401,43046804.60367951,26651036.947139904,26656220.040805385,128008440.621175350930805553,59255050.629601743672113689,0.462899558357714132,0.057854520293068332,0.154299852755424,WBNB,0,365732.36649010907,369.02165651,143792.81704747007,53062663.54109678,86273.21042470496,31836683.023360424,580433.286088794249844138,347338.349785293926170797,0.462899558357714132,0.096686227980166033,0.19947072763008,269875722.9018349,0,96109468.14477628,58492903.06416581,2.5549772537396316
2021-09-20T22:00:00.000Z,0.02164146171371195,0.9680248843484107,0.003081208134303446,0.0030214082180661777,0.0028551011993768194,275138522.5306,464104543.05349994,2107526.4364,-0.0348302168509661,-0.0348302168509661,-0.028893907517285836,0.9711060924827142,-0.0006271102053653221,0.9998081352616489,367.0775948620447,19.477941947956452,11090385,2021-09-20T21:59:59.000Z,USDT-WBNB LP,0,USDT,0,137595661.02083802,1.00019448,44486042.7738185,44494694.41941715,27417230.40203131,27422562.5049999,128013760.256972735208379844,60070648.488839002000903662,0.46925149584118271,0.059453180905513297,0.156417165257328,WBNB,0,374768.885882274,367.74140257,161167.11414597637,59267820.60420064,96905.37310956501,35636117.8238806,580362.029140883110676801,358075.886287041861475016,0.46925149584118271,0.099951910460931448,0.199999999976256,275440456.358937,0,103762515.02361779,63058680.3288805,2.5492073609721473
2021-09-21T00:00:00.000Z,0.02164146171371195,0.9625956022914305,0.0030503978308751376,0.0030630040726891245,0.0028822281730688237,273072991.0743,471051002.8206,4194804.6108,-0.04028662588163834,-0.04028662588163834,-0.03435399987769438,0.9656460001223056,-0.000835548709599343,0.9996079040985005,363.0116161265633,19.09037089442598,11092771,2021-09-20T23:59:59.000Z,USDT-WBNB LP,0,USDT,0,136590051.93668607,1.00019448,43986472.61501182,43995027.10420599,27218048.51601623,27223341.882091627,126532627.13464122255839788,59881180.486388361640948558,0.473246954895434306,0.060469923674989997,0.157748984936928,WBNB,0,376121.56053139747,363.72822858,161335.02192320704,58682101.732043564,96496.67933374232,35098566.23791439,576655.864952449266423231,357674.842457677613461464,0.473246954895434306,0.100481635569669819,0.199999999976256,273422644.9128171,0,102677128.83624956,62321908.12000602,2.544333224150118
2021-09-21T02:00:00.000Z,0.02164146171371195,0.96167202004591,0.00308024006811176,0.0031663789207662745,0.002981881752589177,271375104.1326,488257953.6712,4783553.9583,-0.04130986170667916,-0.04130986170667916,-0.03524773988597823,0.9647522601140218,-0.0008682750880691925,0.9993350123647872,362.33686833394694,19.0873758710839,11095133,2021-09-21T01:59:59.000Z,USDT-WBNB LP,0,USDT,0,135777842.6528208,0.99985769,43928847.89782437,43922596.38348003,27149896.3073658,27146032.6056223,128164228.020766487876155476,59872640.162787970244934439,0.467155625929309921,0.058923282285050285,0.155718541973664,WBNB,0,374479.0109188539,361.80804324,160838.15277625743,58192537.33431388,96631.40635742138,34962020.04970793,591395.265862907579564518,356487.171148506258037291,0.467155625929309921,0.097651985148946341,0.199999999976256,271248038.283034,0,102115133.71779391,62108052.655330226,2.5524264956586045
2021-09-21T04:00:00.000Z,0.02164146171371195,0.9632907369922545,0.0031279982914636465,0.003189861408643095,0.0030096448491179206,271372288.1598,492147302.80869997,1838358.7632,-0.039718907856863384,-0.039718907856863384,-0.03358126471628182,0.9664187352837181,-0.0008015995223669137,0.9993594574891949,363.53157549416244,19.19058595630645,11097533,2021-09-21T03:59:59.000Z,USDT-WBNB LP,0,USDT,0,135773112.53025168,0.99985769,43963233.21674164,43956976.80902256,27100568.3321151,27096711.650235757,127995075.586466028488114003,59798174.884974352062325478,0.46719121506028709,0.058932260477199771,0.155730404996928,WBNB,0,373244.45314552385,364.07853751,160331.4774532329,58373249.82799057,96635.89422879588,35183055.04179105,590237.383250561494415291,356424.437091645530983862,0.46719121506028709,0.097826332998430363,0.199999999976256,271644085.29354954,0,102330226.63701314,62279766.69202681,2.555032495945736
2021-09-21T06:00:00.000Z,0.02164146171371195,0.9597870591336962,0.0031039730091308422,0.00322446157852953,0.003034367317789388,270765417.1255,497885648.30959994,3603842.8171,-0.04324730818409317,-0.04324730818409317,-0.037108967857172936,0.962891032142827,-0.0010043411576091676,1.00046199566514,360.4673216879641,18.85589691710144,11099933,2021-09-21T05:59:59.000Z,USDT-WBNB LP,0,USDT,0,135320191.22098124,0.99985769,44148211.892648414,44141929.16061397,27362272.10613444,27358378.181191016,128684999.978392670387579288,60111992.328485639945666544,0.467125091025208577,0.058915579676425885,0.155708363666592,WBNB,0,375575.53881316667,360.82,161529.32867233112,58283012.371550515,96952.42098034905,34982372.538129546,553783.07914133617907676,358354.329222456364561288,0.467125091025208577,0.104830579903524783,0.199999999976256,270816099.7191354,0,102424941.53216448,62340750.719320565,2.555245333762485
2021-09-21T08:00:00.000Z,0.02164146171371195,0.9729341147266418,0.003260385457709589,0.003250805307865128,0.003101956987374588,274342137.8153,502256384.6201999,2051135.728,-0.03016784226073277,-0.03016784226073277,-0.02380549981564859,0.9761945001843514,-0.0005363973244163489,1.0019656776471606,369.83450326575354,19.61327549190221,11102333,2021-09-21T07:59:59.000Z,USDT-WBNB LP,0,USDT,0,136901963.77761072,0.99985769,44796746.58803089,44790371.56302395,27435995.56924812,27432091.152718663,128693903.095722421639061934,60168942.958774043986723554,0.46753530284974287,0.05901910003123568,0.155845100924352,WBNB,0,370898.51729305834,369.43,159589.36866980648,58957100.46768661,96950.15684143263,35816296.44193046,554094.643368548101887485,359606.13065980127161706,0.46753530284974287,0.105137621987843978,0.199999999976256,273903520.50272006,0,103747472.03071055,63248387.59464912,2.561723887721549
2021-09-21T10:00:00.000Z,0.02164146171371195,0.9734108062046322,0.003295422768931391,0.003279565921018575,0.0031327845628139617,274930817.03970003,507030772.42499995,2487785.2864,-0.0297219783581818,-0.0297219783581818,-0.023293771026436448,0.9767062289735635,-0.00046590300230631154,1.0001939526660424,370.83035218906804,19.633202091807235,11104732,2021-09-21T10:00:01.000Z,USDT-WBNB LP,0,USDT,0,137438751.90754965,0.99985769,45650569.596674964,45644073.06411566,27939397.69417253,27935421.638486676,131540252.850123080904506421,60737110.51976171846830603,0.461737827043449288,0.057564491642933052,0.15391260899784,WBNB,0,370696.2165296384,370.65876403,159218.73183958372,59015818.35408411,96939.51207988951,35931479.7332031,554327.126258854120216214,359034.576298092807026856,0.461737827043449288,0.104926493036577821,0.199999999976256,274820994.44823873,0,104659891.41819978,63866901.371689774,2.565634225362547
2021-09-21T12:00:00.000Z,0.02164146171371195,0.9762386602961869,0.003370557691964349,0.0033050464633405524,0.0031663905785127566,276212697.20600003,511267336.3439999,2194290.8149,-0.026927730282325868,-0.026927730282325868,-0.02039078201184876,0.9796092179881513,-0.00038074148223210535,1.0001375816123315,372.99031561229174,19.889481520909023,11107131,2021-09-21T11:59:59.000Z,USDT-WBNB LP,0,USDT,0,138087350.3227223,0.99985769,46297618.559120834,46291029.945023686,28195222.985462323,28191210.52327926,131402537.711322484638270946,60997184.272735207017978677,0.464200960918575157,0.0581802836623336,0.154733653614384,WBNB,0,370267.9207429969,372.84215858,158757.5398294835,59191503.84087495,96944.0240961418,36144819.20543704,548862.42406546829539919,360322.598563377809054912,0.464200960918575157,0.106351352180331821,0.199999999976256,276119189.9346452,0,105482533.78589863,64336029.7287163,2.5635843482427307
2021-09-21T14:00:00.000Z,0.02164146171371195,0.9721840615380377,0.0033821843956053674,0.0033487799814781714,0.0031970827267862045,274488306.7766,518541972.9061,3168551.8924,-0.03101302118874849,-0.03101302118874849,-0.02443375406635692,0.975566245933643,-0.0004980001064444073,0.9998970590692003,369.953977628092,19.769889920135874,11109530,2021-09-21T14:00:00.000Z,USDT-WBNB LP,0,USDT,0,137259601.57961166,0.99985769,46183632.76903527,46177060.376255915,28321902.432996638,28317871.9430614,131227507.788434428114020985,61204651.227621036013666369,0.466401079004681297,0.058733090949185845,0.15546702632184,WBNB,0,370972.7329265833,369.97708803,160881.34537780835,59522411.68123023,97770.78242964023,36172949.37773298,550654.003357677448533156,361428.033190778793575682,0.466401079004681297,0.106330546973110645,0.199999999976256,274491479.6324191,0,105699472.05748615,64490821.320794374,2.564982598747704
2021-09-21T16:00:00.000Z,0.02164146171371195,0.9709919029657231,0.0033584314857125564,0.0033966643968968654,0.003240667695931565,274142347.4136,526494438.3395,3735809.249,-0.032248764730208435,-0.032248764730208435,-0.025649665548564314,0.9743503344514357,-0.0005482805717591521,1.000176871786896,368.9077432313565,19.447245750995354,11111930,2021-09-21T16:00:01.000Z,USDT-WBNB LP,0,USDT,0,137046568.36710238,0.99985769,46115038.55378966,46108475.92265307,28322922.632702004,28318891.997582145,127196199.385297608230671803,61261473.683136609528753282,0.481629749781798266,0.0626311482789443,0.160543249908624,WBNB,0,371560.4858138642,369.51045328,161108.04146632098,59531105.4292733,97756.25156551794,36121956.82692824,551584.921493813627944476,361147.493822278330570819,0.481629749781798266,0.106068697153316672,0.199999999976256,274322548.80397606,0,105639581.35192637,64440848.82451039,2.5641463916791074
2021-09-21T18:00:00.000Z,0.02164146171371195,0.9551032624409508,0.003231590265488226,0.0034438544135542825,0.003234173679022012,269635429.03559995,534331332.42770004,3926202.971,-0.04813091123807123,-0.04813091123807123,-0.04166514729356099,0.958334852706439,-0.0012197605413190038,0.9999240047958932,356.98877687299523,18.54024968958064,11114315,2021-09-21T18:00:01.000Z,USDT-WBNB LP,0,USDT,0,134826912.48767805,0.99985769,45343676.19283337,45337223.334274374,28305129.45273586,28301101.34976344,127244931.712816948053911019,61097484.146419883454953959,0.480156524303165956,0.062248577709023956,0.160052174754048,WBNB,0,377655.476916138,357.75430629,163776.03928169422,58591583.3201463,97763.82937589179,34975430.95862609,551544.508464481261730992,361088.626926335600190538,0.480156524303165956,0.106059178647209335,0.199999999976256,269915598.430514,0,103928806.65442067,63276532.30838953,2.5565311738718792
2021-09-21T20:00:00.000Z,0.02164146171371195,0.9566372724446153,0.0032764346966111285,0.0034878439371990974,0.0032835160209492287,270214398.7817,541637503.8271,2870133.8011,-0.04664624357633396,-0.04664624357633396,-0.040086292858773596,0.9599137071412264,-0.0011391717696392911,0.9998205817250737,358.14030701254245,18.62775983383858,11116673,2021-09-21T20:00:00.000Z,USDT-WBNB LP,0,USDT,0,135094542.05429265,0.99985769,45412063.44081198,45405600.85006372,28299247.52717893,28295220.261263337,127403041.351876715594702502,61057680.399468244959965967,0.479248216930959728,0.062013290420504227,0.159749405628192,WBNB,0,377349.8691046952,358.6287816,163515.05418148023,58641204.65436225,97898.3879110784,35109179.57715422,552159.813878939135719729,360808.724817258083431857,0.479248216930959728,0.105858869016266133,0.199999999976256,270403840.54394925,0,104046805.50442597,63404399.83841756,2.560055287067968
2021-09-21T22:00:00.000Z,0.02164146171371195,0.9492540363677934,0.003252316647517485,0.003580425387585536,0.0033509872191427315,260020314.7218,556715595.24,9165582.5127,-0.05409695085134936,-0.05409695085134936,-0.04749364698468914,0.9525063530153108,-0.001502005706093601,0.9990635726069992,352.8314070526297,18.322691869375724,11119027,2021-09-21T22:00:01.000Z,USDT-WBNB LP,0,USDT,0,130132439.54087801,0.99985769,44274283.610576704,44267982.93727608,27728995.971149117,27725049.857732464,119101359.381079319936654999,59756067.744654040485198614,0.501724481191328945,0.067966412854053109,0.167241493722672,WBNB,0,368475.5208058563,353.09,164278.6184541388,58005137.38997187,97848.44860512535,34549308.71798371,552319.62682658465127799,362417.402064362114287443,0.501724481191328945,0.106300077483740196,0.199999999976256,260218942.03474674,0,102273120.32724795,62274358.57571617,2.5569071603405655
2021-09-22T00:00:00.000Z,0.02164146171371195,0.9376370527185146,0.0031993380731308945,0.0036378294210489574,0.003367058511189458,255081181.5016,565922911.2015,4892475.0269,-0.06573000579267485,-0.06573000579267485,-0.0591636092083545,0.9408363907916455,-0.0022899617957208296,0.9995852140690259,344.02665152791684,17.85802586728681,11121394,2021-09-21T23:59:59.000Z,USDT-WBNB LP,0,USDT,0,127593514.7455541,0.99985769,43591812.49375158,43585608.942915596,27638495.14780411,27634561.913559627,119157677.22154011270945364,59654929.520985128109283019,0.500638573292038935,0.067672524887736291,0.166879524429216,WBNB,0,370728.8089483455,344.33922002,165134.90835306756,56862425.540369466,97231.99283104234,33480788.572431356,552261.461371852479337188,361803.439540988875904062,0.500638573292038935,0.106131173906441793,0.199999999976256,255231825.82468754,0,100448034.48328507,61115350.485990986,2.553805748171049
2021-09-22T02:00:00.000Z,0.02164146171371195,0.952196684342461,0.003335959253464059,0.003688315265686118,0.003472486521326923,259043251.92819998,574002068.2031001,4005937.5696,-0.05127580217886596,-0.05127580217886596,-0.044467356404074974,0.955532643595925,-0.0013818072350174626,0.9997983960906178,354.67830933613544,18.450348152596913,11123759,2021-09-22T02:00:01.000Z,USDT-WBNB LP,0,USDT,0,129547947.89222024,1,44259136.009171516,44259136.009171516,27638133.94268422,27638133.94268422,119377074.657754819008522463,59650933.55225964426092104,0.499685000015911158,0.067414976786908587,0.166561666651872,WBNB,0,365179.9913552016,354.84599986,162662.5496066174,57720155.054937,97236.93779481221,34504138.41512477,552362.729644745377225429,361182.992715482011708486,0.499685000015911158,0.105929748103376953,0.199999999976256,259130607.05352288,0,101979291.06410852,62142272.357808985,2.5599127237898016
2021-09-22T04:00:00.000Z,0.02164146171371195,0.951249970389024,0.0034012910762609705,0.0037176035777495534,0.0035001902047280264,258749572.33650002,578688408.8677001,2881414.5032,-0.05225021981570399,-0.05225021981570399,-0.045348738534714994,0.954651261465285,-0.0014461717226236237,0.9999833292130711,353.88465781192906,18.639279445084274,11126149,2021-09-22T03:59:59.000Z,USDT-WBNB LP,0,USDT,0,129376942.98367088,1,44204560.31176175,44204560.31176175,27637832.098231908,27637832.098231908,118822476.072898430511764135,59647840.81023759721894784,0.501991229114289997,0.068038702405274917,0.167330409695424,WBNB,0,365584.61435076536,353.99547265,162865.43592217518,57653626.9676187,97241.5487602934,34423068.014618084,609908.274389224225726798,363091.713613913236089428,0.501991229114289997,0.095690183824918061,0.198440611947936,258792241.33433804,0,101858187.27938044,62060900.112849995,2.559425391312684
2021-09-22T06:00:00.000Z,0.02164146171371195,0.9508292631564015,0.003399384786486271,0.0037448744056635054,0.0035213474954924884,260152206.5509,583074768.6247001,2291724.7751,-0.052692084339091005,-0.052692084339091005,-0.04577135205711225,0.9542286479428878,-0.0014600482688512662,0.9997748949317028,353.628464596832,18.461778854051126,11128523,2021-09-22T06:00:00.000Z,USDT-WBNB LP,0,USDT,0,130102703.5843008,1,44460092.46887387,44460092.46887387,27809176.153288703,27809176.153288703,119367984.187468633794217496,59696069.908230714313132277,0.500101181355944061,0.067527321723325875,0.16670039376816,WBNB,0,367840.29211151483,354.06550039,163293.58328936953,57816624.27782677,97502.01526459528,34522099.823692344,647348.815996996126384319,363427.992748172705025739,0.500101181355944061,0.085098871125419594,0.187136612060976,260342260.67436808,0,102276716.74670064,62331275.976981044,2.560410269004489
2021-09-22T08:00:00.000Z,0.02164146171371195,0.9607719117312323,0.003559474036056437,0.003771817097078369,0.0035851813439269353,270976690.0388,587475687.8644,2161938.3064,-0.042813269612694604,-0.042813269612694604,-0.035668614232711233,0.9643313857672887,-0.0009130572437056061,0.998828365668642,361.3845497057407,19.161285744099075,11130907,2021-09-22T08:00:00.000Z,USDT-WBNB LP,0,USDT,0,135647367.33556992,1,47119406.51837463,47119406.51837463,28877152.024670202,28877152.024670202,119249200.300538682097922869,60659873.498665201113483653,0.508681595732186922,0.069864380768803243,0.16956053189352,WBNB,0,374914.3458466499,361.90148885,161476.38011466936,58438542.377607375,97505.85387454006,35287513.68878659,710831.526410399838252063,364952.377371914044027643,0.508681595732186922,0.071170955418125499,0.171138712791888,271329427.28869635,0,105557948.895982,64164665.713456795,2.5501226474479046
2021-09-22T10:00:00.000Z,0.02164146171371195,0.9609822091489957,0.003599773195168434,0.0037947829816226213,0.0036089532655299017,270801004.4486,591283874.4863,2146425.6125,-0.04262674411653422,-0.04262674411653422,-0.03541801765583588,0.9645819823441641,-0.0009351122941096968,0.9995362614826467,361.2693672648993,19.211556825031984,11133294,2021-09-22T09:59:59.000Z,USDT-WBNB LP,0,USDT,0,135463321.7842609,1,47638884.99623341,47638884.99623341,29186622.7860606,29186622.7860606,119833860.990851210630246568,60961756.306790537408870922,0.508718953079920373,0.069874642768565778,0.16957298435616,WBNB,0,374790.9855898647,361.66090569,159374.65041601955,57639580.41348477,95892.16408731636,34680446.91239292,749499.293823021627693107,363425.937645269114901897,0.508718953079920373,0.063482372236381645,0.161630544805344,271010569.07713914,0,105278465.40971819,63867069.69845352,2.5422583228963833
2021-09-22T12:00:00.000Z,0.02164146171371195,0.9556366445784097,0.003565766710526049,0.0038202305077306084,0.0036143502180678855,269239216.0442,595503923.2508,2085196.3157,-0.0479777056396582,-0.0479777056396582,-0.04079758871106426,0.9592024112889357,-0.0011633096962591072,0.9989273275524692,357.46000183622164,18.867491769786138,11135689,2021-09-22T11:59:59.000Z,USDT-WBNB LP,0,USDT,0,134764165.8296962,1,47577736.96323694,47577736.96323694,29299390.506004885,29299390.506004885,117587910.261815004955661485,61074464.016643712803130057,0.519394076148292372,0.072837955701239901,0.17313135869232,WBNB,0,376600.47925878776,357.9582343,160471.69669979453,57442165.20578359,96046.00166271903,34380457.16676177,752239.852455746038006077,363566.26542383436870219,0.519394076148292372,0.063069334229772652,0.161103874967568,269571408.42170566,0,105019902.16902053,63679847.672766656,2.540390994853119
2021-09-22T14:00:00.000Z,0.02164146171371195,0.9614223522645822,0.003636584428469726,0.003847277517483371,0.0036646174241407037,270873068.95100003,599986438.922,2578981.7945,-0.042242265159558534,-0.042242265159558534,-0.03494106330694811,0.9650589366930519,-0.0009320938092549635,0.9998677439315382,361.4397289562544,19.07904322944658,11138085,2021-09-22T13:59:59.000Z,USDT-WBNB LP,0,USDT,0,135454449.1483892,1,47822739.251287274,47822739.251287274,29300632.429164235,29300632.429164235,117626519.009505914046808919,61071758.79644463313360089,0.5192005961811142,0.072783699938046635,0.1730668653648,WBNB,0,374714.0218234001,362.26047992,159665.6344567961,57840549.36505025,96049.32673671159,34794875.19963403,764181.537937973148071882,363722.082049837494463496,0.5192005961811142,0.061165991286541494,0.158654309198112,271198530.5268875,0,105663288.61633752,64095507.62879826,2.5419516295087323
2021-09-22T16:00:00.000Z,0.02164146171371195,0.9718844498813628,0.003785770086694141,0.0038878249861199355,0.0037450482585714706,274173416.56600004,606714833.7590001,4257100.2343,-0.03186059837720867,-0.03186059837720867,-0.024329780031943058,0.9756702199680569,-0.0004886022833278103,0.9987233978689226,369.74105533428894,19.694717985467697,11140484,2021-09-22T15:59:59.000Z,USDT-WBNB LP,0,USDT,0,137261937.1645279,1,48386661.53839429,48386661.53839429,29294320.359430335,29294320.359430335,117982776.927944542331163074,61069948.635674414891471147,0.517617488126860922,0.07234052327666265,0.172539162691488,WBNB,0,370764.09639992786,369.64724762,157742.75001238877,58309173.374089226,96022.81634807652,35494569.771787226,766745.854710615682370131,363692.070821106459610885,0.517617488126860922,0.060747520479096536,0.15811065624672,274313864.91507757,0,106695834.91248351,64788890.13121756,2.5460179802985956
2021-09-22T18:00:00.000Z,0.02164146171371195,0.9738947574451313,0.003818278940285147,0.003930135091216989,0.0037943556719708393,274620185.4763,613732819.827,3237593.6911,-0.02989959822683952,-0.02989959822683952,-0.022286963614583533,0.9777130363854165,-0.00047668565259884055,1.0003623426994805,370.6321969502232,19.700809664823744,11142844,2021-09-22T17:59:59.000Z,USDT-WBNB LP,0,USDT,0,137260357.44969428,1,48407221.304659426,48407221.304659426,29295332.151185833,29295332.151185833,118038349.715916531039562292,61113303.616947241361784905,0.517741088078822905,0.072375075250669095,0.172580362677936,WBNB,0,370475.34960497095,370.81195142,157693.7652064262,58474732.80296221,96026.06595124357,35607612.90256625,768372.949055178397428392,363920.250342294224310843,0.517741088078822905,0.060566443926556044,0.157874831804736,274637044.7897203,0,106881954.10762164,64902945.05375208,2.5460809227408245
2021-09-22T20:00:00.000Z,0.02164146171371195,0.9813491875965354,0.003930477197777874,0.003989904142571116,0.0038836815495472132,275859323.21209997,623615738.8598,2434213.4325,-0.02253449395301177,-0.02253449395301177,-0.014720335205686682,0.9852796647943133,-0.0002626038834617761,0.9999627818634199,376.4316703220897,20.11229181906076,11145231,2021-09-22T20:00:00.000Z,USDT-WBNB LP,0,USDT,0,137918994.34303364,1,48795007.718161516,48795007.718161516,29296591.2140225,29296591.2140225,117972852.321195387126559419,61108248.46924363861268142,0.517985682865995531,0.07244347526111237,0.172661894275536,WBNB,0,366455.62666487007,377.1033111,154129.44727243044,58122724.90444638,94609.27256324425,35677469.94436179,765313.702120656887687227,363242.477047781757446229,0.517985682865995531,0.060824429379002564,0.15821071193304,276110624.52958155,0,106917732.62260789,64974061.15838429,2.5490790121652744
2021-09-22T22:00:00.000Z,0.02164146171371195,0.9812628726867575,0.003937399669897083,0.004016726003212795,0.003909327520047801,275833499.86579996,628050857.0848,2425196.7859,-0.022646454833290308,-0.022646454833290308,-0.014799727643345424,0.9852002723566545,-0.00026984400975582634,1.0001621246526087,376.2704311788598,19.983503561526657,11147606,2021-09-22T22:00:00.000Z,USDT-WBNB LP,0,USDT,0,137895950.9018855,1,48784097.380269244,48784097.380269244,29297606.11660248,29297606.11660248,117772097.793129707587971178,61090989.757088146874167269,0.518722098882846929,0.072649606276102105,0.172907366273712,WBNB,0,366532.1138960135,377.10064015,154131.62863571767,58123135.825891204,94562.11535717438,35659434.235128604,765475.521721413585312304,363420.672453973918205831,0.518722098882846929,0.060858382363812689,0.158254863405264,276115445.6876049,0,106907233.20616046,64957040.351731084,2.5484324607788422
2021-09-23T00:00:00.000Z,0.02164146171371195,0.9841921566433008,0.004017657094227165,0.004046178773072085,0.00395042462532591,276588480.97609997,632916706.7315,1873256.9827,-0.01975826798202507,-0.01975826798202507,-0.011790186262471993,0.988209813737528,-0.0001852918209563903,0.9991314774884205,378.8879942952983,20.226408996738886,11149973,2021-09-23T00:00:00.000Z,USDT-WBNB LP,0,USDT,0,138414535.20181662,1.00107034,48979626.0127637,49032050.865670204,29298841.032744028,29330200.754255015,117706302.490120992786960084,61134804.563705732025695407,0.519384291838040985,0.072835211500565241,0.173128097270736,WBNB,0,365000.1168315717,379.54,154964.57789805482,58815255.895427726,95236.70435568516,36146138.77115674,743093.940660734694055404,364179.085153504579136196,0.519384291838040985,0.064849454216569806,0.163361617876656,277094830.15767926,0,107847306.76109794,65476339.525411755,2.545311419519956
2021-09-23T02:00:00.000Z,0.02164146171371195,0.9811380448611133,0.0040153173524313125,0.004083959841791686,0.003975429184854051,276225498.1645,639170081.6349001,2066444.0726,-0.022837384323740717,-0.022837384323740717,-0.014846637786455353,0.9851533622135447,-0.0002673213015244036,0.9998578659774786,376.2378890907049,20.0512652288482,11152368,2021-09-23T01:59:59.000Z,USDT-WBNB LP,0,USDT,0,138132382.39343455,1,48870167.49933669,48870167.49933669,29351120.917987935,29351120.917987935,115875162.961548292452503124,61185039.119188527775832902,0.528025484973790365,0.075278946443690481,0.176008494973968,WBNB,0,367088.8900045302,376.77766937,156681.29005078654,59034011.29922032,95894.9602047462,36131079.61027317,754731.788367879600483512,365165.886386345062199383,0.528025484973790365,0.063206083106120599,0.161278435589184,276443278.8209617,0,107904178.79855701,65482200.5282611,2.5435913929104075
2021-09-23T04:00:00.000Z,0.02164146171371195,0.9848590679088416,0.004088985858054593,0.004110184649131021,0.004017622153689837,276985602.72120005,643508612.2286,2571944.1952,-0.019158554244848247,-0.019158554244848247,-0.011051946233103817,0.9889480537668962,-0.0001868253019663424,0.9998222441469645,379.08965476488055,20.256497347105565,11154748,2021-09-23T04:00:00.000Z,USDT-WBNB LP,0,USDT,0,138517277.5538791,1,49065623.85444377,49065623.85444377,29356786.350242395,29356786.350242395,115152041.848897569122017096,61151218.909259691318394369,0.531047629963021229,0.076143128020893926,0.177015876637536,WBNB,0,365330.3276307212,379.75565652,156118.78521385533,59286991.7739925,95914.50032264675,36424074.03981447,755202.794472615466190512,365233.37418356768853572,0.531047629963021229,0.063150602524205388,0.16120763714304,277253535.9699503,0,108352615.62843627,65780860.39005686,2.545176139008568
2021-09-23T06:00:00.000Z,0.02164146171371195,0.985251800721496,0.004134660186148458,0.004141251452189796,0.004049442276677362,276825892.7228,648643154.2366,1558674.564,-0.018797641555181377,-0.018797641555181377,-0.010613539092355557,0.9893864609076445,-0.00017922600741449024,0.9997928385031261,379.37984539861156,20.319579496223238,11157144,2021-09-23T06:00:01.000Z,USDT-WBNB LP,0,USDT,0,138441591.0539304,1,49091354.541187175,49091354.541187175,29360653.738480646,29360653.738480646,118921776.775365412693512791,61088749.282735856716387955,0.5136885012921398,0.071246486615275201,0.17122950042624,WBNB,0,364840.1021056362,379.65,156072.32734998493,59252859.07842178,95920.86992640003,36416358.26755777,755218.977195797960960561,364937.167765915677080331,0.5136885012921398,0.063045511085420203,0.161073445250448,276953135.8183352,0,108344213.61960895,65777012.00603841,2.545251026909613
2021-09-23T08:00:00.000Z,0.02164146171371195,0.9899996180000019,0.004202246649742938,0.004160632705611882,0.004088413556737613,278305144.62,651847183.3211001,1452773.6834,-0.0140887955567357,-0.0140887955567357,-0.005798135350255149,0.9942018646497448,-0.0001186206623620123,1.001050104685183,382.5488484556987,20.489475294739965,11159526,2021-09-23T08:00:00.000Z,USDT-WBNB LP,0,USDT,0,139006322.86475903,1,49306136.89357638,49306136.89357638,29386799.513254452,29386799.513254452,118961753.055853862971742737,61075941.380363993280124163,0.513408215762322879,0.071168758916405431,0.171136071904176,WBNB,0,363751.85386903683,383.16469978,155825.67944785886,59706899.683653355,96121.65311539345,36830424.35831703,752762.392330734813822796,367159.81739403567554346,0.513408215762322879,0.064233003055548781,0.16258331583,278383192.74690694,0,109013036.57722974,66217223.87157148,2.5472827757005434
2021-09-23T10:00:00.000Z,0.02164146171371195,0.9813344618154025,0.004163245313012719,0.004185041316037133,0.00407677299573983,275858615.6496,655883428.8479002,1985390.5094,-0.022742311180337316,-0.022742311180337316,-0.014502292871584766,0.9854977071284152,-0.00025991010356196664,0.9996323334993582,376.39600645680804,20.141826620338755,11161897,2021-09-23T10:00:01.000Z,USDT-WBNB LP,0,USDT,0,137979988.2959481,1.001,48949322.32576057,48998271.64808633,29390583.326553956,29419973.909880508,118166116.56199996880422218,61043391.148803607593220316,0.51658963605506208,0.072053510055858607,0.172196545338288,WBNB,0,366447.45367879455,377.10806293,156986.45048355358,59200856.24810925,96125.04296096135,36249528.75007117,752809.246116431002186099,367316.274405792280536085,0.51658963605506208,0.064279755547890726,0.162642473833968,276308257.7066852,0,108199127.89619559,65669502.65995167,2.5440884394153525
2021-09-23T12:00:00.000Z,0.02164146171371195,0.9734981936392829,0.0040882406685437255,0.004223546774255653,0.00408536691192618,268752299.5761,662216787.6103002,3302278.6712,-0.030587173272643264,-0.030587173272643264,-0.022413565692173357,0.9775864343078267,-0.00048087631823590105,0.9997887878322872,370.3193209933793,19.62540137085463,11164284,2021-09-23T12:00:01.000Z,USDT-WBNB LP,0,USDT,0,134404537.6617587,1.001,48978917.89368312,49027896.8115768,29606077.490571372,29635683.56806194,116608564.945478319070862107,61163650.7160902738696431,0.524521082518149888,0.074283038813809422,0.174840360820992,WBNB,0,362865.6194093544,371.09933717,163575.19015924467,60702644.645552404,99413.1870807631,36892167.8316284,752850.502068792729688881,370673.796756636043538286,0.524521082518149888,0.065453074057676366,0.164120143256208,269198133.0440133,0,109730541.45712921,66527851.39969034,2.5399006707971234
2021-09-23T14:00:00.000Z,0.02164146171371195,0.9839087845079321,0.004207976852741828,0.004266579178286425,0.004169285668406242,272206644.431,669213937.7606002,3173909.7797,-0.020260501160474176,-0.020260501160474176,-0.011883238639326107,0.988116761360674,-0.00022843801444027978,1.0007435464572756,377.8901278384841,20.04400742850756,11166651,2021-09-23T14:00:00.000Z,USDT-WBNB LP,0,USDT,0,136002198.26278463,1.001,49462056.77694726,49511518.8337242,29609463.282164246,29639072.745446406,116352093.229168117480824617,61151251.57165436716367895,0.525570704183295768,0.074580632565047554,0.1751902347024,WBNB,0,360166.38748967205,378.36413628,162019.0930428647,61302214.200032465,99417.86868356161,37616156.01525425,753242.489343103878312153,370674.075646319857777356,0.525570704183295768,0.065385066626861018,0.164034858559248,272412244.580665,0,110813733.03375667,67255228.76070066,2.544020619695675
2021-09-23T16:00:00.000Z,0.02164146171371195,0.9776404892552099,0.004167862241899077,0.004303066068118231,0.004179971093669743,270645089.7858,675153685.9175001,3281873.0018,-0.02653948183845989,-0.02653948183845989,-0.018191648502891067,0.9818083514971089,-0.0003344566291172413,0.9988048026631093,373.78612133946734,19.701675703439616,11169004,2021-09-23T16:00:01.000Z,USDT-WBNB LP,0,USDT,0,135504256.1037878,1.001,49269608.52267381,49318878.13119648,29620577.783461854,29650198.36124531,119425142.097240114598951394,61179643.700307104948026843,0.512284453892401534,0.07085754765265492,0.170761484615616,WBNB,0,361979.3075548502,374.17,162623.25140595846,60848741.97856748,99391.9186559288,37189474.20348889,756517.635714428405153241,370198.965947179510551002,0.512284453892401534,0.064654097457145496,0.163115371638144,271081557.86768985,0,110167620.10976395,66839672.5647342,2.542645713722517
2021-09-23T18:00:00.000Z,0.02164146171371195,0.9893976665142129,0.004319081586594501,0.004337755755746899,0.004264611919110872,273888870.3059,680802572.4112002,3429941.2968,-0.014866945404897969,-0.014866945404897969,-0.0062832518991925955,0.9937167481008075,-0.00011253469512995107,0.9998595970302505,382.39999088521864,20.25990366305499,11171392,2021-09-23T18:00:01.000Z,USDT-WBNB LP,0,USDT,0,136966168.7398881,1.001,49803157.59266492,49852960.75025758,29621731.156882748,29651352.888039626,119406553.275318681508182273,61201576.037697754829218164,0.512547882498406495,0.07093043959286317,0.170849294147808,WBNB,0,358111.774685129,383.3623401,160892.16513059998,61679996.92822243,99395.52219503131,38104499.98414869,756802.814093331711604957,371404.123876450765753101,0.512547882498406495,0.065026702383804643,0.163584717574176,274389702.86928296,0,111532957.67848001,67755852.87218831,2.547746320182653
2021-09-23T20:00:00.000Z,0.02164146171371195,0.9888513576005582,0.004331544253617082,0.0043605018755757405,0.0042844787550077035,273106378.2708,684497800.0475001,1792429.1136,-0.015433121154449503,-0.015433121154449503,-0.0068170981458247175,0.9931829018541752,-0.00013019921901191722,1.0004195148150457,381.7467944507923,20.162831955532162,11173787,2021-09-23T19:59:59.000Z,USDT-WBNB LP,0,USDT,0,136495927.07183182,1.001,49750597.32464352,49800347.92196816,29622775.43709778,29652398.212534875,119416357.63525379208653961,61211542.493568141016731503,0.512589260849281051,0.070941892579730653,0.170863086921984,WBNB,0,357706.184085623,382.68814675,159412.28608069776,61005192.32940304,98464.14259287767,37681060.25019609,738072.276669395809614422,370639.261507563973442752,0.512589260849281051,0.068087724834512909,0.167390680289472,273522339.66764504,0,110805540.2513712,67333458.46273097,2.5488896710791065
2021-09-23T22:00:00.000Z,0.02164146171371195,0.9891190615362249,0.004349419997304399,0.0043738175207048,0.004299306140294945,274023854.481,686664375.8145001,1062329.7716,-0.015180244604070081,-0.015180244604070081,-0.006531518466470737,0.9934684815335293,-0.00012961943264555575,1.0006404640398205,381.8585796548208,20.092292120614275,11176187,2021-09-23T22:00:01.000Z,USDT-WBNB LP,0,USDT,0,136924242.1935957,1.001,49753731.42529888,49803485.15672417,29623945.82735505,29653569.7731824,119418460.287280447933618042,61218062.170808280548949259,0.512634830691488709,0.070954506789803164,0.170878276867104,WBNB,0,358802.7730103417,381.62,159420.34301086763,60837991.2998073,98473.46386925683,37579443.28178579,747383.570444177785196698,370760.23195324186809766,0.512634830691488709,0.066445100279571762,0.165359192853888,273987480.6719959,0,110641476.45653147,67233013.0549682,2.5488457269958773
2021-09-24T00:00:00.000Z,0.02164146171371195,0.99063171029615,0.0043856101714847585,0.004391056643814516,0.004323006118131967,274275987.721,689472026.3012002,1278841.3789,-0.01369129582198192,-0.01369129582198192,-0.004982679532365194,0.9950173204676348,-0.00009508091537535623,0.9998397279022901,383.32085874252914,20.106921709966286,11178586,2021-09-24T00:00:00.000Z,USDT-WBNB LP,0,USDT,0,137163778.88072252,1.001,49873371.02359861,49923244.39462221,29625117.24324304,29654742.36048628,117419946.547341872094233636,61219895.944516281468785,0.52137560733630026,0.073394781459638984,0.173791869111648,WBNB,0,357753.0389811999,383.71482943,159050.28864400394,61029954.37782624,98477.38692695492,37787233.72738862,748303.842475735832042029,370855.630459816509494003,0.52137560733630026,0.066315884661751849,0.165198327812496,274576088.9903385,0,110953198.77244845,67441976.0878749,2.549990368617836
2021-09-24T02:00:00.000Z,0.02164146171371195,0.9835738507892964,0.004348692641994475,0.004410323323009998,0.004311080291281133,272331708.74439996,692609954.5206001,1534856.0643,-0.020737229501984755,-0.020737229501984755,-0.012077456568709146,0.9879225434312908,-0.00022251113278726198,0.9999773787618507,377.81171664791276,19.78946029659144,11180972,2021-09-24T02:00:01.000Z,USDT-WBNB LP,0,USDT,0,136168678.5427196,1.001,49552529.33699314,49602081.86633013,29650837.058576174,29680487.895634748,116514897.742635698338092778,61248931.787018299953513252,0.525674681724462371,0.074610145168901153,0.175224893901696,WBNB,0,360407.33775057626,378.23829095,159289.6774231387,60249455.35450479,98007.47464012963,37070179.7082081,763874.096282662932184404,370495.818409618417511019,0.525674681724462371,0.063516538148363196,0.161674033359312,272624702.6978797,0,109851537.22083491,66750667.60384285,2.5487081396967244
2021-09-24T04:00:00.000Z,0.02164146171371195,0.9808405460343755,0.004337540925492693,0.004433721164637618,0.004322868917279732,268585903.9293,696397760.4598001,2069221.8702,-0.023482322882904194,-0.023482322882904194,-0.014821913040131768,0.9851780869598682,-0.000297920066553381,1.000485696043692,375.5056230884782,19.59141089106096,11183372,2021-09-24T04:00:01.000Z,USDT-WBNB LP,0,USDT,0,134227476.03133678,1.001,49034094.01442225,49083128.10843667,29406359.93706179,29435766.296998847,115405588.16699883148151992,60992509.208213401439340085,0.528505683103954809,0.075415929403170761,0.176168561019264,WBNB,0,357633.0861893399,375.60609261,159815.43158770574,60027649.79743893,98010.92815847718,36813501.75868504,797250.946422574166547352,369946.103370650460779301,0.528505683103954809,0.058136728826100568,0.1546757245368,268690869.5990014,0,109110777.9058756,66249268.05568388,2.5456587574081353
2021-09-24T06:00:00.000Z,0.02164146171371195,0.9763363165568095,0.0043381505370884005,0.004456983216913715,0.004325927004350305,267336821.81730002,700144638.1509001,2200353.7405,-0.02798961044754078,-0.02798961044754078,-0.019325532906102075,0.9806744670938979,-0.00041935354217592646,1.000411937685078,372.07462999773617,19.448218974314248,11185771,2021-09-24T05:59:59.000Z,USDT-WBNB LP,0,USDT,0,133613370.52608284,1.001,48812607.79707883,48861420.404875904,29407521.293184426,29436928.814477608,114981449.522819493788720878,60883077.341288469534713613,0.529503477247479544,0.075700961747236991,0.176501159069904,WBNB,0,359251.6128421755,372.77714595,160548.0789882732,59848654.673003644,98014.46087450265,36537550.98662504,797261.370579488351303594,370369.484663750121255853,0.529503477247479544,0.05826834928247803,0.1548507170124,267667774.80984947,0,108710075.07787955,65974479.801102646,2.5437828670413785
2021-09-24T08:00:00.000Z,0.02164146171371195,0.98339178035818,0.00443841738515151,0.004495036998348955,0.0043955053871476135,269186004.49590003,706272686.0375001,3859385.1631,-0.021003725028967635,-0.021003725028967635,-0.012169802256668511,0.9878301977433315,-0.00024227076682681314,1.00062241574249,377.36269167478906,19.75064213640568,11188171,2021-09-24T08:00:00.000Z,USDT-WBNB LP,0,USDT,0,134509328.0358772,1.001,49158410.65448175,49207569.06513623,29408720.150131684,29438128.87028181,115044738.362272006649520978,60839051.952206148241041869,0.528829504228398717,0.0755083740221404,0.176276501399376,WBNB,0,356667.3770578018,377.48333456,159441.9756376455,60186688.6325327,98017.83160676014,37000097.92126038,793664.29246092623008108,371232.212107543649413008,0.528829504228398717,0.059071960905841561,0.155914877194128,269279828.18446094,0,109394257.69766894,66438226.79154219,2.5466565553212273
2021-09-24T10:00:00.000Z,0.02164146171371195,0.9430900777962727,0.00403072898754469,0.0046134956444242444,0.004330705374963051,256826565.1292,725268677.2228001,16556737.2781,-0.06124062757869031,-0.06124062757869031,-0.05287919321618257,0.9471208067838174,-0.001941173446554978,0.9989984881863025,347.54484477631365,17.805012921040355,11190563,2021-09-24T09:59:59.000Z,USDT-WBNB LP,0,USDT,0,128542018.91505347,1.00047816,45598501.93880901,45620305.31849606,28346473.723094776,28360027.87297021,120465700.546098104883302056,59530601.405098627042753232,0.494170549253713103,0.065935223566793792,0.16472351640384,WBNB,0,369486.9438825394,350.91432303,167032.54690356084,58614113.12063977,98496.67726098066,34563894.821741425,770069.044916519347939528,371563.545926438575073783,0.494170549253713103,0.062859457646436032,0.160835597931744,258261743.3477828,0,104234418.43913583,62923922.69471163,2.523194567404935
2021-09-24T12:00:00.000Z,0.02164146171371195,0.940751532771669,0.00410814608491218,0.004738229303740248,0.0044442911326266765,254384802.14439997,745103721.5535002,10385183.4318,-0.06369275836095767,-0.06369275836095767,-0.05514032114341881,0.9448596788565812,-0.002163106830994521,0.9998568638530204,345.434764166235,18.01361067891725,11192954,2021-09-24T12:00:01.000Z,USDT-WBNB LP,0,USDT,0,127218452.77443755,1.00047816,44981164.36997515,45002672.56353029,28018038.555726875,28031435.66104268,121531003.044350110003028713,58658235.05985357509561244,0.482660667570130408,0.062899556403577515,0.160886889185904,WBNB,0,368186.9698240634,345.36328461,165806.1923070639,57263371.1838449,97504.65981651118,33674529.57901098,751913.8284890488320843,371156.554341633426828383,0.482660667570130408,0.065787273616048224,0.164538603680256,254437544.79885766,0,102266043.74737519,61705965.24005365,2.52134728311522
2021-09-24T14:00:00.000Z,0.02164146171371195,0.9414738288681918,0.004201813092252931,0.004795708117110476,0.0045069896729087455,254632147.2384,754247405.8206002,5049618.9528,-0.06303316080471699,-0.06303316080471699,-0.054324358039555314,0.9456756419604447,-0.0019945333390767317,0.9979414857201956,346.5855678336409,18.2903885685666,11195336,2021-09-24T14:00:01.000Z,USDT-WBNB LP,0,USDT,0,127578441.39577736,1.00047816,45096900.43992938,45118463.97384373,28010180.89942999,28023574.24752886,121007279.350462730287484426,57921526.499989566677130978,0.478661505414368904,0.061861545921297219,0.159553835124192,WBNB,0,367343.2389174039,346.55,165275.41219269755,57276194.09537934,97492.52342700934,33786033.99363009,753654.177713395230570517,371214.425427233763917219,0.478661505414368904,0.065504212750647253,0.164184244528176,254942243.75014147,0,102394658.06922308,61809608.24115895,2.522964946526153
2021-09-24T16:00:00.000Z,0.02164146171371195,0.9445215619312539,0.004234101412266792,0.00484926973068809,0.004560718601548164,255672359.54729998,762775777.5495001,4557650.9936,-0.06003915667029425,-0.06003915667029425,-0.05124433665647929,0.9487556633435207,-0.001988847594338261,1.0010399199185152,347.7244570138364,18.29709884864557,11197735,2021-09-24T16:00:01.000Z,USDT-WBNB LP,0,USDT,0,127706777.45754676,1.00047816,45125276.359833814,45146853.461978026,28021618.50924395,28035017.326350328,120436270.556359566456880868,57937004.50164301790312659,0.481059436945373666,0.062482909100443992,0.160353145634112,WBNB,0,367636.4035024148,348.11094611,165303.28466394663,57543882.819457114,97525.4290083915,33949669.3618948,753827.820975093901453241,372916.304835534488860833,0.481059436945373666,0.066075762788578917,0.164898974918448,255746097.97795916,0,102690736.28143513,61984686.68824513,2.5227389370305042
2021-09-24T18:00:00.000Z,0.02164146171371195,0.9440848316265686,0.0042734687028858,0.00487480793884895,0.0045966010189064654,255493651.26729998,766841392.6684002,2030363.115,-0.06051176939233782,-0.06051176939233782,-0.051641699670545556,0.9483583003294545,-0.0019573177523435348,1.000033289103574,347.7245395154387,18.334024776669544,11200134,2021-09-24T17:59:59.000Z,USDT-WBNB LP,0,USDT,0,127742573.19790599,1.00047816,45152138.40878227,45173728.35528381,28023949.264687795,28037349.196268197,120586727.484164023950586643,57943969.511492770952655213,0.480516974963950541,0.062342072060344042,0.160172324958816,WBNB,0,367379.3797251409,348.52,165226.6646426551,57584797.161258146,97529.24785335778,33990893.46185225,754195.539495779394335379,373218.254022438546160499,0.480516974963950541,0.066118287828116758,0.164952029224224,255842716.00851238,0,102758525.51654196,62028242.65812045,2.5229023297906052
2021-09-24T20:00:00.000Z,0.02164146171371195,0.9489304994584121,0.004375700236266961,0.00489765431924162,0.004644285804145443,256626559.44579998,770475734.0141002,1744943.542,-0.05571378634573332,-0.05571378634573332,-0.046693800305320915,0.9533061996946791,-0.001667522661993437,1.0002992345280566,351.19188474618926,18.639590782331258,11202508,2021-09-24T20:00:00.000Z,USDT-WBNB LP,0,USDT,0,128274829.30040012,1.00047816,45372728.31803156,45394423.7418041,28024110.23336079,28037510.24190997,114933669.719326695574648316,57944821.235957143236762019,0.5041588020069407,0.068627546356976779,0.168052933987344,WBNB,0,365365.3505067876,351.88,164434.6606759377,57861268.398648955,97532.96572700857,34319899.98001978,754138.753708755077713586,373349.068249669665081137,0.5041588020069407,0.066174609920076654,0.16502227049232,256900924.7291068,0,103255692.14045306,62357410.221929744,2.524695104458345
2021-09-24T22:00:00.000Z,0.02164146171371195,0.9585331714666457,0.004494907118437744,0.004915265050054568,0.00470756915131465,259064483.81820002,773275513.9693003,1215340.4543,-0.04617439768466891,-0.04617439768466891,-0.036971921414916516,0.9630280785850834,-0.0011577639400457418,1.000704116435094,358.1783855719056,19.011392404255872,11204901,2021-09-24T21:59:59.000Z,USDT-WBNB LP,0,USDT,0,129441100.30296217,1.00047816,45817661.7608587,45839569.93400627,28027177.76428369,28040579.239603456,114929701.386608729519600649,57960182.870963508992241977,0.504309870918335639,0.068668680389465216,0.168103290293712,WBNB,0,361641.70461120515,358.44703412,162872.4642584379,58381151.75325277,97536.69726739686,34961739.853358716,754178.063995304774737528,372182.973234675564624369,0.504309870918335639,0.065755028956319954,0.164498275664208,259132390.29147065,0,104220721.68725903,63002319.092962176,2.528499775041729
2021-09-25T00:00:00.000Z,0.02164146171371195,0.9536779181163424,0.004483921471997045,0.004943740266431665,0.004713486347264317,258538967.37880003,777811020.6327003,2726452.8257,-0.051035568230921924,-0.051035568230921924,-0.04183816041166056,0.9581618395883394,-0.0014202698906192746,1.0007797634045625,354.5099792112484,18.83138576657641,11207295,2021-09-24T23:59:59.000Z,USDT-WBNB LP,0,USDT,0,129168762.61527677,1.00151335,45772511.307811,45841781.137798674,28151597.145637944,28194200.365178294,115006174.033655387961789932,58087976.26814233619834941,0.505085720451351423,0.068880127948968509,0.168361906812048,WBNB,0,364642.72166418325,355.54019103,165400.64522024483,58806576.9980911,98692.74568369957,35089237.65365776,756006.826268504877852419,373371.02122368423115426,0.505085720451351423,0.065855726563041673,0.164624184247968,259009383.08036342,0,104648358.13588977,63283438.01883605,2.529881789684537
2021-09-25T02:00:00.000Z,0.02164146171371195,0.9541381737027309,0.004510659298427732,0.004985179071131101,0.004756709106885748,258797974.9689,784420065.5185003,3733145.0791,-0.05061853540415484,-0.05061853540415484,-0.04135116699884136,0.9586488330011587,-0.0013691321263403777,1.000248876682142,355.0099574980262,18.812079958537222,11209678,2021-09-25T02:00:00.000Z,USDT-WBNB LP,0,USDT,0,129366452.94887671,1.00151335,45816500.32806088,45885836.72883235,28148671.304598972,28191270.096317787,115089402.723694357400486407,58022971.897046513522556187,0.504155643559533996,0.068626686480240936,0.168051881157984,WBNB,0,364494.92157570756,355.7542656,165300.66454569285,58806416.51864492,98743.15022994133,35128296.893083245,755835.311383084937105763,373443.505603822512750076,0.504155643559533996,0.06591120193958599,0.164693507503104,259232852.81054235,0,104692253.24747726,63319566.98940103,2.530467869415673
2021-09-25T04:00:00.000Z,0.02164146171371195,0.9578744905550378,0.00456525563949596,0.005005378830604954,0.004794505830224116,259795271.3485,787642396.0657003,1582134.4416,-0.0469200152751863,-0.0469200152751863,-0.03756025380546622,0.9624397461945338,-0.0011940294355285985,1.0006710128530054,357.63044977612265,18.90802151970761,11212068,2021-09-25T04:00:01.000Z,USDT-WBNB LP,0,USDT,0,129809422.23840924,1.00151335,45999731.46379793,46069345.15740866,28164776.536614258,28207399.70118594,115255431.953860603023887581,58096414.823000429182928656,0.504066609600298566,0.068602449665103003,0.168022203196032,WBNB,0,363220.6047460081,358.08388078,164925.49658112437,59057161.85533764,98873.46113932358,35404992.67091951,755896.153147636122962558,373622.386932402904025208,0.504066609600298566,0.065963740583147814,0.164759134045248,260069313.05426282,0,105126507.0127463,63612392.37210545,2.5323075759354183
2021-09-25T06:00:00.000Z,0.02164146171371195,0.9537291719515314,0.004554323724557339,0.005031494950195271,0.00479963478134382,256548798.69869998,791790294.4699003,2322838.7041,-0.051070462829812424,-0.051070462829812424,-0.04171650432391127,0.9582834956760887,-0.0013745873925992136,0.9998770426774589,354.80394747000776,18.73255043265432,11214459,2021-09-25T06:00:01.000Z,USDT-WBNB LP,0,USDT,0,128290363.01428388,1.00151335,45152406.700305544,45220738.09498545,27693990.157003224,27735900.857007325,115261506.376062001705995545,57630638.996784192749583016,0.499999009285490027,0.067499732496570824,0.166666336401888,WBNB,0,361535.4666027151,355.44934852,161211.33232126143,57302463.047633596,96019.5884443334,34130100.15769683,754794.359109262026883886,371007.297274299341592303,0.499999009285490027,0.065233604460587106,0.163844757974448,256992057.30596083,0,102523201.14261904,61866001.01470415,2.5216493221388228
2021-09-25T08:00:00.000Z,0.02164146171371195,0.9510019005980803,0.004497648649261874,0.005052677182255564,0.004806929147628036,255894942.55490002,795142582.9209002,1802588.0939,-0.05380502854954772,-0.05380502854954772,-0.04450045075265781,0.9554995492473422,-0.001582457712206331,1.000823558433534,352.42837028408667,18.37237387311017,11216844,2021-09-25T07:59:59.000Z,USDT-WBNB LP,0,USDT,0,127842185.76718451,1.00151335,44980707.22469446,45048778.77797295,27695047.076137677,27736959.37563035,115596531.420919030751489807,57618234.387155379358729854,0.49844258888142074,0.067080153889735653,0.166147529624208,WBNB,0,363045.3222995951,352.68785818,161834.33031769108,57077003.3397411,96023.01183170328,33866150.37891623,759632.228852758863922316,371061.232865168227902946,0.49844258888142074,0.064424071203091978,0.162824947279488,256077332.88312727,0,102125782.11771405,61603109.754546575,2.5202134055339322
2021-09-25T10:00:00.000Z,0.02164146171371195,0.9529314910130804,0.004556479930805579,0.005092543682821991,0.004856933032370447,256240957.0232,801451515.0276002,2169811.5883,-0.05192544201929006,-0.05192544201929006,-0.04251202905611403,0.9574879709438859,-0.0014073032063385282,0.9995970875293696,354.26407375871685,18.4856995433376,11219231,2021-09-25T10:00:01.000Z,USDT-WBNB LP,0,USDT,0,128172036.458127,1.00151335,45129323.75922106,45197620.22133208,27696101.4408339,27738015.335949384,115536034.785552253063306435,57556468.627048094999716097,0.498168980213656374,0.067006529863040384,0.166056326723808,WBNB,0,361652.71471744025,354.36194479,161329.3549319201,57168983.96539138,96026.89705362907,34028277.99207312,759700.145730046200754798,371220.393209183224766601,0.498168980213656374,0.064467821909633707,0.162880225503984,256521964.93535608,0,102366604.18672347,61766293.3280225,2.521325625879672
2021-09-25T12:00:00.000Z,0.02164146171371195,0.9483214622247795,0.004553989172322853,0.005116580365250376,0.004857685061140371,255257758.4679,805257294.6026002,1861480.3559,-0.05653622283636084,-0.05653622283636084,-0.047124548602897616,0.9528754513971024,-0.0017364502527936754,1.0006120233857922,350.4708116899597,18.349842006108165,11221629,2021-09-25T12:00:00.000Z,USDT-WBNB LP,0,USDT,0,127550465.94750229,1.00151335,44865559.814315796,44933457.10926079,27697050.241189778,27738965.57217228,116449632.623925520629890285,57522722.13253956401537267,0.49397083388239951,0.065881939865810937,0.164656944601632,WBNB,0,364165.07576220174,350.43033253,162287.5597803687,56870483.539316855,96030.31745006866,33651936.07698902,760817.524097915952459223,371149.689831455943544266,0.49397083388239951,0.064254116069681997,0.162610033728384,255357983.04030493,0,101803940.64857765,61390901.649161294,2.519086492110824
2021-09-25T14:00:00.000Z,0.02164146171371195,0.94945048686202,0.004615186026874352,0.005147350853415367,0.004894198400430816,255599993.0025,810129867.1635002,3446116.3047,-0.05544371153841077,-0.05544371153841077,-0.0459343271111056,0.9540656728888944,-0.0016446831241638815,1.0001874984949939,351.4320577669678,18.472282231951777,11223997,2021-09-25T14:00:01.000Z,USDT-WBNB LP,0,USDT,0,127776235.27780397,1.00151335,44943324.79127424,45011339.771847114,27700800.719665114,27742721.72643422,116858510.939767106552701844,57507819.648608216684095105,0.492114944697949503,0.065387822064302057,0.164038314873312,WBNB,0,363654.36120898405,351.79018835,162035.754820829,57002588.70785385,96033.92102431101,33783791.1651314,759828.364351758480517233,371098.971589805884557431,0.492114944697949503,0.064403914138424262,0.16279947287712,255899641.66746905,0,102013928.47970097,61526512.89156562,2.519645351470537
2021-09-25T16:00:00.000Z,0.02164146171371195,0.9497036223045334,0.0046701356997993475,0.005181130608473113,0.004929200733253314,255568118.4022,815477807.7723001,2914672.1091,-0.05522557842871989,-0.05522557842871989,-0.04562624199566723,0.9543737580043328,-0.0016210136876959602,1.0000033514316102,351.65913878283646,18.566864974055868,11226388,2021-09-25T15:59:59.000Z,USDT-WBNB LP,0,USDT,0,127783630.94297735,1.00151335,44967602.01668423,45035653.73719618,27702899.02468341,27744823.206922412,111366840.306533047397782653,57540598.19959302467576438,0.516676221047617837,0.072077665686473047,0.17222540699088,WBNB,0,363374.77152738714,351.47462109,161974.28577224156,56929850.71812198,96037.5441983363,33754759.45752438,758846.999652374472345097,372118.875182600490837777,0.516676221047617837,0.064926010922812993,0.163458016049232,255694022.43711865,0,101965504.45531815,61499582.66444679,2.519787019366018
2021-09-25T18:00:00.000Z,0.02164146171371195,0.9470483408103458,0.004697277100234075,0.005201847622687531,0.004937479150451507,254667710.4831,818754565.8003001,978518.5321,-0.05788913834010567,-0.05788913834010567,-0.04825438208942009,0.9517456179105799,-0.0017884538005760175,1.0000546876102803,349.6611501364338,18.55221918945993,11228744,2021-09-25T18:00:00.000Z,USDT-WBNB LP,0,USDT,0,127328484.85813838,1.00045138,44844147.50064035,44864389.251939185,27706416.26722754,27718922.38940224,119625826.469519570224325172,57543021.576782846651317619,0.48102507021295019,0.062473981900960434,0.160341690055968,WBNB,0,364159.03309523873,349.66,162494.09047946692,56817683.677050404,96061.77176338526,33588959.11478529,758839.265870352217921292,373002.727230164525429151,0.48102507021295019,0.065236129789330263,0.163847929329216,254717805.90171483,0,101682072.92898959,61307881.50418753,2.5184918716793376
2021-09-25T20:00:00.000Z,0.02164146171371195,0.9483454484566324,0.004717973214713244,0.0052169052366811425,0.004958021468688956,254146469.38230002,821132631.667,1145524.5393,-0.05661257301205658,-0.05661257301205658,-0.046936578328654374,0.9530634216713456,-0.0018097548693796206,1.0017662401825216,350.01034928434564,18.51048394963982,11231134,2021-09-25T20:00:00.000Z,USDT-WBNB LP,0,USDT,0,126849188.5572165,1.00045138,44827579.30575307,44847813.57850009,27707224.591777667,27719731.0788139,119879003.550712221585834375,57543510.915269471343464018,0.480013256791268978,0.06221143619834479,0.16000441890624,WBNB,0,363055.649476904,350.44520949,159974.0028569435,56062122.944155425,94676.52406977846,33178934.31141854,762742.307720264053937135,371550.046086023538088372,0.480013256791268978,0.064068230624433129,0.162374650128144,254137558.88140908,0,100909936.52265552,60898665.390232444,2.522037757527861
2021-09-25T22:00:00.000Z,0.02164146171371195,0.9453844140865376,0.004731831608393443,0.005230357536820193,0.00495744124785491,253358419.7678,823253293.0760001,1152608.301,-0.059573027161317293,-0.059573027161317293,-0.04988375430506894,0.950116245694931,-0.0019181829798309291,1.0004019070123924,348.29140137213244,18.442076471310205,11233531,2021-09-25T22:00:00.000Z,USDT-WBNB LP,0,USDT,0,126628963.48175769,1.00045138,44752262.50945628,44772462.78570779,27708384.65518567,27720891.665851325,125760130.435008876500902636,57585768.092250956824163938,0.457901625046504686,0.056611952514578926,0.152633875002336,WBNB,0,363714.3047877964,349.27,160260.77791383624,55974281.90196558,94680.36348877303,33069010.555723753,763934.795440165212097657,381439.509494830719611826,0.457901625046504686,0.067313555642462318,0.16643632927968,253720616.49652773,0,100746744.68767336,60789902.22157508,2.521389040516722
2021-09-26T00:00:00.000Z,0.02164146171371195,0.9478791668982878,0.004773695036373426,0.005244059479876696,0.004983461404314271,254477674.87399998,825417152.7225001,1175875.0495,-0.0571042945060265,-0.0571042945060265,-0.0473471380653388,0.9526528619346611,-0.0017760096588886887,1.0006787398356995,350.0255546078012,18.483062946104152,11235930,2021-09-25T23:59:59.000Z,USDT-WBNB LP,0,USDT,0,127152533.94704603,1.00045138,44966212.0090622,44986508.85783885,27781898.26972836,27794438.462969344,125841779.203645000094574223,57659925.79160654457565402,0.458193822087477511,0.056684226211465882,0.152731274001408,WBNB,0,363512.9943033963,350.4832558,160862.29302675423,56379540.19547046,95323.3376339724,33409233.727677315,764031.195333070804144899,382089.341527978875399426,0.458193822087477511,0.067526062758514718,0.166698839800224,254615145.82688022,0,101366049.0533093,61203672.19064666,2.523905629388814
2021-09-26T02:00:00.000Z,0.02164146171371195,0.9381652504923297,0.004738877436983601,0.005270533759165936,0.004958319205025985,251770231.85939997,829597264.8615001,2171626.1239,-0.0667930687126963,-0.0667930687126963,-0.05709587207068671,0.9429041279293133,-0.0024147617581873337,1.0002716670578737,343.0086356797473,18.228580160021448,11238330,2021-09-26T02:00:01.000Z,USDT-WBNB LP,0,USDT,0,125861749.57763635,1.00045138,44604079.694128186,44624213.08362052,27820581.359163497,27833139.01317739,125890788.793765710274233095,57713268.130308165533418498,0.458439165274069742,0.056744946425335956,0.152813055080304,WBNB,0,366971.28586458485,343.50069425,162488.91084716932,55815053.68392901,95340.01386813082,32749360.95350756,763632.867982962355542877,381996.286906602532916962,0.458439165274069742,0.067563606110262272,0.166745174225904,251973452.51846078,0,100439266.76754953,60582499.96668495,2.520005379999132
2021-09-26T04:00:00.000Z,0.02164146171371195,0.935421676675545,0.00471265478464788,0.005301196840756443,0.004974373040782298,251436964.45180002,834446084.7382001,1749640.1069,-0.06955269636523731,-0.06955269636523731,-0.05986566853980713,0.9401343314601929,-0.002615089644175006,1.0001442235556846,341.0264328539478,18.01148263134359,11240707,2021-09-26T04:00:00.000Z,USDT-WBNB LP,0,USDT,0,125700729.5196289,1.00045138,44027158.03594685,44047031.01454111,27518322.592142772,27530743.81259441,125672616.290356008257758714,57389036.67944193723797015,0.456655064352678037,0.056304138901998695,0.152218354774176,WBNB,0,368646.2244742341,341.58025198,165270.37572439882,56453096.58476943,96880.73662378824,33092546.427961603,762966.331050893265595375,383585.825370894959222465,0.456655064352678037,0.068246143972078578,0.16758530039304,251679738.562304,0,100500127.59931055,60623290.24055602,2.5202632469359263
2021-09-26T06:00:00.000Z,0.02164146171371195,0.9356135210832981,0.00473171016657807,0.005324680202948317,0.004998621971267214,251417329.2231,838157973.2924,1981651.7607,-0.06938510088796912,-0.06938510088796912,-0.059654768750123835,0.9403452312498761,-0.002613229719648169,1.00029855819656,341.09666226652087,17.969098737693454,11243083,2021-09-26T06:00:01.000Z,USDT-WBNB LP,0,USDT,0,125671175.18053526,1.00045138,44085131.150144346,44105030.29664289,27546895.77911944,27559329.896936215,123639589.585269294280910332,57401498.805982572726086005,0.464264714874316596,0.058196265870710753,0.154754904936384,WBNB,0,368542.5506983723,341.65352035,164884.6724713092,56333428.80157952,96638.66411736124,33016939.797617696,762938.252590705880581024,383808.322686026556801067,0.464264714874316596,0.068330367950341365,0.167688678743856,251641760.48045546,0,100438459.0982224,60576269.69455391,2.5196423126969316
2021-09-26T08:00:00.000Z,0.02164146171371195,0.9137655063705132,0.00454849953227099,0.005404245647228,0.004960386560468821,244558250.29810002,850693182.3175,10328552.319,-0.09119488018995558,-0.09119488018995558,-0.08168599409721577,0.9183140059027842,-0.004580428883712351,1.0001061248455498,325.35879652060373,17.163906575451698,11245458,2021-09-26T08:00:00.000Z,USDT-WBNB LP,0,USDT,0,122265264.25179392,1.00045138,42991620.21649586,43011025.77402917,27484678.673687052,27497084.707946777,126115881.260736759646917288,57262218.584045222035936293,0.454044470939065461,0.055662223018348395,0.151348156949664,WBNB,0,375831.2903054115,326.35952616,167856.39702735987,54781534.19677399,96017.86281810155,31336344.2122115,762130.030570358030717802,371426.167523056098375841,0.454044470939065461,0.064128430221285123,0.162450917200512,244976574.16694736,0,97792559.97080317,58833428.92015828,2.510131959659927
2021-09-26T10:00:00.000Z,0.02164146171371195,0.9410656779683725,0.004947433051405343,0.005507633255110975,0.00521794009466825,252787290.908,866989453.4653,8492646.5796,-0.06415226212629577,-0.06415226212629577,-0.05398688898022218,0.9460131110197778,-0.0022526906719945172,1.0007181372137905,344.79878651328426,18.55114829111848,11247845,2021-09-26T10:00:00.000Z,USDT-WBNB LP,0,USDT,0,126301854.1238731,1.00045138,44999716.46888059,45020028.4409003,27950007.47999862,27962623.554374937,126688893.394403879767916959,57716890.809503871329403955,0.455579721813667292,0.056039278387668641,0.15185990726352,WBNB,0,366575.35642405413,345.28302568,163446.54703242896,56435318.29630549,96522.33809433845,33327524.942921106,761443.56683656124423767,370072.854005113513123064,0.455579721813667292,0.063776808014055549,0.162004938210576,252931112.46060935,0,101455346.7372058,61290148.49729604,2.525951599471895
2021-09-26T12:00:00.000Z,0.02164146171371195,0.9367060612220884,0.004942718340628881,0.005546807291662802,0.005229575005831655,251712416.9749,873181693.0819,1935889.0991,-0.06852351378374322,-0.06852351378374322,-0.058351220437282685,0.9416487795627173,-0.0024573408057591006,0.9990279614470221,342.16316833726216,18.41808105671012,11250215,2021-09-26T12:00:00.000Z,USDT-WBNB LP,0,USDT,0,125978318.58125058,1.00045138,44867370.34636845,44887622.57999539,27950955.497554757,27963571.99984724,126670134.73240610368845242,57703213.405816816625007988,0.455539212362221997,0.056029312978129219,0.151846404115968,WBNB,0,367826.1336498392,342.51202329,163943.7194365617,56152695.049904846,96525.93969342587,33061294.90436382,761490.502179844117278051,370264.759273078653424947,0.455539212362221997,0.063835099640417524,0.162078957081504,252020055.93003613,0,101040317.62990023,61024866.90421106,2.5250326010956123
2021-09-26T14:00:00.000Z,0.02164146171371195,0.9408400703959061,0.005033288677080811,0.0055745597026959776,0.005279490389037633,253100763.9658,877570830.3289,1861820.207,-0.06443941999313152,-0.06443941999313152,-0.054126640927013074,0.945873359072987,-0.0022391798648325745,1.000208854752548,344.7626767115473,18.638571516557988,11252605,2021-09-26T13:59:59.000Z,USDT-WBNB LP,0,USDT,0,126523956.85317501,1.00045138,45064946.470829986,45085287.886367984,27981530.391612,27994160.694800165,125672043.543110735551508955,57735850.937542625199047744,0.459416822626400819,0.056987230557181321,0.153138940851024,WBNB,0,367065.2032273396,345.4470192,163695.53834208072,56548135.7766111,96703.32004075992,33405873.654824138,763120.485068554385071619,370555.588982043258128655,0.459416822626400819,0.063662586085844639,0.161859800740032,253382647.54374605,0,101633423.66297908,61400034.349624306,2.5260964934227808
2021-09-26T16:00:00.000Z,0.02164146171371195,0.9477073177165539,0.00521820898189501,0.005608405715252906,0.005352186815571813,254352635.91219997,882921476.8410001,2568128.1267,-0.05764486909901789,-0.05764486909901789,-0.04707447330155107,0.9529255266984489,-0.0018602784036549913,1.0015068956857245,349.3352133150597,19.20377782859486,11254990,2021-09-26T15:59:59.000Z,USDT-WBNB LP,0,USDT,0,126984964.86036545,1.00045138,45393103.35493673,45413592.89392907,28019906.20201748,28032553.827278942,127711648.624433550590031919,57778893.491005678019828253,0.452416785104060817,0.055263855803636633,0.150805595017728,WBNB,0,364052.386117416,349.73570561,160912.10033216357,56276706.95085634,95753.33330691668,33488359.58860402,733638.089587866384258043,371024.047962877757853341,0.452416785104060817,0.06905643276108839,0.168577237742112,254364401.47158277,0,101690299.84478542,61520913.41588296,2.531537294570618
2021-09-26T18:00:00.000Z,0.02164146171371195,0.9443054785453449,0.005187056588694,0.005640520239905189,0.0053662870919186645,253465076.79779997,887992017.0608001,1907962.5095,-0.06106080854657381,-0.06106080854657381,-0.050507464865961145,0.9494925351340389,-0.0020323903282277733,1.0006404746462343,347.10748454761796,18.972188513459354,11257364,2021-09-26T18:00:00.000Z,USDT-WBNB LP,0,USDT,0,126651674.50231971,1.00048523,45270411.16290999,45292377.72451857,28020875.55234719,28034472.121791456,127555169.823834990736890766,57780594.559426978278849472,0.452985125097062761,0.055402791351081712,0.150995041672032,WBNB,0,365109.6314385876,347.16474777,161363.26711342763,56019637.926776245,95756.82535064609,33243394.120112993,743719.914402325327686417,371340.068588234931630304,0.452985125097062761,0.067311391621701944,0.16643365392312,253466322.80111343,0,101312015.65129481,61277866.24190445,2.5306398948376607
2021-09-26T20:00:00.000Z,0.02164146171371195,0.9472308962049778,0.005231456462892845,0.005656557950252745,0.005400557956658947,254260101.5665,890524301.0122001,1439427.8192,-0.058169661751681145,-0.058169661751681145,-0.047537647332129354,0.9524623526678706,-0.001819007206059653,1.0002667671262624,349.3788585250855,19.017250334575692,11259754,2021-09-26T20:00:01.000Z,USDT-WBNB LP,0,USDT,0,127086474.07298642,1.00048523,45424083.09687432,45446124.22471542,28021906.259664964,28035503.329239342,127618943.322966918940558757,57782845.047658058404377117,0.45277639465660095,0.055351745154092157,0.150925464867456,WBNB,0,363902.25481193676,349.57113402,160823.48279952677,56219247.25927653,95760.3306767239,33475047.388792567,744063.392743124462997207,371498.982114111343731876,0.45277639465660095,0.067306831142810168,0.166428015727824,254357864.1298446,0,101665371.48399195,61510550.71803191,2.531834772132155
2021-09-26T22:00:00.000Z,0.02164146171371195,0.9474103912220768,0.0052638710787287265,0.005674569448474438,0.005417117485972289,254316324.2694,893368314.4177,1312132.038,-0.05800672626389547,-0.05800672626389547,-0.04732573769919445,0.9526742623008055,-0.0018413862450022966,1.0008107877069268,349.30977218098076,19.01948070573841,11262123,2021-09-26T22:00:01.000Z,USDT-WBNB LP,0,USDT,0,127055350.94682574,1.00048523,45416041.34652478,45438078.57226735,28023492.91152013,28037090.75098559,127565918.502765036264530397,57783314.188242359453585364,0.452968276060269857,0.055398669953433777,0.150989425331184,WBNB,0,364026.3455096204,349.14517981,160873.25725781423,56168122.33189993,95763.8176110848,33435475.319114245,744074.644138259947105089,371505.530380001158062682,0.452968276060269857,0.067307168352833044,0.166428432633744,254215045.87329924,0,101606200.9041673,61472566.07009983,2.531696950058428
2021-09-27T00:00:00.000Z,0.02164146171371195,0.9399769285869707,0.005186128651386484,0.005701468279138846,0.0054019499054897,252319735.83810002,897615754.1223,2082562.8944,-0.06542502131851902,-0.06542502131851902,-0.05483694276164283,0.9451630572383571,-0.0023518654510207293,1.0008231156096672,343.82549859358005,18.625015043246723,11264514,2021-09-27T00:00:00.000Z,USDT-WBNB LP,0,USDT,0,126054818.06733139,1.00048523,45058613.495236926,45080477.28626322,28024442.133953054,28038040.434009712,127577735.020000421116497772,57785594.180942774115595473,0.452944192588806342,0.055392779231034065,0.150981397527024,WBNB,0,366933.7028113467,344.27620338,162176.63607620253,55833556.54525495,95767.75479931741,32970559.028535772,744108.678621751551022885,371592.322196298367615661,0.452944192588806342,0.067332461074339254,0.16645969997856,252442525.74275786,0,100914033.83151817,61008599.462545484,2.5288293543793863
2021-09-27T02:00:00.000Z,0.02164146171371195,0.9565346853219389,0.005461297149394504,0.005738144549073816,0.005536062961932209,256777298.03910002,903407150.3333,2956092.1491,-0.04900137763999335,-0.04900137763999335,-0.03800401752866664,0.9619959824713333,-0.0012735651510712431,1.000088381819859,356.2775880518994,19.495864474268927,11266888,2021-09-27T01:59:59.000Z,USDT-WBNB LP,0,USDT,0,128377302.79990189,1.00048523,45894106.90631352,45916376.10380767,28028386.0883015,28041986.302083123,127176442.613475326286538469,57797932.050582565150687719,0.454470425991129491,0.055766709383468476,0.15149014198704,WBNB,0,360361.2838176797,357.02697286,159263.7820549295,56861465.99330627,95771.54182333115,34193023.663318805,737615.072616798784107771,371631.580600000772829107,0.454470425991129491,0.068537683848156701,0.167942871739008,257098293.61590898,0,102777842.09711394,62235009.96540193,2.5350434760753338
2021-09-27T04:00:00.000Z,0.02164146171371195,0.9511989712348848,0.0054120109084583486,0.005760387340442705,0.0055258048966502216,255359117.54569998,906919582.5073999,1516701.7815,-0.054326833661765384,-0.054326833661765384,-0.04338901785665682,0.9566109821433432,-0.001625299809924985,1.001030088311516,351.9671330148423,19.20784064098162,11269205,2021-09-27T04:00:00.000Z,USDT-WBNB LP,0,USDT,0,127548367.21100868,1.00048523,45595249.372101344,45617373.55495417,28029424.920847192,28043025.638701536,127409442.875992053018738287,57841364.105280598110629415,0.453980198010737323,0.055646465443733901,0.151326732652704,WBNB,0,362759.33969296113,352.25514423,160314.75864274797,56471698.427898824,95775.26684243522,33737330.435248755,737317.928488645273101499,375715.440009865553232924,0.453980198010737323,0.070108755990093654,0.169856821790496,255394101.02955407,0,102089071.982853,61780356.07395029,2.5326798356358777
2021-09-27T06:00:00.000Z,0.02164146171371195,0.953697236438558,0.0055699194589991915,0.005778455721082367,0.005557171630227731,256037560.3263,909772954.2896999,1447620.2505,-0.05185993519166976,-0.05185993519166976,-0.040732844102442836,0.9592671558975572,-0.00144014793141245,1.000282759198032,354.070157183045,19.651372950760106,11271580,2021-09-27T06:00:00.000Z,USDT-WBNB LP,0,USDT,0,127982591.90809558,1.00048523,45752941.109628975,45775141.8092436,28030456.945981786,28044058.164605685,127100502.435768312656942255,57823323.67166136354546563,0.454941739517379477,0.055882436308795196,0.151647246486576,WBNB,0,361563.31612061925,354.48104577,159781.37655776186,56639469.456765585,95779.01670458968,33951846.00426525,736341.151037551801906538,376102.118529071419046703,0.454941739517379477,0.070439648392863991,0.170257186700064,256212035.31167334,0,102414611.26600918,61995904.16887093,2.5338418425873006
2021-09-27T08:00:00.000Z,0.02164146171371195,0.948320197041122,0.005528937293952731,0.005808161652760784,0.005555399395139049,255071366.4633,914468990.5166999,2504756.6595,-0.05723520235401702,-0.05723520235401702,-0.04615086566492524,0.9538491343350748,-0.001785807963818331,1.0007044563876135,349.9193764577121,19.392405122306663,11273951,2021-09-27T08:00:01.000Z,USDT-WBNB LP,0,USDT,0,127445924.35108456,1.00048523,45496433.9691417,45518510.20379654,28044250.827262092,28057858.739091005,130532213.526498492950398147,57816347.534025474154546299,0.44292781047713218,0.052969962221650812,0.147642603470784,WBNB,0,364471.5630489438,350.38305341,160918.60300303766,56383151.47067593,95867.74695058234,33590433.90008225,739073.127767470852762854,375925.487896967055132637,0.44292781047713218,0.069854193753906388,0.169548169529232,255212424.0791617,0,101901661.67447248,61648292.639173254,2.5315064084477568