query_ts,assumedLPToken,equityValue,totalDexYield,totalTradingfee,newTotalTradingFee,liquidity,totalVolume,volume,priceImpact,priceEffect,totalReturn,totalEquityVal,impermanentLoss,tokenPrice,quoteTokenPrice,rewardPrice
2022-01-27T10:00:00.000Z,0.02045769748496995,1,0.000006740654480445926,0.000012018557674641594,-1.8451906669270102e-13,186315483.7049,1317201.9434,1317201.9434,1.8451906669270102e-13,1.8451906669270102e-13,0.000006740654480445926,1.0000067406544804,-2.220446049250313e-16,1.0000948184856548,370.7499609576819,7.263572028015463
2022-01-27T11:00:00.000Z,0.02045769748496995,0.9948012458594679,0.000013332434739103222,0.000029972946961093447,0.000020146460218417594,185360158.2988,3285096.2703,1967894.3269,-0.005218900600750476,-0.005218900600750476,-0.005185421705792955,0.994814578294207,-0.000014293083511307536,1.0002089043350657,366.84839641499997,7.1835978745149465
2022-01-27T12:00:00.000Z,0.02045769748496995,0.9998100036148441,0.000020044478702224646,0.00004432953714204181,0.00003207334505272996,190500437.1866,4894188.3547,1609092.0844,-0.00022206973020866272,-0.00022206973020866272,-0.0001699519064537081,0.9998300480935463,-9.147128265940552e-8,1.0003004826084632,370.50912134454796,7.2581745504023285
2022-01-27T13:00:00.000Z,0.02045769748496995,1.0020985228694161,0.000026772774992687284,0.00006032138063913528,0.00004855345745169437,190939182.1196,6686585.4524,1792397.0977,0.0020499694119644474,0.0020499694119644474,0.002125295644408829,1.0021252956444089,-0.0000012892280367715614,1.000537071225749,372.1070213991959,7.297351775456483
2022-01-27T14:00:00.000Z,0.02045769748496995,1.0034907911336488,0.00003343562468027378,0.00007916240858035547,0.00006749862118282657,191248816.26380002,8798814.670699999,2112229.2183,0.0034232925124659808,0.0034232925124659808,0.003524226758329081,1.003524226758329,-0.000007986291447159566,0.9995157929499112,373.50892758400926,7.322737761877689
2022-01-27T15:00:00.000Z,0.02045769748496995,1.0064153813414127,0.000040254543933163814,0.00010412927513608684,0.00009381231367155962,192210488.0689,11603698.919999998,2804884.2493,0.00632156902774117,0.00632156902774117,0.006455635885345893,1.0064556358853458,-0.000023791859911526103,0.9994984477706408,375.67624096214996,7.357704644350722
2022-01-27T16:00:00.000Z,0.02045769748496995,1.0034657716355748,0.00004655169565355876,0.00012105927999906455,0.00011318838399532183,191651274.96899998,13505728.792299997,1902029.8723,0.0033525832515794995,0.0033525832515794995,0.00351232333122838,1.0035123233312284,-0.000005804808438703013,1.0000344934309426,373.2625832885022,7.306124537726696
2022-01-27T17:00:00.000Z,0.02045769748496995,1.003283860594809,0.000052873685276903026,0.0001380372233845588,0.00012952437323665578,191608506.2339,15413064.456999997,1907335.6647,0.0031543362215722404,0.0031543362215722404,0.0033367342800857992,1.0033367342800859,-0.000004780226754541594,1.000152192848643,373.0711872288679,7.26616596398591
2022-01-27T18:00:00.000Z,0.02045769748496995,0.9982765787559263,0.00005701051089451438,0.0001642588300832148,0.00015249547123208362,190658004.6555,18358940.951799996,2945876.4948,-0.0018759167153057366,-0.0018759167153057366,-0.0016664107331791386,0.9983335892668208,-0.0000023167378732091848,1.0003697569467016,369.2587597425443,6.967983908256612
2022-01-27T19:00:00.000Z,0.02045769748496995,0.998638529964657,0.00006379510867893745,0.00018336048909039352,0.00017174102450145945,190755926.1886,20505248.206699997,2146307.2549,-0.001533211059844497,-0.001533211059844497,-0.0012976749266641,0.9987023250733359,-0.0000011921847390405915,1.00010457296291,369.6103515977823,7.020685995737158
2022-01-27T20:00:00.000Z,0.02045769748496995,0.9957398224818331,0.00006994505763322054,0.0001996589443743127,0.00018776694889510726,190207045.9009,22336627.1914,1831378.9847,-0.004447944467061982,-0.004447944467061982,-0.004190232460533654,0.9958097675394664,-0.000010168429890544672,1.0001466186010728,367.44011384185904,7.000335343897059
2022-01-27T21:00:00.000Z,0.02045769748496995,0.9887694887526598,0.00007553010172861025,0.0002218703227403985,0.00021207170666603936,188876755.9246,24832428.7276,2495801.5362,-0.011442582954006242,-0.011442582954006242,-0.011154981145611592,0.9888450188543884,-0.000067685248463345,1.0002214963898535,362.2679428929542,6.931522585396769
2022-01-27T22:00:00.000Z,0.02045769748496995,1.0044361879247896,0.00008361081550527147,0.00031833743323355713,0.00034587039773303907,191872415.3467,35672210.5151,10839781.7875,0.004090317527056575,0.004090317527056575,0.0045197987402948855,1.004519798740295,-0.000010393294820332244,0.9996176110401389,373.96757718239974,7.085187009642217
2022-01-27T23:00:00.000Z,0.02045769748496995,1.0233016147716476,0.00009099342384787156,0.0006196315996077808,0.0006147441990964619,195505750.59660003,69533046.66420001,33860836.1491,0.022686870572551143,0.022686870572551143,0.023392608195495476,1.0233926081954954,-0.0002533807512350439,1.0000144239525735,387.79427011517157,7.175654739848147
2022-01-28T00:00:00.000Z,0.02045769748496995,1.0264615650505917,0.00009779415819409127,0.0006360232458410532,0.0006339448426828653,196110785.9742,71375228.3619,1842181.6977,0.025827620207908852,0.025827620207908852,0.02655935920878581,1.0265593592087858,-0.00030745838537893366,1.0007941575096753,389.87582447740573,7.198661996635423
2022-01-28T01:00:00.000Z,0.02045769748496995,1.027057789523507,0.0001045377364549148,0.0006478374679416755,0.0006456646851331627,196271503.2304,72703291.1353,1328062.7734,0.02641212483837374,0.02641212483837374,0.02716232725996182,1.027162327259962,-0.00035136760935405853,0.9996511866723296,390.76652478720484,7.2145769633506704
2022-01-28T02:00:00.000Z,0.02045769748496995,1.0189615428337062,0.00010935662900674665,0.0006657776554945333,0.00065834059122305,194738330.59980002,74720132.2686,2016841.1333,0.018303202242483163,0.018303202242483163,0.01907089946271296,1.019070899462713,-0.00018930469945399597,0.9987738584031498,384.95444915141996,7.1035983063240415
2022-01-28T03:00:00.000Z,0.02045769748496995,1.0216495080994947,0.00011590986083277212,0.0006824524955883204,0.000676666918526303,190488188.2863,76548985.5211,1828853.2525,0.020972841180968427,0.020972841180968427,0.0217654179603275,1.0217654179603275,-0.000224592393247125,0.9996548486008717,386.6344905627694,7.109457801681934
2022-01-28T04:00:00.000Z,0.02045769748496995,1.0261102112687561,0.0001230539345310552,0.0007020407777540346,0.000700098128842308,191324610.5337,78697430.5488,2148445.0277,0.025410113139913815,0.025410113139913815,0.026233265203287177,1.0262332652032873,-0.0003060046958699436,1.0004455777353485,389.69426551246477,7.14133365779474
2022-01-28T05:00:00.000Z,0.02045769748496995,1.029683377348686,0.00013065540081921826,0.0007280370961049071,0.0007283270718976276,191996277.7825,81548790.3674,2851359.8186,0.028955050276788352,0.028955050276788352,0.029814032749505198,1.0298140327495051,-0.0004097357584774697,1.0000072855854665,392.5653224901281,7.195146976545726
2022-01-28T06:00:00.000Z,0.02045769748496995,1.0277502049177705,0.0001366328489695047,0.0007420157200959718,0.0007426299355337562,191786747.3614,83083218.46280001,1534428.0954,0.027007574982236715,0.027007574982236715,0.027886837766739975,1.02788683776674,-0.00035690329942861254,1.0000229877340605,391.0745926143235,7.158918270677621
2022-01-28T07:00:00.000Z,0.02045769748496995,1.022893978877207,0.00014185208389339276,0.0007619207283341483,0.0007608925958593193,190986846.3308,85269400.3295,2186181.8667,0.02213308628134758,0.02213308628134758,0.023035830961100293,1.0230358309611003,-0.00023978436918370427,1.0000852761300285,387.3469591429943,7.088158457381963
2022-01-28T08:00:00.000Z,0.02045769748496995,1.021177450461513,0.0001475748538896567,0.0007826191433623449,0.0007773302468445653,190669169.5858,87542756.3252,2273355.9957,0.020400120214668416,0.020400120214668416,0.02132502531540264,1.0213250253154027,-0.00019492333790438465,1.0005436476552951,385.857773821262,7.0534332258924595
