query_ts,assumedLPToken,equityValue,totalDexYield,totalTradingfee,newTotalTradingFee,liquidity,totalVolume,volume,priceImpact,priceEffect,totalReturn,totalEquityVal,impermanentLoss,tokenPrice,quoteTokenPrice,rewardPrice
2021-12-06T10:00:00.000Z,0.017245682067701506,1,0.00000677113163555357,0.00007473393387281297,-2.4780177909633494e-13,281970908.1677,12395761.8616,12395761.8616,2.4780177909633494e-13,2.4780177909633494e-13,0.00000677113163555357,1.0000067711316356,0,1.0016215849508616,550.8534461322599,11.512488109615282
2021-12-06T11:00:00.000Z,0.017245682067701506,0.9975206246947615,0.00001354116548899902,0.000142530374788387,0.00007332524969894116,281254254.1595,23640133.488700002,11244371.6271,-0.0025527005549373927,-0.0025527005549373927,-0.0024658341397494525,0.9975341658602506,-0.0000012846950920852862,1.0006674626097138,548.567260767265,11.383367030396084
2021-12-06T12:00:00.000Z,0.017245682067701506,1.0032670366455911,0.000020242761910047698,0.0002088451736239329,0.0001357506697805544,282889713.1441,34639359.9177,10999226.429,0.0031312859758105827,0.0031312859758105827,0.003287279407501185,1.0032872794075012,-0.0000116365335478541,0.9999224281955404,555.2505368453179,11.56498760548643
2021-12-06T13:00:00.000Z,0.017245682067701506,1.0046454331022845,0.00002730244123725502,0.00025952503537233243,0.00018663049071876436,283254991.1484,43044622.0524,8405262.1347,0.0044588026115657264,0.0044588026115657264,0.004672735543521746,1.0046727355435217,-0.000019026412607092702,0.9999004220511168,556.7333686594627,11.654417055804679
2021-12-06T14:00:00.000Z,0.017245682067701506,1.0041199250720183,0.00003388305876935685,0.00030087839949172304,0.00022820293089242938,283109251.6645,49903141.8085,6858519.7561,0.003891722141125875,0.003891722141125875,0.004153808130787661,1.0041538081307877,-0.000011248965737342687,1.0007615097080829,555.6264330591712,11.653330744177646
2021-12-06T15:00:00.000Z,0.017245682067701506,1.0030225586885677,0.00004030716111569231,0.00035267069741103606,0.00028063928546506745,282661233.23010004,58488764.5442,8585622.7357,0.002741919403102644,0.002741919403102644,0.0030628658496834036,1.0030628658496834,-0.000009286141271380721,1.0000488662031135,554.7494313654727,11.604879748478158
2021-12-06T16:00:00.000Z,0.017245682067701506,1.0171632232478671,0.00004842193279591765,0.00040791770037462905,0.00033999694888642296,284323380.3049,67572860.86060001,9084096.3164,0.016823226298980698,0.016823226298980698,0.017211645180663038,1.017211645180663,-0.00016939177352370827,0.9998961872802224,570.5264048079205,12.023491374068715
2021-12-06T17:00:00.000Z,0.017245682067701506,1.018460366416538,0.000055865330076182784,0.0004581616947544495,0.00039036569468753335,285033128.5637,75844402.22410001,8271541.3635,0.018070000721850388,0.018070000721850388,0.018516231746614105,1.018516231746614,-0.0002178378715095297,0.9986551136913063,572.6371192621925,12.159435892517092
2021-12-06T18:00:00.000Z,0.017245682067701506,1.0148970655519927,0.00006238885324768133,0.0005005753854918179,0.0004313508857913817,284015841.9904,82826367.89170001,6981965.6676,0.01446571466620128,0.01446571466620128,0.014959454405240342,1.0149594544052403,-0.00011805851638924114,1.000615689422808,567.4755905886171,12.021412900740323
2021-12-06T19:00:00.000Z,0.017245682067701506,1.01538642625324,0.00006987968839415784,0.000525407324105895,0.0004571053953088544,282231090.0502,86886453.53480001,4060085.6431,0.014929320857931083,0.014929320857931083,0.015456305941634095,1.0154563059416342,-0.00012607303752354415,1.0005594611522097,568.0262960856088,12.035391762152797
2021-12-06T20:00:00.000Z,0.017245682067701506,1.016597036101015,0.00007734177803899642,0.0005470722191017178,0.00048044532909030657,282570813.5744,90428760.0998,3542306.565,0.016116590771924733,0.016116590771924733,0.016674377879054035,1.0166743778790541,-0.0001569569999596565,0.9998895977901294,569.7374668409192,12.039318483625808
2021-12-06T21:00:00.000Z,0.017245682067701506,1.0171163526123739,0.00008488689021923597,0.0005656555693972733,0.0004972362292481325,282718564.0992,93467256.9428,3038496.843,0.016619116383125743,0.016619116383125743,0.01720123950259311,1.0172012395025931,-0.00020474310836882115,0.9978675862051859,571.4567590651528,12.054345686845325
2021-12-06T22:00:00.000Z,0.017245682067701506,1.0297989736345987,0.00009407174718834058,0.0005943006300660435,0.0005324767419412346,284380937.36550003,98120426.0866,4653169.1438,0.02926649689265748,0.02926649689265748,0.029893045381787053,1.0298930453817872,-0.0004648568172311851,0.9999695681974727,584.5324628447227,12.28695549937734
2021-12-06T23:00:00.000Z,0.017245682067701506,1.0354347455051252,0.00010261407199704055,0.0006282278379285339,0.0005691755011125732,280224450.4569,103521529.3433,5401103.2567,0.03486557000401258,0.03486557000401258,0.035537359577122195,1.0355373595771222,-0.0006198456930059937,1.000673684129002,590.49352987158,12.384516951026145
2021-12-07T00:00:00.000Z,0.017245682067701506,1.032607478315468,0.00010985862936262132,0.0006569699331520262,0.0005950143545150333,275840450.8405,108037927.1012,4516397.7579,0.03201246396095292,0.03201246396095292,0.032717336944830575,1.0327173369448306,-0.0005503179143990788,0.9999475755542103,587.6684816312053,12.306872540186522
2021-12-07T01:00:00.000Z,0.017245682067701506,1.0339072457613034,0.00011791498102565772,0.00068538566074066,0.0006243829697871739,274959769.7994,112483189.7262,4445262.625,0.033282862791516266,0.033282862791516266,0.0340251607423291,1.0340251607423292,-0.0005894852172207976,1.0000166752018234,589.075495212977,12.32007165657526
2021-12-07T02:00:00.000Z,0.017245682067701506,1.0339106645504903,0.00012505781974420059,0.0007181134728049789,0.0006571629328522288,274985744.3442,117603487.4273,5120297.7011,0.03325350161763807,0.03325350161763807,0.0340357223702345,1.0340357223702346,-0.0006055868557498512,0.999522243088064,589.3333985241301,12.248693596702367
2021-12-07T03:00:00.000Z,0.017245682067701506,1.0313044170357597,0.00013194071388749072,0.0007550872373279577,0.0006991363509056825,274887365.6321,123400612.2387,5797124.8114,0.03060528068485402,0.03060528068485402,0.03143635774964719,1.0314363577496473,-0.000496596395751947,1.0002450980212145,585.8926378840702,12.18744785418835
2021-12-07T04:00:00.000Z,0.017245682067701506,1.0331335866989693,0.0001402007550761688,0.0007870571396059016,0.000731181665835301,275270427.5476,128411278.4091,5010666.1704,0.03240240503313396,0.03240240503313396,0.03327378745404543,1.0332737874540454,-0.000522462881400676,1.0011771314423807,587.3903939114139,12.229921021209622
2021-12-07T05:00:00.000Z,0.017245682067701506,1.033068625549935,0.00014924833137521255,0.0008398784770267851,0.0007785849028982827,275262318.3602,136690281.94439998,8279003.5353,0.03229004064703678,0.03229004064703678,0.03321787388131027,1.0332178738813103,-0.0005604158483029087,0.9999133051174948,588.0048025446367,12.340667368903805
2021-12-07T06:00:00.000Z,0.017245682067701506,1.0327888726246481,0.00015642085682210044,0.0008790291536497606,0.0008204038640129419,275132714.4312,142825373.251,6135091.3066,0.031968468760635194,0.031968468760635194,0.03294529348147024,1.0329452934814702,-0.0005134291468190666,1.001037435174772,586.9786196701393,12.304386002953303
2021-12-07T07:00:00.000Z,0.017245682067701506,1.0342344643757206,0.0001646060476698385,0.0009042221219950841,0.0008479918719026536,275515292.2931,146773191.17949998,3947817.9285,0.03338647250381799,0.03338647250381799,0.03439907042339048,1.0343990704233905,-0.0005882227125038053,1.000153770000073,589.1128741534773,12.333002989136721
2021-12-07T08:00:00.000Z,0.017245682067701506,1.0317398875604995,0.00017107964110750986,0.0009412383781541094,0.0008796350984396906,274862412.7143,152574001.9795,5800810.8,0.030860252462059812,0.030860252462059812,0.031910967201607014,1.031910967201607,-0.0004742505061462454,1.0012108230258476,585.6171668956882,12.249797812044271
