query_ts,assumedLPToken,equityValue,totalDexYield,totalTradingfee,newTotalTradingFee,liquidity,totalVolume,volume,priceImpact,priceEffect,totalReturn,totalEquityVal,impermanentLoss,tokenPrice,quoteTokenPrice,rewardPrice
2021-09-16T10:00:00.000Z,0.02075777257595514,1,0.000019627301270801787,0.000026569795289705516,-9.072742557236779e-13,257276132.0784,4021043.7698,4021043.7698,9.072742557236779e-13,9.072742557236779e-13,0.000019627301270801787,1.0000196273012707,-2.220446049250313e-16,1.0000320708071235,427.25254354729407,22.574018530254623
2021-09-16T11:00:00.000Z,0.02075777257595514,0.9981676020731536,0.00003792864746327909,0.00004513469186140967,0.000017537051696159267,269978556.5178,6974764.2685,2953720.4987,-0.0018499349785425778,-0.0018499349785425778,-0.0017944692793831394,0.9982055307206169,-0.000001340397088434031,0.9998177526907683,425.7644729791302,22.27580895071989
2021-09-16T12:00:00.000Z,0.02075777257595514,0.9993466573759927,0.00005657664770292118,0.0000619448176737419,0.00003486905486249636,271871046.22969997,9664866.7231,2690102.4546,-0.0006882116788697878,-0.0006882116788697878,-0.0005967659763043703,0.9994032340236956,-2.4888196836769794e-8,0.9991209020790272,427.05377109032446,22.401985795085658
2021-09-16T13:00:00.000Z,0.02075777257595514,1.0037377582618625,0.00007630359043205819,0.00008717354253573703,0.00006051784475502586,272788453.212,13698088.613699999,4033221.8906,0.0036772404171074857,0.0036772404171074857,0.0038140618522945697,1.0038140618522946,-0.000007412644446369576,0.9998522030435315,430.4779681660503,22.73077211207934
2021-09-16T14:00:00.000Z,0.02075777257595514,0.9973657398489624,0.00009456090043107263,0.00011319541358475037,0.00008734516845998463,271036444.066,17857796.722999997,4159708.1093,-0.002721605319497611,-0.002721605319497611,-0.0025396992506065536,0.9974603007493934,-0.00000979077269724904,1.0017333772862675,424.2083973235956,22.55236880809497
2021-09-16T15:00:00.000Z,0.02075777257595514,0.9952636368784217,0.000113122904629342,0.00014019426373049185,0.0001136859596081452,271228696.4616,22185862.4837,4328065.7607,-0.004850049081186469,-0.004850049081186469,-0.004623240216948982,0.9953767597830511,-0.000008953436638536871,0.9994020675395328,423.38492751904926,22.504406802952808
2021-09-16T16:00:00.000Z,0.02075777257595514,0.9983769135192153,0.00013287213871086216,0.0001687120659602561,0.00014174984890502618,272084459.0938,26757547.7348,4571685.2511,-0.0017648363296897118,-0.0017648363296897118,-0.0014902143420738234,0.9985097856579261,-0.0000010441664940463724,0.9997108238184608,425.8826217880752,22.69423374891493
2021-09-16T17:00:00.000Z,0.02075777257595514,0.9992735697299543,0.00015163580543536885,0.00019051423472671154,0.00016367843403031213,272305207.6313,30252347.653,3494799.9182,-0.0008901087040760203,-0.0008901087040760203,-0.0005747944646103393,0.9994252055353897,-3.7021130605552344e-9,0.9992279112322866,426.83551249673525,22.684552184228913
2021-09-16T18:00:00.000Z,0.02075777257595514,0.9971439226607041,0.00016889353532380887,0.0002143678962326259,0.00019368748241188616,271724632.6778,34075990.2003,3823642.5473,-0.0030497648217078233,-0.0030497648217078233,-0.002687183803972128,0.9973128161960279,-0.000006058107181350358,1.0004585946659719,424.4694373595413,22.48281952320361
2021-09-16T19:00:00.000Z,0.02075777257595514,0.9954213484105483,0.00018698235786648566,0.00023778611571588268,0.00021055332543551408,271158263.9575,37828491.59,3752501.3897,-0.004789204914887213,-0.004789204914887213,-0.004391669231585213,0.9956083307684148,-0.000010962327019137241,0.999913762458115,423.2200121097762,22.40313600558964
2021-09-16T20:00:00.000Z,0.02075777257595514,0.9970089179086181,0.00020538565723578396,0.00025031371377117866,0.0002233164379414898,271592498.4344,39835908.8055,2007417.2155,-0.00321439852932337,-0.00321439852932337,-0.0027856964341460965,0.9972143035658539,-0.0000059524951969702755,1.000262898503319,424.41227521149074,22.372193074510392
2021-09-16T21:00:00.000Z,0.02075777257595514,0.9881987359318978,0.0002200050398969842,0.0002695947016023218,0.00024070201450510087,269690895.264,42931205.921000004,3095297.1155,-0.012041966082607325,-0.012041966082607325,-0.01158125902820524,0.9884187409717947,-0.00007714766123534389,1.0003390359608808,416.89660908417807,21.971937207518764
2021-09-16T22:00:00.000Z,0.02075777257595514,0.9930129072349548,0.0002407024557103938,0.0002864793249846519,0.00025956921727721127,271995891.95970005,45651713.4011,2720507.4801,-0.007246661982322378,-0.007246661982322378,-0.006746390309334773,0.9932536096906652,-0.000026578606031946173,1.0000500049676957,421.0751194185759,22.19976187686392
2021-09-16T23:00:00.000Z,0.02075777257595514,0.993500826114787,0.0002597218879436015,0.0002955474015257803,0.00026842267036608636,272445773.4348,47114490.4236,1462777.0225,-0.006767596555579125,-0.006767596555579125,-0.006239451997269437,0.9937605480027306,-0.000023997784601825778,1.0001694367921052,421.4312777179937,22.254593040225714
2021-09-17T00:00:00.000Z,0.02075777257595514,0.997927091761335,0.00027931676120803367,0.00030526236498835675,0.0002802435471498388,273582299.3401,48681174.65620001,1566684.2326,-0.0023531517858148554,-0.0023531517858148554,-0.001793591477456983,0.998206408522543,-0.000008633223066434326,1.0018331299144387,424.4796408051321,22.34654216661529
2021-09-17T01:00:00.000Z,0.02075777257595514,0.9938054534185568,0.0002942844908267981,0.00032308993094772216,0.00029565581063351054,272344529.9926,51555000.41940001,2873825.7632,-0.00649020239207676,-0.00649020239207676,-0.005900262090616452,0.9940997379093836,-0.000023534147061798905,1.0003814886392732,421.57732771667315,22.07932790158921
2021-09-17T02:00:00.000Z,0.02075777257595514,0.9966166087812659,0.00031444390526262547,0.00034111159245955907,0.00031492168091418193,273046255.0582,54459384.22280001,2904383.8034,-0.0036983128996482817,-0.0036983128996482817,-0.0030689473134714743,0.9969310526865285,-0.000002390075483971188,0.9985143641895959,424.7427743606873,22.210850769846683
2021-09-17T03:00:00.000Z,0.02075777257595514,0.9918304829331719,0.0003292575126297948,0.0003602511991016874,0.00033371557274530783,271737157.2977,57543961.41310001,3084577.1903,-0.008503232639573421,-0.008503232639573421,-0.00784025955419832,0.9921597404458017,-0.00003568164822154163,0.9999402862366664,420.05593389663443,21.97009231708965
2021-09-17T04:00:00.000Z,0.02075777257595514,0.9918336660358834,0.0003491619595997722,0.0003719837329517791,0.0003445865516070734,271516493.22,59433258.40520001,1889296.9921,-0.008510920515723663,-0.008510920515723663,-0.007817172004516818,0.9921828279954832,-0.000026027804368111696,0.9987006055578115,420.5708245155496,22.07550446649658
2021-09-17T05:00:00.000Z,0.02075777257595514,0.9937929582233845,0.00036845449736696613,0.000385270710525444,0.000357749596538004,272175643.82919997,61573834.19300001,2140575.7878,-0.006564791373153467,-0.006564791373153467,-0.005838587279248497,0.9941614127207515,-0.000022569253362081376,1.0001642322507274,421.60559078903714,22.134136817107553
2021-09-17T06:00:00.000Z,0.02075777257595514,0.9943187187385033,0.00038696492004690347,0.0003947760121818943,0.00036799020828126583,272314245.9622,63105139.14570001,1531304.9527,-0.0060492714697779615,-0.0060492714697779615,-0.005294316341449792,0.9947056836585502,-0.000018243907800696846,1.0000049883000839,422.1104764908509,22.151191524024288
2021-09-17T07:00:00.000Z,0.02075777257595514,0.99248112539235,0.00040342410460847877,0.0004079776898407128,0.00038101527270029134,272223062.16440004,65235155.01240001,2130015.8667,-0.007899889880350286,-0.007899889880350286,-0.007115450503041516,0.9928845494969585,-0.00003140582800986724,1.0000262955165073,420.53114015582,22.047751009976846
2021-09-17T08:00:00.000Z,0.02075777257595514,0.9895332058861155,0.0004199677428484253,0.00041896986451944696,0.00038995693531251874,271418880.9911,67008708.983200006,1773553.9708,-0.010856751049197033,-0.010856751049197033,-0.010046826371036089,0.989953173628964,-0.00007779344161162882,1.0015910705313145,417.375087615184,21.95769701725873
