query_ts,assumedLPToken,equityValue,totalDexYield,totalTradingfee,newTotalTradingFee,liquidity,totalVolume,volume,priceImpact,priceEffect,totalReturn,totalEquityVal,impermanentLoss,tokenPrice,quoteTokenPrice,rewardPrice
2021-07-19T10:00:00.000Z,0.025647757417187583,1,0.00002153975034601585,0.000016964970750724382,8.921752225887758e-13,141951084.2245,1416585.8952,1416585.8952,-8.921752225887758e-13,-8.921752225887758e-13,0.00002153975034601585,1.000021539750346,0,0.9990016480557408,297.19939034174047,12.599103410072145
2021-07-19T11:00:00.000Z,0.025647757417187583,0.9979916136965825,0.00004358176474950011,0.00003215925110667503,0.00001746571823224574,141139213.0634,2680600.3054,1264014.4102,-0.002025852021649732,-0.002025852021649732,-0.001964804538667986,0.998035195461332,-0.000004911351463410263,1.000107373876554,295.6691903251625,12.722091630074674
2021-07-19T12:00:00.000Z,0.025647757417187583,0.999173029049764,0.00006546453308592806,0.00004641188687293235,0.00003119165179965577,141309688.2919,3866307.6673,1185707.3619,-0.0008581626020356392,-0.0008581626020356392,-0.0007615064171500554,0.99923849358285,-0.000002994573153114466,1.00059006865165,296.2185285831184,12.732071087913635
2021-07-19T13:00:00.000Z,0.025647757417187583,0.9757134360993567,0.00008384015176974792,0.0001079100462657801,0.00009044654085865744,133973225.7417,8833476.4758,4967168.8085,-0.02437701044150198,-0.02437701044150198,-0.024202723748873573,0.9757972762511264,-0.00033497199937126965,1.0002090126091427,282.5448568623498,12.134016563371523
2021-07-19T14:00:00.000Z,0.025647757417187583,0.9709917339617203,0.00010440652576399983,0.00015248654114630237,0.00013423574930471194,133061063.4947,12426768.0805,3593291.6047,-0.029142501787584374,-0.029142501787584374,-0.028903859512515662,0.9710961404874844,-0.00044112749916402905,0.9991341838201767,280.09237056528326,12.027145267469566
2021-07-19T15:00:00.000Z,0.025647757417187583,0.9799635288458133,0.00012804678733500252,0.0001994367924008517,0.00018447874207327963,134549683.1078,16218710.8228,3791942.7423,-0.02022094989626,-0.02022094989626,-0.019908424366851717,0.9800915756331483,-0.0002468752708653099,1.0007960585448936,284.79006231874433,12.254563262797575
2021-07-19T16:00:00.000Z,0.025647757417187583,0.9786792083677018,0.00014875130346747687,0.0002279531027281587,0.00021279255898964955,136493736.4801,18558176.9236,2339466.1008,-0.021533584191287813,-0.021533584191287813,-0.021172040328830688,0.9788279596711693,-0.0002534093426351802,0.9997473777725469,284.3254222915795,12.215675935427955
2021-07-19T17:00:00.000Z,0.025647757417187583,0.9794829705391419,0.0001699288392341671,0.0002451303625318009,0.00022860457914886112,136576925.42099997,19967093.8671,1408916.9435,-0.020745634040006955,-0.020745634040006955,-0.020347100621623926,0.9796528993783761,-0.000242437682245078,1.0000594135258087,284.6946786887831,12.20938319592552
2021-07-19T18:00:00.000Z,0.025647757417187583,0.9772623728672989,0.000189689100679837,0.00026326680742643405,0.0002463423523724195,136486652.82209998,21457080.061300002,1489986.1942,-0.02298396948507353,-0.02298396948507353,-0.022547938032021275,0.9774520619679787,-0.00025447722700444597,0.9983127665835037,283.8905086542707,12.12849101679533
2021-07-19T19:00:00.000Z,0.025647757417187583,0.9753060395698423,0.00020984173681791321,0.00027669461387893035,0.00025927762371646956,136208654.152,22560192.8416,1103112.7803,-0.02495323805387417,-0.02495323805387417,-0.024484118693339788,0.9755158813066602,-0.0003496370654741954,1.0001789623926542,282.21967813824926,12.0751179719295
2021-07-19T20:00:00.000Z,0.025647757417187583,0.9754457839460351,0.0002305445966848071,0.0002875291371073387,0.00027034865028041644,135938311.1836,23448369.9998,888177.1582,-0.024824564704245322,-0.024824564704245322,-0.024323671457280097,0.9756763285427199,-0.00033894077277418777,0.9999030997270256,282.37205201649795,12.057908971539272
2021-07-19T21:00:00.000Z,0.025647757417187583,0.9754386879527779,0.00025057708354467013,0.0003057481087910131,0.00028865216160745,135948284.8581,24942019.4494,1493649.4496,-0.024849964208829567,-0.024849964208829567,-0.024310734963677447,0.9756892650363226,-0.0003163597104171023,0.9989949488150467,282.614023889784,12.01318490627249
2021-07-19T22:00:00.000Z,0.025647757417187583,0.9746791378497981,0.00027186492018433565,0.0003179025784662425,0.00030520408682865874,135842691.1891,25938483.6552,996464.2058,-0.025626066237030565,-0.025626066237030565,-0.02504899723001757,0.9749510027699825,-0.0003695346899359464,1.000231059987232,281.81564349457483,12.029352424292014
2021-07-19T23:00:00.000Z,0.025647757417187583,0.9768837104770802,0.0002940036899194491,0.00032742137686870063,0.0003113808697893239,136152338.5475,26718880.4062,780396.751,-0.0234276703927091,-0.0234276703927091,-0.022822285833000326,0.9771777141669997,-0.0003200038049121501,1.000596611659254,282.9853288602652,12.07817052887377
2021-07-20T00:00:00.000Z,0.025647757417187583,0.9712145730324231,0.0003131962753284408,0.0003473574787353345,0.00033509394512321045,135361971.6495,28353334.863199998,1634454.457,-0.02912052091270012,-0.02912052091270012,-0.028472230692248468,0.9715277693077515,-0.00044811240610631575,0.9993910014315256,280.03307392649333,12.00751314963076
2021-07-20T01:00:00.000Z,0.025647757417187583,0.9731418932019729,0.00033734889970141163,0.0003774390896512426,0.00036195438978103844,135636367.4779,30819670.404699996,2466335.5415,-0.027220061187808176,-0.027220061187808176,-0.026520757898325725,0.9734792421016742,-0.0003996739506140212,0.999681260894954,281.04882834847416,12.123977319436799
2021-07-20T02:00:00.000Z,0.025647757417187583,0.958318719265843,0.00034560039067934407,0.0004151238859215493,0.00039320149153032613,133382969.6417,33905043.271,3085372.8663,-0.042074482225687326,-0.042074482225687326,-0.041335680343477656,0.9586643196565223,-0.001044773922751152,1.0017489103057695,271.9685745316706,11.687915636660064
2021-07-20T03:00:00.000Z,0.025647757417187583,0.9472629897465703,0.00035793579113872857,0.00047816478100602255,0.0004503129349491264,131542380.7556,39054584.986099996,5149541.7151,-0.05318732318837882,-0.05318732318837882,-0.05237907446229097,0.947620925537709,-0.0015504376799986286,1.000068653172451,266.14139705320446,11.429363170985948
2021-07-20T04:00:00.000Z,0.025647757417187583,0.9353990215039725,0.000368461946292108,0.0005717341812259682,0.0005373310119887176,129930743.8668,46699980.16679999,7645395.1807,-0.06513830950801625,-0.06513830950801625,-0.06423251654973541,0.9357674834502646,-0.0022879197867308187,0.9993542063061048,259.6506419610442,11.147014330895432
2021-07-20T05:00:00.000Z,0.025647757417187583,0.9429076158182059,0.00039258352150592623,0.0006282571450338423,0.0005986489414799845,130772776.8283,51311288.91,4611308.7432,-0.05769103312327406,-0.05769103312327406,-0.05669980066028815,0.9433001993397119,-0.0018525966243423397,1.000496546251984,263.5027625861507,11.282256341423986
2021-07-20T06:00:00.000Z,0.025647757417187583,0.9443439026624716,0.00041195445860282864,0.0006463496860973286,0.0006176764914769262,130704979.8875,52784322.4259,1473033.5159,-0.056273773829005336,-0.056273773829005336,-0.05524414287892558,0.9447558571210745,-0.0017336748530402124,1.000008769261524,264.4249062189883,11.270772348544256
2021-07-20T07:00:00.000Z,0.025647757417187583,0.9451118390127466,0.0004379746370432038,0.0006635406725807405,0.000636551286656406,130771257.9511,54183526.1637,1399203.7378,-0.05552471227390976,-0.05552471227390976,-0.05445018635021015,0.9455498136497898,-0.0016754536364776973,0.999802888631182,264.8993726729892,11.433712585455153
2021-07-20T08:00:00.000Z,0.025647757417187583,0.9483400333744982,0.00046402505654924474,0.0006832242184153115,0.0006572925637906568,130727836.7715,55779619.9874,1596093.8237,-0.05231725918929242,-0.05231725918929242,-0.05119594156895252,0.9488040584310475,-0.0014763666059164349,0.9996382370640576,266.7455614284447,11.58121125406048
