query_ts,assumedLPToken,equityValue,totalDexYield,totalTradingfee,newTotalTradingFee,liquidity,totalVolume,volume,priceImpact,priceEffect,totalReturn,totalEquityVal,impermanentLoss,tokenPrice,quoteTokenPrice,rewardPrice
2021-12-28T10:00:00.000Z,0.017111328855560326,1,0.00000815342676347046,0.000017305995888285606,4.440892098500626e-15,266015959.1358,2708041.9217,2708041.9217,-4.440892098500626e-15,-4.440892098500626e-15,0.00000815342676347046,1.0000081534267635,0,0.9993801269807904,547.7248224728155,12.662715074550206
2021-12-28T11:00:00.000Z,0.017111328855560326,1.0009912337299665,0.000016249156792318268,0.00003651455765369882,0.000017156664604556227,266284806.79389998,5713855.4266,3005813.5049,0.0009740770653619002,0.0009740770653619002,0.0010074828867587748,1.0010074828867588,-2.2079362604898733e-7,0.9996890657118617,548.6227985846533,12.670743796925029
2021-12-28T12:00:00.000Z,0.017111328855560326,1.0043098907710406,0.00002435302599927401,0.0000503559320985562,0.00003139764699477965,273234656.1067,7928980.9468,2215125.5202,0.0042784931240458235,0.0042784931240458235,0.0043342437970398775,1.00433424379704,-0.000006135177202604147,1.000146396370614,551.9984807298218,12.737455565094747
2021-12-28T13:00:00.000Z,0.017111328855560326,1.0046170147523321,0.00003233733639463245,0.00006575773653347291,0.00004820882624301248,273719842.945,10397454.1257,2468473.1789,0.004568805926089103,0.004568805926089103,0.004649352088726748,1.0046493520887267,-0.000011594422154037609,0.9991232170737133,552.8832817981936,12.749733250040652
2021-12-28T14:00:00.000Z,0.017111328855560326,1.0045330307435554,0.0000403064579868966,0.00008510406674090091,0.00006629059877139021,273701179.2798,13498170.990400001,3100716.8647,0.004466740144783987,0.004466740144783987,0.0045733372015422736,1.0045733372015422,-0.000007288544382477724,1.0000187218430918,552.2759401261011,12.739691716200817
2021-12-28T15:00:00.000Z,0.017111328855560326,1.0015950067958104,0.00004757020708125343,0.00011295263809628912,0.00009471615900369379,272906345.4578,17961670.411900003,4463499.4215,0.0015002906368066782,0.0015002906368066782,0.0016425770028916254,1.0016425770028916,-7.972657412036455e-8,1.0004799003568476,548.7656559820676,12.543491696073929
2021-12-28T16:00:00.000Z,0.017111328855560326,1.0002429008896867,0.000055363399659799346,0.00013077361824894454,0.00011587906708299123,272424166.1047,20816780.1352,2855109.7233,0.0001270218226037123,0.0001270218226037123,0.0002982642893465029,1.0002982642893465,-2.035447810300184e-9,0.9995708442191623,547.7594453553266,12.522078472043905
2021-12-28T17:00:00.000Z,0.017111328855560326,0.9957066901391322,0.0000625218128384467,0.00015598650424258464,0.00013957993449731365,271192119.0223,24856202.6316,4039422.4964,-0.004432889795365158,-0.004432889795365158,-0.004230788048029397,0.9957692119519707,-0.000013394390068866002,1.0001130137435912,542.4817536966738,12.380305913016992
2021-12-28T18:00:00.000Z,0.017111328855560326,0.989097039172335,0.0000691701446234322,0.00018592242329314588,0.00016744951625158322,269297486.68770003,29650633.7445,4794431.1129,-0.011070410343916537,-0.011070410343916537,-0.010833790683041522,0.9891662093169585,-0.0000705967983227751,1.0001306406703918,535.2628999468396,12.179611929419236
2021-12-28T19:00:00.000Z,0.017111328855560326,0.9879310512103926,0.00007664560776030308,0.00020593478630928327,0.00018527293929626598,268914856.037,32854966.6265,3204332.882,-0.01225422172890367,-0.01225422172890367,-0.011992303181847101,0.9880076968181529,-0.00008833835612542806,1.000342538166085,533.8690689964538,12.149754496336834
2021-12-28T20:00:00.000Z,0.017111328855560326,0.9880701984011522,0.00008427168164930565,0.00022550837549750773,0.00020592357548354645,268958960.22029996,35989116.4529,3134149.8264,-0.012135725174331369,-0.012135725174331369,-0.011845529917198517,0.9881544700828014,-0.00007403093168645292,0.9993386319720128,534.5336074991636,12.147957148217857
2021-12-28T21:00:00.000Z,0.017111328855560326,0.990791178545668,0.0000925686357131685,0.00024122960566383563,0.00022229599458345461,269707530.0273,38506495.121700004,2517378.6688,-0.00943111744891545,-0.00943111744891545,-0.009116252818618826,0.9908837471813812,-0.00006083254530486748,1.0009349690960514,536.6073688890758,12.234306604265667
2021-12-28T22:00:00.000Z,0.017111328855560326,0.9886838828585869,0.00009957904762440605,0.00025194831830564583,0.00023151953819200433,269136620.7016,40222857.769600004,1716362.6479,-0.011547636679605122,-0.011547636679605122,-0.011216538093788711,0.9887834619062112,-0.00008814734255790935,1.0010437392575993,534.2586553915905,12.150416108533744
2021-12-28T23:00:00.000Z,0.017111328855560326,0.9885614940019465,0.00010765460414865764,0.00026114872049337465,0.00024067363514368445,269103006.926,41696095.12370001,1473237.3541,-0.011679179633197201,-0.011679179633197201,-0.01133085139390486,0.9886691486060951,-0.00007710393177051689,1.0000504639328285,534.6469648159564,12.19918603770329
2021-12-29T00:00:00.000Z,0.017111328855560326,0.9890779093192601,0.00011582697733653635,0.00027490554615122384,0.0002551236166695725,269245631.5481,43898957.97010001,2202862.8464,-0.011177214297409477,-0.011177214297409477,-0.010806263703403369,0.9891937362965967,-0.00007107320999255595,1.00006265843058,535.1836681143732,12.25170725506376
2021-12-29T01:00:00.000Z,0.017111328855560326,0.9895617246975118,0.0001238772508672377,0.0002913965978914345,0.00027208388855426424,269379630.6184,46539671.56430001,2640713.5942,-0.010710359191042462,-0.010710359191042462,-0.01031439805162096,0.9896856019483791,-0.00006555186405599045,1.0000621751527796,535.6894011989283,12.288123029974608
2021-12-29T02:00:00.000Z,0.017111328855560326,0.9899355978525753,0.00013148534958479352,0.0003073250376945388,0.0002911781704350025,269499617.1969,49090466.52120001,2550794.9569,-0.010355580317859658,-0.010355580317859658,-0.009932916797839862,0.9900670832021602,-0.00006329718414133101,1.0002221000651728,535.9879752657224,12.283791383117533
2021-12-29T03:00:00.000Z,0.017111328855560326,0.9908786568931331,0.00013921844290705322,0.00032112328132388284,0.00030293192716479567,298253995.199,51533563.34250001,2443096.8213,-0.009424275034031648,-0.009424275034031648,-0.0089821246639598,0.9910178753360402,-0.000034991931409877886,0.9982782120499489,538.0428962240225,12.350030030271135
2021-12-29T04:00:00.000Z,0.017111328855560326,0.9922493497098671,0.0001459126969528591,0.0003330422116608811,0.00031546481574618035,298682572.1493,53644024.812400006,2110461.4699,-0.008066115105879068,-0.008066115105879068,-0.007604737593180029,0.99239526240682,-0.000043234908611688994,1.0005803632767127,538.2779742469857,12.32220533262301
2021-12-29T05:00:00.000Z,0.017111328855560326,0.9915010052561286,0.00015237242206194378,0.00034354072374504776,0.00032581896492811513,298460149.2731,55502993.2951,1858968.4827,-0.008824813708799506,-0.008824813708799506,-0.008346622321809447,0.9916533776781905,-0.000050096873256078034,1.000525981655088,537.4840781327482,12.278036142544995
2021-12-29T06:00:00.000Z,0.017111328855560326,0.9895972940869603,0.0001584628366589623,0.00035764933607943975,0.0003391787472207808,297802230.57609993,58000489.5405,2497496.2454,-0.010741884660260492,-0.010741884660260492,-0.010244243076380749,0.9897557569236193,-0.000059626842328297514,0.9995006691269762,535.9561842739993,12.20912536250545
2021-12-29T07:00:00.000Z,0.017111328855560326,0.9891279587754809,0.00016249748936947216,0.00037546548912622505,0.00035704689006887946,297664123.406,61154324.9951,3153835.4546,-0.011229088114588004,-0.011229088114588004,-0.010709543735149653,0.9892904562648503,-0.00006701364044148228,0.9996647191651876,535.3405376013906,11.994261938108911
2021-12-29T08:00:00.000Z,0.017111328855560326,0.9883655005229641,0.00016941084108506853,0.00038628014327779547,0.00036920724183620024,297442199.4932,63068795.6217,1914470.6266,-0.012003706718872076,-0.012003706718872076,-0.011465088635950808,0.9885349113640491,-0.00007736217779175103,0.9997428603669608,534.4603004760739,12.000647253520434
