query_ts,assumedLPToken,equityValue,totalDexYield,totalTradingfee,newTotalTradingFee,liquidity,totalVolume,volume,priceImpact,priceEffect,totalReturn,totalEquityVal,impermanentLoss,tokenPrice,quoteTokenPrice,rewardPrice
2021-11-27T10:00:00.000Z,0.016703104801666306,1,0.000008328325273993721,0.000044762152805462446,3.340661081097096e-13,288604815.99310005,7599160.5493,7599160.5493,-3.340661081097096e-13,-3.340661081097096e-13,0.000008328325273993721,1.000008328325274,-2.220446049250313e-16,1.0001744921888975,598.6478903703136,13.22466150211621
2021-11-27T11:00:00.000Z,0.016703104801666306,1.0012571786670692,0.000017058750814281012,0.00007838550110090624,0.00003011914053208109,288969421.79719996,13307348.8085,5708188.2592,0.001227059526537122,0.001227059526537122,0.0012742374178834842,1.0012742374178836,-0.0000013744190781039833,0.99974285434064,600.3770451787213,13.311161491464407
2021-11-27T12:00:00.000Z,0.016703104801666306,0.9999541135962868,0.000025844091505133527,0.00012526290336255258,0.0000769052950647664,288601490.17190003,21265883.512199998,7958534.7037,-0.0001227916987779354,-0.0001227916987779354,-0.00002004231220803546,0.9999799576877919,-6.74721962301561e-7,0.9988906375178713,599.2701229340493,13.323850018193559
2021-11-27T13:00:00.000Z,0.016703104801666306,1.0037834675400823,0.000034646314947072857,0.00016202593593787608,0.00011414383476204826,290470625.6791,27523725.535899997,6257842.0237,0.0036693237053202488,0.0036693237053202488,0.00381811385502937,1.0038181138550293,-0.000005289406335484692,1.000584740179117,602.8019611694444,13.406584753365841
2021-11-27T14:00:00.000Z,0.016703104801666306,1.0100855598471206,0.00004363701105209742,0.00020397782476666777,0.00015889067417407254,292281829.8432999,34664515.5387,7140790.0028,0.00992666917294649,0.00992666917294649,0.01012919685817266,1.0101291968581727,-0.00005185175263155983,0.9998684972307975,610.7789021681155,13.555757510578344
2021-11-27T15:00:00.000Z,0.016703104801666306,1.0069675685592414,0.00005196570117732435,0.00024190117192324863,0.00019776407868810075,294810240.2352,41195592.7179,6531077.1792,0.00676980448055331,0.00676980448055331,0.007019534260418735,1.0070195342604187,-0.000019254634652243752,1.0007160919848914,606.4523877091021,13.461962137699523
2021-11-27T16:00:00.000Z,0.016703104801666306,1.0085416368051772,0.00006095040334122258,0.00027581657400614954,0.0002285278612244035,295475506.4889,47040473.9655,5844881.2476,0.008313108943952763,0.008313108943952763,0.008602587208518388,1.0086025872085185,-0.00003304965274308902,1.0003230145954536,608.5521440005892,13.48206023473519
2021-11-27T17:00:00.000Z,0.016703104801666306,1.0131530767541959,0.00006946908010661232,0.00031457116286535866,0.0002738565325837161,296830923.512,53719425.4819,6678951.5164,0.012879220221612142,0.012879220221612142,0.013222545834302471,1.0132225458343025,-0.00008163543542627494,1.0001933003066783,614.1558776082891,13.533870930575835
2021-11-27T18:00:00.000Z,0.016703104801666306,1.0168991730281634,0.00007817922139998554,0.0003476880613310426,0.0003032339070534462,297846021.1354,59425200.4406,5705774.9587,0.016595939121109904,0.016595939121109904,0.016977352249563336,1.0169773522495633,-0.00013361476359452507,1.0002861826450993,618.6139397509777,13.575146085183004
2021-11-27T19:00:00.000Z,0.016703104801666306,1.0151409122861916,0.00008653848567545988,0.0003769037943314227,0.00033146886909962703,297326118.9719,64458752.8556,5033552.415,0.014809443417092005,0.014809443417092005,0.015227450771867093,1.015227450771867,-0.0001129085704429933,0.9998474226465757,616.7121422813913,13.530335690304051
2021-11-27T20:00:00.000Z,0.016703104801666306,1.0079636991316845,0.00009371762439253403,0.00040186633558125144,0.00035630818319143387,295227699.7586,68759581.0969,4300828.2413,0.0076073909484930535,0.0076073909484930535,0.008057416756077022,1.008057416756077,-0.0000410433215211059,0.9986936088282319,608.6920773531548,13.294527925245163
2021-11-27T21:00:00.000Z,0.016703104801666306,1.002498463015385,0.00010061215062297749,0.0004297445841677429,0.00038008496084862564,294236832.73609996,73572736.4751,4813155.3782,0.0021183780545364073,0.0021183780545364073,0.0025990751660080105,1.002599075166008,-0.000001915734940238778,1.0003332542971646,601.0914880222289,13.080528436957659
2021-11-27T22:00:00.000Z,0.016703104801666306,1.004426725165269,0.0001098082713813997,0.00045580403668331234,0.0004096687052344006,294804657.9835,78071906.861,4499170.3859,0.004017056460034585,0.004017056460034585,0.004536533436650385,1.0045365334366503,-0.000011001849370417816,0.9994927837425248,603.8787527740452,13.168489312220075
2021-11-27T23:00:00.000Z,0.016703104801666306,1.0076483292864788,0.00011959476391347591,0.0004729343484449385,0.00042555132487831493,295753750.7113,81029494.4509,2957587.5899,0.007222777961600535,0.007222777961600535,0.0077679240503923256,1.0077679240503923,-0.000027097668345854586,1.000009464307332,607.4271474515816,13.278321164395837
2021-11-28T00:00:00.000Z,0.016703104801666306,1.00105805940301,0.00012659072441113692,0.0004959520219294233,0.0004481032419043629,293416896.6643,84998103.8816,3968609.4307,0.0006099561611057069,0.0006099561611057069,0.0011846501274212068,1.0011846501274213,-6.893451254263994e-9,1.0006670519188448,599.0833781676705,13.087160076867328
2021-11-28T01:00:00.000Z,0.016703104801666306,1.0038288644442765,0.00013539493121877204,0.0005225039755119327,0.00047928373776584543,293608286.0628,89566420.3611,4568316.4795,0.003349580706510702,0.003349580706510702,0.003964259375495319,1.0039642593754954,-0.000004419349470596856,1.0005456086951712,602.441508879613,13.164339885473701
2021-11-28T02:00:00.000Z,0.016703104801666306,0.992276658442852,0.00014011585364783862,0.0005573982279752153,0.0005030437052928605,290156609.8405,95568540.3648,6002120.0037,-0.008226385262440905,-0.008226385262440905,-0.007583225703500206,0.9924167742964998,-0.00004393767835486617,1.0012892559299917,588.1834153995009,12.835252229694126
2021-11-28T03:00:00.000Z,0.016703104801666306,0.9865115764020698,0.0001468959882775134,0.000613937577956216,0.0005576361140579023,287956064.96889997,105276454.7308,9707914.366,-0.014046059711988135,-0.014046059711988135,-0.01334152760965272,0.9866584723903473,-0.00010386546181495593,1.0004424329673427,581.7928518239714,12.712270684417069
2021-11-28T04:00:00.000Z,0.016703104801666306,0.9847157844584142,0.00015457794808092793,0.0006787335298684944,0.0006208924655768389,287649351.7066,116410460.7803,11134006.0495,-0.015905108007162605,-0.015905108007162605,-0.015129637593504839,0.9848703624064952,-0.00016542682578946089,1.002334883769767,578.5066302803378,12.661148970900303
2021-11-28T05:00:00.000Z,0.016703104801666306,0.9831916329283931,0.00016184350051978876,0.0007161265300632756,0.0006572708936122273,287186438.04300004,122835372.1048,6424911.3245,-0.01746563796521916,-0.01746563796521916,-0.016646523571087146,0.9833534764289129,-0.00019249338962101792,1.0021795408385266,576.7627367812313,12.596309172152495
2021-11-28T06:00:00.000Z,0.016703104801666306,0.9888107848949937,0.00017172362980136992,0.0007518958598574279,0.000698025426510207,288685541.65400004,128978275.873,6142903.7682,-0.011887240531516463,-0.011887240531516463,-0.011017491475204887,0.9889825085247951,-0.00009238292164781559,1.001811039463287,583.545107723573,12.728451316761008
2021-11-28T07:00:00.000Z,0.016703104801666306,0.9913313548069866,0.00018095584489323044,0.0007768493363322808,0.000724393416764002,289448626.01240003,133264104.2533,4285828.3803,-0.00939303860977736,-0.00939303860977736,-0.008487689348120128,0.9915123106518798,-0.00004295817741839514,1.0000063190507518,587.5532565202582,12.814727172166839
2021-11-28T08:00:00.000Z,0.016703104801666306,0.9952721162800541,0.00019054106302317478,0.0008067564392356801,0.0007563746983909603,290633121.1678,138401330.4001,5137226.1468,-0.005484258418336885,-0.005484258418336885,-0.0045373426569227495,0.9954626573430773,-0.000018878779027509118,1.000820227230217,591.717590370566,12.907091478178526
