query_ts,assumedLPToken,equityValue,totalDexYield,totalTradingfee,newTotalTradingFee,liquidity,totalVolume,volume,priceImpact,priceEffect,totalReturn,totalEquityVal,impermanentLoss,tokenPrice,quoteTokenPrice,rewardPrice
2022-04-20T10:00:00.000Z,0.018386448156058617,1,0,0.00001519719737283242,-1.5631940186722204e-13,331434119.5587,2962864.4727,2962864.4727,1.5631940186722204e-13,1.5631940186722204e-13,0,1,0,1.0001179618034184,426.3744670173465,8.676269256588911
2022-04-20T11:00:00.000Z,0.018386448156058617,1.00425714900208,0,0.00003286634054291317,0.0000161916697503095,332334364.21409994,6402377.1027,3439512.63,0.0042409573323296534,0.0042409573323296534,0.004257149002079963,1.00425714900208,-0.000009541185035821798,0.9999815902466844,430.0572481720957,8.900776262747586
2022-04-20T12:00:00.000Z,0.018386448156058617,1.0018523656804788,0,0.0000545697793307622,0.00003708515108469257,302619900.42870003,10258700.0613,3856322.9586,0.0018152805293940588,0.0018152805293940588,0.0018523656804787514,1.0018523656804788,-0.0000013330950247025797,1.0002987862442465,427.84649458318336,8.893257630931322
2022-04-20T13:00:00.000Z,0.018386448156058617,1.0015014121467647,0,0.00008067074169699208,0.00006388055979988927,326957573.3926,15271119.9001,5012419.8388,0.001437531586964802,0.001437531586964802,0.0015014121467646913,1.0015014121467647,-8.182399361400527e-7,1.0002752418796494,427.53396700342046,9.003393702491937
2022-04-20T14:00:00.000Z,0.018386448156058617,0.9950666786053929,0,0.00009964988987987497,0.00008266032500936493,327800193.56049997,18948891.952,3677772.0519,-0.00501598171961648,-0.00501598171961648,-0.004933321394607115,0.9950666786053929,-0.000009514384888609229,0.9994517163347538,422.3892032656196,8.951757854819471
2022-04-20T15:00:00.000Z,0.018386448156058617,0.997060750859216,0,0.00011476587614984689,0.0000984648645222519,341141904.25729996,21991184.914499998,3042292.9625,-0.00303771400530628,-0.00303771400530628,-0.002939249140784028,0.997060750859216,-0.0000044918214663347555,1.000072898471719,423.80709000256127,9.042234304820509
2022-04-20T16:00:00.000Z,0.018386448156058617,0.9933886738798273,0,0.0001382679747444968,0.00012138898251212726,339991664.2235,26722771.4689,4731586.5544,-0.006732715102684805,-0.006732715102684805,-0.006611326120172678,0.9933886738798273,-0.000018218940466052658,0.9993990790071222,420.9550603692921,9.047267944283472
2022-04-20T17:00:00.000Z,0.018386448156058617,0.993961636655793,0,0.00016018685673861445,0.0001436181088659838,340225698.69289994,31136107.397,4413335.9281,-0.006181981453073027,-0.006181981453073027,-0.006038363344207043,0.993961636655793,-0.000018376123647301235,0.9999791956390502,421.1775219267366,9.025182356998931
2022-04-20T18:00:00.000Z,0.018386448156058617,0.9927721890590908,0,0.00016950542491101325,0.00015237337288520614,339672697.0574,33011582.4024,1875475.0054,-0.007380184313794391,-0.007380184313794391,-0.007227810940909185,0.9927721890590908,-0.000026332628381142698,0.9999675655984381,420.1674302337721,9.041075879003714
2022-04-20T19:00:00.000Z,0.018386448156058617,0.9868602090039482,0,0.00018030671671290255,0.00016274888961564926,337679569.4967,35185664.3586,2174081.9562,-0.01330253988566743,-0.01330253988566743,-0.013139790996051781,0.9868602090039482,-0.00007675366941128914,0.999116738023108,415.5221721082691,8.937595571288504
2022-04-20T20:00:00.000Z,0.018386448156058617,0.9889864480886811,0,0.00018760663490360286,0.00017032393928617662,338432227.7766,36655099.4067,1469435.0481,-0.011183875850605096,-0.011183875850605096,-0.01101355191131892,0.9889864480886811,-0.00005780324172000029,0.99962344465087,417.0969966238819,8.985148530488813
2022-04-20T21:00:00.000Z,0.018386448156058617,0.9914564930838873,0,0.0001919606947571876,0.00017483067158019505,339165307.857,37531259.1565,876159.7498,-0.008718337587692915,-0.008718337587692915,-0.00854350691611272,0.9914564930838873,-0.00004306640981099896,1.0006425399762844,418.7526797983444,9.032269142049525
2022-04-20T22:00:00.000Z,0.018386448156058617,0.9920550613956962,0,0.00019659112866758532,0.00017973463737741557,339370202.9636,38463033.2575,931774.101,-0.008124673241681202,-0.008124673241681202,-0.007944938604303786,0.9920550613956962,-0.00003878783711064315,1.0007682392637884,419.2017403931562,9.094622136872461
2022-04-20T23:00:00.000Z,0.018386448156058617,0.9931760906396033,0,0.0002011495244741076,0.00018422154543518143,339471699.4319001,39379549.9643,916516.7068,-0.007008130905831855,-0.007008130905831855,-0.006823909360396674,0.9931760906396033,-0.000029319096348623397,1.0007430790284428,420.15661561116167,9.152638763304601
2022-04-21T00:00:00.000Z,0.018386448156058617,0.9906948760904251,0,0.00020698753433327487,0.0001895771406122959,338627544.6149,40553361.1828,1173811.2185,-0.009494701050187238,-0.009494701050187238,-0.009305123909574942,0.9906948760904251,-0.000044082452393068294,0.999967681614288,418.3791748835719,9.139908951211181
2022-04-21T01:00:00.000Z,0.018386448156058617,0.9933167073893289,0,0.00021513230613945644,0.00019863386488627732,339537944.9015,42191046.9425,1637685.7597,-0.0068819264755574094,-0.0068819264755574094,-0.006683292610671132,0.9933167073893289,-0.000021703368272785184,0.999800697050757,420.6595497413213,9.320646018074669
2022-04-21T02:00:00.000Z,0.018386448156058617,0.9943056448392597,0,0.00023125240208425813,0.00021663590769038787,339850698.5945,45432106.0203,3241059.0778,-0.005910991068430738,-0.005910991068430738,-0.00569435516074035,0.9943056448392597,-0.000013664281127145905,0.9994172970595325,421.6441694882337,9.462647772610238
2022-04-21T03:00:00.000Z,0.018386448156058617,0.9951590614465355,0,0.00024389325802416108,0.0002279917439735879,340056818.7693,47972999.9882,2540893.9679,-0.005068930297438046,-0.005068930297438046,-0.004840938553464458,0.9951590614465355,-0.000014275606758484827,1.0003795713029693,421.9525236294594,9.519401669796453
2022-04-21T04:00:00.000Z,0.018386448156058617,0.9939009960923307,0,0.0002516712109964052,0.00023603394219606777,338476493.28150004,49531123.1388,1558123.1506,-0.006335037849865333,-0.006335037849865333,-0.006099003907669265,0.9939009960923307,-0.000015812761855915625,0.999386648224974,421.29744600720926,9.40573049731609
2022-04-21T05:00:00.000Z,0.018386448156058617,0.9943944926963637,0,0.0002616301019349973,0.0002455620281489601,338510601.003,51525354.9177,1994231.7789,-0.0058510693317852525,-0.0058510693317852525,-0.005605507303636292,0.9943944926963637,-0.000013134251870328129,0.9993752051030956,421.7127638528534,9.447504897332808
2022-04-21T06:00:00.000Z,0.018386448156058617,0.9924349233939297,0,0.00027503777388847273,0.0002580849498124982,337550561.54569995,54207864.2447,2682509.327,-0.007823161555882807,-0.007823161555882807,-0.007565076606070309,0.9924349233939297,-0.000027424707091161515,0.999670209879772,419.91736588062236,9.374582123769592
2022-04-21T07:00:00.000Z,0.018386448156058617,0.9923076139739554,0,0.0002875635913381977,0.0002706452438901996,337499702.1081,56713882.4043,2506018.1596,-0.007963031269934806,-0.007963031269934806,-0.007692386026044606,0.9923076139739554,-0.000028920283339894937,0.9997284764277208,419.7745136885019,9.289967581464921
2022-04-21T08:00:00.000Z,0.018386448156058617,0.993193064977284,0,0.0003004922209327704,0.0002841145994947336,337788460.6306,59300395.686299995,2586513.282,-0.007091049622210743,-0.007091049622210743,-0.00680693502271601,0.993193064977284,-0.000026329419924975284,1.0002583983190008,420.29000428953566,9.398641287373863
