query_ts,assumedLPToken,equityValue,totalDexYield,totalTradingfee,newTotalTradingFee,liquidity,totalVolume,volume,priceImpact,priceEffect,totalReturn,totalEquityVal,impermanentLoss,tokenPrice,quoteTokenPrice,rewardPrice
2021-09-14T10:00:00.000Z,0.02138489733497902,1,0.000017951398949014952,0.000014736465339897521,1.1213252548714081e-13,247834563.78489998,2148356.2526,2148356.2526,-1.1213252548714081e-13,-1.1213252548714081e-13,0.000017951398949014952,1.0000179513989491,0,0.9993144120807476,403.3994848238265,19.761686316570998
2021-09-14T11:00:00.000Z,0.02138489733497902,1.000776753401779,0.00003602114184291078,0.00002653684415341496,0.000012637907571111384,248010542.9981,3868560.3389,1720204.0863,0.000764115494207962,0.000764115494207962,0.0008127745436219842,1.000812774543622,-8.41466696321902e-8,0.9996678201222162,403.8733779291641,19.76809581291982
2021-09-14T12:00:00.000Z,0.02138489733497902,0.9985881672944441,0.000053503274353123416,0.00004028040657155967,0.00002636459036275962,253036307.2611,5917111.4051,2048551.0662,-0.0014381972959186529,-0.0014381972959186529,-0.0013583294312027698,0.9986416705687973,-0.0000017939597106719773,0.9997691529376899,402.0570259337859,19.700364344669605
2021-09-14T13:00:00.000Z,0.02138489733497902,0.999434739800588,0.00007105849208495609,0.00005942192552859219,0.00004457868060658843,254727659.0688,8786894.9183,2869783.5132,-0.0006098388800186427,-0.0006098388800186427,-0.0004942017073270983,0.9995057982926729,-8.750278238656151e-7,1.0000270495869954,402.6204981562279,19.741507793564754
2021-09-14T14:00:00.000Z,0.02138489733497902,1.0000270823472226,0.00008909265685693273,0.00007353578455200993,0.00005924896578268779,254980493.5117,10903754.634,2116859.7157,-0.000032166618560092175,-0.000032166618560092175,0.00011617500407952835,1.0001161750040795,-2.0577858705905783e-7,0.9999235400203804,403.12780836927163,19.853096365872204
2021-09-14T15:00:00.000Z,0.02138489733497902,1.001104321882993,0.00010750615129499596,0.00009528802096096055,0.00008095261091001227,255263463.71879998,14166358.3742,3262603.7402,0.001023369272082908,0.001023369272082908,0.0012118280342879161,1.0012118280342879,-8.333410195238145e-8,0.9999287752939576,403.97720156874607,20.009464158068205
2021-09-14T16:00:00.000Z,0.02138489733497902,1.00764674208171,0.00012672904179498768,0.00011917152114659959,0.00010549580163865535,256865663.0095,17747708.516,3581350.1418,0.007541246280071245,0.007541246280071245,0.007773471123504888,1.007773471123505,-0.0000247728410587289,0.999788210590797,409.3126312774671,20.27415864829038
2021-09-14T17:00:00.000Z,0.02138489733497902,1.0052400191045683,0.00014400730984066948,0.00013484480751498894,0.00012066455786508001,256240955.46109998,20097827.9495,2350119.4335,0.005119354546703203,0.005119354546703203,0.0053840264144089526,1.005384026414409,-0.000008471534533316394,1.0003043079772733,407.1370472170094,20.198606657392006
2021-09-14T18:00:00.000Z,0.02138489733497902,1.0045055260835427,0.0001620057302377402,0.0001430996109816718,0.0001293838387976809,256060476.099,21335620.9775,1237793.028,0.004376142244745029,0.004376142244745029,0.00466753181378045,1.0046675318137805,-0.000010372964472593615,0.9991263639810849,407.01446803561475,20.214657327386
2021-09-14T19:00:00.000Z,0.02138489733497902,1.0025121473838388,0.00017937693250890695,0.00015334826315174796,0.00014021652475948443,255552502.7298,22872389.0185,1536768.041,0.0023719308590792743,0.0023719308590792743,0.0026915243163476658,1.0026915243163477,-0.000002426952111944658,0.9994802743210174,405.2481642631408,20.15198846357301
2021-09-14T20:00:00.000Z,0.02138489733497902,1.0026548093700043,0.00019821432293963583,0.0001641726758822019,0.00015304499585799825,255750131.0816,24496515.4395,1624126.421,0.002501764374146287,0.002501764374146287,0.002853023692943921,1.0028530236929438,-0.0000033145016933300298,0.9992384186195394,405.45126333348975,20.248562537849136
2021-09-14T21:00:00.000Z,0.02138489733497902,1.0048482625366937,0.00021719758168508294,0.00017444394471969953,0.00016023500273121272,256308094.1159,26037637.3226,1541121.8831,0.004688027533962469,0.004688027533962469,0.005065460118378764,1.0050654601183788,-0.00000563434431444243,1.000634556532992,406.653436778438,20.342712686518297
2021-09-14T22:00:00.000Z,0.02138489733497902,1.0044172067825998,0.0002353949134471959,0.0001922834720028584,0.00017821172104648397,253971481.20690003,28691052.7738,2653415.4512,0.004238995061553341,0.004238995061553341,0.004652601696047021,1.004652601696047,-0.000005286683853245044,1.0002925768943092,406.4289231717905,20.34076047413714
2021-09-14T23:00:00.000Z,0.02138489733497902,1.0103335124873987,0.00025626363822966943,0.00020562714539479793,0.00019289367702657323,255483667.7034,30675889.8807,1984837.1069,0.010140618810372093,0.010140618810372093,0.010589776125628336,1.0105897761256284,-0.00004219540473193728,1.0002171396678514,411.2509058326313,20.55342597057582
2021-09-15T00:00:00.000Z,0.02138489733497902,1.0136079047749589,0.00027693967159029013,0.00021628237792545538,0.00020536522795211454,256313129.0849,32260837.4862,1584947.6055,0.013402539547006764,0.013402539547006764,0.01388484444654917,1.0138848444465491,-0.00007216278049793079,1.000613966760658,413.7470459960396,20.731279292432514
2021-09-15T01:00:00.000Z,0.02138489733497902,1.0121780420582855,0.0002952403310773661,0.00023074724651523973,0.00021828691404279787,256032894.3096,34413145.4334,2152307.9472,0.011959755144242745,0.011959755144242745,0.012473282389362909,1.012473282389363,-0.00005823974388396991,1.0004102352838484,412.65379765775697,20.713009724797136
2021-09-15T02:00:00.000Z,0.02138489733497902,1.0103521045043107,0.0003123819794257082,0.00024151408254810897,0.00022953193651953363,255574550.0412,36015224.736099996,1602079.3027,0.010122572567791144,0.010122572567791144,0.010664486483736385,1.0106644864837364,-0.00004123583909421136,1.0003043578321773,411.20035554919053,20.62040472269033
2021-09-15T03:00:00.000Z,0.02138489733497902,1.0158039095533826,0.00033791109901218266,0.00025568699596551723,0.00024466365125142,256970226.54860002,38124256.67959999,2109031.9435,0.015559245902131202,0.015559245902131202,0.016141820652394806,1.016141820652395,-0.00009946011547679046,1.0006493367445635,415.4952919826457,21.060965891166592
2021-09-15T04:00:00.000Z,0.02138489733497902,1.0137763955363577,0.00035626955975373115,0.0002628610045824005,0.0002509781053301463,256459825.1399,39191811.501399994,1067554.8218,0.013525417431027531,0.013525417431027531,0.014132665096111408,1.0141326650961113,-0.00007920645919246017,1.0001623208079298,414.03427020834874,21.03165993223485
2021-09-15T05:00:00.000Z,0.02138489733497902,1.0164217640088111,0.0003765918058663925,0.00027713693332725086,0.0002673678132578683,257148817.15320003,41316356.90439999,2124545.403,0.016154396195553256,0.016154396195553256,0.016798355814677517,1.0167983558146776,-0.0001170826620650045,1.0000362720327143,416.23743670860125,21.11548604892365
2021-09-15T06:00:00.000Z,0.02138489733497902,1.0164709258369726,0.00039487133728507664,0.0002849002113441584,0.00027353968569321374,257187883.7015,42471808.48099999,1155451.5766,0.016197386151279414,0.016197386151279414,0.016865797174257704,1.0168657971742576,-0.00011285386742887482,1.0003575697294342,416.1389569292046,21.08233724096872
2021-09-15T07:00:00.000Z,0.02138489733497902,1.0185855316939108,0.00041608345947363187,0.0002986314646153971,0.00028786733369234874,258234700.74220002,44519565.30999999,2047756.829,0.018297664360218402,0.018297664360218402,0.01900161515338438,1.0190016151533843,-0.0001413879381517713,1.000629719794006,417.74723841731657,21.203450000196405
2021-09-15T08:00:00.000Z,0.02138489733497902,1.0236589606005844,0.0004444925819150758,0.00032479259964602355,0.00031556752596784143,252043024.8872,48308586.727599986,3789021.4176,0.023343393074616525,0.023343393074616525,0.024103453182499443,1.0241034531824995,-0.0002540226688578784,0.9998470447484482,422.2276817858509,21.643321864293885
