query_ts,assumedLPToken,equityValue,totalDexYield,totalTradingfee,newTotalTradingFee,liquidity,totalVolume,volume,priceImpact,priceEffect,totalReturn,totalEquityVal,impermanentLoss,tokenPrice,quoteTokenPrice,rewardPrice
2021-07-09T10:00:00.000Z,0.02522985193613402,1,0.0000185607499879132,0.000021720250859572903,-3.086420008457935e-14,179204126.3082,2289622.5771,2289622.5771,3.086420008457935e-14,3.086420008457935e-14,0.0000185607499879132,1.0000185607499879,-1.1102230246251565e-16,0.9997793943744985,309.20801104634546,14.00036971749169
2021-07-09T11:00:00.000Z,0.02522985193613402,0.9999929451278822,0.000037095462403125735,0.000034089998172494955,0.00001203026397311735,179032964.7447,3592333.2625,1302710.6854,-0.000019085136090946087,-0.000019085136090946087,0.000030040590285296998,1.0000300405902853,-5.6317332464139724e-8,1.0000959002086902,309.09835558520217,13.978126705426156
2021-07-09T12:00:00.000Z,0.02522985193613402,0.9974629938813216,0.0000554159407766209,0.000047678576925584894,0.000026023429991139935,178393468.62780002,5021909.3008,1429576.0383,-0.002563029548669493,-0.002563029548669493,-0.0024815901779017325,0.9975184098220983,-0.0000030277733961137088,0.9996739086520992,307.65748436599443,13.912009484999738
2021-07-09T13:00:00.000Z,0.02522985193613402,0.9988788692036181,0.00007398824963577171,0.0000655135315064009,0.00004490271333013052,179053819.3477,6902498.2503,1880588.9495,-0.0011660335097120056,-0.0011660335097120056,-0.0010471425467461033,0.9989528574532539,-7.290389413272536e-7,0.9998201816753362,308.47475302260125,13.934383898743196
2021-07-09T14:00:00.000Z,0.02522985193613402,1.0073954470330562,0.00009465904258400749,0.00008832044722677426,0.00006692423151233307,180476915.0817,9305971.5752,2403473.3249,0.007328522801543835,0.007328522801543835,0.007490106075640176,1.0074901060756403,-0.000027085167532914234,0.9997210756042176,313.77499668562535,14.262350466743907
2021-07-09T15:00:00.000Z,0.02522985193613402,1.0122350057900038,0.00011489601462886617,0.00010736083115040968,0.00008715050156093973,181374251.0772,11312849.9403,2006878.3651,0.012147855288442866,0.012147855288442866,0.012349901804632671,1.0123499018046327,-0.00006189387944943725,1.0007280154907592,316.46579695761454,14.426919215030898
2021-07-09T16:00:00.000Z,0.02522985193613402,1.012713711028734,0.0001344537495372733,0.00014020909926911948,0.00011950513180924993,176426538.58780003,14679056.7095,3366206.7692,0.012594205896924837,0.012594205896924837,0.012848164778271361,1.0128481647782714,-0.00005745123425127119,1.0015766566793027,316.4765975194816,14.40873262776699
2021-07-09T17:00:00.000Z,0.02522985193613402,1.0100858091332616,0.00015027406927786179,0.00015282936891982657,0.0001330566398924926,206102604.4912,16193820.5724,1514763.8629,0.009952752493369132,0.009952752493369132,0.010236083202539487,1.0102360832025394,-0.000041149590005895575,1.000611061611094,315.13143963371954,14.314559761294294
2021-07-09T18:00:00.000Z,0.02522985193613402,1.0086921398651467,0.0001642561178898228,0.00016165211694666256,0.00014220392804387139,242594339.0217,17441999.8066,1248179.2342,0.008549935937102848,0.008549935937102848,0.008856395983036542,1.0088563959830366,-0.000025646379277488585,1.0011316292633627,314.0932104420642,14.299248327827998
2021-07-09T19:00:00.000Z,0.02522985193613402,1.005817910231015,0.00017737920979835517,0.00016908759651881986,0.00014930713723426692,241904844.5311,18493926.0526,1051926.246,0.0056686030937807,0.0056686030937807,0.005995289440813322,1.0059952894408133,-0.000019439302710644313,0.9991969680802173,312.9057865930862,14.217522155994402
2021-07-09T20:00:00.000Z,0.02522985193613402,1.0075674882580652,0.00019146424757497581,0.00017664702530756897,0.00015712140020585075,242333026.1087,19563420.575,1069494.5224,0.007410366857859341,0.007410366857859341,0.007758952505640167,1.00775895250564,-0.000021191164434664067,1.0006523990711331,313.53390337941295,14.219273647871873
2021-07-09T21:00:00.000Z,0.02522985193613402,1.0073710608799837,0.00020659794040935378,0.00018227945855708082,0.00016335198759565017,242221195.7466,20360074.5806,796654.0056,0.007207708892388087,0.007207708892388087,0.007577658820393091,1.007577658820393,-0.000028241345322754796,0.9994457960311002,313.78613902813595,14.293071468827598
2021-07-09T22:00:00.000Z,0.02522985193613402,1.0113201863377628,0.00022311877955846416,0.0001900354379843532,0.0001709979936654893,243327579.7127,21457791.4314,1097716.8508,0.011149188344097283,0.011149188344097283,0.011543305117321236,1.0115433051173213,-0.00006689635116252646,0.9992999075315184,316.29297545247704,14.447828971765757
2021-07-09T23:00:00.000Z,0.02522985193613402,1.0152512688990443,0.0002398796991287794,0.00020090529078355362,0.00018498318233572952,244100967.8783,22995134.039100002,1537342.6077,0.015066285716708538,0.015066285716708538,0.015491148598173047,1.015491148598173,-0.00010826514694162181,1.0000176544723176,318.51952433169737,14.597949184791624
2021-07-10T00:00:00.000Z,0.02522985193613402,1.013199094245962,0.0002538755095041975,0.00020723743865472144,0.0001890092268286292,243668778.98380002,23890926.0758,895792.0367,0.013010085019133477,0.013010085019133477,0.013452969755466304,1.0134529697554664,-0.00007995440620900407,1.000059625708744,317.2170795535194,14.572508247915673
2021-07-10T01:00:00.000Z,0.02522985193613402,1.0171425020970344,0.00027067914446540786,0.00022268123401829033,0.00020478178493554822,244662172.8834,26076120.8696,2185194.7938,0.016937720312098836,0.016937720312098836,0.017413181241499792,1.0174131812414997,-0.00012513587479290322,1.0007547268979136,319.45962811217845,14.702450838604845
2021-07-10T02:00:00.000Z,0.02522985193613402,1.0132929198594962,0.00028297578209705,0.0002320014365127659,0.0002132426746166427,243812708.7523,27395281.896500003,1319161.0269,0.013079677184879568,0.013079677184879568,0.01357589564159326,1.0135758956415932,-0.0000912827278538586,0.9992623266667264,317.51380401653506,14.586718082816729
2021-07-10T03:00:00.000Z,0.02522985193613402,1.0108459779643992,0.00029527732978522304,0.00024291816637686366,0.0002242106952048406,243461037.13149998,28941917.7897,1546635.8932,0.010621767269194393,0.010621767269194393,0.011141255294184457,1.0111412552941845,-0.00005366250953064977,0.9999851121921624,315.74659852246367,14.48345127350437
2021-07-10T04:00:00.000Z,0.02522985193613402,1.0101816857722872,0.00030947298101927735,0.00025272932412912,0.00023412231458541655,243307790.7259,30331959.5265,1390041.7368,0.009947563457701758,0.009947563457701758,0.010491158753306452,1.0104911587533065,-0.000052072419741033826,0.9994725619956624,315.4871640814277,14.47835492197351
2021-07-10T05:00:00.000Z,0.02522985193613402,1.0068472706855378,0.00032162226532797094,0.0002631219139111854,0.00024363719073505763,241402153.6974,31797684.209700003,1465724.6832,0.006603633494802752,0.006603633494802752,0.007168892950865781,1.0071688929508658,-0.000019850653057540413,1.0000603475199694,313.2172689444919,14.379286312873667
2021-07-10T06:00:00.000Z,0.02522985193613402,1.0061852946846612,0.0003352915745538896,0.00027312173797323496,0.0002540371153940679,241249194.78770003,33208048.665200002,1410364.4555,0.0059312575692671565,0.0059312575692671565,0.006520586259215114,1.006520586259215,-0.000016458666297625157,0.9999557057184728,312.83170569053516,14.353717659104007
2021-07-10T07:00:00.000Z,0.02522985193613402,1.0074308337976814,0.00035040972311571855,0.00028226688061706645,0.00026442993351372124,241525214.7426,34497748.8262,1289700.161,0.00716640386416767,0.00716640386416767,0.00778124352079711,1.0077812435207971,-0.000027917160186796686,0.9994480460812595,313.75969679907996,14.389671602312971
2021-07-10T08:00:00.000Z,0.02522985193613402,1.0070451237924605,0.0003649160551551821,0.00028879664130352403,0.00026939841845008416,241515402.1319,35418928.351,921179.5248,0.0067757253740103884,0.0067757253740103884,0.007410039847615655,1.0074100398476156,-0.000022206365070442935,0.999867902745357,313.3846807713157,14.401630034967829
