query_ts,assumedLPToken,equityValue,totalDexYield,totalTradingfee,newTotalTradingFee,liquidity,totalVolume,volume,priceImpact,priceEffect,totalReturn,totalEquityVal,impermanentLoss,tokenPrice,quoteTokenPrice,rewardPrice
2022-05-21T10:00:00.000Z,0.02140244912029312,1,0,0.000009435124158027204,-2.0161650127192843e-13,230724371.10450003,1280537.0588,1280537.0588,2.0161650127192843e-13,2.0161650127192843e-13,0,1,0,0.9979080000370943,305.89081223104307,4.474460679415975
2022-05-21T11:00:00.000Z,0.02140244912029312,1.001472446698353,0,0.000019369081618435816,0.000009026461437633415,231071479.0016,2628818.8884,1348281.8296,0.0014634202369152582,0.0014634202369152582,0.0014724466983528917,1.001472446698353,-2.8713170618921424e-8,0.9991289009157959,306.41187815007083,4.475247759998919
2022-05-21T12:00:00.000Z,0.02140244912029312,1.0005980487941464,0,0.000032922783932681717,0.00002141039658165589,230871639.96,4468404.3087,1839585.4203,0.0005766383975647216,0.0005766383975647216,0.0005980487941463775,1.0005980487941464,-2.0271206935262853e-8,0.9982824062390856,306.1288339043526,4.4687666596955244
2022-05-21T13:00:00.000Z,0.02140244912029312,1.0019915606447645,0,0.0000493879876752109,0.00004335664157295582,231194242.45869997,6703165.589,2234761.2803,0.0019482040031915115,0.0019482040031915115,0.0019915606447644674,1.0019915606447645,-2.778878737119683e-7,0.99910701264042,306.71532215468875,4.474882670402863
2022-05-21T14:00:00.000Z,0.02140244912029312,1.0031444187880507,0,0.00006139759103546904,0.00004997254907612714,231449004.8142,8333105.4012,1629939.8122,0.003094446238974591,0.003094446238974591,0.003144418788050718,1.0031444187880507,-0.000004505066058979601,0.997995794304651,307.75979047634013,4.488441649335895
2022-05-21T15:00:00.000Z,0.02140244912029312,1.0065115440114547,0,0.0000828675306388181,0.0000762604905923947,232227237.15670002,11247016.440000001,2913911.0388,0.006435283520862312,0.006435283520862312,0.006511544011454706,1.0065115440114547,-0.000010168178459890598,0.9998108880127744,309.25076503347896,4.556609139209234
2022-05-21T16:00:00.000Z,0.02140244912029312,1.0090082035619645,0,0.00009764266216337948,0.00008950773051030758,232819257.79309997,13252442.420200001,2005425.9802,0.008918695831454215,0.008918695831454215,0.009008203561964523,1.0090082035619645,-0.000025784685147356434,0.9996037875967536,310.84320886717956,4.58987276201643
2022-05-21T17:00:00.000Z,0.02140244912029312,1.011112192209385,0,0.00011638570288284251,0.00011442230324343328,233307607.803,15796463.3803,2544020.9601,0.010997769906141652,0.010997769906141652,0.011112192209385086,1.011112192209385,-0.00004596307549964429,0.999255823738226,312.2343244926092,4.588193288239763
2022-05-21T18:00:00.000Z,0.02140244912029312,1.0084280630402536,0,0.00012660880743086629,0.00011970239798198001,232690452.193,17184073.5655,1387610.1852,0.008308360642271584,0.008308360642271584,0.008428063040253564,1.0084280630402536,-0.000026894569135405,0.9988463208916853,310.7026799123743,4.563180982573551
2022-05-21T19:00:00.000Z,0.02140244912029312,1.0117863907077576,0,0.00013302008870517778,0.00012397557073140497,233466601.03410003,18054299.2163,870225.6508,0.01166241513702615,0.01166241513702615,0.011786390707757555,1.0117863907077576,-0.000053866054984141876,0.999121487257619,312.68703113491193,4.587877405824953
2022-05-21T20:00:00.000Z,0.02140244912029312,1.0108884546832222,0,0.00014953469786125624,0.00014084190018626153,233261085.7253,20295900.9833,2241601.767,0.010747612783035931,0.010747612783035931,0.010888454683222193,1.0108884546832222,-0.00004396741490997336,0.9992188526217534,312.0913746187017,4.572018897040557
2022-05-21T21:00:00.000Z,0.02140244912029312,1.0115316900059035,0,0.00015352012710100776,0.0001429123003406918,233400129.2172,20836839.2156,540938.2323,0.011388777705562791,0.011388777705562791,0.011531690005903483,1.0115316900059035,-0.00004655797558139607,0.9995804627016754,312.37440274679636,4.571065914386393
2022-05-21T22:00:00.000Z,0.02140244912029312,1.0114377805600987,0,0.00015695492697126185,0.00014774717935184256,233378307.3331,21303040.9326,466201.717,0.011290033380746856,0.011290033380746856,0.011437780560098698,1.0114377805600987,-0.00004818796490391186,0.9993154983170568,312.3962186053545,4.566866138395338
2022-05-21T23:00:00.000Z,0.02140244912029312,1.0105075545685451,0,0.0001612761820401599,0.00015138337395259605,233165138.22550002,21889563.8717,586522.9391,0.010356171194592534,0.010356171194592534,0.01050755456854513,1.0105075545685451,-0.000047363665700794755,0.9984768945174766,312.0814207504434,4.562810327348925
2022-05-22T00:00:00.000Z,0.02140244912029312,1.0117186049586537,0,0.00016569960384017857,0.00015612711448431682,233444967.06370002,22489954.9554,600391.0837,0.011562477844169416,0.011562477844169416,0.011718604958653733,1.0117186049586537,-0.00004873550480777311,0.9995291216607345,312.4977596274851,4.568679339925344
2022-05-22T01:00:00.000Z,0.02140244912029312,1.0116563249018362,0,0.00017472608033592747,0.00016545106975018875,233430638.7926,23715118.9611,1225164.0057,0.011490873832086024,0.011490873832086024,0.011656324901836213,1.0116563249018362,-0.0000530598654963077,0.9990299638067395,312.609635604216,4.579553626968821
2022-05-22T02:00:00.000Z,0.02140244912029312,1.014032914202274,0,0.00018630198874770181,0.0001768009236295942,233980433.88579997,25286326.7812,1571207.8201,0.013856113278644333,0.013856113278644333,0.014032914202273927,1.014032914202274,-0.00008391442007205097,0.998712303459731,314.1732359259896,4.59910277211928
2022-05-22T03:00:00.000Z,0.02140244912029312,1.0135354842841644,0,0.00020877496269005306,0.000204029916236248,233576040.33330002,28332825.1535,3046498.3723,0.013331454367928153,0.013331454367928153,0.0135354842841644,1.0135354842841644,-0.00008485587846274179,0.9981231376358136,314.0334142763004,4.585924805412915
2022-05-22T04:00:00.000Z,0.02140244912029312,1.0178756275965577,0,0.0002513037179711096,0.00024200205722624268,234362800.6914,34092894.5018,5760069.3483,0.017633625539331454,0.017633625539331454,0.017875627596557697,1.0178756275965577,-0.0001402503210150563,0.9986375625307843,316.54243382915024,4.621354080879039
2022-05-22T05:00:00.000Z,0.02140244912029312,1.015022098218139,0,0.00026599195983273243,0.0002566822246348188,233713963.51640004,36082331.0274,1989436.5256,0.014765415993504227,0.014765415993504227,0.015022098218139046,1.015022098218139,-0.00009462881960919933,0.998806353647188,314.707400749689,4.640655741752196
2022-05-22T06:00:00.000Z,0.02140244912029312,1.0148199712478105,0,0.0002761197678358032,0.00026854479495797,233633456.4105,37453883.8118,1371552.7844,0.014551426452852567,0.014551426452852567,0.014819971247810537,1.0148199712478105,-0.00008766324038023132,0.9991112000969827,314.4787040646256,4.642957871821173
2022-05-22T07:00:00.000Z,0.02140244912029312,1.0133822555214447,0,0.000284736764114003,0.00027555177101423745,233300634.0433,38620826.6088,1166942.797,0.013106703750430437,0.013106703750430437,0.013382255521444675,1.0133822555214447,-0.00007522982769125885,0.9986616750031426,313.7248581498591,4.6604993599143105
2022-05-22T08:00:00.000Z,0.02140244912029312,1.0143031585697773,0,0.0002946572872570988,0.00028489648905294374,233514857.66200003,39964310.258,1343483.6492,0.01401826208072432,0.01401826208072432,0.014303158569777263,1.0143031585697773,-0.00008055435338494288,0.9991338125400604,314.14115306826307,4.6825941027290305
