query_ts,assumedLPToken,equityValue,totalDexYield,totalTradingfee,newTotalTradingFee,liquidity,totalVolume,volume,priceImpact,priceEffect,totalReturn,totalEquityVal,impermanentLoss,tokenPrice,quoteTokenPrice,rewardPrice
2022-04-01T10:00:00.000Z,0.01847795012526136,1,0.000004703193652247521,0.00002671841371902317,-3.1863400806741993e-13,327360114.2969,5145025.3942,5145025.3942,3.1863400806741993e-13,3.1863400806741993e-13,0.000004703193652247521,1.0000047031936523,-1.1102230246251565e-16,0.9994871680006912,429.300908540568,8.965514302271842
2022-04-01T11:00:00.000Z,0.01847795012526136,1.0023547186232271,0.000009345841300451499,0.000048298758084260545,0.000021563128575152746,328128690.70689994,9300610.921,4155585.5268,0.0023331554946519617,0.0023331554946519617,0.002364064464527566,1.0023640644645275,-0.000004228286235474776,0.9989100450299084,431.55568552733325,8.945016705686765
2022-04-01T12:00:00.000Z,0.01847795012526136,1.0026431711138337,0.000013831005541542421,0.00007512949556650515,0.00004814414560039282,327983445.7288,14463457.3758,5162846.4548,0.002595026968233327,0.002595026968233327,0.002657002119375262,1.0026570021193753,-0.0000030726210081821748,0.9995998192107475,431.4832623420365,8.924395798639491
2022-04-01T13:00:00.000Z,0.01847795012526136,1.0037751669618042,0.000018463589589172405,0.00009929747728492403,0.000058912946763856056,328131918.388,19110787.1962,4647329.8204,0.0037162540150403878,0.0037162540150403878,0.0037936305513934163,1.0037936305513935,-0.0000075251212513505195,0.9993171591354302,432.5711985414928,8.906666017521122
2022-04-01T14:00:00.000Z,0.01847795012526136,1.0046754996380536,0.00002352914488406503,0.00011742472330798799,0.00009464096936828703,330056109.9728,22613825.296699997,3503038.1005,0.004580858668685295,0.004580858668685295,0.004699028782937647,1.0046990287829376,-0.000011982918801445308,0.999162270015136,433.3839284935265,9.085588306024604
2022-04-01T15:00:00.000Z,0.01847795012526136,1.011958180666594,0.00002903396162745653,0.00013710342791403422,0.00011542804527930883,332447884.6263,26416670.023199998,3802844.7265,0.011842752621314734,0.011842752621314734,0.011987214628221499,1.0119872146282216,-0.00006264645047937556,1.0000664913317512,439.2747145871844,9.326735793666378
2022-04-01T16:00:00.000Z,0.01847795012526136,1.014219498560653,0.00003412751629101558,0.00015879465291458825,0.00013630427379318633,333058268.5537,30606760.636699997,4190090.6135,0.01408319428685978,0.01408319428685978,0.01425362607694398,1.014253626076944,-0.00009429526323312398,0.9997386518728263,441.3668571273017,9.391583676781279
2022-04-01T17:00:00.000Z,0.01847795012526136,1.0167827600958288,0.00003963375801644071,0.00017718358736291617,0.0001556147917534112,333299831.8954,34152563.3904,3545802.7537,0.016627145304075386,0.016627145304075386,0.01682239385384524,1.0168223938538452,-0.0001285284370549089,0.9999436137782073,443.49315663740595,9.540346678874977
2022-04-01T18:00:00.000Z,0.01847795012526136,1.019206539867326,0.00004440326123789615,0.00018867507443628154,0.00015837591700540443,334013692.2027,36367847.2397,2215283.8493,0.019048163950320607,0.019048163950320607,0.01925094312856391,1.019250943128564,-0.00016356565380670762,1.0002680870022234,445.4634117298565,9.494569581873483
2022-04-01T19:00:00.000Z,0.01847795012526136,1.026857659378846,0.000049383674702445096,0.00018867507443628154,0.0078094954285254925,334013692.2027,36367847.2397,0,0.019048163950320607,0.019048163950320607,0.026907043053548546,1.0269070430535485,-0.00016356565380670762,1.0002680870022234,445.4634117298565,9.494569581873483
2022-04-01T20:00:00.000Z,0.01847795012526136,1.0174745048589295,0.000053626224654899296,0.0001936654624692812,0.00017752185105401885,330941631.2745,37322649.035,954801.7953,0.01729698300787552,0.01729698300787552,0.01752813108358444,1.0175281310835844,-0.0001589905101887501,0.9988036420398126,444.5846112854589,9.380803552808958
2022-04-01T21:00:00.000Z,0.01847795012526136,1.017476150096805,0.0000585762384972846,0.0001936654624692812,0.0001791670889295105,330941631.2745,37322649.035,0,0.01729698300787552,0.01729698300787552,0.017534726335302318,1.0175347263353023,-0.0001589905101887501,0.9988036420398126,444.5846112854589,9.380803552808958
2022-04-01T22:00:00.000Z,0.01847795012526136,1.017346771643871,0.00006251417896072848,0.00020152357477566606,0.00020538603400854782,330615703.64750004,38824835.3397,1502186.3047,0.01714138560986256,0.01714138560986256,0.017409285822831834,1.0174092858228319,-0.00014324675669552533,0.9995561350161777,444.1140286786571,9.230136104544608
2022-04-01T23:00:00.000Z,0.01847795012526136,1.0175908048774562,0.00006769776230081232,0.00021113686691295923,0.00021466823173166283,330357167.03459996,40660671.052,1835835.7123,0.01737613664572457,0.01737613664572457,0.017658502639757045,1.017658502639757,-0.00014865008596620655,0.9994706118655101,444.3570705255017,9.276788358730366
2022-04-02T00:00:00.000Z,0.01847795012526136,1.020694676867472,0.00007281106090614604,0.00023322711955087825,0.00023835903963531635,330182922.2754,44864165.8399,4203494.7879,0.020456317827836745,0.020456317827836745,0.02076748792837821,1.0207674879283781,-0.0002296742517586825,0.998303905676025,447.5742553472576,9.322819635688676
2022-04-02T01:00:00.000Z,0.01847795012526136,1.0274768206473686,0.00007900513002034462,0.00025755531618365323,0.0002639190308959538,331711885.4151,49484251.2615,4620085.4216,0.027212901616472607,0.027212901616472607,0.027555825777388906,1.027555825777389,-0.00033432043621517415,1.000474669078837,452.5367608443587,9.471173080643123
2022-04-02T02:00:00.000Z,0.01847795012526136,1.0266277146158347,0.00008382030799332343,0.0002783235712710405,0.00028432935088562594,330943090.5624,53422393.5911,3938142.3296,0.02634338526494906,0.02634338526494906,0.02671153492382801,1.026711534923828,-0.00033438139480312934,0.999625428711423,452.15476332767423,9.448810604997613
2022-04-02T03:00:00.000Z,0.01847795012526136,1.0243427015335196,0.00008817494169247591,0.00029513758383531706,0.0003003039870113078,330157255.1251,56610244.4618,3187850.8707,0.024042397546508276,0.024042397546508276,0.02443087647521206,1.0244308764752121,-0.00026016856679178524,1.0004316865761185,449.7668753803845,9.377777078223566
2022-04-02T04:00:00.000Z,0.01847795012526136,1.022566040956245,0.00009243068423477726,0.00031656418795992223,0.00032159680743815144,329504873.7192,60671636.2687,4061391.8069,0.022244444148806775,0.022244444148806775,0.022658471640479703,1.0226584716404796,-0.0002311968428565514,0.999982268900188,448.390340994839,9.30884219666131
2022-04-02T05:00:00.000Z,0.01847795012526136,1.0236177845796894,0.00009684487186697907,0.00032836149434683576,0.0003333697087100074,329762830.36609995,62907255.4314,2235619.1627,0.02328441487097943,0.02328441487097943,0.023714629451556418,1.0237146294515564,-0.00023870179192142515,1.0006529776807656,449.0019815090988,9.262281747829094
2022-04-02T06:00:00.000Z,0.01847795012526136,1.0237342117764034,0.0001024406408035218,0.00034173541150244206,0.0003469123123642781,329755041.58390003,65441298.0153,2534042.5839,0.02338729946403917,0.02338729946403917,0.023836652417206967,1.023836652417207,-0.00027473625546803326,0.9991618812233332,449.7624761145643,9.32356132727544
2022-04-02T07:00:00.000Z,0.01847795012526136,1.0253717757795,0.00010745556516101874,0.00035560678833573064,0.0003613293157078701,328447724.3148,68054996.7984,2613698.7831,0.025010446463792135,0.025010446463792135,0.025479231344661023,1.025479231344661,-0.00029143474154880167,1.000044219364384,450.79221740357696,9.325258241651138
2022-04-02T08:00:00.000Z,0.01847795012526136,1.0244285853531216,0.00011254330136320465,0.0003725519703245614,0.00037799101542401736,327780448.61660004,71244320.9406,3189324.1422,0.02405059433769763,0.02405059433769763,0.02454112865448485,1.0245411286544848,-0.0002883258986801085,0.9992368010724828,450.31191459089877,9.335837971693842
