query_ts,assumedLPToken,equityValue,totalDexYield,totalTradingfee,newTotalTradingFee,liquidity,totalVolume,volume,priceImpact,priceEffect,totalReturn,totalEquityVal,impermanentLoss,tokenPrice,quoteTokenPrice,rewardPrice
2021-09-27T10:00:00.000Z,0.022886878056027758,1,0.000017129337169827545,0.000019078945552939026,3.356204203441848e-13,254528855.8683,2856554.1932,2856554.1932,-3.356204203441848e-13,-3.356204203441848e-13,0.000017129337169827545,1.0000171293371698,0,1.0007139532912028,347.8786450042388,19.22361309765108
2021-09-27T11:00:00.000Z,0.022886878056027758,1.002647538359989,0.00003413215858176716,0.00003091131732057363,0.000012033956063861595,255590761.1537,4630824.1867,1774269.9935,0.0026355044039252373,0.0026355044039252373,0.002681670518570866,1.0026816705185708,-0.000004742157608261799,1.000266103872005,349.87131060484137,19.287893174860162
2021-09-27T12:00:00.000Z,0.022886878056027758,1.001805959769381,0.00005083620297620547,0.00004057274282676469,0.000021617057189615707,255378150.83160004,6079570.6286,1448746.4419,0.0017843427121913003,0.0017843427121913003,0.0018567959723571215,1.0018567959723572,-0.0000023779258500056244,1.0003157073458808,349.26021428807877,19.2290883156985
2021-09-27T13:00:00.000Z,0.022886878056027758,0.999132810246735,0.00006724751240084161,0.00005555149959859073,0.00003661735589854942,254700525.1514,8325693.4352,2246122.8066,-0.0009038071091636013,-0.0009038071091636013,-0.0007999422408642103,0.9992000577591358,-9.327929872959828e-9,0.9996729497962286,347.61170562025427,19.035889993138007
2021-09-27T14:00:00.000Z,0.022886878056027758,0.9984644606303581,0.0000838617650056733,0.0000721194227690517,0.000053874409581489147,254606151.59090003,10810859.621,2485166.1858,-0.001589413779223392,-0.001589413779223392,-0.0014516776046362295,0.9985483223953637,-1.5007434295277733e-7,0.9996709327712131,347.1354887260667,18.957824727607793
2021-09-27T15:00:00.000Z,0.022886878056027758,0.9946616700031505,0.00009968771259312711,0.00009368353082095328,0.00007450714428058891,253878670.872,14048535.9168,3237676.2958,-0.005412837141130056,-0.005412837141130056,-0.00523864228425634,0.9947613577157437,-0.00001310024235845475,1.0004049097243437,344.2291224311693,18.757966356855242
2021-09-27T16:00:00.000Z,0.022886878056027758,0.9956607983903569,0.00011676723880211686,0.00012639406115220884,0.00010749226216621999,254271199.7797,18962414.5831,4913878.6663,-0.004446693871809293,-0.004446693871809293,-0.004222434370840956,0.9957775656291591,-0.000006636770612744591,0.999900390908608,345.0722414654832,18.81893339657464
2021-09-27T17:00:00.000Z,0.022886878056027758,0.9901002994306591,0.00013195802074498234,0.000140852779992158,0.00012159999155048062,252851812.8224,21134454.2022,2172039.6191,-0.010021300560891344,-0.010021300560891344,-0.009767742548595882,0.9902322574514041,-0.00004314475452305011,0.9999312307689828,341.20806900642486,18.604163338655024
2021-09-27T18:00:00.000Z,0.022886878056027758,0.9904519114033579,0.00014885465419343398,0.0001555099463743554,0.00013727395926332875,252952395.88050002,23336399.4562,2201945.254,-0.009685362555905463,-0.009685362555905463,-0.0093992339424487,0.9906007660575513,-0.00004348512657526005,1.0003071282512948,341.3113715380081,18.6545680121904
2021-09-27T19:00:00.000Z,0.022886878056027758,0.9885977897786158,0.00016524883877942846,0.00016485288495158217,0.00014601803467528818,252506843.02089998,24740144.0682,1403744.612,-0.0115482282560595,-0.0115482282560595,-0.011236961382604785,0.9887630386173952,-0.00005887252090008843,0.9999495778556186,340.1500915301982,18.630627442667873
2021-09-27T20:00:00.000Z,0.022886878056027758,0.9901154832286827,0.00018165488401730774,0.00017411886411265777,0.00015520811113289845,252896797.91960004,26132338.359899998,1392194.2917,-0.010039724882450196,-0.010039724882450196,-0.00970286188729999,0.9902971381127,-0.00004918904910933275,1.0005421593492418,340.98703574389964,18.642030661444675
2021-09-27T21:00:00.000Z,0.022886878056027758,0.9854242916626837,0.00019665730168483942,0.0001886781822251022,0.0001692106268084137,251698780.7504,28319847.854,2187509.4941,-0.014744918964124665,-0.014744918964124665,-0.014379051035631411,0.9856209489643686,-0.00010713358073011214,1.00049763735704,337.76840591825095,18.50385306140712
2021-09-27T22:00:00.000Z,0.022886878056027758,0.9892692992214603,0.0002152275982784632,0.00020287782160545713,0.00018430209967645883,252685880.3023,30453358.769899998,2133510.9159,-0.010915002878216118,-0.010915002878216118,-0.010515473180261196,0.9894845268197388,-0.000055981833384621815,1.0003202766094044,340.4598329734036,18.69805138231452
2021-09-27T23:00:00.000Z,0.022886878056027758,0.9917871568547513,0.0002327057915256318,0.00021349996272574266,0.00019510690889845694,253333145.0468,32049372.713999998,1596013.9441,-0.008407950054147184,-0.008407950054147184,-0.007980137353723096,0.992019862646277,-0.00003174772147718219,1.0002387389837797,342.21585510857034,18.786598919276766
2021-09-28T00:00:00.000Z,0.022886878056027758,0.983193186303908,0.0002445528526020883,0.00022556288317078683,0.000205334700540738,251162720.54829997,33862047.416099995,1812674.7021,-0.017012148396632787,-0.017012148396632787,-0.01656226084348996,0.98343773915651,-0.00014264765363802834,1.0004469720224671,336.23270319762685,18.419411508569723
2021-09-28T01:00:00.000Z,0.022886878056027758,0.9847345426780033,0.00026068352606192405,0.0002429844662945474,0.00022297809077398423,251598655.5078,36480398.2169,2618350.8008,-0.015488435412770674,-0.015488435412770674,-0.015004773795934765,0.9849952262040652,-0.00011773869680298255,1.0004501910840156,337.2748032092352,18.417305361909552
2021-09-28T02:00:00.000Z,0.022886878056027758,0.9852248786374848,0.0002764772449211924,0.00025550704450978104,0.00023575524335195386,251731342.86759996,38362515.642,1882117.4251,-0.015010876605867196,-0.015010876605867196,-0.01449864411759405,0.985501355882406,-0.00011029161463704806,1.0004418432094553,337.6049045821229,18.412131050345145
2021-09-28T03:00:00.000Z,0.022886878056027758,0.986234103905094,0.00029389126396415734,0.0002672321431912792,0.00024981760326892033,252281017.744,40126814.532,1764298.89,-0.014015713698174892,-0.014015713698174892,-0.013472004830941815,0.9865279951690582,-0.00009524839532459861,1.000401523089317,338.3010674484984,18.48571834605088
2021-09-28T04:00:00.000Z,0.022886878056027758,0.9877882300471311,0.00031109250447800484,0.0002753779263945903,0.0002562008841097141,252686487.2558,41352564.9767,1225750.4447,-0.012467970836978592,-0.012467970836978592,-0.011900677448390873,0.9880993225516091,-0.00006975137946019228,0.9999788225230029,339.50744554786894,18.563494930541953
2021-09-28T05:00:00.000Z,0.022886878056027758,0.9885120273711145,0.00032710579546928317,0.00028432276374884714,0.0002653119867144227,251408080.7049,42690764.3994,1338199.4227,-0.01175328461559988,-0.01175328461559988,-0.011160866833416173,0.9888391331665838,-0.000054710282111458675,0.9993516752771032,340.2124006210218,18.551548513085333
2021-09-28T06:00:00.000Z,0.022886878056027758,0.986886080898897,0.0003421117296437277,0.0002940220922137868,0.0002748564190996339,250976957.3792,44141738.0387,1450973.6393,-0.013388775520202678,-0.013388775520202678,-0.012771807371459316,0.9872281926285407,-0.00007658603805615893,0.9996112264672088,338.999224153496,18.478792166748942
2021-09-28T07:00:00.000Z,0.022886878056027758,0.9849487046001918,0.0003557723761370722,0.0003051211180573745,0.00028531655667329847,251929797.5858,45811682.0368,1669943.9981,-0.015336611956481505,-0.015336611956481505,-0.014695523023671135,0.9853044769763288,-0.00011078459142743746,1.0001441619775375,337.48206770693577,18.33757043128976
2021-09-28T08:00:00.000Z,0.022886878056027758,0.979290170460474,0.00036699837681118837,0.0003189336098745971,0.0002974617168660654,250469756.63869998,47889784.7164,2078102.6796,-0.021007291256392113,-0.021007291256392113,-0.02034283116271486,0.9796571688372852,-0.00021583005304559588,1.000260948625741,333.56718968872883,18.101217605881725
