query_ts,assumedLPToken,equityValue,totalDexYield,totalTradingfee,newTotalTradingFee,liquidity,totalVolume,volume,priceImpact,priceEffect,totalReturn,totalEquityVal,impermanentLoss,tokenPrice,quoteTokenPrice,rewardPrice
2022-04-06T10:00:00.000Z,0.018218365749813867,1,0.000004971057648251962,0.000017960594092819753,-7.669420654110581e-13,313892259.6815001,3316289.0636,3316289.0636,7.669420654110581e-13,7.669420654110581e-13,0.000004971057648251962,1.0000049710576482,0,1.0000705394433158,439.83297311894773,9.09999436236891
2022-04-06T11:00:00.000Z,0.018218365749813867,0.9979981309921483,0.000009876707019498777,0.000038750121444578006,0.000020768442029472922,313267858.4118,7154968.0696,3838679.006,-0.0020226374498811817,-0.0020226374498811817,-0.00199199230083221,0.9980080076991678,-0.000002055437468007071,1.000073384909158,438.05428083553005,9.028804409355091
2022-04-06T12:00:00.000Z,0.018218365749813867,0.9961611086368557,0.00001451431030721891,0.00006540594070573742,0.000047558714018292036,312880332.0807,12079804.1992,4924836.1296,-0.0038864500771625954,-0.0038864500771625954,-0.0038243770528370844,0.9961756229471629,-0.000012006300664446634,1.0010773849171863,435.9819033444274,8.868232367703841
2022-04-06T13:00:00.000Z,0.018218365749813867,0.993940068036063,0.000019248959915831256,0.00008668048832150666,0.0000684276395097605,312170631.7209,16010262.945500001,3930458.7463,-0.006128359603446709,-0.006128359603446709,-0.0060406830040211175,0.9939593169959788,-0.000015375180836718627,0.9994687994071965,434.7201526534169,8.813606426863085
2022-04-06T14:00:00.000Z,0.018218365749813867,0.9874507594302463,0.000023898549292694734,0.0001237069902226971,0.00010493102770292584,310203618.8989,22852453.6057,6842190.6602,-0.012654171597456632,-0.012654171597456632,-0.012525342020461011,0.987474657979539,-0.00007369718123684255,0.9994767371882148,429.0266979379296,8.753030196502026
2022-04-06T15:00:00.000Z,0.018218365749813867,0.98516772337046,0.00002839243056959169,0.00015785648788508157,0.00013806768342139453,310151518.9386,29176559.687700003,6324106.082,-0.014970344312961403,-0.014970344312961403,-0.014803884198970416,0.9851961158010296,-0.0001075493229159008,0.9996539648521837,426.9404825342361,8.678006137640557
2022-04-06T16:00:00.000Z,0.018218365749813867,0.9846723588295083,0.00003300714586281221,0.00018319257601867077,0.00016362931516944457,310033263.53950006,33869091.0339,4692531.3462,-0.015491270485661124,-0.015491270485661124,-0.015294634024628866,0.9847053659753712,-0.00011158790227061566,0.9993979686344768,426.59827819947236,8.645872326838338
2022-04-06T17:00:00.000Z,0.018218365749813867,0.9802294054145536,0.00003702347224252977,0.0001994240486216465,0.00017961343664307794,307927447.6005,36868458.3768,2999367.3429,-0.019950208022089466,-0.019950208022089466,-0.019733571113203858,0.9802664288867962,-0.00020530556122033694,1.000183928759018,422.41061930176886,8.499060066830735
2022-04-06T18:00:00.000Z,0.018218365749813867,0.9829801815255236,0.000041366762364154495,0.00021768901148553867,0.00019798433165385543,308754040.3896,40243178.3732,3374719.9964,-0.017217802806130278,-0.017217802806130278,-0.016978451712112267,0.9830215482878877,-0.00015969886203892614,1.000575840909667,424.602910667823,8.43706627911297
2022-04-06T19:00:00.000Z,0.018218365749813867,0.9844327313202856,0.00004668492654740707,0.00024121854096566427,0.00022240306512322228,309213974.97129995,44590656.214,4347477.8408,-0.015789671744837586,-0.015789671744837586,-0.015520583753166957,0.984479416246833,-0.00010015743251357012,0.9983101638857619,426.80427580277774,8.565677246618744
2022-04-06T20:00:00.000Z,0.018218365749813867,0.9848954129912074,0.00005164148453832574,0.0002495853800913635,0.00023022808667938488,309359770.1558,46136573.302600004,1545917.0886,-0.015334815095471965,-0.015334815095471965,-0.015052945524254254,0.9849470544757457,-0.00012191393444371812,1.0002327364987762,426.37773575796524,8.610521891449482
2022-04-06T21:00:00.000Z,0.018218365749813867,0.9861576178107296,0.00005657396448373968,0.0002564928115229619,0.00023784741903809525,309757145.99719995,47412843.57040001,1276270.2678,-0.014080229608308459,-0.014080229608308459,-0.013785808224786623,0.9862141917752134,-0.00010628574791304857,1.0004708288388833,427.3632158669478,8.64418795870677
2022-04-06T22:00:00.000Z,0.018218365749813867,0.9853124005905388,0.00006127580919853248,0.00026163712235055395,0.00024235672572647804,309444086.58849996,48363200.0385,950356.4681,-0.01492995613518766,-0.01492995613518766,-0.01462632360026265,0.9853736763997374,-0.00011172423317373781,0.9999768960661156,426.83760717189165,8.640033516954523
2022-04-06T23:00:00.000Z,0.018218365749813867,0.9820171857826581,0.00006545778376559859,0.00026905427997195666,0.00024929509178495124,308597297.27879995,49734276.38640001,1371076.3479,-0.018232109309126887,-0.018232109309126887,-0.017917356433576337,0.9820826435664236,-0.00016869124697083127,1.0000394411796358,423.95419553535413,8.568797337245554
2022-04-07T00:00:00.000Z,0.018218365749813867,0.9771175416861171,0.00006911265266002997,0.0002853965038421621,0.00026404786934042246,307080542.05340004,52755394.633700006,3021118.2473,-0.023146506183223337,-0.023146506183223337,-0.022813345661222884,0.9771866543387772,-0.0002670862072787772,0.9997667136064113,419.83497281225806,8.442726679448038
2022-04-07T01:00:00.000Z,0.018218365749813867,0.9746559081994753,0.00007374866912595492,0.0003178448069475605,0.0002957020898609608,306048298.2791,58748911.2251,5993516.5914,-0.02563979389038562,-0.02563979389038562,-0.025270343131398705,0.9747296568686012,-0.0003247549434659547,0.999585333840499,417.7703555541436,8.44433929523364
2022-04-07T02:00:00.000Z,0.018218365749813867,0.9808461025807346,0.00007952220068124806,0.00033868604348682643,0.0003185856186128655,307801576.7415,62596109.1652,3847197.9401,-0.019472483037878296,-0.019472483037878296,-0.019074375218584183,0.9809256247814159,-0.00019535966093153778,1.000174213213244,422.8266347711204,8.568006628842173
2022-04-07T03:00:00.000Z,0.018218365749813867,0.9813406100295605,0.00008451374040546477,0.0003556961708637858,0.0003380638639038924,307952769.5021,65736060.938200004,3139951.773,-0.01899745383434337,-0.01899745383434337,-0.018574876230034013,0.9814251237699659,-0.0001841132448241467,1.0000810170303207,423.2758624685562,8.598322666174399
2022-04-07T04:00:00.000Z,0.018218365749813867,0.9825748708273978,0.00008979754407327681,0.0003852828715367831,0.00036808209278760273,307019279.9886,71174166.318,5438105.3798,-0.017793211265389797,-0.017793211265389797,-0.01733533162852892,0.982664668371471,-0.00016608392334471755,1.0003439162793646,424.2041820775964,8.651611457338788
2022-04-07T05:00:00.000Z,0.018218365749813867,0.9862227024195439,0.00009617794416369159,0.0004039885876795874,0.00038648487900594386,308376347.54230005,74614744.9303,3440578.6123,-0.014163782459462038,-0.014163782459462038,-0.013681119636292403,0.9863188803637076,-0.00009131402811934919,0.9993202309876391,427.7827584953412,8.800187322007533
2022-04-07T06:00:00.000Z,0.018218365749813867,0.9875989017361231,0.00010107839677992924,0.000430340575611464,0.00041558248936302,308806561.6087,79461715.549,4846970.6187,-0.01281668075323994,-0.01281668075323994,-0.01230001986709699,0.987699980132903,-0.00008530971245090946,1.0002336426369678,428.56093096706013,8.805948030575413
2022-04-07T07:00:00.000Z,0.018218365749813867,0.990216979209782,0.00010623627161617492,0.0004511734080186096,0.00043516249773423166,309475579.5408,83291685.8552,3829970.3062,-0.01021818328795221,-0.01021818328795221,-0.009676784518601803,0.9903232154813982,-0.00004657710432987017,0.9994517700980472,431.1570767310532,8.832047061542163
2022-04-07T08:00:00.000Z,0.018218365749813867,0.9914652206138869,0.00011267111451951946,0.00047270033829878417,0.00045848863418740393,309865559.2029,87249259.48809999,3957573.6329,-0.008993268020300538,-0.008993268020300538,-0.008422108271593615,0.9915778917284064,-0.000041121091357565476,1.0001054939300278,431.9423774300127,8.958685434230286
