query_ts,assumedLPToken,equityValue,totalDexYield,totalTradingfee,newTotalTradingFee,liquidity,totalVolume,volume,priceImpact,priceEffect,totalReturn,totalEquityVal,impermanentLoss,tokenPrice,quoteTokenPrice,rewardPrice
2021-08-24T10:00:00.000Z,0.019558829574802362,1,0.00002363054867708299,0.00003245788941468226,3.774758283725532e-13,247457581.74269998,4724676.8611,4724676.8611,-3.774758283725532e-13,-3.774758283725532e-13,0.00002363054867708299,1.0000236305486772,-1.1102230246251565e-16,1.0009766540021199,492.70428053835195,25.063282830444006
2021-08-24T11:00:00.000Z,0.019558829574802362,0.9943146026505526,0.00004693814328416551,0.00006473544837656782,0.00003176184244979563,246251819.5251,9426945.0481,4702268.187,-0.005717159191897192,-0.005717159191897192,-0.005638459206163231,0.9943615407938368,-0.000005664063187582613,0.9986093167306713,488.24135161603687,24.902450539793055
2021-08-24T12:00:00.000Z,0.019558829574802362,0.9997332042998013,0.00006873160229429547,0.0000886752856143086,0.0000569439666531224,247636566.1207,12915157.4617,3488212.4136,-0.0003237396668518411,-0.0003237396668518411,-0.0001980640979044232,0.9998019359020955,-1.377778692246423e-7,1.0001274593641725,492.80339402101174,24.980404162841555
2021-08-24T13:00:00.000Z,0.019558829574802362,0.9963666051817275,0.00009105554604003188,0.00011348679338617778,0.00008194464616906316,246809306.7735,16530476.2871,3615318.8254,-0.0037153394644415805,-0.0037153394644415805,-0.0035423392722324855,0.9964576607277675,-0.00000203745249327536,0.9992728245291032,489.8838184801325,24.73255196584284
2021-08-24T14:00:00.000Z,0.019558829574802362,0.9885152812368341,0.00011188817901955883,0.00016051456739246518,0.00012722727398573053,244907071.70589998,23384150.243,6853673.9559,-0.011611946037151655,-0.011611946037151655,-0.011372830584146365,0.9886271694158536,-0.00005339374872836977,0.9996303880691811,481.97643977297105,24.121031338038403
2021-08-24T15:00:00.000Z,0.019558829574802362,0.9876335238544115,0.00013464062416176318,0.0002268508727197203,0.00019349097703724727,245516049.12620002,33084478.2221,9700327.9791,-0.012559967122625748,-0.012559967122625748,-0.012231835521426739,0.9877681644785733,-0.00006430809555058037,0.999677930764028,481.0294214201511,24.07207554780531
2021-08-24T16:00:00.000Z,0.019558829574802362,0.9782114928535467,0.00015395476988927983,0.00029438345865202495,0.0002592321482181026,243711840.7146,42981586.5071,9897108.285,-0.02204773929467141,-0.02204773929467141,-0.021634552376564028,0.978365447623436,-0.00022960893933410276,1.0001131804620977,471.62459243605275,23.519821521417825
2021-08-24T17:00:00.000Z,0.019558829574802362,0.9750636494061757,0.00017498067360865573,0.0003642482961434348,0.0003283991067173364,244583742.0965,53290297.1757,10308710.6686,-0.0252647497005416,-0.0252647497005416,-0.024761369920215607,0.9752386300797844,-0.00029200020099229285,0.999555934029988,468.78804346903166,23.355870752898046
2021-08-24T18:00:00.000Z,0.019558829574802362,0.9747131568622546,0.00019741266415952157,0.0004020831581612488,0.0003670575346249594,244556548.9893,58874300.9173,5584003.7416,-0.02565390067237039,-0.02565390067237039,-0.02508943047358591,0.9749105695264141,-0.00028155899348647484,0.9987211870438034,468.80531022827324,23.396635849312645
2021-08-24T19:00:00.000Z,0.019558829574802362,0.979805961102274,0.00022124544370700884,0.00043670377297969667,0.00040523747968135293,246052428.0857,63988450.6317,5114149.7144,-0.020599276377407327,-0.020599276377407327,-0.019972793454018964,0.9800272065459811,-0.00019564047858289246,0.9999442137099731,473.1026201700466,23.580581573637538
2021-08-24T20:00:00.000Z,0.019558829574802362,0.9858010285087159,0.0002481457772303936,0.00046767602064106794,0.0004379470804971586,247556771.75689998,68563642.9699,4575192.3382,-0.014636918571781288,-0.014636918571781288,-0.013950825714053736,0.9860491742859463,-0.00010099228396187598,1.0004439063219148,478.64123854306143,24.035186400963646
2021-08-24T21:00:00.000Z,0.019558829574802362,0.9856489010314893,0.0002721333565023051,0.00048795863448370064,0.0004567818798781875,247600132.7549,71560759.4542,2997116.4843,-0.01480788084838891,-0.01480788084838891,-0.014078965612008417,0.9859210343879916,-0.00009671164483759931,0.9999657966062643,478.7039341593174,24.14913284048265
2021-08-24T22:00:00.000Z,0.019558829574802362,0.9822450553457852,0.00029229655171667755,0.0005053011944028934,0.0004726165693472728,246752076.55480003,74123503.4803,2562744.0261,-0.01822756122356206,-0.01822756122356206,-0.01746264810249811,0.9825373518975019,-0.00015299770530996515,1.0000742900168509,475.33489027987247,23.932359839534076
2021-08-24T23:00:00.000Z,0.019558829574802362,0.9861840078480459,0.0003174098500539882,0.0005320167894397629,0.000504005557855014,248047672.3783,78076196.8504,3952693.3701,-0.014319997709809074,-0.014319997709809074,-0.013498582301900071,0.9865014176981,-0.00009150896892895499,1.0000815904685811,479.12269411762975,24.125040633012585
2021-08-25T00:00:00.000Z,0.019558829574802362,0.9775213962717464,0.00033351328741191785,0.0005604902694905609,0.0005310336159576323,245787328.5342,82287580.8504,4211384,-0.023009637344211242,-0.023009637344211242,-0.022145090440841692,0.9778549095591583,-0.00023206445207346604,0.9992437068873843,471.1068526426879,23.652411903308167
2021-08-25T01:00:00.000Z,0.019558829574802362,0.9857518797204659,0.0003612674696163613,0.0005962990968968587,0.0005657291222515015,247874556.03250003,87584282.6802,5296701.8298,-0.01481384940178565,-0.01481384940178565,-0.013886852809917787,0.9861131471900823,-0.00009818062196698119,1.0000649781246407,478.650659024864,24.01357843309283
2021-08-25T02:00:00.000Z,0.019558829574802362,0.9855942040937156,0.00038448343783099355,0.000626962966359973,0.0005967201451746451,247743366.5967,92118287.02489999,4534004.3447,-0.01500251605145908,-0.01500251605145908,-0.014021312468453442,0.9859786875315466,-0.000087974905781385,0.9991254615743169,478.91727144129,24.047710523316578
2021-08-25T03:00:00.000Z,0.019558829574802362,0.988916326386395,0.0004100892138287454,0.0006538593984233251,0.0006249595538971864,247366388.3112,96075841.372,3957554.3471,-0.011708633167502147,-0.011708633167502147,-0.010673584399776215,0.9893264156002238,-0.000043528007841242555,0.9985300903063222,482.41314194072174,24.212523745970362
2021-08-25T04:00:00.000Z,0.019558829574802362,0.9846703876349695,0.0004294185739101,0.000691093741784938,0.0006614026113177518,246415595.2064,101556996.33829999,5481154.9663,-0.01599101497634825,-0.01599101497634825,-0.014900193791120397,0.9850998062088796,-0.0001070424150604321,0.999488348090528,477.78298158096044,24.056258924959764
2021-08-25T05:00:00.000Z,0.019558829574802362,0.9864805166219283,0.00045184106041316896,0.0007757379252415185,0.000746498548878427,247026358.48220003,114025174.0261,12468177.6878,-0.014265981926950166,-0.014265981926950166,-0.01306764231765857,0.9869323576823414,-0.0000688985897007166,0.9983478656867693,480.0073406358656,24.036234766707295
2021-08-25T06:00:00.000Z,0.019558829574802362,0.9966728828242766,0.0004830063883400545,0.0008058870747661275,0.0007836431775078978,249624379.56050003,118466989.271,4441815.2449,-0.004110760353231324,-0.004110760353231324,-0.002844110787383372,0.9971558892126167,-0.000007597813942772369,1.0007553991278146,488.7698651839487,24.463062821108565
2021-08-25T07:00:00.000Z,0.019558829574802362,1.0004775570631068,0.0005177450590060902,0.0008482502361247589,0.0008314979501793385,250459755.0288,124705343.5226,6238354.2516,-0.0003539408870725236,-0.0003539408870725236,0.000995302122112905,1.000995302122113,-2.091479661681106e-7,0.9999754160766253,492.84854306630046,25.034476701111075
2021-08-25T08:00:00.000Z,0.019558829574802362,0.9948065998195493,0.0005463924620219829,0.0008914177797761325,0.0008692757964444686,249387043.2865,131071006.57349999,6365663.0509,-0.006062675976895138,-0.006062675976895138,-0.004647007718428686,0.9953529922815714,-0.000008909912015964139,0.9991168080268035,487.65425446520004,25.262269817371177
