query_ts,assumedLPToken,equityValue,totalDexYield,totalTradingfee,newTotalTradingFee,liquidity,totalVolume,volume,priceImpact,priceEffect,totalReturn,totalEquityVal,impermanentLoss,tokenPrice,quoteTokenPrice,rewardPrice
2021-07-10T10:00:00.000Z,0.02498650514400476,1,0.000014318629413772754,0.000015985706347398446,9.865441796819141e-13,241346271.28280002,2269465.0245,2269465.0245,-9.865441796819141e-13,-9.865441796819141e-13,0.000014318629413772754,1.0000143186294137,0,1.000030542643541,314.99626844943805,14.59818082887019
2021-07-10T11:00:00.000Z,0.02498650514400476,0.9956850691052963,0.000028369510936590124,0.000025010797024305762,0.000006460092030646791,240323939.0059,3550844.2388,1281379.2143,-0.004321390986734341,-0.004321390986734341,-0.004286561383767104,0.9957134386162328,-0.000009780149047733389,1.0001225150995363,312.2509891387777,14.462282647140992
2021-07-10T12:00:00.000Z,0.02498650514400476,0.999238202970739,0.00004300437838389064,0.000037297378716310535,0.00001888433891639174,237285134.3815,5267106.4217,1716262.1829,-0.0007806813681774383,-0.0007806813681774383,-0.0007187926508771559,0.9992812073491228,-0.0000011260950585345597,1.000750568020395,314.2783555129764,14.535579419986433
2021-07-10T13:00:00.000Z,0.02498650514400476,0.9982651516094374,0.00005788170089354871,0.00004846056463839034,0.0000307159148518199,237040264.9007,6826355.3499,1559248.9282,-0.0017655643054144132,-0.0017655643054144132,-0.0016769666896690445,0.998323033310331,-0.0000012346513974526019,0.9998348334153713,313.94639835681284,14.632984303215027
2021-07-10T14:00:00.000Z,0.02498650514400476,0.9973124601020686,0.00007222359895633913,0.000057060454959961095,0.00003946918893782403,236816179.10889998,8027579.6041,1201224.2542,-0.002727009086869181,-0.002727009086869181,-0.002615316298975018,0.997384683701025,-0.000004606505355164714,1.0003351641810856,313.18521552365013,14.583083525757054
2021-07-10T15:00:00.000Z,0.02498650514400476,0.998015143827584,0.00008770471633273316,0.00006759574499967514,0.000049124584500570556,236852812.59510002,9498330.0411,1470750.437,-0.0020339807569165202,-0.0020339807569165202,-0.0018971514560832165,0.9981028485439167,-0.0000029563090774287204,1.0004261714326792,313.59211663684925,14.73999384419145
2021-07-10T16:00:00.000Z,0.02498650514400476,1.002941098804373,0.00010460354047356566,0.0000830140003193017,0.00006587553993542272,237883161.1216,11649499.2148,2151169.1737,0.0028752232644375653,0.0028752232644375653,0.0030457023448465536,1.0030457023448465,-0.0000029699055162923926,1.0004645720045178,316.67280059853874,15.054622305141539
2021-07-10T17:00:00.000Z,0.02498650514400476,1.0056845220180204,0.00012075186222496476,0.00009551006887043381,0.00007858254073722648,238466358.31160003,13392468.8624,1742969.6476,0.005605939477283162,0.005605939477283162,0.005805273880245353,1.0058052738802454,-0.00002075909013032895,0.9991776491669928,318.8097702000233,15.195210234697875
2021-07-10T18:00:00.000Z,0.02498650514400476,0.9974641731165276,0.0001331681279441685,0.0001261127532958988,0.0001089126235197524,236638671.87260002,17663168.3601,4270699.4977,-0.0026447395069921775,-0.0026447395069921775,-0.0024026587555282565,0.9975973412444717,-0.0000014386340970728995,0.9990789758070738,313.63073707974763,14.889418968218022
2021-07-10T19:00:00.000Z,0.02498650514400476,0.9985193917104757,0.00014779547253594233,0.00013434743086368272,0.00011661171272292492,240918532.1368,18831890.9287,1168722.5686,-0.0015972200022472682,-0.0015972200022472682,-0.001332812816988401,0.9986671871830116,-9.408451504544502e-7,0.9998038122161376,314.06204060543445,14.891243263345224
2021-07-10T20:00:00.000Z,0.02498650514400476,0.9990245155127953,0.00016260743464246904,0.00014619809298964417,0.00012798489058885032,240991051.40179998,20513474.6135,1681583.6848,-0.0011034693777935978,-0.0011034693777935978,-0.0008128770525622784,0.9991871229474377,-0.0000021001084721250507,1.0009763847580875,314.0044849357171,14.909369932901635
2021-07-10T21:00:00.000Z,0.02498650514400476,0.9973080974632678,0.00017649023519713852,0.00015196617273182636,0.00013344782965618585,240507053.5606,21331714.9452,818240.3317,-0.002825350366388424,-0.002825350366388424,-0.0025154123015350997,0.9974845876984649,-0.0000033177690929031556,0.9997771752056495,313.2982104362841,14.845983863348179
2021-07-10T22:00:00.000Z,0.02498650514400476,0.9973415010849469,0.0001900418543774712,0.000156032444096505,0.0001374539354094262,240488079.9469,21908477.6448,576762.6996,-0.002795952850462524,-0.002795952850462524,-0.0024684570606756267,0.9975315429393243,-9.190215413124037e-7,0.9985874169810643,313.68998169415397,14.76640262888215
2021-07-10T23:00:00.000Z,0.02498650514400476,1.0015373419459837,0.00020611842350309507,0.00016186037901175964,0.00014420415650651108,241520165.8049,22735185.3908,826707.746,0.001393137789477139,0.001393137789477139,0.0017434603694867453,1.0017434603694868,-0.0000010822586186121086,0.9999514811267403,315.8995209479134,14.88047872814029
2021-07-11T00:00:00.000Z,0.02498650514400476,1.00085856684526,0.00022179532537067287,0.00017016671787629657,0.00015329528719654206,241400005.44039997,23913673.884999998,1178488.4942,0.0007052715580635471,0.0007052715580635471,0.001080362170630762,1.0010803621706308,-0.0000027235374983058946,0.9984029422017519,315.9549736985317,14.952684873304475
2021-07-11T01:00:00.000Z,0.02498650514400476,1.0031900585372626,0.00023827909721495263,0.00017844566903254516,0.00016141554289816895,241966403.6047,25088296.229399998,1174622.3444,0.00302864299436445,0.00302864299436445,0.0034283376344775717,1.0034283376344775,-0.000006723014765008806,0.9993879024005128,317.1109623347672,15.066960203627252
2021-07-11T02:00:00.000Z,0.02498650514400476,1.0039780426057763,0.00025407662216000163,0.00018596063530616118,0.00016833464525989328,241868921.35650003,26153257.722799998,1064961.4934,0.003809707960516384,0.003809707960516384,0.004232119227936279,1.0042321192279362,-0.000008163588334331173,0.9997923292792658,317.4765526972528,15.125879215507663
2021-07-11T03:00:00.000Z,0.02498650514400476,1.0003969126356316,0.0002668367555701849,0.00019380787212518218,0.0001756178279264109,241039983.2967,27265462.171499997,1112204.4487,0.00022129480770516352,0.00022129480770516352,0.0006637493912017593,1.0006637493912018,-0.00000290289458926285,0.9978446152454375,315.82604968304435,15.007582059264552
2021-07-11T04:00:00.000Z,0.02498650514400476,0.9988034610886453,0.00027904833929939566,0.00020284450906611656,0.00018603608068124,240661641.41789997,28546272.391099997,1280810.2196,-0.0013825749920359787,-0.0013825749920359787,-0.000917490572055343,0.9990825094279446,-9.31357073796768e-7,1.0000118240087166,314.1317385807383,14.870027915376294
2021-07-11T05:00:00.000Z,0.02498650514400476,0.998114804604716,0.0002911725407284041,0.0002224676433904071,0.00020387792151232986,240488042.0217,31327473.971099995,2781201.58,-0.0020890733167963083,-0.0020890733167963083,-0.0015940228545555744,0.9984059771454444,-0.0000037468605467161353,1.000676983208574,313.47890327654164,14.741747205437955
2021-07-11T06:00:00.000Z,0.02498650514400476,0.9998415947424264,0.0003074118412176546,0.00022866780227279198,0.00021063847061386642,240860267.22210002,32206067.291299995,878593.3202,-0.0003690437281874681,-0.0003690437281874681,0.00014900658364405293,1.000149006583644,-3.219335908966059e-11,0.9996534662716255,314.88254769818707,14.82397111142661
2021-07-11T07:00:00.000Z,0.02498650514400476,0.9992562231308068,0.00032234731575070744,0.00024251684010446166,0.00022481513229910544,240640707.1192,34167904.10159999,1961836.8103,-0.0009685920014923521,-0.0009685920014923521,-0.00042142955344253927,0.9995785704465575,-1.019694572113039e-7,0.9995131952990083,314.549084401467,14.838486820988365
2021-07-11T08:00:00.000Z,0.02498650514400476,1.000758729805825,0.00033858105895855355,0.00024843663540722775,0.00023045101090879427,240972339.46840003,35006389.79829999,838485.6967,0.0005282787949161261,0.0005282787949161261,0.0010973108647834738,1.0010973108647834,-4.010173521029614e-7,0.9996631741690339,315.44504908410056,14.908825409851811
