query_ts,assumedLPToken,equityValue,totalDexYield,totalTradingfee,newTotalTradingFee,liquidity,totalVolume,volume,priceImpact,priceEffect,totalReturn,totalEquityVal,impermanentLoss,tokenPrice,quoteTokenPrice,rewardPrice
2021-11-26T10:00:00.000Z,0.016988524317059762,1,0.000007556782955085478,0.00010755039931825408,-5.81756864903582e-13,292472134.564,18503232.1463,18503232.1463,5.81756864903582e-13,5.81756864903582e-13,0.000007556782955085478,1.0000075567829552,0,0.9995239046246042,580.1560474958965,12.370698403471684
2021-11-26T11:00:00.000Z,0.016988524317059762,0.9971556980983126,0.00001535706359885614,0.0001612000843620218,0.000053959595910146874,288689894.6996,27639879.5099,9136647.3636,-0.002898261497597532,-0.002898261497597532,-0.0028289448380885286,0.9971710551619115,-0.000007849021480210716,1.0005835804264225,576.1871704586998,12.406050864690174
2021-11-26T12:00:00.000Z,0.016988524317059762,0.9923557328789864,0.000023475706798016952,0.00023100631642032236,0.00012164467699593562,286533346.0945,39496285.6586,11856406.1487,-0.0077659117980095616,-0.0077659117980095616,-0.007620791414215609,0.9923792085857844,-0.00003477753594316457,1.0000676592109048,570.8695941458374,12.42231194118842
2021-11-26T13:00:00.000Z,0.016988524317059762,1.0041152294701956,0.000032514832086002755,0.0003086160130682579,0.0002018331752797753,289576883.1017,52662090.1003,13165804.4417,0.003913396294915827,0.003913396294915827,0.004147744302281605,1.0041477443022817,-0.000006357376645893531,0.9998637746950982,584.5069424072733,12.87065295495421
2021-11-26T14:00:00.000Z,0.016988524317059762,1.0110753807210524,0.00004143546276329047,0.00037695244387166214,0.0002732733569623669,291431886.05560005,64248713.7178,11586623.6175,0.010802107364090041,0.010802107364090041,0.011116816183815699,1.0111168161838158,-0.00005159271698096379,1.0001097371462706,592.4103405804465,13.167436262188158
2021-11-26T15:00:00.000Z,0.016988524317059762,1.0102937656338424,0.000049961941799356274,0.00043177121630138995,0.0003270982432725944,290425581.0406,73518454.1461,9269740.4283,0.009966667390569839,0.009966667390569839,0.01034372757564179,1.0103437275756417,-0.00004238880427587244,1.0002335079230653,591.358292028725,13.188521847149392
2021-11-26T16:00:00.000Z,0.016988524317059762,1.0061077089926291,0.000056758437072761394,0.0004781322485021647,0.00037188157323964077,289215387.9288,81357823.0613,7839368.9152,0.005735827419389494,0.005735827419389494,0.006164467429701896,1.006164467429702,-0.00001367393352202928,1.0000136829315176,586.5430714855821,12.856887362239664
2021-11-26T17:00:00.000Z,0.016988524317059762,1.0099548146620223,0.0000662396202558691,0.0005188377262082833,0.0004156197510152282,290288885.9367,88240103.9781,6882280.9168,0.009539194911007076,0.009539194911007076,0.010021054282278173,1.010021054282278,-0.00005115029390556636,0.9989037857413959,591.6443473352883,13.044935300848648
2021-11-26T18:00:00.000Z,0.016988524317059762,1.0097038742048376,0.0000740161591543461,0.0005562456497995437,0.00045131141604914937,290001460.9721,94560158.8027,6320054.8246,0.009252562788788499,0.009252562788788499,0.009777890363991994,1.009777890363992,-0.000043798756460211585,0.9993744819120435,591.0299304814534,12.92694837269389
2021-11-26T19:00:00.000Z,0.016988524317059762,1.010260214385582,0.00008243290827738638,0.0005863892837905344,0.00048277460974732733,290111314.8296,99652038.2508,5091879.4481,0.009777439775834562,0.009777439775834562,0.010342647293859275,1.0103426472938593,-0.00004302522693888644,0.9999772367366141,591.2882134608774,12.924866228387614
2021-11-26T20:00:00.000Z,0.016988524317059762,1.011429345620622,0.00009064050561252482,0.0006135413371827318,0.0005097416099169028,290445742.9807001,104238557.6389,4586519.3881,0.01091960401070513,0.01091960401070513,0.011519986126234559,1.0115199861262345,-0.00004703297360708625,1.0006854915580274,592.2071448607207,12.943920604393698
2021-11-26T21:00:00.000Z,0.016988524317059762,1.0113856198415179,0.00009954490364339058,0.0006411054608230591,0.000538855199488042,290433841.07879996,108894694.0987,4656136.4598,0.010846764642029827,0.010846764642029827,0.01148516474516126,1.0114851647451613,-0.00004941806109926006,1.0003703797660206,592.3083233086804,12.97867738798145
2021-11-26T22:00:00.000Z,0.016988524317059762,1.0103081931194315,0.00010786958787951936,0.0006610671026106843,0.0005572387966943371,290128677.072,112266667.4515,3371973.3528,0.009750954322737204,0.009750954322737204,0.01041606270731106,1.010416062707311,-0.000037099015077535213,1.0006137390835603,590.8810903076798,12.952853377933874
2021-11-26T23:00:00.000Z,0.016988524317059762,1.0096503695898995,0.00011634777813551844,0.0006831115765531868,0.0005786849846860509,290197626.8683,115993790.059,3727122.6075,0.00907168460521346,0.00907168460521346,0.009766717368035029,1.0097667173680351,-0.000040618455719787505,0.9995413758186765,590.7194515842052,12.938655183722519
2021-11-27T00:00:00.000Z,0.016988524317059762,1.0059550753648587,0.00012383791441972133,0.0007090753642143226,0.0006082185700051479,289138255.30929995,120383603.765,4389813.706,0.005346856794853583,0.005346856794853583,0.006078913279278452,1.0060789132792785,-0.000009499432661264073,1.000497742155626,585.80590460674,12.79087204614654
2021-11-27T01:00:00.000Z,0.016988524317059762,1.0101873025952162,0.00013349707804061032,0.0007423289803243342,0.000639286602330591,290337276.9432,126005603.9074,5622000.1424,0.009548015992885572,0.009548015992885572,0.010320799673256774,1.0103207996732568,-0.00003772619657171905,1.0003401006032575,590.8051731392653,12.910294034214825
2021-11-27T02:00:00.000Z,0.016988524317059762,1.0078427573509257,0.00014094619561243752,0.0007661764089778528,0.0006645293219766923,289607546.4756,130036575.3599,4030971.4525,0.007178228028948963,0.007178228028948963,0.007983703546538093,1.007983703546538,-0.00002151254596105545,1.0001169749942365,588.1659360323067,12.82453079782048
2021-11-27T03:00:00.000Z,0.016988524317059762,1.0123125626314229,0.00015037795401766937,0.0007936696530970244,0.000697451251987502,290694699.4936,134680653.84059998,4644078.4807,0.011615111379435383,0.011615111379435383,0.012462940585440554,1.0124629405854406,-0.00005746094752179243,1.0003516071673635,593.2202272676905,12.920763502727574
2021-11-27T04:00:00.000Z,0.016988524317059762,1.0119455181276755,0.00015828091618498723,0.0008205836853715728,0.0007178195008834543,290331889.32110006,139222866.3586,4542212.518,0.011227698626792071,0.011227698626792071,0.012103799043860513,1.0121037990438606,-0.00005212506903129466,1.0004785241324157,592.6907535321662,12.921129261939189
2021-11-27T05:00:00.000Z,0.016988524317059762,1.0130365126344758,0.00016707235279750054,0.0008500368038031722,0.0007482593031000739,290957245.6602,144198935.78869998,4976069.4301,0.012288253331375731,0.012288253331375731,0.013203584987273306,1.0132035849872734,-0.00006697280203837863,1.000163360117266,594.1217653160433,12.984129902789768
2021-11-27T06:00:00.000Z,0.016988524317059762,1.0099567504262212,0.00017450936586777238,0.0008834577178041009,0.000781305683376754,290113774.0791,149846159.13169998,5647223.343,0.009175444742844485,0.009175444742844485,0.01013125979208901,1.010131259792089,-0.000038606656993067645,0.9998701537386456,590.6466613444568,12.920860017828456
2021-11-27T07:00:00.000Z,0.016988524317059762,1.005580193677699,0.0001821492038648574,0.0009160426638981406,0.0008143151278263705,289073549.5128,155356262.20239997,5510103.0707,0.0047658785498725376,0.0047658785498725376,0.005762342881563766,1.0057623428815639,-0.000010079386572381388,0.9997885002322567,585.544125249975,12.868511117313103
2021-11-27T08:00:00.000Z,0.016988524317059762,1.009571926477021,0.00019151634188032554,0.0009541895865983408,0.0008508561357105648,290227548.46140003,161807038.26059997,6450776.0582,0.008721070341310533,0.008721070341310533,0.009763442818901423,1.0097634428189015,-0.0000292510181448824,1.0005584529936318,589.7089628199336,12.938961332524974
