query_ts,assumedLPToken,equityValue,totalDexYield,totalTradingfee,newTotalTradingFee,liquidity,totalVolume,volume,priceImpact,priceEffect,totalReturn,totalEquityVal,impermanentLoss,tokenPrice,quoteTokenPrice,rewardPrice
2021-12-17T10:00:00.000Z,0.017471812801026373,1,0.000007279899354762415,0.00002070351111630614,4.241051954068098e-14,293008895.3219,3568419.3989,3568419.3989,-4.241051954068098e-14,-4.241051954068098e-14,0.000007279899354762415,1.0000072798993547,0,1.0003383680399551,529.7658853228328,12.551976506874098
2021-12-17T11:00:00.000Z,0.017471812801026373,0.997980466819524,0.000014590308779667158,0.00005755268076250874,0.00003914668097726448,292334609.0827,9917882.2024,6349462.8035,-0.0020586798614532498,-0.0020586798614532498,-0.002004942871696318,0.9979950571283037,-8.758857077406645e-7,0.9996011340203441,527.9760040473956,12.528911155459266
2021-12-17T12:00:00.000Z,0.017471812801026373,0.9969232111938886,0.000021555011992829702,0.00012065356188770262,0.00010007866072403448,292033958.3226,20791101.4942,10873219.2918,-0.0031768674668354313,-0.0031768674668354313,-0.003055233794118567,0.9969447662058815,-0.00000923912881667377,1.0014560964035155,525.8177173879693,12.323612823050587
2021-12-17T13:00:00.000Z,0.017471812801026373,0.9991927932890471,0.000028350791721771664,0.00015147300801042382,0.00013561521626836992,292701625.5443,26101801.307,5310699.8128,-0.0009428219272212823,-0.0009428219272212823,-0.0007788559192311407,0.9992211440807689,-0.0000016379809605338025,1.0012057335475208,528.3093241681025,12.156660247136184
2021-12-17T14:00:00.000Z,0.017471812801026373,1.005093983803768,0.000035458241210840464,0.0002062703506977664,0.00018763451896264272,294408005.3328,35543573.6384,9441772.3314,0.004906349284805378,0.004906349284805378,0.0051294420449788615,1.0051294420449788,-0.000008959607879499565,1.0010000376188017,534.6234465163976,12.20407850815996
2021-12-17T15:00:00.000Z,0.017471812801026373,0.9851669632211888,0.000041153164277707035,0.0002910709455200115,0.00027422365626084133,288525228.0329,50152689.51100001,14609115.8726,-0.015107260435072045,-0.015107260435072045,-0.014791883614533497,0.9852081163854665,-0.0001108276501219363,1.000004553354627,514.0517109976352,11.807947059370406
2021-12-17T16:00:00.000Z,0.017471812801026373,0.9948027599945097,0.000048571967678528006,0.0003437160089700094,0.0003255296400610508,291161222.8215,59216384.56490001,9063695.0539,-0.0055227696455513176,-0.0055227696455513176,-0.0051486680378117385,0.9948513319621882,-0.000012182614540723335,0.9997364088635944,524.2459617256135,11.931984620470672
2021-12-17T17:00:00.000Z,0.017471812801026373,0.9975649327038906,0.000056017320281931174,0.0003779992821657035,0.00036057094012897917,292005927.3578,65119535.08650001,5903150.5216,-0.002795638236238407,-0.002795638236238407,-0.0023790499758274968,0.9976209500241725,-0.000001573501163920632,0.9993129739842102,527.3485153526678,12.034475176392597
2021-12-17T18:00:00.000Z,0.017471812801026373,0.992980216431298,0.00006289996240771228,0.0004014103948702409,0.0003800550804904379,290666517.7145,69150671.8665,4031136.78,-0.0073998386491924695,-0.0073998386491924695,-0.006956883606294319,0.9930431163937057,-0.00002539635519072103,1.000037934142672,522.1113367765083,12.01790028064639
2021-12-17T19:00:00.000Z,0.017471812801026373,0.9964436591925294,0.00007055906587935038,0.0004158929779324963,0.0003952661404400537,291690546.33779997,71644501.24890001,2493829.3824,-0.003951606947910635,-0.003951606947910635,-0.003485781741591231,0.9965142182584088,-0.000005826062572378277,0.9997924263938686,525.8743041871544,12.123971749562056
2021-12-17T20:00:00.000Z,0.017471812801026373,0.99661118673483,0.00007833064329800649,0.0004299643723635672,0.0004115901909893527,291795742.6265,74067992.22970001,2423490.9808,-0.003800403456159396,-0.003800403456159396,-0.0033104826218720365,0.9966895173781279,-0.000005689123594110335,0.9999038458390287,525.9753592272326,12.22841665533524
2021-12-17T21:00:00.000Z,0.017471812801026373,0.9946643707045943,0.00008486185413678996,0.00044234283549328266,0.0004216153487840435,291240639.25390005,76200021.90680002,2132029.6771,-0.005757244644189696,-0.005757244644189696,-0.0052507674412688625,0.9947492325587312,-0.000014926872362375221,1.0000283217717323,523.8458227644963,12.137991899761344
2021-12-17T22:00:00.000Z,0.017471812801026373,0.9983981717484939,0.00009534025441798426,0.0004572309637911878,0.0004386847853806719,292335978.74729997,78764326.83800001,2564304.9312,-0.002040513036886793,-0.002040513036886793,-0.0015064879970881368,0.9984935120029118,-0.0000029602527839012183,1.0007291907214986,527.4000525326471,12.582476861277536
2021-12-17T23:00:00.000Z,0.017471812801026373,0.99797904757194,0.00010211772136533133,0.0004782967616818296,0.0004610170378246403,292216949.3168,82392708.65110001,3628381.8131,-0.002481969465884637,-0.002481969465884637,-0.0019188347066946654,0.9980811652933054,-0.000002492921036711948,1.0000861621040933,527.2723595067104,12.509794666593153
2021-12-18T00:00:00.000Z,0.017471812801026373,0.9968954688065604,0.00010909150897172339,0.0004885212263478208,0.00046896815827301985,291898302.84809995,84153766.2836,1761057.6325,-0.0035734993517125835,-0.0035734993517125835,-0.0029954396844678404,0.9970045603155322,-0.000004646444866529542,0.9998068599490272,526.2660343242113,12.469275386958214
2021-12-18T01:00:00.000Z,0.017471812801026373,0.9973043238709779,0.00011612853771511806,0.0005109350811741198,0.0004943514137097926,292020345.2835,88014350.515,3860584.2314,-0.003190027542731899,-0.003190027542731899,-0.0025795475913069884,0.997420452408693,-0.000003622899935273871,0.999835004301834,526.6563508743901,12.440616656470999
2021-12-18T02:00:00.000Z,0.017471812801026373,0.9918938310393367,0.00012191745694823915,0.0005280574315114065,0.0005065018844567781,290424347.27320004,90963401.4961,2949050.9811,-0.008612670845120074,-0.008612670845120074,-0.007984251503715057,0.9920157484962849,-0.00003429220775474917,0.9999700261877209,520.8715778635313,12.290703758239488
2021-12-18T03:00:00.000Z,0.017471812801026373,0.9910952483645141,0.00012917986651052925,0.0005499960879731433,0.0005291456609262113,289772482.53249997,94736541.006,3773139.5099,-0.009433897296412086,-0.009433897296412086,-0.008775571768975345,0.9912244282310246,-0.00004618213490137357,1.000470561219722,519.7488357313283,12.297190231532904
2021-12-18T04:00:00.000Z,0.017471812801026373,0.9968748610514613,0.00014108947369688595,0.0005650408667974412,0.0005460042751828098,290257638.5564,97313336.092,2576795.086,-0.003671143223721529,-0.003671143223721529,-0.0029840494748418333,0.9970159505251581,-0.000005021817237493842,0.9998296029157722,526.1509289491195,12.718667249040536
2021-12-18T05:00:00.000Z,0.017471812801026373,0.9969389656375637,0.00014806807697148347,0.0005827268316079698,0.0005630231770820115,290249517.4106,100342220.93699999,3028884.845,-0.0036240575395183328,-0.0036240575395183328,-0.002912966285464838,0.9970870337145351,-0.000005437322785128984,1.0000053506973021,526.1081829425503,12.675503381659825
2021-12-18T06:00:00.000Z,0.017471812801026373,0.9985180392238217,0.00015609765096628755,0.0005973757795245352,0.0005784273355183833,290712123.8533,102851013.44579999,2508792.5088,-0.0020603881116967315,-0.0020603881116967315,-0.0013258631252120606,0.9986741368747879,-9.27392437066743e-7,0.9996377681928192,527.9548475909315,12.722132400981234
2021-12-18T07:00:00.000Z,0.017471812801026373,0.996361769433169,0.00016210993373375008,0.0006110266064553101,0.0005936116185280005,290113792.0206,105189104.1634,2338090.7176,-0.004231842185358992,-0.004231842185358992,-0.003476120633097241,0.9965238793669028,-0.00001601714639043461,1.001758956480316,524.5466884779194,12.60766216855735
2021-12-18T08:00:00.000Z,0.017471812801026373,0.9958456159478234,0.00016952947807825504,0.0006234967162318921,0.0006064939516206014,289962914.5435,107324959.30319999,2135855.1398,-0.004760878003797209,-0.004760878003797209,-0.0039848545740983525,0.9960151454259016,-0.000004457705817251245,0.9985529858626048,525.6717990754545,12.607860881290312
