query_ts,assumedLPToken,equityValue,totalDexYield,totalTradingfee,newTotalTradingFee,liquidity,totalVolume,volume,priceImpact,priceEffect,totalReturn,totalEquityVal,impermanentLoss,tokenPrice,quoteTokenPrice,rewardPrice,rewardTokenPerLP,feePerDollar
2022-03-03T10:00:00.000Z,0.019217955973872044,1,0.000006072902325935082,0.00001972443175099426,7.900347043232614e-13,191707800.1467,2224310.2242,2224310.2242,-7.900347043232614e-13,-7.900347043232614e-13,0.000006072902325935082,1.000006072902326,0,0.9985657533196424,405.954817442389,6.744458137918855,0.0000468535,0.000019724431547628347
2022-03-03T11:00:00.000Z,0.019217955973872044,1.0023180998430323,0.00001201642645202894,0.000037085381622453813,0.000016105408547684164,192158260.9416,4182153.9945,1957843.7703,0.0023019944344846444,0.0023019944344846444,0.0023301162694843573,1.0023301162694844,-8.791911032535182e-8,1.0004448409244175,407.05998013481025,6.745769664055239,0.0000458373,0.00001732079793603843
2022-03-03T12:00:00.000Z,0.019217955973872044,1.0025612530284806,0.000017873454248905878,0.000057513509580160955,0.00003516421675597847,198211471.0464,6557886.430500001,2375732.436,0.0025260888117246694,0.0025260888117246694,0.0025791264827295535,1.0025791264827295,-8.142906791075433e-7,0.9998114859249907,407.49999858020584,6.756227425559784,0.00004496580000000001,0.000020375940503738837
2022-03-03T13:00:00.000Z,0.019217955973872044,1.006273483096516,0.000023742212542723676,0.0000804548791829204,0.000058451828316874455,198949500.4654,9225956.6329,2668070.2024,0.006215031268199223,0.006215031268199223,0.006297225309058821,1.0062972253090587,-0.000011564468407887496,0.999951244102529,410.44705447445324,6.7481092475187525,0.0000454196,0.000022798344974325894
2022-03-03T14:00:00.000Z,0.019217955973872044,1.0078290898020323,0.000029803268865927886,0.00009924565458781401,0.00007744763425909795,199263292.21539998,11411383.1792,2185426.5463,0.007751642167773243,0.007751642167773243,0.007858893070898269,1.0078588930708983,-0.00001988748315939759,0.9999796845484493,411.68990610985634,6.786908946468576,0.00004542299999999999,0.000018644804506662016
2022-03-03T15:00:00.000Z,0.019217955973872044,1.003842146306207,0.000035398178304529875,0.0001227356910682407,0.00010060250994703424,199313561.6145,14154890.8809,2743507.7017,0.003741543796260016,0.003741543796260016,0.0038775444845115803,1.0038775444845116,-0.0000026709569751481865,0.9999880248473918,408.416582325638,6.737474429509989,0.00004488700000000002,0.000023400129198989228
2022-03-03T16:00:00.000Z,0.019217955973872044,0.9960767973310238,0.00004050682066050407,0.000154998566863501,0.00013255367642150961,197282856.3763,17913703.612999998,3758812.7321,-0.004055756345397676,-0.004055756345397676,-0.0038826958483156628,0.9961173041516843,-0.000013396394328291095,0.9996769767483484,402.22098805168025,6.613071193309537,0.00004534,0.00003238994893900797
2022-03-03T17:00:00.000Z,0.019217955973872044,0.9953149202769751,0.00004590942661344085,0.00018311737103515302,0.00016004904752686677,197134209.225,21189745.1883,3276041.5753,-0.004845128770551765,-0.004845128770551765,-0.004639170296411458,0.9953608297035885,-0.000021463914882224877,1.000259844980381,401.3496409541862,6.561667120709327,0.0000453401,0.00002825116300161525
2022-03-03T18:00:00.000Z,0.019217955973872044,0.9949269558016941,0.00005157333771636485,0.00020404098209916532,0.00019082600144770812,197057368.1484,23627495.4764,2437750.2881,-0.005263870199753606,-0.005263870199753606,-0.005021470860589534,0.9949785291394104,-0.000020726352331967846,0.9997254214221785,401.22632117609686,6.554859954438619,0.000045340100000000044,0.000021030299596050134
2022-03-03T19:00:00.000Z,0.019217955973872044,0.9953489458678936,0.00005726148527173141,0.00021588793718235307,0.00019289929335386535,197307127.9601,25008913.7788,1381418.3024,-0.00484395342546029,-0.00484395342546029,-0.004593792646834694,0.9954062073531653,-0.000019848810124067917,1.0000096573201445,401.4510009918777,6.552728149344497,0.00004530230000000003,0.000011902312594377746
2022-03-03T20:00:00.000Z,0.019217955973872044,0.9939216366356031,0.00006295827918158783,0.00022298835309651644,0.00019954269555333415,197030473.6165,25836886.6311,827972.8523,-0.006277906059950267,-0.006277906059950267,-0.006015405085215345,0.9939845949147846,-0.000025593528011125244,0.9994217853367213,400.53036528133526,6.553383130781391,0.00004518779999999998,0.0000071438383265000014
2022-03-03T21:00:00.000Z,0.019217955973872044,0.9917682203963256,0.00006837588598139568,0.00023024557215706182,0.00020817051002874898,196604339.4321,26683147.4174,846260.7863,-0.008439950113703132,-0.008439950113703132,-0.008163403717692988,0.991836596282307,-0.00004815055372686672,0.9999024700448912,398.5976804411922,6.527279038817865,0.00004518770000000003,0.000007317454644518949
2022-03-03T22:00:00.000Z,0.019217955973872044,0.9923355430913019,0.00007401510277969105,0.00023966474015823069,0.00021582231385330886,196720033.8491,27781530.025,1098382.6076,-0.007880279222551412,-0.007880279222551412,-0.007590441805918412,0.9924095581940816,-0.000044265745486993247,1.0000625240329615,398.9839069526058,6.523459714812316,0.00004530059999999999,0.00000949191801355794
2022-03-03T23:00:00.000Z,0.019217955973872044,0.9959187520628061,0.00008029485821091688,0.0002512037947597831,0.0002292362053704089,197430918.5519,29127119.412499998,1345589.3875,-0.004310484142564297,-0.004310484142564297,-0.004000953078982971,0.995999046921017,-0.000016142830075893677,0.999927010803926,401.91474132157794,6.5726177111617865,0.00004530050000000012,0.000011586341063133272
2022-03-04T00:00:00.000Z,0.019217955973872044,0.9960229987138308,0.00008589005163191103,0.0002652581876853845,0.0002475151418975807,197452080.9052,30766031.022499997,1638911.61,-0.00422451642806676,-0.00422451642806676,-0.0038911112345372686,0.9961088887654628,-0.000009779969740497663,0.9987547149653747,402.45597876744785,6.562927605208932,0.000045300499999999943,0.000014110510885614199
2022-03-04T01:00:00.000Z,0.019217955973872044,0.986076589257638,0.00008948324509385642,0.00028613106911101256,0.0002669452835142305,195486170.7778,33200133.518999998,2434102.4965,-0.01419035602587626,-0.01419035602587626,-0.013833927497268174,0.9861660725027318,-0.0001462971122369039,1.0013801020281035,393.40650290596665,6.411688663719457,0.00004522399999999996,0.000021167606013181574
2022-03-04T02:00:00.000Z,0.019217955973872044,0.9824030312806202,0.00009493142123747126,0.00031294555061071785,0.0002881034213269018,194565298.4451,36324026.5972,3123893.0782,-0.01788507214070667,-0.01788507214070667,-0.017502037298142297,0.9824979627018577,-0.00018724685946791553,0.9998711393104928,391.0524026497715,6.4029222679294095,0.000045269999999999904,0.000027294786251097513
2022-03-04T03:00:00.000Z,0.019217955973872044,0.9872708005234047,0.00010110707942285593,0.0003281891026070925,0.00030589816546322535,195531378.2466,38099922.1681,1775895.5709,-0.013035097642058568,-0.013035097642058568,-0.012628092397172486,0.9873719076028276,-0.00012077457125658775,1.000987044001212,394.4839411954929,6.440880530246666,0.00004534540000000003,0.000015440092007751683
2022-03-04T04:00:00.000Z,0.019217955973872044,0.9878572145722264,0.0001063598882395176,0.0003494671888690429,0.0003252157579263226,198125296.4635,40610244.0408,2510321.8727,-0.012468001185699906,-0.012468001185699906,-0.012036425539534067,0.9879635744604659,-0.00012173884207078434,1.001624225590365,394.6861627537358,6.424243597221365,0.00004466169999999996,0.000021539638096522403
2022-03-04T05:00:00.000Z,0.019217955973872044,0.9882834621959229,0.00011186663733748229,0.0003687551327949806,0.00034432695438990635,198204393.2284,42885701.7388,2275457.698,-0.012060864758467016,-0.012060864758467016,-0.011604671166739628,0.9883953288332604,-0.00011084573887998328,1.0013214041721756,395.1311297905696,6.424079876896138,0.00004462629999999998,0.000019516611229411073
2022-03-04T06:00:00.000Z,0.019217955973872044,0.9856493446909443,0.00011700783401260706,0.000384115708690667,0.0003604419916728441,197678708.3616,44697859.6785,1812157.9397,-0.014711097300728504,-0.014711097300728504,-0.014233647475043052,0.9857663525249569,-0.00013513370542939107,1.0001850998517183,393.46052699720445,6.403424148304259,0.000044700600000000065,0.000015584220086336995
2022-03-04T07:00:00.000Z,0.019217955973872044,0.9866871783708243,0.00012257113857381456,0.00039882204386754367,0.0003739667411243319,198170095.85070002,46435317.0163,1737457.3378,-0.013686788370300018,-0.013686788370300018,-0.013190250490601872,0.9868097495093981,-0.00010721525140455768,0.9994276716187256,394.5778465245535,6.408767245159191,0.00004437739999999982,0.000014904758770895888
2022-03-04T08:00:00.000Z,0.019217955973872044,0.9864601720562531,0.00012700506607960063,0.00042382794082670825,0.0003995538002223853,193925142.1858,49326982.7643,2891665.748,-0.013939381743969248,-0.013939381743969248,-0.013412822877667261,0.9865871771223328,-0.00013498042435344804,1.0009591456900044,393.772373261383,6.351670509625882,0.00004527000000000017,0.00002534912036774548
2022-03-04T09:00:00.000Z,0.019217955973872044,0.9872528298704274,0.0001329105717031894,0.00045299334719351494,0.0004296487306473251,194284459.17900002,52703187.690400004,3376204.9261,-0.01317681886021993,-0.01317681886021993,-0.012614259557869415,0.9873857404421306,-0.00010646442772199727,0.9998930554394737,394.8021422255322,6.367685399086856,0.000045641100000000047,0.00002954198394778444
2022-03-04T10:00:00.000Z,0.019217955973872044,0.9900996524193455,0.0001384958349761114,0.0004807045289099831,0.0004577623063455327,194846394.2121,55911078.52,3207890.8296,-0.010358109887000033,-0.010358109887000033,-0.009761851745678389,0.9902381482543217,-0.000091775822055995,1.0017026846560964,396.3434353920505,6.367896785988886,0.000045603399999999944,0.000027988274724672024
2022-03-04T11:00:00.000Z,0.019217955973872044,0.9922568589430517,0.00014510621589164906,0.0004977310652077457,0.0004754456027468157,195273754.14249998,57882126.243300006,1971047.7233,-0.008218586659695104,-0.008218586659695104,-0.007598034841056639,0.9924019651589434,-0.0000638807010789888,1.001616944031673,398.093085488408,6.413194549134824,0.000045641100000000047,0.000017159403445302664
2022-03-04T12:00:00.000Z,0.019217955973872044,0.9905221602307316,0.00015059500521589597,0.0005137396513609151,0.0004908259523374037,194934231.09870002,59735350.58020001,1853224.3369,-0.009968665721605818,-0.009968665721605818,-0.00932724476405252,0.9906727552359474,-0.00006709738920362973,1.0001306176369777,397.27892262687374,6.409889793389108,0.0000451643000000001,0.00001616176571438001
2022-03-04T13:00:00.000Z,0.019217955973872044,0.9880034673432826,0.00015537953162555164,0.0005308060341685939,0.0005068259173224288,194417506.2042,61710816.11490001,1975465.5347,-0.012503358574039836,-0.012503358574039836,-0.011841153125091855,0.9881588468749082,-0.00009720480710273538,0.999926192802736,395.3280922589942,6.37652260392169,0.00004544059999999991,0.000017273606037630834
2022-03-04T14:00:00.000Z,0.019217955973872044,0.9876013929255743,0.0001607376444967947,0.0005542444223923409,0.0005316511870088192,194321093.4704,64423611.77730001,2712795.6624,-0.012930258261434568,-0.012930258261434568,-0.012237869429928954,0.987762130570071,-0.0001096490076409884,1.0003595975035489,394.81523414875966,6.367452508713801,0.00004559249999999993,0.000023732640361981525
2022-03-04T15:00:00.000Z,0.019217955973872044,0.9811940117207331,0.000164292792802541,0.0005856886613080042,0.0005592540938784696,193066760.1937,68063137.48650001,3639525.7092,-0.019365242373145408,-0.019365242373145408,-0.018641695486464396,0.9813583045135356,-0.00022674740426287254,1.0003069955816397,389.70468385463914,6.289792116380132,0.000045629699999999994,0.00003204691319951976
2022-03-04T16:00:00.000Z,0.019217955973872044,0.9784467571980052,0.00016931689941319732,0.0006127871515264783,0.0005848222479739595,192654505.6388,71201753.1729,3138615.6864,-0.022138065049968736,-0.022138065049968736,-0.02138392590258158,0.9786160740974185,-0.0002906322153740648,1.0002903225201187,387.5104167239001,6.274949869181025,0.00004487700000000005,0.0000276954159425868
2022-03-04T17:00:00.000Z,0.019217955973872044,0.9787974005738247,0.00017495780970841176,0.0006316398779342493,0.0006036236853678156,192723635.0874,73385324.6789,2183571.506,-0.02180622311154312,-0.02180622311154312,-0.021027641616466895,0.9789723583835331,-0.00027666290588268527,1.0000428226127693,387.8694380170679,6.2798792829488255,0.00004563809999999997,0.000019261112206173254
2022-03-04T18:00:00.000Z,0.019217955973872044,0.9806628101656562,0.00018157447962912612,0.0006437717718852749,0.0006159985592428807,193091488.1824,74790475.9359,1405151.257,-0.01995318839358673,-0.01995318839358673,-0.019155615354714724,0.9808443846452852,-0.00023030464036655207,0.9998736598793274,389.4062157553083,6.318461620151487,0.000045638300000000054,0.000012371115678820127
2022-03-04T19:00:00.000Z,0.019217955973872044,0.9795142663979881,0.00018564394015329705,0.0006551698012822998,0.0006264713427801549,192744074.0823,76109798.9453,1319323.0094,-0.021112204944792046,-0.021112204944792046,-0.020300089661858593,0.9796999103381414,-0.0002833872441450058,1.0010368437711268,388.0343140093311,6.268781312147245,0.00004562950000000026,0.000011636410232889046
2022-03-04T20:00:00.000Z,0.019217955973872044,0.970496011098698,0.00018655550587320873,0.0006706078639764728,0.0006369234480452235,190974095.0013,77896799.1118,1787000.1665,-0.030140912349347238,-0.030140912349347238,-0.029317433395428805,0.9706825666045712,-0.0005198864002480263,1.000212753497914,381.2231435357804,6.120008445655991,0.000045209999999999826,0.000015907394576365554
2022-03-04T21:00:00.000Z,0.019217955973872044,0.9678360293594271,0.0001900409836099692,0.0006886438541604925,0.000654545491725611,190498849.1291,79985044.9567,2088245.8449,-0.03281851613229847,-0.03281851613229847,-0.03197392965696289,0.9680260703430371,-0.0006118855963204162,1.0001869809419546,379.1308434265433,6.059924476186029,0.000045655500000000004,0.00001863537733986084
2022-03-04T22:00:00.000Z,0.019217955973872044,0.9678478759320729,0.0001944694112366756,0.0007088525726366416,0.0006842556666277755,190501180.8862,82324853.9966,2339809.0399,-0.03283637973455489,-0.03283637973455489,-0.03195765465669044,0.9680423453433096,-0.0006050676171173164,0.999972902016213,379.19800177538895,6.032361004945467,0.00004565549999999983,0.000020880056224985557
2022-03-04T23:00:00.000Z,0.019217955973872044,0.9625328354269888,0.00019756790001627692,0.0007253307745273753,0.0006854573085727234,189072259.3429,84228881.2406,1904027.244,-0.03815262188158397,-0.03815262188158397,-0.03726959667299497,0.962730403327005,-0.0008230310986411249,1.0002508764548443,374.93653142803,5.965770228149447,0.00004574989999999989,0.00001711962572430935
2022-03-05T00:00:00.000Z,0.019217955973872044,0.9623212444306609,0.00020351721392760814,0.0007385412666484565,0.0007026035789939877,189032487.081,85755344.7705,1526463.5299,-0.03838135914833307,-0.03838135914833307,-0.03747523835541148,0.9625247616445886,-0.0008157783660406315,0.99983367757584,374.9145997725957,5.989839113513023,0.00004475820000000006,0.000013727735591385691
2022-03-05T01:00:00.000Z,0.019217955973872044,0.9552373845242047,0.00020608170809893378,0.0007573711736553041,0.000714331101009269,187646981.5203,87931197.65900001,2175852.8885,-0.04547694657680457,-0.04547694657680457,-0.04455653376769637,0.9554434662323036,-0.0011587027727143484,1.000183954294777,369.27280699931373,5.914566582242556,0.000045062199999999834,0.00001971228037073349
2022-03-05T02:00:00.000Z,0.019217955973872044,0.9581076073271567,0.00021218912193165918,0.0007733257362124353,0.0007320676710419471,188212275.6822,89774810.21800001,1843612.559,-0.04262446034388523,-0.04262446034388523,-0.04168020355091162,0.9583197964490884,-0.0010089930563215166,0.9999460726353679,371.57154019620856,5.939966632444951,0.00004574870000000007,0.000016652162240427167
2022-03-05T03:00:00.000Z,0.019217955973872044,0.9584496179683257,0.00021759851698201218,0.0007860690302148136,0.0007441423139096237,188287596.3542,91247411.67130001,1472601.4533,-0.042294524345583895,-0.042294524345583895,-0.04133278351469226,0.9586672164853077,-0.0009580015794042884,0.9991397656162659,372.1277557654245,5.945908889400628,0.00004548180000000014,0.000013295737579551706
2022-03-05T04:00:00.000Z,0.019217955973872044,0.961665349015093,0.0002240920123325561,0.0008002833549700297,0.0007610284740899864,188919123.5123,92890002.1261,1642590.4548,-0.039095679458996946,-0.039095679458996946,-0.038110558972574406,0.9618894410274256,-0.000852787480511541,0.999997576332233,374.2964532116935,5.9796866179237735,0.000045749000000000026,0.000014780948171073819
2022-03-05T05:00:00.000Z,0.019217955973872044,0.956933153269365,0.0002276143480682373,0.0008231546539835127,0.0007853552181603662,188013249.43129998,95533316.20560001,2643314.0795,-0.043852201948795355,-0.043852201948795355,-0.042839232382566754,0.9571607676174333,-0.0010464092504839373,0.999489369564522,370.78849146233676,5.934467192105294,0.00004574340000000004,0.000023900623752540234
2022-03-05T06:00:00.000Z,0.019217955973872044,0.9590971825037559,0.00023414143399295444,0.0008366026223865631,0.0007942377211255236,188441738.0343,97087571.18370001,1554254.9781,-0.04169705521736966,-0.04169705521736966,-0.040668676062251184,0.9593313239377488,-0.0009553609480981162,0.9997026592626994,372.38241577944956,5.967860662232454,0.00004574319999999996,0.00001402148743867488
2022-03-05T07:00:00.000Z,0.019217955973872044,0.9619205764790605,0.00024149236614281404,0.000852651258759982,0.0008129537415660915,188993288.8368,98942368.14080001,1854796.9571,-0.038892377262505606,-0.038892377262505606,-0.0378379311547967,0.9621620688452033,-0.0008206838125329741,0.9994236606161069,374.6698820812063,6.020435415090749,0.00004570619999999998,0.00001668395130047618
2022-03-05T08:00:00.000Z,0.019217955973872044,0.9659281418755717,0.0002491039990952491,0.0008689893425337102,0.0008345618586470538,189721291.81870002,100830026.75390002,1887658.6131,-0.03490641998307531,-0.03490641998307531,-0.033822754125333004,0.966177245874667,-0.000700646179997988,1.0004794034414115,377.38537684822535,6.07718363647252,0.00004568279999999996,0.000016914388530184467
