query_ts,assumedLPToken,equityValue,totalDexYield,totalTradingfee,newTotalTradingFee,liquidity,totalVolume,volume,priceImpact,priceEffect,totalReturn,totalEquityVal,impermanentLoss,tokenPrice,quoteTokenPrice,rewardPrice,rewardTokenPerLP,feePerDollar
2021-08-11T10:00:00.000Z,0.022200258779227457,1,0.00002248343155006144,0.0000132342868866043,-4.4853010194856324e-14,210167400.47939998,1636126.7435,1636126.7435,4.4853010194856324e-14,4.4853010194856324e-14,0.00002248343155006144,1.00002248343155,0,1.0020451714888838,387.36504768818173,19.66519122428997,0.0000514999,0.000013234285895935734
2021-08-11T11:00:00.000Z,0.022200258779227457,0.9984439600568265,0.00004509691987630566,0.00002621945134929162,0.000012608551741344343,209518801.4789,3238995.0418,1602868.2983,-0.0015686484949148927,-0.0015686484949148927,-0.0015109430232972427,0.9984890569767028,-1.1363814222953295e-8,1.0003224979991874,386.81571881399753,19.58871281970366,0.000052201100000000004,0.000013005401366733257
2021-08-11T12:00:00.000Z,0.022200258779227457,0.9969113695365931,0.00006699433784508055,0.00004185218537360144,0.000028486391938975508,215215346.7821,5224187.8481,1985192.8063,-0.0031171168553458806,-0.0031171168553458806,-0.0030216361255618247,0.9969783638744382,-0.0000015357132731042,1.000673874448086,385.4814178870428,19.51290786775313,0.00005095189999999999,0.000015681166892465743
2021-08-11T13:00:00.000Z,0.022200258779227457,0.9969047181903211,0.00008921445158474352,0.00006425896428014855,0.000051237282539084994,215196838.0932,8069387.415,2845199.5669,-0.0031465190922179698,-0.0031465190922179698,-0.0030060673580941414,0.9969939326419058,-2.8860471579239544e-7,0.9981336039728237,386.43967954804555,19.536847831822193,0.00005104160000000001,0.00002247634912570232
2021-08-11T14:00:00.000Z,0.022200258779227457,1.0071418901408773,0.00011291391507519937,0.00008933318641997731,0.00007681599354736335,216992337.5708,11247229.295400001,3177841.8804,0.0070650741473299306,0.0070650741473299306,0.007254804055952494,1.0072548040559526,-0.00004552231257659578,0.9995415098443948,393.841943135965,19.91822691175423,0.00004965719999999999,0.00002489641457923524
2021-08-11T15:00:00.000Z,0.022200258779227457,1.013439319796388,0.0001353520043131508,0.00011646202696964243,0.00010564137179613908,218154954.1997,14682410.5636,3435181.2682,0.013333678424591877,0.013333678424591877,0.013574671800701167,1.0135746718007013,-0.00011467429652534111,1.0001436775240387,398.5201551433125,20.161507446398264,0.000047049599999999937,0.00002676908336720244
2021-08-11T16:00:00.000Z,0.022200258779227457,1.0114631051102916,0.00015701474804236034,0.00016837433730995652,0.00015604754831133327,217781403.6964,21257356.4005,6574945.8369,0.01130705756198025,0.01130705756198025,0.011620119858333944,1.0116201198583339,-0.00008492118721958875,1.0002539059013953,396.88396350977376,20.022472111671217,0.00005083450000000007,0.00005132397777319849
2021-08-11T17:00:00.000Z,0.022200258779227457,1.0135366421499743,0.0001805709981379145,0.00019320413904067775,0.00018112461033958915,217995545.9672,24398823.4159,3141467.0154,0.01335551753963471,0.01335551753963471,0.013717213148112212,1.0137172131481123,-0.00010493280873624666,1.0008231676099757,398.26675350827776,20.120389696945402,0.00005101750000000003,0.00002449817909116152
2021-08-11T18:00:00.000Z,0.022200258779227457,1.0141827349847312,0.0001998416244847507,0.00020396426036695822,0.0001923395568117492,217866777.9919,25758523.1316,1359699.7157,0.013990395427919466,0.013990395427919466,0.014382576609215967,1.014382576609216,-0.00011000326957821827,1.0011038275978041,398.65415220858705,20.13825109443301,0.00004274529999999999,0.000010609646583087295
2021-08-11T19:00:00.000Z,0.022200258779227457,1.0121338844307883,0.00021772627727636293,0.0002140814577589405,0.00020179502280348594,217421930.4953,27036952.2235,1278429.0919,0.011932089407984847,0.011932089407984847,0.012351610708064696,1.0123516107080648,-0.00010061457829058096,0.9997184648558578,397.5875289343619,20.093943621001603,0.00004107759999999998,0.000009995907272458796
2021-08-11T20:00:00.000Z,0.022200258779227457,1.0167862610067364,0.00023906178587139256,0.00022556440841094323,0.00021709357567267773,218421367.0089,28487961.0506,1451008.8271,0.016569167431063736,0.016569167431063736,0.017025322792607805,1.0170253227926078,-0.0001768109612483304,0.9996703105217561,401.2590159484513,20.30556598900214,0.00004224260000000002,0.000011293377748933735
2021-08-11T21:00:00.000Z,0.022200258779227457,1.01903667323578,0.0002587178786018635,0.0002461262969723672,0.00023583682974170905,220580820.82099998,31106096.0185,2618134.9679,0.018800836406038357,0.018800836406038357,0.01929539111438193,1.0192953911143818,-0.00018627554225125742,1.001367221159296,402.3397536082123,20.238068622943036,0.00004551789999999997,0.000020177771706824054
2021-08-11T22:00:00.000Z,0.022200258779227457,1.0157445584927014,0.0002795520352089094,0.00028164987677603304,0.00027050374956494316,219856712.6279,35629059.0628,4522963.0443,0.015474054743136456,0.015474054743136456,0.01602411052791031,1.0160241105279104,-0.00015435121289308906,0.999827590628091,400.33197333864706,20.21143392395148,0.00004719120000000006,0.00003497294707723313
2021-08-11T23:00:00.000Z,0.022200258779227457,1.004900465857542,0.0002946027364342742,0.0003103651988786569,0.00029697572416287343,217384172.79779997,39283068.310399994,3654009.2476,0.004603490133379129,0.004603490133379129,0.005195068593976277,1.0051950685939763,-0.00001914220659571253,1.000448620747268,391.5635943404949,19.70580058176488,0.0000503899999999999,0.000028575289732329887
2021-08-12T00:00:00.000Z,0.022200258779227457,1.0057784676327453,0.0003173411487951084,0.0003227976079781038,0.00030890896788471345,217570247.0629,40865057.66459999,1581989.3542,0.005469558664860541,0.005469558664860541,0.006095808781540363,1.0060958087815404,-0.00002488064410388624,1.000443595005005,392.2409896173223,19.724446171133057,0.00005129089999999998,0.000012360981974536685
2021-08-12T01:00:00.000Z,0.022200258779227457,1.0113341927053328,0.00034413787394638434,0.0003447426969829228,0.00033476353260164515,219013348.6354,43660588.643199995,2795530.9786,0.010999429172731112,0.010999429172731112,0.011678330579279141,1.0116783305792791,-0.00008105078228770601,1.0002501484128952,396.64403484214404,20.00413120367099,0.00005020740000000002,0.000021699146162691244
2021-08-12T02:00:00.000Z,0.022200258779227457,1.0198153541212809,0.0003719246429536892,0.0003614081337650212,0.00035334008952014884,220264810.68179998,45777932.3889,2117343.7457,0.019462014031760733,0.019462014031760733,0.02018727876423457,1.0201872787642345,-0.00021519578070661183,1.0005705555814202,403.18290440056006,20.27944146353514,0.0000511996,0.000016341622415983206
2021-08-12T03:00:00.000Z,0.022200258779227457,1.0211479148952705,0.00039685749189789424,0.0003827799210670996,0.0003748105227023846,220571570.3812,48493451.060399994,2715518.6715,0.020773104372568074,0.020773104372568074,0.021544772387168353,1.0215447723871685,-0.000264013190840795,0.9996220871994639,404.6041422752489,20.3901694010017,0.000050593699999999935,0.000020929178377665793
2021-08-12T04:00:00.000Z,0.022200258779227457,1.0164307965282742,0.0004148320241786972,0.00039830699739980144,0.0003876819604315962,219650353.1921,50467213.51089999,1973762.4505,0.016043114567842576,0.016043114567842576,0.01684562855245287,1.016845628552453,-0.00015261105028518962,1.0004872677138463,400.5165246665465,20.134530476448322,0.000051343400000000014,0.000015276079082447297
2021-08-12T05:00:00.000Z,0.022200258779227457,1.0075459768269084,0.0004291212776790769,0.0004196888813795726,0.00040584961235823336,217637138.6853,53184060.42849999,2716846.9176,0.0071401272145501515,0.0071401272145501515,0.007975098104587462,1.0079750981045874,-0.00003674365871675356,1.0005854058019248,393.48969794972083,19.796461508182418,0.00004836210000000002,0.000021221744541488767
2021-08-12T06:00:00.000Z,0.022200258779227457,0.9986504688176135,0.0004426697041195827,0.00046331434128350123,0.00044695583036225006,215616488.68870002,58724695.573999986,5540635.1455,-0.0017964870127487043,-0.0017964870127487043,-0.0009068614782668715,0.9990931385217331,-8.250859735436933e-7,1.0015307413603454,386.17275874167757,19.413191618773098,0.00005071360000000007,0.00004368441302719179
2021-08-12T07:00:00.000Z,0.022200258779227457,0.9942316956057633,0.00045916188052188173,0.0004926864291817721,0.0004737425473536616,214656028.1502,62454975.050199986,3730279.4762,-0.006242046941590362,-0.006242046941590362,-0.005309142513714819,0.9946908574862852,-0.000009122077641809945,1.0000528083794464,383.3063658110986,19.18454940041219,0.00005096430000000002,0.000029542497195106564
2021-08-12T08:00:00.000Z,0.022200258779227457,0.9986279347535233,0.0004863812485349539,0.0005104727903300219,0.0004932330051500289,215536826.8264,64713141.620199986,2258166.57,-0.0018652982516267347,-0.0018652982516267347,-0.000885683997941752,0.9991143160020582,-2.0588041271807356e-9,1.0002402403318842,386.61768683305,19.410811217008124,0.00005059819999999992,0.000017810799321509705
2021-08-12T09:00:00.000Z,0.022200258779227457,0.9992003723666916,0.0005074302584424924,0.0005229072773736905,0.0005061888516904034,215778842.4258,66292698.474899985,1579556.8547,-0.001305816484998834,-0.001305816484998834,-0.0002921973748659383,0.999707802625134,-2.6807810027396073e-7,1.000004186215716,387.14259250743555,19.408645532046844,0.00004897749999999983,0.000012444439050660758
2021-08-12T10:00:00.000Z,0.022200258779227457,1.0010960812553653,0.0005295290577458191,0.0005531073772037537,0.0005384639700978244,216241714.8392,70129975.54559998,3837277.0707,0.0005576172852674866,0.0005576172852674866,0.0016256103131111301,1.0016256103131111,-0.000003286829245774392,1.000036627325568,388.57605024303973,19.418210539651152,0.00005068260000000022,0.000030167033336009467
2021-08-12T11:00:00.000Z,0.022200258779227457,1.0044707999489844,0.0005548633370815285,0.0005674966769538649,0.0005537716360943801,217019244.1902,71958714.19089998,1828738.6453,0.003917028312889981,0.003917028312889981,0.005025663286065889,1.005025663286066,-0.000019361498460157556,0.9997296655685491,391.3098617856335,19.5313033692119,0.0000513151999999999,0.000014325253544267884
2021-08-12T12:00:00.000Z,0.022200258779227457,0.9955172281707443,0.0005655207396408712,0.0005906357780167883,0.0005714916747621146,215228057.0198,74901425.62049998,2942711.4296,-0.005054263504017831,-0.005054263504017831,-0.003917251089614845,0.9960827489103852,-0.000007284495292192439,1.0007932642406154,383.93892801569655,19.15206801158605,0.00005040460000000033,0.000023243295969817645
2021-08-12T13:00:00.000Z,0.022200258779227457,0.9937913132704286,0.000583295912083255,0.0006145611056844298,0.0005950941648121821,214971897.2764,77945781.81119998,3044356.1907,-0.006803780894383604,-0.006803780894383604,-0.005625390817488167,0.9943746091825119,-0.000012741260459581127,1.0002641339991587,382.7922614336708,19.028747961444797,0.0000506968999999998,0.00002407480042628886
2021-08-12T14:00:00.000Z,0.022200258779227457,0.9939435560938402,0.0006070572935909747,0.0006301163563655483,0.0006103587014232303,215005778.8592,79925103.95459998,1979322.1434,-0.006666802607583011,-0.006666802607583011,-0.005449386612568806,0.9945506133874312,-0.000012014268262472427,1.0002559063630867,382.9010050990935,19.106533820785753,0.0000503971999999999,0.00001565003350902268
2021-08-12T15:00:00.000Z,0.022200258779227457,0.9823695471998494,0.0006142497608256486,0.0006640136517722901,0.0006380712323470483,212079809.0518,84229780.82509997,4304676.8705,-0.01826852403249768,-0.01826852403249768,-0.01701620303932498,0.9829837969606751,-0.00013946604830417098,1.0003079072256977,373.98954372929876,18.686452595300683,0.000049511100000000076,0.00003450564536326325
2021-08-12T16:00:00.000Z,0.022200258779227457,0.9862151935870574,0.0006430141286406176,0.0006855394755699081,0.000661088513457142,213083988.97980002,86965616.42279997,2735835.5977,-0.014445894926399694,-0.014445894926399694,-0.013141792284301934,0.9868582077156981,-0.00007791208767460311,0.9999751911766173,377.03307311519643,18.90997848187449,0.0000510158,0.00002182670100347567
2021-08-12T17:00:00.000Z,0.022200258779227457,0.9844400847559086,0.0006595808151613735,0.000728989113864357,0.0007052689468861617,212995593.44140002,92495532.98619998,5529916.5634,-0.016265184190977555,-0.016265184190977555,-0.01490033442893002,0.98509966557107,-0.00011807789166362603,1.0010127982202344,375.25301031215264,18.780908376782193,0.00005026030000000009,0.00004413639740564112
2021-08-12T18:00:00.000Z,0.022200258779227457,0.9881064807724893,0.0006885059143251605,0.0007734430008449172,0.0007507172967713416,213623992.89859998,98148898.96819997,5653365.982,-0.012644236524282038,-0.012644236524282038,-0.011205013313185536,0.9887949866868144,-0.00005480144031344558,0.9997876288492967,378.4838071885296,18.987407679092357,0.000051415399999999975,0.00004498896420292023
2021-08-12T19:00:00.000Z,0.022200258779227457,0.996006083037283,0.0007232332366345778,0.0007886648302794823,0.000771790508924397,215189659.7619,100083437.16069996,1934538.1925,-0.0047657074716414005,-0.0047657074716414005,-0.003270683726082426,0.9967293162739176,-0.000005415352558379993,1.0005571495483019,384.25231739253456,19.352793895417307,0.000049991000000000017,0.00001528286689466794
2021-08-12T20:00:00.000Z,0.022200258779227457,0.9949212833162818,0.0007442355373544311,0.0007973957813525651,0.0007797906124578091,216786667.62300003,101202505.18609996,1119068.0254,-0.005858507296175985,-0.005858507296175985,-0.004334481146363745,0.9956655188536363,-0.00000590776501541157,0.9996048064198176,383.7742186599619,19.32950045690532,0.00005097130000000004,0.000008775519565107068
2021-08-12T21:00:00.000Z,0.022200258779227457,0.9964577483055982,0.0007682867933170271,0.0008091742973698509,0.0007929971441026362,217482734.3454,102714699.24409996,1512194.058,-0.004335248838504446,-0.004335248838504446,-0.002773964901084783,0.9972260350989152,-0.0000026815423886938916,1.0000142458790846,384.79357233632413,19.387690968470505,0.00005067420000000011,0.000011820386139330206
2021-08-12T22:00:00.000Z,0.022200258779227457,0.9952496075499214,0.0007869601502459325,0.0008189514711583188,0.0008017874251279311,217516934.93449998,103971670.84579995,1256971.6017,-0.005552179875206509,-0.005552179875206509,-0.003963432299832645,0.9960365677001674,-0.000004558662053399942,0.9994950564219138,384.0529282792273,19.31410769992232,0.000050350699999999965,0.000009823840720877488
2021-08-12T23:00:00.000Z,0.022200258779227457,0.9868750888732636,0.0007967898068200636,0.0008395831928537588,0.0008153680386108197,215788158.2748,106625371.60659996,2653700.7608,-0.013940279165347236,-0.013940279165347236,-0.012328121319916353,0.9876718786800837,-0.00007520473956379448,1.000269300367493,377.30905574742525,19.039430010941786,0.00004973380000000012,0.000020906111481868248
2021-08-13T00:00:00.000Z,0.022200258779227457,0.9965568689800468,0.0008353838090778722,0.0008568395405838615,0.0008405979752084125,216007715.7366,108825596.78199996,2200225.1754,-0.0042837289951616064,-0.0042837289951616064,-0.0026077472108753216,0.9973922527891247,-0.000003058794018961919,1.000223556499127,384.752863299334,19.434268612195876,0.00005115410000000005,0.000017315968484852763
2021-08-13T01:00:00.000Z,0.022200258779227457,1.0041413926957004,0.0008703364376878247,0.0008787081163967979,0.0008699163503875784,217546594.9595,111612545.70259996,2786948.9206,0.0032714763453127738,0.0032714763453127738,0.005011729133388177,1.0050117291333882,-0.000009101694162350071,1.0010432043600328,390.29396823669407,19.75406862033229,0.00004835530000000007,0.000021778383458045038
2021-08-13T02:00:00.000Z,0.022200258779227457,1.0057843508656037,0.0008943201929065897,0.0008887932055545078,0.0008816971095073622,217904081.4887,112897806.77249996,1285261.0699,0.004902653756096331,0.004902653756096331,0.006678671058510283,1.0066786710585103,-0.000027028096481696018,0.999581470983968,392.1367274425495,19.786880989711204,0.00005130759999999987,0.00001002708991911795
2021-08-13T03:00:00.000Z,0.022200258779227457,1.0084643887829965,0.0009219332448091595,0.0008992811206277926,0.0008939145352049316,218475568.4132,114234348.59739996,1336541.8249,0.007570474247791559,0.007570474247791559,0.00938632202780565,1.0093863220278056,-0.00003791367764582887,1.0008774017132498,393.7111482231001,19.89801294142542,0.000051138899999999986,0.000010399886444203073
2021-08-13T04:00:00.000Z,0.022200258779227457,1.0071515863370017,0.00093838796385639,0.000907195426301578,0.0009000888408763341,218236879.0154,115243130.25999996,1008781.6626,0.006251497496125413,0.006251497496125413,0.008089974300858137,1.0080899743008582,-0.00003745943304400701,0.9996194897276264,393.175180968446,19.77005396799223,0.000050998899999999984,0.000007858107365524528
2021-08-13T05:00:00.000Z,0.022200258779227457,1.0073941553444283,0.0009636362714055629,0.0009137904860374595,0.0009083189377496748,218279583.29209998,116083718.82459997,840588.5646,0.006485836406678658,0.006485836406678658,0.008357791615833896,1.008357791615834,-0.00003486707525557353,1.000157170269364,393.14686207361626,19.831309058475465,0.00005074460000000007,0.0000065466524091157115
2021-08-13T06:00:00.000Z,0.022200258779227457,1.008883125231094,0.000988610769859955,0.0009228406501914769,0.0009177151357429025,212406757.9796,117204536.54909997,1120817.7245,0.007965410095351011,0.007965410095351011,0.009871736000953868,1.009871736000954,-0.00003738567021738248,1.001330644178535,393.84150420744055,19.8687411360856,0.00005249619999999978,0.000008970477915928632
2021-08-13T07:00:00.000Z,0.022200258779227457,1.0143630835622,0.0010275564632558616,0.0009389855508459012,0.0009402244300578122,213517892.618,119203603.37259996,1999066.8235,0.01342285913214214,0.01342285913214214,0.015390640025455813,1.0153906400254558,-0.00012865783896409688,0.9993349526542402,398.9128679655401,20.19776393726962,0.0000503450000000004,0.00001591629421909865
2021-08-13T08:00:00.000Z,0.022200258779227457,1.01854201295051,0.0010615752101536902,0.0009704216611836273,0.0009745556877285289,214562354.6854,123099024.94489996,3895421.5723,0.017567457262781527,0.017567457262781527,0.019603588160663748,1.0196035881606638,-0.00020773034046384087,0.9990738282558965,402.2875270550252,20.4132131618875,0.00005088019999999973,0.000030863832952522175
