query_ts,assumedLPToken,equityValue,totalDexYield,totalTradingfee,newTotalTradingFee,liquidity,totalVolume,volume,priceImpact,priceEffect,totalReturn,totalEquityVal,impermanentLoss,tokenPrice,quoteTokenPrice,rewardPrice,rewardTokenPerLP,feePerDollar
2021-10-04T10:00:00.000Z,0.02076065787650996,1,0.000025555312979249737,0.00001338208962389589,-6.38378239159465e-13,173470510.2085,1365528.129,1365528.129,6.38378239159465e-13,6.38378239159465e-13,0.000025555312979249737,1.0000255553129793,0,1.0000896023438128,420.29772260331777,19.41103893266429,0.0000634149,0.000013382089073871024
2021-10-04T11:00:00.000Z,0.02076065787650996,0.9987963627305851,0.00005088197259610553,0.000027913578538664243,0.000014378970370598765,173263017.674,2848353.9215,1482825.7925,-0.0012180162397854577,-0.0012180162397854577,-0.0011527552968187535,0.9988472447031812,-0.0000011868207536736008,1.0004115878300153,419.1395424798113,19.332263239660257,0.00006336200000000001,0.00001454900117226963
2021-10-04T12:00:00.000Z,0.02076065787650996,0.9969819102784147,0.0000759474227632803,0.00004734353429906618,0.00003537779328455226,173213731.99150002,4834073.6463,1985719.7248,-0.003053467514869901,-0.003053467514869901,-0.0029421422988220682,0.9970578577011779,-0.000003630802842380376,0.9997262376905232,417.8867420990709,19.244291237412867,0.00006331779999999999,0.00001948877547610171
2021-10-04T13:00:00.000Z,0.02076065787650996,1.0001960633851734,0.00010231557039321138,0.00006291030532049139,0.00004965628649067355,173773706.3173,6424994.3511,1590920.7048,0.0001464070986827437,0.0001464070986827437,0.0002983789555666286,1.0002983789555666,-2.0187998839293897e-7,0.9996006533159976,420.6264472182129,19.44782519975189,0.00006331870000000001,0.000015563719365124387
2021-10-04T14:00:00.000Z,0.02076065787650996,1.0055827223822844,0.00012848945913832582,0.00008357923638230557,0.00001990194441070514,174812593.4553,8538600.2974,2113605.9463,0.005562820437873706,0.005562820437873706,0.005711211841422737,1.0057112118414226,-0.000015836716792172467,1.000009050764528,425.0210432751893,19.575104170111143,0.00006275779999999994,0.000020554183412585612
2021-10-04T15:00:00.000Z,0.02076065787650996,0.995649472720785,0.000151063221225276,0.00012123688367302024,0.00010784523122331358,173257222.8903,12393287.4069,3854687.1095,-0.0044583725104383465,-0.0044583725104383465,-0.004199464057989757,0.9958005359420102,-0.000011403811976062883,1.0003970919679943,416.4303527309353,19.17924057188698,0.00006321910000000005,0.00003782219278845935
2021-10-04T16:00:00.000Z,0.02076065787650996,0.9996755635248973,0.00017696576123112402,0.00015329278645220563,0.0001403690201349228,173962030.26929998,15674652.0206,3281364.6137,-0.00046480549523764125,-0.00046480549523764125,-0.00014747071387159443,0.9998525292861284,-1.6993964746525592e-7,1.000207698062297,419.857521090216,19.25877597642556,0.0000632179,0.00003206630685244673
2021-10-04T17:00:00.000Z,0.02076065787650996,1.0026574816989844,0.0002030699501019709,0.00017876036088838577,0.0001659140342202825,174495737.61769998,18281831.1433,2607179.1227,0.002491567664764105,0.002491567664764105,0.0028605516490863583,1.0028605516490863,-0.0000026270263286942708,1.0002859335082943,422.31182665922677,19.33982008893718,0.0000631607,0.000025400073200071215
2021-10-04T18:00:00.000Z,0.02076065787650996,1.0072849486866637,0.00022993427141162912,0.00019860336862183298,0.00018691400731984942,175325711.3463,20313494.8646,2031663.7213,0.00709803467934389,0.00709803467934389,0.007514882958075369,1.0075148829580753,-0.00002156250493090539,1.0005957153818767,426.0698535165709,19.481916076185872,0.00006273169999999999,0.000019699497008673555
2021-10-04T19:00:00.000Z,0.02076065787650996,1.010037507908243,0.0002563636569178019,0.00021956289906833939,0.00020816477845175818,175569135.2172,22456599.200099997,2143104.3355,0.009829343129791335,0.009829343129791335,0.010293871565160895,1.0102938715651608,-0.00004274158062511635,1.0006252680204781,428.37138785539884,19.54524664574432,0.00006329150000000001,0.000020751240620071575
2021-10-04T20:00:00.000Z,0.02076065787650996,1.0071890182954826,0.0002807831485683954,0.0002327357274890374,0.00022105050925813607,175131997.3966,23803962.251199998,1347363.0511,0.006967967786224438,0.006967967786224438,0.0074698014440509695,1.007469801444051,-0.000027807777507771192,0.9995758218672659,426.394424625923,19.458330255446885,0.00006327120000000003,0.000013078804678296142
2021-10-04T21:00:00.000Z,0.02076065787650996,1.0050115705900307,0.00030395066584569953,0.00024866578926264365,0.00023721691147704504,174768147.10259998,25433482.404299997,1629520.1531,0.004774353678553611,0.004774353678553611,0.005315521255876356,1.0053155212558764,-0.000009768796269238322,1.0004325315508649,424.1751539988385,19.30651911340297,0.0000632663,0.000015850624419813333
2021-10-04T22:00:00.000Z,0.02076065787650996,1.005661861611505,0.00032829583109651673,0.0002611572259029794,0.0002490341239433924,174969418.5007,26711902.5888,1278420.1845,0.005412827487561556,0.005412827487561556,0.0059901574426014645,1.0059901574426016,-0.000013664513005218204,1.0002601160814732,424.78760927852335,19.247870893224395,0.00006323470000000003,0.000012421109541730032
2021-10-04T23:00:00.000Z,0.02076065787650996,1.0029972591210528,0.0003518556315139136,0.00027665914270526417,0.00026734413277829105,174506848.0251,28298436.030199997,1586533.4414,0.0027299149882744622,0.0027299149882744622,0.003349114752566667,1.0033491147525666,-0.0000016115479208878014,1.0010210152833743,422.20239940411386,19.160559045939184,0.00006297110000000001,0.000015455593181031292
2021-10-05T00:00:00.000Z,0.02076065787650996,1.007860847600567,0.0003800422436645409,0.0002908920746751762,0.0002796085554641614,175270532.2349,29754410.661299996,1455974.6311,0.007581239045102883,0.007581239045102883,0.008240889844231585,1.0082408898442317,-0.000027938469572275082,1.000167083240424,426.6615791427823,19.31407121145049,0.00006326510000000005,0.000014121922500656074
2021-10-05T01:00:00.000Z,0.02076065787650996,1.0089760205262375,0.0004077804392093525,0.00030715373605671504,0.00029682400395958375,175283694.4973,31416202.580599997,1661791.9193,0.008679196522277888,0.008679196522277888,0.009383800965446824,1.0093838009654468,-0.0000423922485499606,0.9995234483323059,427.86729312556645,19.425744861515007,0.00006333089999999993,0.00001611699405875722
2021-10-05T02:00:00.000Z,0.02076065787650996,1.008336292340645,0.0004307581285066733,0.00032185253096117864,0.00031043248641138277,175180049.2097,32918348.2772,1502145.6966,0.008025859854233541,0.008025859854233541,0.008767050469151598,1.0087670504691515,-0.000036606889730950165,0.9995268986037363,427.31172543996547,19.31085178259195,0.0000633303,0.000014577274613978131
2021-10-05T03:00:00.000Z,0.02076065787650996,1.0065523698247696,0.00045500076360969577,0.0003367084113834648,0.000325954465718592,175010195.90300003,34437763.3627,1519415.0855,0.006226415359050996,0.006226415359050996,0.007007370588379284,1.0070073705883793,-0.000020271863134802004,0.9999292628068508,425.6161501822452,19.269433169655443,0.00006290909999999996,0.000014759172355773143
2021-10-05T04:00:00.000Z,0.02076065787650996,1.0087059267173706,0.00048080806141634396,0.00034907362114784554,0.00033800473300571454,175401741.38140002,35702563.545,1264800.1823,0.008367921984364868,0.008367921984364868,0.009186734778786926,1.0091867347787868,-0.000042993973550897735,0.9991499301181826,427.76311094697564,19.28930870166793,0.00006327239999999997,0.000012258488957841142
2021-10-05T05:00:00.000Z,0.02076065787650996,1.0073985474980127,0.0005010961034598388,0.00036123035030976463,0.00034993241347103243,174590334.5117,36941892.6958,1239329.1508,0.007048615084541687,0.007048615084541687,0.007899643601472559,1.0078996436014727,-0.00002306735027313156,1.0003212213611645,426.14494354911295,19.094438861871666,0.00006343230000000009,0.000012067446701746314
2021-10-05T06:00:00.000Z,0.02076065787650996,1.0107582556469814,0.000529318523367239,0.00037515084475896415,0.00036509444441801264,175175271.4245,38361052.2837,1419159.5879,0.010393161202563395,0.010393161202563395,0.011287574170348647,1.0112875741703486,-0.00005444336455495691,0.999994004844432,429.1205853856733,19.205330690476515,0.00006348460000000002,0.000013772328022164992
2021-10-05T07:00:00.000Z,0.02076065787650996,1.013674215159842,0.0005548190443676021,0.0003976605320077938,0.0003889567913102354,175687576.9984,40655949.3627,2294897.079,0.013285258368531672,0.013285258368531672,0.014229034204209508,1.0142290342042095,-0.00009108645238531388,0.9997897470583853,431.668858612868,19.211873769736115,0.0000634827999999999,0.000022206038132881354
2021-10-05T08:00:00.000Z,0.02076065787650996,1.015572014534557,0.0005808451284043648,0.00041193463651440653,0.0004035160231430357,176035969.1607,42111376.9876,1455427.6249,0.015168498511413997,0.015168498511413997,0.016152859662961396,1.0161528596629614,-0.00012285432632508364,0.9994684477183119,433.4141899774029,19.235349417088592,0.00006347530000000024,0.0000140552352688292
2021-10-05T09:00:00.000Z,0.02076065787650996,1.0180582470828248,0.0006093116263406537,0.00043976722149849715,0.0004331287469805378,176466800.3064,44949263.3625,2837886.3749,0.017625118335844236,0.017625118335844236,0.01866755870916543,1.0186675587091654,-0.00015383170614013952,1.0000197346147743,435.2742889989187,19.334288024300847,0.00006347620000000004,0.00002733889223895579
2021-10-05T10:00:00.000Z,0.02076065787650996,1.0182636415636677,0.0006377874653767941,0.00046255230302619027,0.00045801398564027096,176178450.49150002,47268228.383499995,2318965.021,0.017805627578027394,0.017805627578027394,0.01890142902904446,1.0189014290290446,-0.00015957902744034858,0.9998723875614948,435.4928904090033,19.42412445263469,0.00006359380000000006,0.000022376405994615098
2021-10-05T11:00:00.000Z,0.02076065787650996,1.0218782813300302,0.0006663761654251797,0.0004957200179251627,0.0004905775569994386,176677997.0837,50641489.28659999,3373260.9031,0.021387703773030786,0.021387703773030786,0.022544657495455405,1.0225446574954553,-0.00023686857573390618,0.9994842757352813,438.7339409270165,19.509390369470726,0.00006367220000000006,0.00003245759873853052
2021-10-05T12:00:00.000Z,0.02076065787650996,1.024821782411201,0.0006948765935384757,0.0005183398633007509,0.0005141715707508432,176931432.2342,52938681.6812,2297192.3946,0.024307610840450078,0.024307610840450078,0.025516659004739397,1.0255166590047393,-0.00027627413845532356,1.0005976076852083,440.755040793984,19.58382280423885,0.00006384599999999997,0.000022071980210111805
2021-10-05T13:00:00.000Z,0.02076065787650996,1.0230712811912803,0.0007181337919116646,0.0005414727709665729,0.0005368898121569377,178882354.54700002,55317947.1651,2379265.4839,0.022534391379123386,0.022534391379123386,0.023789414983191988,1.023789414983192,-0.00026143750368279317,0.999505012214128,439.71048341182416,19.519323086113182,0.00006303960000000014,0.000022611237049472486
2021-10-05T14:00:00.000Z,0.02076065787650996,1.0241697124878437,0.0007468942430461022,0.0005624046108476036,0.0005601825878078781,180204944.8531,57484420.0422,2166472.8771,0.02360952990003584,0.02360952990003584,0.024916606730889822,1.02491660673089,-0.00026552223700715416,1.0003778529729839,440.2511727048381,19.60793563440412,0.00006264299999999994,0.000020437862535194704
2021-10-05T15:00:00.000Z,0.02076065787650996,1.0196755138639504,0.0007648833256440837,0.0005992209075650832,0.0005931499846769661,179414880.1584,61294969.9059,3810549.8637,0.019082363879273423,0.019082363879273423,0.02044039718959447,1.0204403971895946,-0.00016110912752975715,1.001041075019656,436.07643890967364,19.419382955584922,0.00006243519999999995,0.0000361058946870562
2021-10-05T16:00:00.000Z,0.02076065787650996,1.0175885805570026,0.0007804950900893741,0.0006312202728446735,0.0006236200325613339,178960444.2438,64605345.3689,3310375.463,0.016964960524441297,0.016964960524441297,0.018369075647092004,1.018369075647092,-0.0001497050370978803,0.999607788526462,434.88887368234253,19.1846135907667,0.00006241449999999989,0.00003144626909527224
2021-10-05T17:00:00.000Z,0.02076065787650996,1.0183327875671768,0.0008100610673529417,0.000655357826114324,0.000649660300656052,178273873.1009,67091008.698,2485663.3291,0.01768312726652077,0.01768312726652077,0.019142848634529766,1.0191428486345298,-0.00016001359524020486,0.9997277385515054,435.4510628467815,19.29149540631605,0.00006296480000000003,0.00002370301147313026
2021-10-05T18:00:00.000Z,0.02076065787650996,1.0194766129951012,0.0008382003302983437,0.0006712652670751081,0.0006659718865118514,187272418.3512,68809898.1963,1718889.4983,0.01881064110858932,0.01881064110858932,0.020314813325399517,1.0203148133253994,-0.00018917394999451442,0.9992730710499111,436.6150579952184,19.38654484330749,0.00005999860000000009,0.000015603537204448534
2021-10-05T19:00:00.000Z,0.02076065787650996,1.022723929745594,0.0008673308591825988,0.0006883352363668057,0.0006858090839183539,190802936.1305,70683211.5531,1873313.3568,0.022038120661675542,0.022038120661675542,0.023591260604776496,1.0235912606047766,-0.00024167814017650446,0.9999008149997984,439.1098870916769,19.50698182603716,0.00005907309999999986,0.000016690690254272947
2021-10-05T20:00:00.000Z,0.02076065787650996,1.0228653899618723,0.0008923043040969748,0.0007003047915894417,0.0007018074439850697,190829745.6984,71996792.10530001,1313580.5522,0.022163582517887193,0.022163582517887193,0.023757694265969236,1.0237576942659692,-0.0002468875460602815,0.9997878240945203,439.26733906098184,19.5299675164292,0.0000590729999999999,0.000011701985613235155
2021-10-05T21:00:00.000Z,0.02076065787650996,1.0255352088333527,0.0009215443257826474,0.0007182063144999224,0.0007176686678900257,191329913.3442,73961388.50450002,1964596.3992,0.02481754016546267,0.02481754016546267,0.026456753159135343,1.0264567531591353,-0.00029492214024195995,1.0003145399592503,441.31883921005283,19.64440422562569,0.00005887619999999986,0.00001745578524687731
2021-10-05T22:00:00.000Z,0.02076065787650996,1.0271366162219842,0.0009477879988586024,0.0007301482767321747,0.0007297002241657413,191635234.43449998,75271999.86360002,1310611.3591,0.026406915997818414,0.026406915997818414,0.028084404220842758,1.0280844042208428,-0.0003370981026974418,1.0001849515537875,442.74612839991306,19.69121053373358,0.000058825299999999865,0.000011626459596768636
2021-10-05T23:00:00.000Z,0.02076065787650996,1.0260337141447358,0.0009713931571075186,0.000748567184301859,0.0007486516554560119,191489799.62489998,77294082.74260001,2022082.879,0.025285062489279753,0.025285062489279753,0.027005107301843283,1.0270051073018434,-0.0003311059990924736,0.9993234798695833,442.15965985171573,19.68240393511859,0.00005880540000000014,0.000017951561394046215
2021-10-06T00:00:00.000Z,0.02076065787650996,1.0277119850747705,0.001013169884191076,0.0007604456562901934,0.00076055244779627,191807153.2458,78598165.05080001,1304082.3082,0.026951432626974192,0.026951432626974192,0.028725154958961538,1.0287251549589616,-0.0003448693371688183,1.0004176737785735,443.11291018947253,20.03131207996157,0.00005905049999999989,0.00001155817124869687
2021-10-06T01:00:00.000Z,0.02076065787650996,1.0255426531713694,0.0010298572607675117,0.0007771738407952042,0.0007758651074902811,191479298.0353,80435414.02560002,1837248.9748,0.024766788063879108,0.024766788063879108,0.0265725104321369,1.0265725104321368,-0.0002918964808806823,1.0003899901046038,441.24184807951167,19.880375109534118,0.000058928800000000173,0.000016311545369171983
2021-10-06T02:00:00.000Z,0.02076065787650996,1.0220207223566011,0.0010491209728732149,0.0007955026491857703,0.000791847802745993,190779149.5801,82448009.65020001,2012595.6246,0.021228874553855137,0.021228874553855137,0.023069843329474343,1.0230698433294743,-0.00020997863179761378,1.0006018084204913,438.10765008548566,19.784501821822946,0.00005899170000000005,0.000017933891462198256
2021-10-06T03:00:00.000Z,0.02076065787650996,1.0220447590379862,0.001076536646410637,0.0008091889447295307,0.0008062044715690941,190783769.88099998,83950834.99360001,1502825.3434,0.0212385545664171,0.0212385545664171,0.02312129568439683,1.023121295684397,-0.00023344231612720812,0.9994962697372469,438.60055382784776,19.844337116043583,0.000058844299999999934,0.000013391092362696995
2021-10-06T04:00:00.000Z,0.02076065787650996,1.0207572876971898,0.0010962496884257746,0.0008245462635497056,0.0008201080369347746,190673807.5384,85638300.90630001,1687465.9127,0.01993717966025499,0.01993717966025499,0.02185353738561554,1.0218535373856155,-0.00018901687934158584,1.000386087950744,437.09430907251976,19.761518473227405,0.00005900099999999967,0.000015045024215044696
2021-10-06T05:00:00.000Z,0.02076065787650996,1.0169731649141889,0.0011072116920857375,0.0008436357486730643,0.0008364915655334482,188943615.432,87724558.9537,2086258.0474,0.016136673348655428,0.016136673348655428,0.018080376606274613,1.0180803766062747,-0.00012584070309606954,1.0002321845711706,433.9097167094459,19.52669386276418,0.00005917470000000026,0.000018770883961709835
2021-10-06T06:00:00.000Z,0.02076065787650996,1.0158319904167448,0.0011285734525253222,0.0008616135524687807,0.0008528418656816861,188710917.0166,89689107.93100001,1964548.9773,0.014979148551063082,0.014979148551063082,0.01696056386927009,1.01696056386927,-0.00010356291840885046,1.0005653389509812,432.7775612214631,19.4802637480777,0.00005933009999999952,0.00001769761556039823
2021-10-06T07:00:00.000Z,0.02076065787650996,1.0185877231270197,0.0011596331970037542,0.0008782167100638618,0.000872236824711603,189233923.4853,91503546.805,1814438.874,0.017715486302308125,0.017715486302308125,0.019747356324023482,1.0197473563240236,-0.00015346743639421678,1.0001293254919261,435.3038951941037,19.59969977288389,0.000059327000000000084,0.00001630017509011598
2021-10-06T08:00:00.000Z,0.02076065787650996,1.015640455232084,0.0011630528494047966,0.0009050632904388312,0.0008961795548101392,188283215.108,94431146.2415,2927599.4365,0.014744275677273766,0.014744275677273766,0.016803508081488703,1.0168035080814888,-0.00010066350644299948,1.0005368077478678,432.58962455712,19.257091796676608,0.00005925700000000005,0.00002643315305188101
