query_ts,assumedLPToken,equityValue,totalDexYield,totalTradingfee,newTotalTradingFee,liquidity,totalVolume,volume,priceImpact,priceEffect,totalReturn,totalEquityVal,impermanentLoss,tokenPrice,quoteTokenPrice,rewardPrice,rewardTokenPerLP,feePerDollar
2021-11-20T10:00:00.000Z,0.01705924726130795,1,0.00001063895410416385,0.000036982958790229725,2.665645482125001e-13,295914574.21150005,6437527.324,6437527.324,-2.665645482125001e-13,-2.665645482125001e-13,0.00001063895410416385,1.0000106389541041,0,0.9991116511819431,582.2128184810912,15.769138117032377,0.0000395486,0.000036982958612163864
2021-11-20T11:00:00.000Z,0.01705924726130795,1.0020083515460618,0.00002100080746055703,0.00008530333465932519,0.0000505892322475443,304870062.24120003,15085709.2207,8648181.8967,0.001957762313814282,0.001957762313814282,0.002029352353522383,1.0020293523535224,-0.0000035548083567871203,0.9984019925352615,584.9101742675726,15.787869598526484,0.000038425899999999994,0.0000482235255121852
2021-11-20T12:00:00.000Z,0.01705924726130795,1.0062932311297312,0.00003059452756379643,0.00011988316069970391,0.00008341347930063137,306228288.6594,21275766.139399998,6190056.9187,0.006209817650430605,0.006209817650430605,0.006323825657295033,1.006323825657295,-0.000020451144851718617,0.9989069260985085,589.5869511088906,15.837223324830095,0.00003526680000000001,0.00003436356846017656
2021-11-20T13:00:00.000Z,0.01705924726130795,1.007430470472907,0.00004003234762980726,0.00016741186125744496,0.00013367168591860157,306550370.91230005,29783106.111199997,8507339.9718,0.007296798786988301,0.007296798786988301,0.00747050282053671,1.0074705028205366,-0.000021583212786557837,0.9998114049144514,590.3269461999903,15.818471737250581,0.00003510839999999999,0.0000471781453371574
2021-11-20T14:00:00.000Z,0.01705924726130795,1.00516209200449,0.00004980951819348497,0.0002072037462299046,0.00017212506030439556,305897893.4034,36906483.9308,7123377.8196,0.00498996694418552,0.00498996694418552,0.005211901522683401,1.0052119015226835,-0.0000037473658731634885,1.0013520728690926,586.7220872184604,15.67239705550427,0.00003795209999999999,0.00003958753085412847
2021-11-20T15:00:00.000Z,0.01705924726130795,1.004608236945079,0.00005979476242046603,0.00026114143539124644,0.0002254156662255813,305856020.2745,46566185.6979,9659701.7671,0.004382821278853477,0.004382821278853477,0.004668031707499525,1.0046680317074996,-0.000009413195228402671,0.9991459101171277,587.3073333241939,15.640358227489012,0.00003780580000000002,0.000053690272270370945
2021-11-20T16:00:00.000Z,0.01705924726130795,0.9947912782490461,0.00006796644460819873,0.00032076705118702333,0.0002820545411225117,303272318.81729996,57258821.1094,10692635.4115,-0.005490776292076394,-0.005490776292076394,-0.0051407553063456835,0.9948592446936543,-0.000022204230352484977,1.0002694156342569,575.1702669386694,15.265381387124867,0.000036884300000000015,0.00005993781519671315
2021-11-20T17:00:00.000Z,0.01705924726130795,0.9993418023549582,0.00007799119752250785,0.0003829374256034146,0.00034569209689894187,304683507.7032,68408682.1325,11149861.0231,-0.0010038897419407666,-0.0010038897419407666,-0.000580206447519317,0.9994197935524807,-0.0000010841066679923017,0.999579436944521,580.7725315999276,15.399808352833798,0.00003588090000000002,0.00006221132178159875
2021-11-20T18:00:00.000Z,0.01705924726130795,0.9987068809780719,0.00008737013016348901,0.00042302459761634387,0.0003864738751320207,304496265.6544,75598211.02479999,7189528.8923,-0.0016795928970601004,-0.0016795928970601004,-0.0012057488917645907,0.9987942511082354,-0.0000010824276510668085,0.9989021997854581,580.3803694574591,15.297936243386122,0.00003791550000000002,0.000040139077208855055
2021-11-20T19:00:00.000Z,0.01705924726130795,1.0106947148343,0.00009992774209368587,0.00047092877732408044,0.00043964491072467915,308141410.0078,84189425.49309999,8591214.4683,0.010255069923575277,0.010255069923575277,0.010794642576393643,1.0107946425763936,-0.00007251046607770206,0.9972749918479027,595.309667294317,15.720740045236134,0.00003782059999999998,0.00004739727969616385
2021-11-20T20:00:00.000Z,0.01705924726130795,1.0126557232912379,0.00011004856271222834,0.0005164776532935126,0.0004855649548640706,308517132.3113,92352357.8773,8162932.3842,0.012170158336373804,0.012170158336373804,0.012765771853950104,1.01276577185395,-0.00007778734719487979,0.9987353912266204,596.6950080578576,15.710324388928253,0.00003801040000000001,0.000044979625439853504
2021-11-20T21:00:00.000Z,0.01705924726130795,1.0136473294611723,0.00012021662019613477,0.0005557731892313561,0.0005245104480882112,308824178.72830003,99394725.7119,7042367.8346,0.013122819013084097,0.013122819013084097,0.013767546081368444,1.0137675460813684,-0.00007657369305358319,0.9997730748567953,597.1982750066677,15.720299245601446,0.00003765499999999999,0.0000387664766668184
2021-11-20T22:00:00.000Z,0.01705924726130795,1.0151147155585158,0.0001312215795458131,0.0005831547464750952,0.0005579922246654601,306557557.68359995,104258866.4491,4864140.7372,0.014556723333850385,0.014556723333850385,0.015245937138061659,1.0152459371380615,-0.00009874606416782061,0.9995094005691613,599.0479273644601,15.781714033357057,0.00003913209999999999,0.000026973855466889287
2021-11-20T23:00:00.000Z,0.01705924726130795,1.0180908559910946,0.00014253100219275763,0.0006082287232247433,0.0005800640416693259,308315124.69390005,108725523.3628,4466656.9137,0.017510791949425286,0.017510791949425286,0.01823338699328737,1.0182333869932874,-0.00013391190524747465,1.000104269794883,602.1830865944434,15.873144366686207,0.00003895800000000004,0.000024628427686863435
2021-11-21T00:00:00.000Z,0.01705924726130795,1.0198796392485117,0.0001532536871322884,0.0006314201796265361,0.0006065994806732089,308831622.7135001,112856492.287,4130968.9242,0.01927303976783845,0.01927303976783845,0.020032892935643948,1.020032892935644,-0.00015683644702424449,1.0004890726083076,604.0383479368976,15.89011871903597,0.00003899409999999997,0.000022739404434806978
2021-11-21T01:00:00.000Z,0.01705924726130795,1.0141442346101899,0.0001626444342904466,0.0006738743989635845,0.0006446247280362805,306179119.348,120396083.0367,7539590.7497,0.013499609882153596,0.013499609882153596,0.014306879044480324,1.0143068790444802,-0.00009661130223970193,0.9986204977594755,598.3323467445921,15.782843293011375,0.00003872100000000003,0.00004186211098191182
2021-11-21T02:00:00.000Z,0.01705924726130795,1.014440691249711,0.00017257055477865074,0.0007063386582792713,0.0006754747417174745,306298688.4816,126162088.5871,5766005.5504,0.01376521650799356,0.01376521650799356,0.014613261804489686,1.0146132618044896,-0.00006533555693166715,1.0013520481537523,597.0129725369773,15.734139818777425,0.00003885070000000002,0.000032002126696238986
2021-11-21T03:00:00.000Z,0.01705924726130795,1.011028080965257,0.00018143924315531794,0.0007393970672941233,0.0007067278352759221,305065213.0484,132029715.6166,5867627.0295,0.010321353129981059,0.010321353129981059,0.011209520208412298,1.0112095202084124,-0.00004785345995117485,0.9995966029901139,594.0049700850745,15.60547816835703,0.000038614399999999974,0.00003269781516703914
2021-11-21T04:00:00.000Z,0.01705924726130795,1.0071684604693532,0.00019058446084677653,0.0007722391616418525,0.0007396329625057874,303904558.5305,137859023.94120002,5829308.3246,0.006428827506847368,0.006428827506847368,0.007359044930199931,1.0073590449302,-0.000021491148644803282,0.9989638969556338,589.8099972042921,15.507519827491622,0.00003887460000000004,0.00003260834322373432
2021-11-21T05:00:00.000Z,0.01705924726130795,1.0079915228116778,0.00020094214252723146,0.0008079354574140432,0.0007759265044351427,307238869.5717,144259223.52420002,6400199.583,0.0072155963072426665,0.0072155963072426665,0.008192464954205041,1.0081924649542051,-0.000019173447335707472,1.0001084142619512,590.0564871536495,15.52250701853573,0.00003841919999999995,0.000035413290337474265
2021-11-21T06:00:00.000Z,0.01705924726130795,1.011396176281082,0.00021082754607043642,0.0008341109156408595,0.0008019158840695262,308294605.32600003,148952649.63120002,4693426.107,0.01059426039701239,0.01059426039701239,0.011607003827152351,1.0116070038271523,-0.00004778042151298845,0.9998740814838888,594.1609843762119,15.513262659346259,0.00003780570000000005,0.00002588051897133571
2021-11-21T07:00:00.000Z,0.01705924726130795,1.0118377158990017,0.00022037908238669535,0.0008601781175904801,0.0008309103668016071,308394166.52430004,153626133.8677,4673484.2365,0.011006805532200126,0.011006805532200126,0.012058094981388429,1.0120580949813884,-0.00005077060571823111,0.9999809489529756,594.5826310476558,15.476535394762127,0.000038068100000000057,0.00002576223568555722
2021-11-21T08:00:00.000Z,0.01705924726130795,1.0070589349824555,0.00022809031654230077,0.0008944186983220463,0.0008591047393600171,306957316.1836,159765383.7087,6139249.841,0.00619983024309545,0.00619983024309545,0.0072870252989977674,1.0072870252989978,-0.000010931071949715765,1.000616418185746,588.5679936276656,15.310923171968414,0.00003855189999999997,0.000034000573302698195
2021-11-21T09:00:00.000Z,0.01705924726130795,1.0031190277152626,0.00023646310204621278,0.0009376811216751206,0.0009027378497261651,305480955.99660003,167515239.0907,7749855.382,0.0022162898655364582,0.0022162898655364582,0.003355490817308836,1.0033554908173088,-0.000001398042589917381,0.9996530032599864,584.4796923868593,15.20555411221796,0.00003832949999999998,0.000043127906636335894
2021-11-21T10:00:00.000Z,0.01705924726130795,1.004932712985393,0.00024669665602311997,0.0009695058775768733,0.0009345529054232138,307228713.7871001,173238466.3096,5723227.2189,0.003998160079969892,0.003998160079969892,0.005179409641416226,1.0051794096414162,-0.000005655755305866705,0.9997382124640062,586.50987429311,15.24187769406256,0.00003718509999999997,0.00003166854475350969
2021-11-21T11:00:00.000Z,0.01705924726130795,1.0018053291970461,0.0002556248924351049,0.0010079913602762877,0.0009687748088118564,306725911.98270005,180169773.5451,6931307.2355,0.0008365543882342674,0.0008365543882342674,0.0020609540894812287,1.0020609540894811,-2.691551675981785e-7,0.99921407360737,583.127552861433,15.18190613235365,0.000038220899999999965,0.00003841612931943812
2021-11-21T12:00:00.000Z,0.01705924726130795,1.001334259745757,0.00026379288592655233,0.0010501217319811016,0.00100911491821698,306606851.18929994,187758154.8718,7588381.3267,0.00032514482754009144,0.00032514482754009144,0.0015980526316836238,1.0015980526316837,-1.1094672525135962e-7,0.9989658277725149,582.6765304318535,15.105629450626353,0.00003668080000000001,0.00004207423351875901
2021-11-21T13:00:00.000Z,0.01705924726130795,1.003860523090441,0.0002740298966817299,0.0010817356543518766,0.001043892062466023,307376218.79649997,193452271.3923,5694116.5205,0.002816631027974914,0.002816631027974914,0.004134552987122667,1.0041345529871226,-0.0000019682921066355163,0.9999398455910208,585.0122601192219,15.15496997194942,0.00003626379999999992,0.000031492345513101294
2021-11-21T14:00:00.000Z,0.01705924726130795,1.0059802985583202,0.00028386277665747066,0.0011186398352441783,0.0010849385450042437,307649968.59470004,200091139.7606,6638868.3683,0.004895360013315919,0.004895360013315919,0.006264161334977633,1.0062641613349776,-0.0000066564775007549315,1.0003460305703136,587.2015796503603,15.166619447642931,0.00003719010000000006,0.00003668479563857309
2021-11-21T15:00:00.000Z,0.01705924726130795,1.005038461674362,0.00029090417223771756,0.0011621830759841953,0.0011269104306206312,307307560.72489995,207922954.1449,7831814.3843,0.003911551243741318,0.003911551243741318,0.005329365846599667,1.0053293658465996,-0.000002269095451978842,1.000885263977941,585.7366433165828,15.05620777579295,0.00003546029999999997,0.00004332494918739957
2021-11-21T16:00:00.000Z,0.01705924726130795,1.012074149940396,0.0003078621701439656,0.0012034530696711594,0.0011744670966453707,309433622.5528,215345290.7672,7422336.6223,0.010899682843750647,0.010899682843750647,0.012382012110539983,1.01238201211054,-0.000036832006269027495,1.0013699975031207,593.6320385655141,15.431467494813454,0.00003687580000000006,0.000040777638040148465
2021-11-21T17:00:00.000Z,0.01705924726130795,1.0106830412033405,0.0003185521136569678,0.0012516755203432009,0.0012259149283448956,308841256.953,224013326.4346,8668035.6674,0.00945712627499562,0.00945712627499562,0.011001593316997483,1.0110015933169976,-0.000040702424129790415,0.9995014517392463,593.04563521318,15.477154039709228,0.00003703569999999995,0.00004771273365469594
2021-11-21T18:00:00.000Z,0.01705924726130795,1.0089151555067595,0.0003274601727725161,0.0012810055114543632,0.0012529168192862983,308311123.001,229285595.4719,5272269.0373,0.007662238687473177,0.007662238687473177,0.009242615679531992,1.009242615679532,-0.000020978328611587216,1.0002668723136399,590.4863584645668,15.440121173773788,0.00003671369999999994,0.000029070820657290812
2021-11-21T19:00:00.000Z,0.01705924726130795,1.0082980172129372,0.0003374577419546692,0.0013055428878754822,0.0012735495249951434,310126710.036,233725048.38869998,4439452.9168,0.007024467687942071,0.007024467687942071,0.008635474954891883,1.0086354749548918,-0.00001688466231020147,1.0003000335503598,589.71958148322,15.44219067538616,0.000037784600000000085,0.00002433544004540571
2021-11-21T20:00:00.000Z,0.01705924726130795,1.0072854999934202,0.0003477875481453199,0.0013291992718843606,0.0012947583999769474,309830862.41169995,238005322.1393,4280273.7506,0.005990741593443261,0.005990741593443261,0.0076332875415655276,1.0076332875415654,-0.000015245388546025751,0.9995623400963428,588.943820148815,15.455934805746466,0.00003803839999999994,0.000023485282645442566
2021-11-21T21:00:00.000Z,0.01705924726130795,1.0104549735268749,0.00035910636637861575,0.0013518841999986967,0.0013220268001263857,310798751.9612,242109732.68949997,4104410.5502,0.00913294672674847,0.00913294672674847,0.010814079893253472,1.0108140798932534,-0.000026612523352231854,1.000907530808142,591.8322141341337,15.509070121902877,0.000038262299999999994,0.000022450212207451423
2021-11-21T22:00:00.000Z,0.01705924726130795,1.0112966500549072,0.0003706853188108877,0.0013729369829253823,0.0013473736679103787,311073332.8842,245919029.52149996,3809296.832,0.00994927638699683,0.00994927638699683,0.011667335373718097,1.011667335373718,-0.00004522398956463558,0.9995008956945632,593.6243726382471,15.574154493940481,0.000037909600000000095,0.000020817614143770657
2021-11-21T23:00:00.000Z,0.01705924726130795,1.0073453727977089,0.0003762009467240961,0.0013914023454659025,0.0013572750692374402,309873528.2151,249260325.85169995,3341296.3302,0.00598809772847142,0.00598809772847142,0.007721573744432956,1.007721573744433,-0.000014638281530587882,0.9996707357956329,588.8768648537559,15.38746038444474,0.00003793999999999997,0.000018330716386322174
2021-11-22T00:00:00.000Z,0.01705924726130795,1.004059448795995,0.0003818113128127127,0.0014139457364175608,0.001379995009053614,308865818.14419997,253339579.92609996,4079254.0744,0.0026794537869414548,0.0026794537869414548,0.004441260108807781,1.0044412601088077,-8.686172373595369e-7,1.0004691944675825,584.5427754559639,15.211533335769952,0.000038195100000000017,0.00002245224793130843
2021-11-22T01:00:00.000Z,0.01705924726130795,0.9976957543038593,0.00038367078179884665,0.0014440464540844407,0.0013988090800339803,306925687.0279,258786650.87579995,5447070.9497,-0.003703054776174719,-0.003703054776174719,-0.0019205749143418921,0.9980794250856581,-0.000009004631793541051,0.9996451394807844,577.6004531598836,14.902647649551692,0.00003781070000000004,0.000030170236659430365
2021-11-22T02:00:00.000Z,0.01705924726130795,0.9957433505414753,0.0003901532868578044,0.0014777925008852993,0.001427201209204143,306919168.5209,264905229.96399996,6118579.0882,-0.005683850667728807,-0.005683850667728807,-0.0038664961716668596,0.9961335038283331,-0.000024695422138565348,1.0004392218945923,574.8493743641576,14.791962719349202,0.00003698229999999998,0.00003389030571165415
2021-11-22T03:00:00.000Z,0.01705924726130795,0.9920164669635436,0.0003991277151505208,0.001512054960101478,0.001456518303262655,305030235.49750006,271102402.84549993,6197172.8815,-0.009440051339719036,-0.009440051339719036,-0.007584405321305859,0.9924155946786941,-0.00004597693037022843,0.9992161140028448,571.2127407821639,14.772293461519785,0.000037670900000000046,0.000034538195472220143
2021-11-22T04:00:00.000Z,0.01705924726130795,0.9911565888925236,0.0004102961175502838,0.0015459124686120927,0.001488708190183985,304785464.0156,277226725.2462999,6124322.4008,-0.010332119297660425,-0.010332119297660425,-0.008433114989926157,0.9915668850100738,-0.00006967486150744051,1.0005305219511849,569.4353131661185,14.83695947376723,0.000037222200000000086,0.000034159595225404544
2021-11-22T05:00:00.000Z,0.01705924726130795,0.9899128061178153,0.00042060577203186054,0.0015777955876105758,0.0015195376837499053,305205356.8432999,283009111.2376999,5782385.9914,-0.011606731565934614,-0.011606731565934614,-0.009666588110152847,0.9903334118898471,-0.00008309768887371227,1.00032881996659,568.0840072741337,14.859824956618585,0.00003817529999999994,0.00003220800672390228
2021-11-22T06:00:00.000Z,0.01705924726130795,0.9899902261440152,0.00043129928746460497,0.0016132903079052773,0.0015564274382974252,304376543.82060003,289428521.3032999,6419410.0656,-0.011566201294282208,-0.011566201294282208,-0.009578474568520177,0.9904215254314799,-0.00008964522581866863,1.0008684618011494,567.8242771745734,14.899016828529252,0.000037708399999999905,0.000035853607424993094
2021-11-22T07:00:00.000Z,0.01705924726130795,0.9882313887216534,0.0004500012499530826,0.0016359406006298987,0.0015746409605807976,303854784.37710005,293525204.1359999,4096682.8327,-0.013343252238927406,-0.013343252238927406,-0.011318610028393525,0.9886813899716065,-0.00009378849105157183,0.9993747884505252,566.6300180028604,15.203237480125026,0.000038153499999999905,0.00002292003013830072
2021-11-22T08:00:00.000Z,0.01705924726130795,0.9909362053902179,0.0004673501211648599,0.0016627993738294654,0.0016060200063552355,305706186.3289,298399319.2641999,4874115.1282,-0.010669814616137363,-0.010669814616137363,-0.008596444488617268,0.9914035555113827,-0.00006709418841643888,0.9999684061475522,569.3666533502009,15.451627341665612,0.00003792499999999991,0.000027104442397594625
