query_ts,assumedLPToken,equityValue,totalDexYield,totalTradingfee,newTotalTradingFee,liquidity,totalVolume,volume,priceImpact,priceEffect,totalReturn,totalEquityVal,impermanentLoss,tokenPrice,quoteTokenPrice,rewardPrice,rewardTokenPerLP,feePerDollar
2021-11-22T10:00:00.000Z,0.017183632615114998,1,0.000009987987970271004,0.00003265305353435831,4.0611958240788226e-13,306091551.3156,5879308.2575,5879308.2575,-4.0611958240788226e-13,-4.0611958240788226e-13,0.000009987987970271004,1.0000099879879703,0,1.0004971893727264,571.0905464347558,15.563209730010287,0.0000373477,0.00003265305427344088
2021-11-22T11:00:00.000Z,0.017183632615114998,1.00072355335445,0.00002023543480143856,0.00006184941144623159,0.00002606422614270798,305204735.6811,11117204.5961,5237896.3386,0.0006974891283073603,0.0006974891283073603,0.0007437887892515068,1.0007437887892514,-0.0000030839037501451116,0.998711632182582,572.9099382662779,15.609892480809789,0.00003809159999999999,0.000029175247742302355
2021-11-22T12:00:00.000Z,0.017183632615114998,1.0008499674988829,0.000029774727523894244,0.00008824508640451404,0.00005423810227322967,305279658.969,15853216.0576,4736011.4615,0.0007957293966096568,0.0007957293966096568,0.0008797422264067807,1.0008797422264069,-6.92896053755554e-7,1.0001152883767235,572.2181972154912,15.498381672853903,0.00003636190000000001,0.00002637325890542734
2021-11-22T13:00:00.000Z,0.017183632615114998,1.0010456193655266,0.00003924540704571478,0.00012740846846049573,0.00009209621573513793,305377037.8416,22880925.3085,7027709.2509,0.0009535231497914687,0.0009535231497914687,0.0010848647725723215,1.0010848647725723,-1.3849853042202653e-8,1.0016178742868733,571.5399638719605,15.45504400323183,0.00003597469999999999,0.0000391224756483721
2021-11-22T14:00:00.000Z,0.017183632615114998,1.0078584644660318,0.00004928767260846033,0.00017426809369612689,0.00013950548557928322,307424293.5881,31288844.3895,8407919.081,0.007718958980452495,0.007718958980452495,0.007907752138640239,1.0079077521386401,-0.00003610312566371121,0.9996888804737009,580.4099397220657,15.625576733260804,0.00003578799999999999,0.000046494251546857196
2021-11-22T15:00:00.000Z,0.017183632615114998,1.005907578944912,0.00005851750434441926,0.00021417707357127843,0.00018187623214482862,306881880.56470007,38450853.6583,7162009.2688,0.005725702712767067,0.005725702712767067,0.005966096449256315,1.0059660964492563,-0.00001829731296398851,1.000157055991545,577.8455051362059,15.559146491319462,0.000035305500000000016,0.00003967459966862739
2021-11-22T16:00:00.000Z,0.017183632615114998,1.00530944723405,0.00006801783631696468,0.0002516258383976587,0.00021731062181507,306689254.53319997,45171133.632199995,6720279.9739,0.005092136612234954,0.005092136612234954,0.005377465070366989,1.005377465070367,-0.000015475724289282233,1.000012842945512,577.2009231683932,15.518539118036275,0.00003619920000000001,0.00003725098218070522
2021-11-22T17:00:00.000Z,0.017183632615114998,0.9996242720233871,0.00007694699766902837,0.00029001412521072347,0.0002539826574251558,304967769.178,52060304.4298,6889170.7976,-0.0006297106340380498,-0.0006297106340380498,-0.00029878097894386565,0.9997012190210561,-6.304653943356442e-8,0.9995121799713614,570.933624832804,15.37226475039699,0.000036230299999999984,0.000038402715104901194
2021-11-22T18:00:00.000Z,0.017183632615114998,0.9990994828059078,0.00008622228928953589,0.0003198527282650397,0.00028602379391107213,304838380.3534,57415686.802099995,5355382.3723,-0.001186540988003304,-0.001186540988003304,-0.000814294904802696,0.9991857050951973,-0.0000036488114040222897,1.0020132595908648,568.8740813163361,15.261197484314845,0.00003748909999999997,0.000029865497980784223
2021-11-22T19:00:00.000Z,0.017183632615114998,0.9925366219999682,0.00009444274787988888,0.00034520330327948717,0.00030708242221799686,302202579.7765,61956049.25039999,4540362.4483,-0.007770460422249825,-0.007770460422249825,-0.007368935252151939,0.992631064747848,-0.000029089871571352788,1.0003239676676057,562.3471182559142,15.063175995275234,0.000036081100000000016,0.000025541198780693594
2021-11-22T20:00:00.000Z,0.017183632615114998,0.9867948753031229,0.00010315458473097124,0.00038932097578107944,0.0003501950480394589,300760482.46599996,69865704.67359999,7909655.4232,-0.013555319744916527,-0.013555319744916527,-0.013101970112146097,0.9868980298878539,-0.00008871373700936047,1.0001697312061222,555.8947943449309,14.90091877617583,0.00003799680000000002,0.00004470804844170336
2021-11-22T21:00:00.000Z,0.017183632615114998,0.9879806829947544,0.00011297186849236807,0.0004075573842687186,0.00036788318781333373,301073278.59569997,73134698.84459999,3268994.171,-0.012387200193058945,-0.012387200193058945,-0.011906345136753243,0.9880936548632467,-0.0000794270414128384,1.0006368574747566,556.9520005003711,14.90148921120285,0.00003832410000000002,0.000018458264103081288
2021-11-22T22:00:00.000Z,0.017183632615114998,0.9910631684399649,0.00012312520135602514,0.00042812290012500217,0.0003897255013679546,302004586.6391,76821102.4723,3686403.6277,-0.009326557061403062,-0.009326557061403062,-0.008813706358679082,0.9911862936413209,-0.00005377703763420616,1.0014989268399879,559.9269843146354,14.943708884939484,0.000038293400000000015,0.000020750963542745865
2021-11-22T23:00:00.000Z,0.017183632615114998,0.9926786802558477,0.00013366375628721207,0.00044841586982110395,0.00041172772490238874,302485818.00289994,80458518.7258,3637416.2535,-0.007733047469054677,-0.007733047469054677,-0.0071876559878650765,0.9928123440121349,-0.000029922988457831146,1.0004701884039027,562.3073323514515,15.023856514023525,0.000038263200000000044,0.000020442636523510392
2021-11-23T00:00:00.000Z,0.017183632615114998,0.9897437698614575,0.00014259213849777066,0.0004719318635115741,0.00043289304501037407,302461005.228,84685798.9804,4227280.2546,-0.010689123183552862,-0.010689123183552862,-0.010113638000044717,0.9898863619999553,-0.00005286789705793993,1.0000334218013827,559.2060961058143,14.930826956531876,0.00003802549999999996,0.000023759679127571478
2021-11-23T01:00:00.000Z,0.017183632615114998,0.994459932626215,0.00015317394729242345,0.0005035640511791746,0.0004667716502467778,304244820.287,90378471.5844,5692672.604,-0.006006839024031763,-0.006006839024031763,-0.005386893426492561,0.9946131065735074,-0.000011942312112322995,0.999359532474475,564.892589217824,15.05698259068103,0.00003624190000000008,0.00003180840816836582
2021-11-23T02:00:00.000Z,0.017183632615114998,0.9939696818744976,0.00016237764314666866,0.0005252674104812434,0.0004891663165063065,304082675.6281,94284150.8412,3905679.2568,-0.006519484442008672,-0.006519484442008672,-0.0058679404823556965,0.9941320595176443,-0.000016854249175857206,0.9997622077908083,564.0827724395302,15.01668562764487,0.000037256199999999916,0.000021835031288268617
2021-11-23T03:00:00.000Z,0.017183632615114998,0.9946454580905223,0.00016975551221644737,0.0005483344955165498,0.0005119408419286264,304873469.7096,98443210.2923,4159059.4511,-0.005866482751406332,-0.005866482751406332,-0.005184786397261259,0.9948152136027387,-0.00001235438170232861,0.9995842107335426,564.9251234552935,14.839876416893423,0.0000364299,0.00002319126381710007
2021-11-23T04:00:00.000Z,0.017183632615114998,0.9963962808508487,0.00017978012496505012,0.0005897967280008672,0.0005540938349305469,304606149.39779997,105899286.4409,7456076.1486,-0.004157812984081799,-0.004157812984081799,-0.003423939024186202,0.9965760609758137,-0.000006977840063204788,1.0000663283536817,566.5954463087493,14.86921883544196,0.000037920500000000045,0.00004161219160440084
2021-11-23T05:00:00.000Z,0.017183632615114998,0.996957157026833,0.00018857602756231314,0.0006164451363909263,0.0005815585081425656,304581289.0544999,110688333.1991,4789046.7582,-0.0036244014813096026,-0.0036244014813096026,-0.0028542669456047237,0.9971457330543952,-0.000005614913659690579,1.0002172051544762,567.11703051115,14.799270839212506,0.000037913600000000057,0.000026729742704198846
2021-11-23T06:00:00.000Z,0.017183632615114998,0.9944197929766925,0.00019705705179891278,0.0006443997311204111,0.0006081130328956519,303794305.5587,115711922.75140001,5023589.5523,-0.006188320056203178,-0.006188320056203178,-0.005383149971508613,0.9946168500284914,-0.000013994089406832444,0.9995800233135187,564.561773939322,14.709568570416057,0.00003807520000000002,0.0000281114625345071
2021-11-23T07:00:00.000Z,0.017183632615114998,0.9949232649648415,0.00020662744444402355,0.0006790498612822082,0.0006426780405280885,303955123.2841,121938879.22890002,6226956.4775,-0.005719413075686575,-0.005719413075686575,-0.004870107590714463,0.9951298924092855,-0.000008642442401729511,0.9989193430134884,565.4684011675139,14.706903865522575,0.00003801109999999987,0.00003482693727078805
2021-11-23T08:00:00.000Z,0.017183632615114998,0.9927532557453232,0.00021587222735925562,0.0007177796865404045,0.000682621645810344,303296484.74590003,128899094.59220001,6960215.3633,-0.007929365900487095,-0.007929365900487095,-0.007030872027317496,0.9929691279726826,-0.000015718982846246732,0.9981448119301745,563.3943393835921,14.696581075350593,0.00003718139999999997,0.000039012539586547087
2021-11-23T09:00:00.000Z,0.017183632615114998,0.995296756177209,0.00022587856388189194,0.0007565501785835476,0.0007218522354681678,304047912.68359995,135866030.8161,6966936.2239,-0.005425096058259138,-0.005425096058259138,-0.004477365258909078,0.9955226347410909,-0.000009829049158582848,0.9994910935830261,565.4795563144744,14.737266886749154,0.000037153399999999914,0.00003895370132981295
2021-11-23T10:00:00.000Z,0.017183632615114998,1.000621294726963,0.0002375306656345791,0.0008042991633455331,0.0007726773536032017,305685990.68659997,144446697.0917,8580666.2756,-0.0001513826266401619,-0.0001513826266401619,0.0008588253925976188,1.0008588253925976,-6.73396757355782e-7,0.999185488965953,571.667136529145,14.88902160881721,0.00003645199999999993,0.000047719336551066355
2021-11-23T11:00:00.000Z,0.017183632615114998,1.0064689735476555,0.00024820707398360143,0.0008607777290344781,0.0008361655188460215,306514362.7733,154564475.8741,10117778.7824,0.0056328080288094995,0.0056328080288094995,0.006717180621639123,1.006717180621639,-0.000022344389375539286,0.9994292030086919,578.1595127575632,14.962239596932916,0.000036982199999999925,0.00005611555613399231
2021-11-23T12:00:00.000Z,0.017183632615114998,1.0045558134787775,0.00025645052182622023,0.000913927467666317,0.000892170074247689,305940461.055,164086188.3106,9521712.4365,0.0036636434045298483,0.0036636434045298483,0.004812264000603758,1.0048122640006039,-0.000008506841570832258,1.0000292356155027,575.5519538587953,14.886427761792282,0.00003714219999999999,0.00005290869696094241
2021-11-23T13:00:00.000Z,0.017183632615114998,1.0060020247812311,0.00026546136158092485,0.0009720913576463443,0.0009472458218746649,306602153.19649994,174513704.43730003,10427516.1267,0.005054778959356465,0.005054778959356465,0.006267486142812055,1.006267486142812,-0.00001768754337472256,0.9995914559918675,577.4013229716786,14.880415601587954,0.00003564499999999999,0.000057816871899229577
2021-11-23T14:00:00.000Z,0.017183632615114998,1.0159781999090811,0.00027825183116280327,0.0010209143263202275,0.0010035649802697666,309697386.05240005,183268145.14840004,8754440.7111,0.014974634928811348,0.014974634928811348,0.016256451740243916,1.016256451740244,-0.00010777454681265564,1.0006786683358098,588.2156567718717,15.075659292773857,0.000035928300000000094,0.00004805513342741585
2021-11-23T15:00:00.000Z,0.017183632615114998,1.0266502227943615,0.00029290947114551583,0.0010844705931492083,0.0010787600597248481,312367211.7196,194643171.09290004,11375025.9445,0.02557146273463662,0.02557146273463662,0.026943132265506983,1.026943132265507,-0.00035988239985662585,0.9989151799512077,601.6225231522089,15.342309322531154,0.00003692990000000002,0.00006190644657995848
2021-11-23T16:00:00.000Z,0.017183632615114998,1.0199399101665862,0.0002970978935333961,0.0011411828407764495,0.0011273978333581347,310441648.386,204797081.63750005,10153910.5446,0.018812512333228115,0.018812512333228115,0.020237008060119646,1.0202370080601197,-0.00018710982583081126,0.9997885675832271,593.2001029677097,15.069715865133468,0.00003627179999999994,0.00005560351845689547
2021-11-23T17:00:00.000Z,0.017183632615114998,1.024909705297367,0.00030636111928714874,0.00118852887966379,0.0011859992045650802,311940702.23310006,213273671.61540005,8476589.9779,0.023723706092801944,0.023723706092801944,0.025216066416654172,1.025216066416654,-0.0003120932506239793,0.9989573075021536,599.4313276035646,15.064542516152844,0.00003617819999999995,0.0000461953276993711
2021-11-23T18:00:00.000Z,0.017183632615114998,1.0236218727873456,0.0003115208380347064,0.0012263487439384897,0.00121733493740539,311574192.07369995,220045297.67520005,6771626.0598,0.02240453784994023,0.02240453784994023,0.023933393625380328,1.0239333936253803,-0.0002767940499284194,0.9991235261777133,597.7880037768796,14.865850094312254,0.00003601670000000019,0.00003694710471699466
2021-11-23T19:00:00.000Z,0.017183632615114998,1.024000743406356,0.0003210817563413519,0.0012582897111740041,0.0012493951762069244,311360020.556,225758264.70540005,5712967.0302,0.022751348230149127,0.022751348230149127,0.024321825162697402,1.0243218251626973,-0.0002731622871453565,0.9996172872325844,597.898146727828,14.896942836607334,0.000034804399999999785,0.00003119232820577627
2021-11-23T20:00:00.000Z,0.017183632615114998,1.0282123849469205,0.00033213651574730193,0.0012863037836110596,0.0012865611228316531,312638031.5931,230768825.01290005,5010560.3075,0.026925823824088813,0.026925823824088813,0.02854452146266777,1.0285445214626678,-0.00036919932091072916,0.9998891015263661,602.6250208037919,14.981111511652143,0.000035895700000000084,0.00002724541374363615
2021-11-23T21:00:00.000Z,0.017183632615114998,1.0284417787646851,0.0003404743559540515,0.0013100351706996337,0.001307008378047092,312717134.8403,235013516.86310005,4244691.8502,0.02713477038663803,0.02713477038663803,0.028782253120639173,1.0287822531206392,-0.00036268326809218987,1.0003335704855358,602.6024078186806,14.940415104864718,0.00003599139999999999,0.000023075090365691318
2021-11-23T22:00:00.000Z,0.017183632615114998,1.0204824392199379,0.0003470153083873526,0.0013358517830142356,0.0013224584694546682,309554665.1771,239620134.34400004,4606617.4809,0.019159980750483196,0.019159980750483196,0.020829454528325218,1.0208294545283252,-0.00021181621182297938,0.9988922699301063,594.137433166995,14.814364629342895,0.00003697879999999994,0.000025298438687879718
2021-11-23T23:00:00.000Z,0.017183632615114998,1.0205591217853467,0.00035644111528913315,0.001358383486199969,0.0013466449501715605,310547706.93939996,243653199.74510005,4033065.4011,0.01921247683517513,0.01921247683517513,0.02091556290063582,1.020915562900636,-0.00017431054215033548,1.0008549248724994,593.0334310619924,14.801799379930458,0.00003821579999999991,0.000022077803276801896
2021-11-24T00:00:00.000Z,0.017183632615114998,1.0183608757264966,0.00036545564484271215,0.0013793552540618127,0.0013634507122071149,309754427.88310003,247405537.55680004,3752337.8117,0.01699742501428947,0.01699742501428947,0.018726331371339295,1.0187263313713393,-0.0001581492756452807,0.9995657889122793,591.220068083109,14.776124954990285,0.00003793819999999993,0.00002059365001974208
2021-11-24T01:00:00.000Z,0.017183632615114998,1.0197884284495398,0.0003759423938511102,0.0014037067950147398,0.0013893848461059566,310414611.5609,251765769.58900005,4360232.0322,0.018399043603433807,0.018399043603433807,0.020164370843390872,1.020164370843391,-0.00017875657985133575,0.9998194843894206,592.7003908808358,14.820370579777812,0.00003688109999999992,0.000023879012709702194
2021-11-24T02:00:00.000Z,0.017183632615114998,1.0164610539369272,0.00038237112979031316,0.0014335561000354488,0.001415689885199578,309410973.2526,257110554.92040005,5344785.3314,0.015045364051727628,0.015045364051727628,0.01684342506671752,1.0168434250667175,-0.00011338882002354111,1.0003705899917177,588.4788145790191,14.718244413305369,0.00003566180000000012,0.000029365910872082
2021-11-24T03:00:00.000Z,0.017183632615114998,1.011057123318602,0.00038806234915566,0.001464907756308791,0.0014405186881756293,307790699.8062,262724799.94570005,5614245.0253,0.009616604630426462,0.009616604630426462,0.011445185667757752,1.0114451856677578,-0.00004852947472211433,1.0002156992179123,582.2910921089162,14.590996696956113,0.00003588389999999964,0.00003100878794914694
2021-11-24T04:00:00.000Z,0.017183632615114998,1.0107684864890394,0.0003968141379507481,0.0014961594553912112,0.0014692719358269102,307690874.8505,268320927.81240004,5596127.8667,0.009299214553212476,0.009299214553212476,0.011165300626990135,1.01116530062699,-0.00004456081899206765,1.0003127567499965,581.8685809737566,14.563386023320291,0.000037906300000000156,0.0000309187504439719
2021-11-24T05:00:00.000Z,0.017183632615114998,1.0115602008220972,0.00040794736728238325,0.0015315599690138616,0.0015062362194520063,307927013.48510003,274659868.54260004,6338940.7302,0.010053964602645182,0.010053964602645182,0.011968148189379572,1.0119681481893796,-0.00006060774924609991,0.9994908861112003,583.2183246535767,14.62097126778592,0.000038067699999999907,0.00003499595283757539
2021-11-24T06:00:00.000Z,0.017183632615114998,1.0129469372866469,0.000417490139502642,0.0015692840173530992,0.0015469879902005879,308369364.26489997,281415312.43680006,6755443.8942,0.011399949296446277,0.011399949296446277,0.013364427426149506,1.0133644274261495,-0.00006186413916109412,1.0007091685831464,584.0618238101775,14.624178970061589,0.00003761799999999997,0.00003724187922336743
2021-11-24T07:00:00.000Z,0.017183632615114998,1.015806555764677,0.00042960543508252237,0.001616434875949381,0.0015997072305817817,309211398.03470004,289858086.34440005,8442773.9076,0.014206848534095151,0.014206848534095151,0.016236161199759454,1.0162361611997595,-0.00011344218375519688,0.9995406550350464,587.9947637039184,14.714778032735117,0.00003768539999999991,0.00004641716228490815
2021-11-24T08:00:00.000Z,0.017183632615114998,1.0150231237810134,0.0004369958594640955,0.0016542844490065088,0.0016347260010334264,308962976.99649996,296635165.76800007,6777079.4236,0.013388397779980021,0.013388397779980021,0.015460119640477544,1.0154601196404776,-0.00009099451151450832,1.0003058355306835,586.5970805886465,14.646892090058195,0.000037238299999999924,0.000037289370824034085
