query_ts,assumedLPToken,equityValue,totalDexYield,totalTradingfee,newTotalTradingFee,liquidity,totalVolume,volume,priceImpact,priceEffect,totalReturn,totalEquityVal,impermanentLoss,tokenPrice,quoteTokenPrice,rewardPrice,rewardTokenPerLP,feePerDollar
2021-10-15T10:00:00.000Z,0.019745253847650912,1,0.000020292425072040864,0.000026202328990181253,9.312550730555813e-13,221128318.1105,3408280.5015,3408280.5015,-9.312550730555813e-13,-9.312550730555813e-13,0.000020292425072040864,1.000020292425072,0,0.9995810305510638,459.7305625738096,19.60604317060389,0.0000524181,0.00002620232859391008
2021-10-15T11:00:00.000Z,0.019745253847650912,0.9984046153283317,0.000040538216786103965,0.00005739805892019956,0.00003213453077322015,220913525.9559,7468616.3727,4060335.8712,-0.0016275192024415297,-0.0016275192024415297,-0.0015548464548822056,0.9984451535451178,-7.372282051498757e-8,0.9983374677728877,458.8061330549745,19.60586337044498,0.00005229860000000001,0.00003124557879003719
2021-10-15T12:00:00.000Z,0.019745253847650912,1.0021040219586177,0.00006087668495239431,0.00007625058245278895,0.00005250392208888677,221651603.6734,9921509.5154,2452893.1427,0.00205151803652881,0.00205151803652881,0.002164898643570091,1.00216489864357,-0.000002806783277131686,0.9992613328480019,461.76647609521876,19.622336631031015,0.000052405500000000005,0.000018812940098255758
2021-10-15T13:00:00.000Z,0.019745253847650912,1.0010974382668096,0.00008056453316497526,0.00010066617329492319,0.00007472614149639512,221311212.1609,13096521.6807,3175012.1653,0.001022712125313241,0.001022712125313241,0.0011780027999746113,1.0011780027999746,-2.897923312428219e-7,0.999841840108859,460.55122096036104,19.48044810269832,0.00005232870000000001,0.000024388826161621842
2021-10-15T14:00:00.000Z,0.019745253847650912,1.0025274020610493,0.00010088013318249214,0.00012050772672011448,0.00009770738753744901,221408377.56,15674175.113,2577653.4323,0.0024296946735118397,0.0024296946735118397,0.002628282194231781,1.0026282821942318,-0.0000017801490850288815,1.000120821156674,461.7179508775239,19.51282737040622,0.00005238109999999998,0.000019791531301576465
2021-10-15T15:00:00.000Z,0.019745253847650912,1.0035230367825283,0.00012123673802226819,0.00015068325887433235,0.0001265381302990587,221646557.0243,19594658.7694,3920483.6564,0.0033964986522292406,0.0033964986522292406,0.0036442735205505675,1.0036442735205506,-0.000008212650017380696,0.9989194428507352,463.1653675388523,19.584794326601163,0.00005167879999999997,0.000030069595058719133
2021-10-15T16:00:00.000Z,0.019745253847650912,1.005865114341544,0.00014210787740857864,0.0001866557566661236,0.00016151874570380365,222163098.5,24268283.7344,4673624.965,0.005703595595840216,0.005703595595840216,0.006007222218952599,1.0060072222189527,-0.0000172197902852389,0.9993999478704702,465.0740046413061,19.66769655175788,0.00005242250000000002,0.00003576274590219581
2021-10-15T17:00:00.000Z,0.019745253847650912,1.0086396179237798,0.0001629543082379902,0.00021130488647266632,0.0001867167583520235,222627325.0256,27468616.324500002,3200332.5901,0.00845290116542774,0.00845290116542774,0.008802572232017754,1.0088025722320177,-0.000032314775023301046,0.9999589602182911,467.35882224957726,19.729260017428963,0.00005237100000000002,0.00002443799476342083
2021-10-15T18:00:00.000Z,0.019745253847650912,1.0117911893880323,0.00018381127138034108,0.0002381456111121483,0.00021413527837288449,223245777.4215,30952291.591500003,3483675.267,0.011577054109659368,0.011577054109659368,0.011975000659412594,1.0119750006594126,-0.00004620401537913654,1.0014794942606298,469.545042768126,19.77379508219031,0.00005247719999999999,0.000026527928197801825
2021-10-15T19:00:00.000Z,0.019745253847650912,1.016557958764659,0.00020539938541195847,0.00025640410065725646,0.00023399508696897442,224330163.16700003,33322417.656400003,2370126.0649,0.016323963677689957,0.016323963677689957,0.01676335815007089,1.0167633581500708,-0.00011820365734926952,1.000396881643106,474.4750545677641,19.880441246018044,0.000052469900000000024,0.00001796109026734179
2021-10-15T20:00:00.000Z,0.019745253847650912,1.01622404796748,0.00022604378597574555,0.0002752997201808937,0.0002546150125610769,224260608.7108,35775294.5309,2452876.8745,0.015969432954918927,0.015969432954918927,0.01645009175345575,1.0164500917534558,-0.0001069597425822355,1.0007978854166593,473.9541020475225,19.88616198624434,0.000052425599999999995,0.000018593950630123234
2021-10-15T21:00:00.000Z,0.019745253847650912,1.0185131280547843,0.00024739334252932147,0.00029011257012689375,0.000269101570921082,224511726.4944,37696005.8398,1920711.3089,0.01824402648386325,0.01824402648386325,0.018760521397313656,1.0187605213973137,-0.0001561671186600666,0.9999864134065369,476.4650227734374,19.945877263695042,0.00005248569999999988,0.000014543602136574565
2021-10-15T22:00:00.000Z,0.019745253847650912,1.013966335476744,0.0002667216210553991,0.0003042186387114171,0.0002843175885622884,223510379.39180002,39525079.6371,1829073.7973,0.013682017888181797,0.013682017888181797,0.014233057097799484,1.0142330570977995,-0.00008620675046899784,1.0000391038545176,472.18032274212004,19.844708616439245,0.000052529500000000114,0.000013911772079091537
2021-10-15T23:00:00.000Z,0.019745253847650912,1.014619960201993,0.00028676723977038546,0.0003111338906223299,0.0002880213169185186,223664019.1575,40421789.1287,896709.4916,0.014331938885074447,0.014331938885074447,0.014906727441763351,1.0149067274417634,-0.00009877840396477211,0.999755111411324,472.92029306292756,19.82302121572488,0.000051958500000000035,0.000006815607362606418
2021-10-16T00:00:00.000Z,0.019745253847650912,1.0153408138518738,0.0003075733331040307,0.00032314315146500966,0.0003013462271772571,223983299.66860002,41980161.1621,1558372.0334,0.015039467624696545,0.015039467624696545,0.01564838718497783,1.0156483871849777,-0.00012497945136802358,0.9986983746959096,474.08137892188387,19.84310643985138,0.00005236129999999995,0.000011827812433782952
2021-10-16T01:00:00.000Z,0.019745253847650912,1.0140268311394955,0.00032739430332458003,0.0003371265230421237,0.00031397993459791884,223707673.4833,43794817.4735,1814656.3114,0.013712851204897625,0.013712851204897625,0.014354225442820124,1.0143542254428202,-0.00010843305826280236,0.9984747477389053,472.9488794789229,19.80731496555584,0.000052098500000000016,0.00001378994149528041
2021-10-16T02:00:00.000Z,0.019745253847650912,1.013728187681807,0.00034709623856382546,0.0003562638975302954,0.0003329950007393556,223556230.5615,46277371.4771,2482554.0036,0.013395192681067591,0.013395192681067591,0.014075283920370772,1.0140752839203708,-0.00008643703545452297,0.9997386151987453,472.0549917101408,19.79197038148553,0.000051063699999999936,0.000018878211515375277
2021-10-16T03:00:00.000Z,0.019745253847650912,1.0163257533907462,0.0003703784084394507,0.00037355575817329186,0.00035104419337450565,224131899.9353,48520548.4928,2243177.0157,0.01597470919737165,0.01597470919737165,0.016696131799185606,1.0166961317991856,-0.00014784200976236672,0.9982344350885842,475.1761441607013,19.941621385044296,0.00005246370000000007,0.000017014092718576926
2021-10-16T04:00:00.000Z,0.019745253847650912,1.015660315398019,0.0003897872620382338,0.0003879969965183029,0.00036544772037072626,223944426.972,50393589.536199994,1873041.0434,0.015294867677648316,0.015294867677648316,0.016050102660057276,1.0160501026600572,-0.00011456581617164119,0.9996222772313935,473.8815907227009,19.87685898070348,0.00005251739999999994,0.000014218571173365791
2021-10-16T05:00:00.000Z,0.019745253847650912,1.012019499459731,0.00040736916100988986,0.0004028346978407956,0.00038001028634204737,223311860.3082,52319519.92649999,1925930.3903,0.011639489173388862,0.011639489173388862,0.0124268686207408,1.0124268686207407,-0.00007033124366639942,0.9992929949112834,470.6305188104119,19.73086972689941,0.00005247750000000006,0.000014661476819866767
2021-10-16T06:00:00.000Z,0.019745253847650912,1.0132747790822283,0.0004272933832361534,0.00041822039709142367,0.00039550877011595986,223826520.86540002,54318703.202599995,1999183.2761,0.012879270312112334,0.012879270312112334,0.013702072465464447,1.0137020724654644,-0.00010289939441110452,0.9980336124914498,472.3800848881832,19.70784755230134,0.00005242259999999993,0.00001518413258728077
2021-10-16T07:00:00.000Z,0.019745253847650912,1.0207958927588876,0.00045231991178518437,0.00043896351288372253,0.00042066272751184464,225909591.3696,57019057.946899995,2700354.7443,0.020375230031375757,0.020375230031375757,0.021248212670672787,1.0212482126706728,-0.00020184758767582966,0.9996575765778712,478.6189999082505,19.913226087131534,0.00005232469999999994,0.000020320531932615162
2021-10-16T08:00:00.000Z,0.019745253847650912,1.0197677101643425,0.0004707804041543106,0.0004536826913454693,0.00043269690261316107,222461246.05699998,58907865.729899995,1888807.783,0.019335013261729372,0.019335013261729372,0.020238490568496845,1.020238490568497,-0.00018721213533001713,0.9993800465764285,477.7762881811979,19.813044114924942,0.000053004500000000004,0.00001443385438143806
2021-10-16T09:00:00.000Z,0.019745253847650912,1.0253435583377852,0.0004969280986246379,0.0004705819867240936,0.00045221008867413204,223555051.2531,61075244.13729999,2167378.4074,0.0248913482491111,0.0248913482491111,0.02584048643640987,1.02584048643641,-0.00030192266981787785,0.9995912748951217,482.8970801072423,20.041414600242526,0.000052363300000000075,0.000016481592663314543
2021-10-16T10:00:00.000Z,0.019745253847650912,1.0212373443889795,0.0005148308559490557,0.00048398330573376123,0.00046352032650198716,221630994.2685,62786056.75339999,1710812.6161,0.02077382406247752,0.02077382406247752,0.021752175244928562,1.0217521752449286,-0.00022439835816978615,0.998955675318346,479.32956064525155,19.91700417312507,0.00005336720000000005,0.000013122629607691846
2021-10-16T11:00:00.000Z,0.019745253847650912,1.0204786542439295,0.00053426478431578,0.0005013940012125144,0.00048068868576023327,221608645.3788,65010134.42049999,2224077.6671,0.01999796555816924,0.01999796555816924,0.02101291902824525,1.0210129190282453,-0.0001840424545782593,1.0001945839632929,478.0083627121933,19.864334780372452,0.00005301879999999996,0.000017061302042649008
2021-10-16T12:00:00.000Z,0.019745253847650912,1.0217600057266778,0.0005570222002185225,0.0005166294864699711,0.0004967704148819418,221926525.4587,66956694.00989999,1946559.5894,0.02126323531179586,0.02126323531179586,0.022317027926896323,1.0223170279268963,-0.0002210732008781635,0.9995921382362855,479.4838084126861,19.93088308031707,0.00005327929999999978,0.000014911021993158834
2021-10-16T13:00:00.000Z,0.019745253847650912,1.009305845422584,0.0005700151314381438,0.0005560389971594645,0.000530035170428711,219221795.53980002,71991851.66899998,5035157.6591,0.008775810252155347,0.008775810252155347,0.009875860554022202,1.0098758605540221,-0.000030942129760958004,1.000451815107169,467.4277855206192,19.657662723435596,0.00005314710000000025,0.00003904615414444939
2021-10-16T14:00:00.000Z,0.019745253847650912,1.010125624589085,0.0005942261428326722,0.000583547531952904,0.0005583375879711916,218977427.6355,75499713.74499999,3507862.076,0.009567287001113867,0.009567287001113867,0.01071985073191773,1.0107198507319177,-0.000054956425712293644,0.9986195337326161,469.02054233161533,19.776744290454182,0.00005315790000000008,0.00002723278647297999
2021-10-16T15:00:00.000Z,0.019745253847650912,1.0102547527303225,0.000615318938781345,0.0006028618100938731,0.0005771354794472661,219429776.3151,77967424.2347,2467710.4897,0.009677617250875237,0.009677617250875237,0.010870071669103847,1.010870071669104,-0.00005131563258120586,0.9990815282407695,468.9061299404596,19.78880268272237,0.00005305509999999989,0.00001911822498723166
2021-10-16T16:00:00.000Z,0.019745253847650912,1.0094860283710894,0.0006350758415609504,0.0006303801622275256,0.0006042955411063033,219463372.3092,81486553.7252,3519129.4905,0.008881732829983058,0.008881732829983058,0.010121104212650311,1.0101211042126503,-0.00003992748011738545,0.9994872875514703,467.97712453019966,19.764486350107745,0.000052563099999999964,0.000027259765813774517
2021-10-16T17:00:00.000Z,0.019745253847650912,1.0097158921928642,0.00065860717217689,0.0006486540708413634,0.0006227518232271301,218643121.2656,83814211.63329999,2327657.9081,0.009093140369637043,0.009093140369637043,0.010374499365041062,1.010374499365041,-0.00004479552546365895,0.9991679042340068,468.3229221831686,19.856679351828447,0.00005246180000000002,0.00001809806968024003
2021-10-16T18:00:00.000Z,0.019745253847650912,1.0064737438785034,0.0006759746384418498,0.0006706976130011193,0.0006436503550504291,217898744.3239,86621485.24469998,2807273.6114,0.005830093523452984,0.005830093523452984,0.007149718516945263,1.0071497185169453,-0.00001850263324365553,0.9993111021385923,465.23236523269316,19.764990025706897,0.000052294300000000154,0.000021901756038970194
2021-10-16T19:00:00.000Z,0.019745253847650912,1.0092812243448597,0.0006972104283575859,0.000690004443232337,0.0006644822008481377,218526610.5569,89080460.71049999,2458975.4658,0.008616742144011535,0.008616742144011535,0.009978434773217259,1.0099784347732172,-0.0000380046613879248,0.9994424575272131,467.75230120791866,19.78505304435367,0.000052602200000000064,0.00001912928718935831
2021-10-16T20:00:00.000Z,0.019745253847650912,1.007674655100519,0.000717471596409365,0.0007018619657482483,0.0006757012401759077,218185499.7876,90590716.64719999,1510255.9367,0.0069989538603429935,0.0069989538603429935,0.008392126696928267,1.0083921266969282,-0.000019504015503657435,1.0003098739116447,465.84867560397083,19.773278003663595,0.000052957500000000063,0.000011767212279868989
2021-10-16T21:00:00.000Z,0.019745253847650912,1.0079542541443745,0.0007372051470287747,0.0007196834177937433,0.000693365211875907,218248807.0221,92860608.78689998,2269892.1397,0.007260888932498544,0.007260888932498544,0.008691459291403225,1.0086914592914031,-0.00001858587563696723,1.0007189453962242,465.9005275723747,19.742445428117602,0.000053492200000000036,0.000017680814342775555
2021-10-16T22:00:00.000Z,0.019745253847650912,1.0063651756960836,0.0007580417936012188,0.0007307180193395715,0.0007038274938679923,217917125.215,94266149.78959998,1405541.0027,0.005661348202215644,0.005661348202215644,0.0071232174896848546,1.007123217489685,-0.000018089050553005137,0.9992117677941417,465.1225113340498,19.74206598060731,0.00005348939999999987,0.000010964809223839412
2021-10-16T23:00:00.000Z,0.019745253847650912,1.0070675881930762,0.0007792897570517125,0.0007402483859822526,0.0007134473545531428,218110384.4026,95480316.84469998,1214167.0551,0.006354140838523037,0.006354140838523037,0.007846877950127892,1.007846877950128,-0.00001992313458454298,0.9996026176005792,465.5814549869607,19.7539888620824,0.00005330160000000008,0.00000946348336106731
2021-10-17T00:00:00.000Z,0.019745253847650912,1.0079379374603539,0.0007998522322784912,0.000750105360843353,0.00072395054262131,218303897.9512,96736122.38549998,1255805.5408,0.007213986917732562,0.007213986917732562,0.008737789692632364,1.0087377896926324,-0.000023963988944664116,0.9998459725484679,466.2638835574096,19.7466528751343,0.00005347969999999997,0.00000977934631216357
2021-10-17T01:00:00.000Z,0.019745253847650912,1.0038346945384296,0.000815466203199033,0.0007699989765793644,0.0007408532466266493,216896961.618,99264582.15929998,2528459.7738,0.0030938412918029012,0.0030938412918029012,0.004650160741628584,1.0046501607416285,-0.000004978587854864713,0.9995146199816323,462.6103649384828,19.61942317229257,0.00005360870000000004,0.000019817620234949768
2021-10-17T02:00:00.000Z,0.019745253847650912,1.0062962964532622,0.0008391738290883262,0.0007830945166388965,0.0007558200935859904,217447475.4185,100929155.70269999,1664573.5434,0.00554047635967625,0.00554047635967625,0.007135470282350566,1.0071354702823505,-0.000014584953457630334,0.9997052205424678,464.78118213076635,19.688376914816498,0.00005361160000000003,0.00001301360256463685
2021-10-17T03:00:00.000Z,0.019745253847650912,1.0051286364638223,0.0008561569490131261,0.0007991027817688156,0.0007708031199389342,217219083.1841,102964189.8341,2035034.1314,0.004357833343883399,0.004357833343883399,0.00598479341283546,1.0059847934128354,-0.000009423424665477853,0.9995880802481718,463.7428809175711,19.60009199622654,0.00005360620000000003,0.000015926584223946455
2021-10-17T04:00:00.000Z,0.019745253847650912,1.0072523235085822,0.000881031613439785,0.0008089775056385997,0.0007827038100340911,217833049.2789,104220397.80929999,1256207.9752,0.00646961969854809,0.00646961969854809,0.008133355122021966,1.008133355122022,-0.000018682511339296326,0.9999169865890489,465.54190168700427,19.69270423128512,0.00005356800000000004,0.00000980362513819365
2021-10-17T05:00:00.000Z,0.019745253847650912,1.0078698974559803,0.0009047364223942802,0.000819932000689568,0.0007958388643547476,217992932.1414,105614136.5157,1393738.7064,0.007074058591625576,0.007074058591625576,0.008774633878374604,1.0087746338783745,-0.000023913902880146054,0.9997143044689656,466.1957326496973,19.755547673729925,0.000053561699999999925,0.000010868956977665355
2021-10-17T06:00:00.000Z,0.019745253847650912,1.0067774427707958,0.0009268317294140778,0.0008310379576337508,0.0008056988311715418,217758592.81100002,107027158.3022,1413021.7865,0.005971743939624297,0.005971743939624297,0.0077042745002099166,1.0077042745002098,-0.000015629095266866955,0.9999439891879828,465.068872245756,19.781950593118346,0.00005347199999999994,0.000011031192872994431
2021-10-17T07:00:00.000Z,0.019745253847650912,1.0067734431267623,0.0009482908324432343,0.0008435828933916396,0.0008164409219622026,217760130.6296,108623280.5679,1596122.2657,0.00595700220480011,0.00595700220480011,0.007721733959205547,1.0077217339592055,-0.00002285029771875724,0.9987607547590112,465.606194037589,19.793184078236813,0.00005356100000000014,0.000012460535561972924
2021-10-17T08:00:00.000Z,0.019745253847650912,1.0078881668231858,0.0009669044479077325,0.0008589655143571929,0.0008332978152134629,217952118.6789,110580007.1965,1956726.6286,0.007054869007972364,0.007054869007972364,0.00885507127109356,1.0088550712710935,-0.000024226779098524,0.9996501745295512,466.20787272313146,19.74572314293665,0.00005357349999999987,0.000015262229561166602
