query_ts,assumedLPToken,equityValue,totalDexYield,totalTradingfee,newTotalTradingFee,liquidity,totalVolume,volume,priceImpact,priceEffect,totalReturn,totalEquityVal,impermanentLoss,tokenPrice,quoteTokenPrice,rewardPrice,rewardTokenPerLP,feePerDollar
2021-09-12T10:00:00.000Z,0.021137284331731586,1,0.000019264564147322726,0.000012352077280342881,-4.4875214655348827e-13,238156236.1559,1730426.1497,1730426.1497,4.4875214655348827e-13,4.4875214655348827e-13,0.000019264564147322726,1.0000192645641472,0,0.9990714778163207,413.7523223061294,20.249148936249053,0.0000450094,0.000012352078207031752
2021-09-12T11:00:00.000Z,0.021137284331731586,1.001160556908289,0.000038553124156893874,0.000020050904011304175,0.000007582092648172889,238348476.3398,2808588.6447,1078162.495,0.001152974815640917,0.001152974815640917,0.0011991100324459838,1.001199110032446,-3.187157536777008e-7,0.9994251292399592,414.56021827449706,20.278723053006008,0.00004493410000000002,0.000007689901230528412
2021-09-12T12:00:00.000Z,0.021137284331731586,1.003078944477282,0.00005828396331754169,0.00003193509059313671,0.000021021556196210156,238977151.581,4474077.7123,1665489.0676,0.003057922921085865,0.003057922921085865,0.003137228440599617,1.0031372284405997,-0.000004045228663818179,0.9992801849300461,416.19969211291277,20.437256167969874,0.0000449768,0.000011847707599612657
2021-09-12T13:00:00.000Z,0.021137284331731586,1.0066195502438484,0.00007827065095699894,0.00004258313919505152,0.000030300097611402066,239807648.7456,5966249.3773,1492171.665,0.0065892501462370134,0.0065892501462370134,0.006697820894805415,1.0066978208948054,-0.000015368523600622908,1.000094551157052,418.7940665482412,20.583470104279037,0.000044979700000000026,0.000010578027197085153
2021-09-12T14:00:00.000Z,0.021137284331731586,1.0038002334130105,0.00009732029713124361,0.00006342087650187597,0.000051265689666069036,239034096.61740002,8885115.6221,2918866.2448,0.003748967723344432,0.003748967723344432,0.0038975537101417447,1.0038975537101418,-0.000007410790165085501,0.9989636492647352,416.90542178614083,20.472285346624158,0.00004499919999999999,0.0000207588485759098
2021-09-12T15:00:00.000Z,0.021137284331731586,1.0049445387659388,0.00011762437414030211,0.00008234152553166538,0.00007025963155471437,239107356.9991,11533237.3797,2648121.7576,0.004874279134384096,0.004874279134384096,0.005062163140079113,1.0050621631400791,-0.000012878521612802452,0.9988589692821569,417.8845276648783,20.618023090130816,0.000044999699999999995,0.000018827555305782353
2021-09-12T16:00:00.000Z,0.021137284331731586,1.0051767275815013,0.0001363436620105403,0.0000951003687116881,0.0000843179144434103,239183789.45090002,13319114.9116,1785877.5319,0.005092409667057929,0.005092409667057929,0.00531307124351188,1.0053130712435119,-0.000009221985860952131,0.9998558830174636,417.6491340207028,20.484259830993405,0.00004499589999999998,0.000012693133640870058
2021-09-12T17:00:00.000Z,0.021137284331731586,1.0063525175916075,0.00015602521452230483,0.00010964153518503206,0.00009770497243311027,239968197.19730002,15358756.5648,2039641.6532,0.006254812619174377,0.006254812619174377,0.006508542806129792,1.0065085428061298,-0.000014461583229041786,0.999928322840492,418.58539974652166,20.515826929766177,0.00004490139999999999,0.000014449376421281098
2021-09-12T18:00:00.000Z,0.021137284331731586,1.0047427698147424,0.00017515025661939956,0.00011854234415815944,0.00010763989893947112,239590824.83549997,16607277.5427,1248520.9779,0.004635129915802949,0.004635129915802949,0.00491792007136182,1.0049179200713618,-0.000008448811711248005,0.9995848670788892,417.38232432002326,20.47538293528936,0.00004490040000000002,0.0000088587935864709
2021-09-12T19:00:00.000Z,0.021137284331731586,1.00379817125321,0.00019403299434624563,0.00012701196732701852,0.00011486259908499719,240121057.54140002,17799065.4904,1191787.9477,0.003683308654125028,0.003683308654125028,0.003992204247556271,1.0039922042475562,-0.000004584450435940468,0.9997196025920139,416.53567261135305,20.432417318380324,0.00004457260000000003,0.000008437575329022046
2021-09-12T20:00:00.000Z,0.021137284331731586,1.0045673884675248,0.00021396026994635763,0.0001358423933707781,0.0001243937843604659,240319622.1276,19041698.6429,1242633.1525,0.004442994683164336,0.004442994683164336,0.00478134873747116,1.0047813487374713,-0.000005868196943703552,1.0000783528156345,417.0168145577398,20.488092616809,0.00004479389999999999,0.000008790278299157611
2021-09-12T21:00:00.000Z,0.021137284331731586,0.9942486999985676,0.00022841086913613114,0.0001647198468478954,0.00015751878643954775,237496671.1783,23099329.0007,4057630.3578,-0.005908818787871972,-0.005908818787871972,-0.005522889132296293,0.9944771108677037,-0.00002764265356325346,1.0005803645371427,408.2606016016169,20.059519265450827,0.000044636999999999966,0.000029044498072486102
2021-09-12T22:00:00.000Z,0.021137284331731586,0.9949645697256331,0.0002473093435249602,0.00018160532416173052,0.00016845208344529183,237650732.3705,25471772.925,2372443.9243,-0.005203882357812217,-0.005203882357812217,-0.004788120930841965,0.9952118790691581,-0.000016280035140092686,0.9995598555645472,409.2572321758889,20.05327841629384,0.00004475300000000002,0.000016970933062483768
2021-09-12T23:00:00.000Z,0.021137284331731586,1.0018362666807765,0.0002710871261066399,0.00019819958465441365,0.0001867470339833588,239657639.98450002,27806862.2592,2335089.3342,0.0016495196467931628,0.0016495196467931628,0.0021073538068831616,1.0021073538068832,-4.006476465034936e-7,0.9998240714946849,414.8059627786759,20.415172848371803,0.00004475950000000002,0.000016563844442416854
2021-09-13T00:00:00.000Z,0.021137284331731586,1.0043167222961733,0.0002913595072248257,0.00021561322140557418,0.0002039766550812061,240243784.1867,30257177.8886,2450315.6294,0.004112745641092097,0.004112745641092097,0.004608081803398129,1.0046080818033982,-0.000008037286572282198,0.9991663813120062,417.1230136894649,20.4813152309272,0.000044798400000000055,0.000017338790196306797
2021-09-13T01:00:00.000Z,0.021137284331731586,1.0015976225998773,0.0003092534859367045,0.000229406533849434,0.00021977593334332468,239577158.18680003,32197937.5587,1940759.6701,0.001377846666533955,0.001377846666533955,0.0019068760858139842,1.001906876085814,-2.1712197340040262e-7,0.9997889950977752,414.59552638672477,20.382353850012354,0.00004480159999999983,0.000013771310521170464
2021-09-13T02:00:00.000Z,0.021137284331731586,0.9926968026459307,0.000322550181568153,0.0002532896338512664,0.00024060615103083105,237382398.66050002,35557429.9046,3359492.3459,-0.0075438035051000885,-0.0075438035051000885,-0.006980647172501104,0.9930193528274989,-0.00003962702517879002,1.000401346471408,406.9915877055329,20.00948299035988,0.00004481450000000002,0.000024058805624413476
2021-09-13T03:00:00.000Z,0.021137284331731586,0.9860951444770371,0.00033729119490482327,0.0002805071848447266,0.0002647004979453582,236005843.95020002,39389240.8256,3831810.921,-0.014169556020908303,-0.014169556020908303,-0.013567564328058121,0.9864324356719418,-0.0001231970461318399,1.0004980189029753,401.53667962308486,19.763550676443213,0.00004477680000000006,0.000027601344342450037
2021-09-13T04:00:00.000Z,0.021137284331731586,0.9820618900207366,0.0003521812441631469,0.0003017552158639858,0.0002856938028974465,234988497.35469997,42379972.9987,2990732.1731,-0.01822380378216082,-0.01822380378216082,-0.017585928735100224,0.9824140712648998,-0.00019559275101554974,1.0004592712924802,398.25623900699236,19.551498082213346,0.00004478719999999996,0.00002163614283892228
2021-09-13T05:00:00.000Z,0.021137284331731586,0.9833386199167751,0.00037316262484371,0.00032436073189878284,0.0003088350015421071,236763153.22450003,45581642.7348,3201669.7361,-0.016970215084767037,-0.016970215084767037,-0.01628821745838122,0.9837117825416187,-0.00016798262000994324,1.0002858657056417,399.3431381067469,19.68880736531968,0.00004447249999999999,0.000022988537182595604
2021-09-13T06:00:00.000Z,0.021137284331731586,0.9847559433815445,0.00039345432643868105,0.000344297769359392,0.0003285575641106542,238099650.1136,48417222.4196,2835579.6848,-0.015572614182566169,-0.015572614182566169,-0.014850602292016834,0.9851493977079832,-0.00014440516904179468,1.0003714178071752,400.4452107514589,19.781606491555365,0.00004432330000000004,0.000020245663787662403
2021-09-13T07:00:00.000Z,0.021137284331731586,0.9846373058329441,0.00041170143842660453,0.00036565647731314063,0.00034991997774613814,238058524.50509998,51454842.8447,3037620.4251,-0.015712614144802073,-0.015712614144802073,-0.01495099272862933,0.9850490072713707,-0.00014122843661035223,1.000041123932458,400.46354207260765,19.7707929713809,0.00004417840000000004,0.000021691954671252996
2021-09-13T08:00:00.000Z,0.021137284331731586,0.9758091434697401,0.0004236022568926937,0.00039703982137336615,0.00037812810534620933,234426287.4617,55889823.4861,4434980.6414,-0.024568984635606084,-0.024568984635606084,-0.02376725427336718,0.9762327457266328,-0.0003338343062661009,1.000038087816267,393.2906168350618,19.461051859297427,0.00004461070000000004,0.00003216135516206466
2021-09-13T09:00:00.000Z,0.021137284331731586,0.9743999747544698,0.0004334704381677935,0.0004297096904718994,0.00041154627842698854,235032757.71960002,60525248.963700004,4635425.4776,-0.026011571523957167,-0.026011571523957167,-0.025166554807362386,0.9748334451926376,-0.0003641626665515929,0.9997068328015939,392.2581168696954,19.090711522510606,0.000044431500000000044,0.000033528191509888604
2021-09-13T10:00:00.000Z,0.021137284331731586,0.9767031733507667,0.00044436080874660114,0.0004622351454164214,0.0004441691366470213,235621692.9453,65140838.114300005,4615589.1506,-0.023740995785880292,-0.023740995785880292,-0.02285246584048667,0.9771475341595133,-0.0003072291962384899,0.9998351505548608,394.0385471024709,18.79311355696069,0.00004442599999999993,0.00003330126975126004
2021-09-13T11:00:00.000Z,0.021137284331731586,0.9779909866198916,0.0004646781913995399,0.00047583479383377705,0.00045890683552463063,235958269.1121,67070934.889400005,1930096.7751,-0.02246792021563304,-0.02246792021563304,-0.021544335188708873,0.9784556648112911,-0.0002827280913028085,1.0001290097061672,394.95081795861796,18.901789525831116,0.00004442130000000008,0.000013905698367837963
2021-09-13T12:00:00.000Z,0.021137284331731586,0.9816755998760283,0.0004865533452371318,0.000500030588251371,0.0004844957823330054,236562660.48669997,70500737.9396,3429803.0502,-0.018808895906304746,-0.018808895906304746,-0.01783784677873461,0.9821621532212654,-0.0001894294726966228,0.9995489509696144,398.14396889595747,19.066161480212273,0.00004425300000000001,0.00002464744509274663
2021-09-13T13:00:00.000Z,0.021137284331731586,0.9809520957148548,0.0005035888258262509,0.0005208067061469115,0.0005070232387686113,236413948.41660002,73446114.0179,2945376.0783,-0.019554927523913856,-0.019554927523913856,-0.018544315459318995,0.981455684540681,-0.000224552529017652,1.0005166070888627,397.1542731762651,19.04540783169672,0.00004363260000000002,0.00002117954277505912
2021-09-13T14:00:00.000Z,0.021137284331731586,0.9921073687451194,0.0005339636906023956,0.0005622720930641305,0.00055243139786465,241215915.31100002,79376515.2658,5930401.2479,-0.00844506265274525,-0.00844506265274525,-0.007358667564278204,0.9926413324357218,-0.00004460569110564805,1.0000354761349888,406.40136783214945,19.509332241087346,0.00004391160000000006,0.00004179526093223025
2021-09-13T15:00:00.000Z,0.021137284331731586,0.9711616070195026,0.0005262167818811236,0.0006513403733262673,0.0006292935555782808,236932008.50140002,92158737.8944,12782222.6286,-0.029467686536075677,-0.029467686536075677,-0.02831217619861627,0.9716878238013837,-0.00047894797449210547,1.000116544510629,389.31971120727167,18.606378798018984,0.00004314039999999991,0.00009171314001034013
2021-09-13T16:00:00.000Z,0.021137284331731586,0.9788422565504536,0.0005538667059900815,0.0006777362525521716,0.0006627518479404015,238853684.54200003,95947579.3971,3788841.5027,-0.021820495297486753,-0.021820495297486753,-0.02060387674355627,0.9793961232564438,-0.00026199845744512285,0.999902446319306,395.56375614168894,18.96189681794977,0.00004390020000000026,0.000026966427446746837
2021-09-13T17:00:00.000Z,0.021137284331731586,0.9776765162262496,0.0005714720548163188,0.0006924432156563569,0.0006746936050272545,238912078.3288,98061637.87110001,2114058.474,-0.02299817737877763,-0.02299817737877763,-0.021752011718934056,0.978247988281066,-0.00029719047982634805,1.0001872515619725,394.49948274287436,18.963551243430608,0.00004380079999999979,0.000015042769837923126
2021-09-13T18:00:00.000Z,0.021137284331731586,0.9793617040552374,0.0005922226548612074,0.0007068651572774277,0.0006911957796880142,239321963.94290003,100134709.26740001,2073071.3963,-0.021329491724450644,-0.021329491724450644,-0.020046073289901423,0.9799539267100986,-0.00024009659352397517,0.9994264617145072,396.14954689742774,19.066831633170562,0.00004376499999999988,0.000014725858486398037
2021-09-13T19:00:00.000Z,0.021137284331731586,0.9801518111757904,0.0006109037957114666,0.000718730755731419,0.0007051614138861018,239535707.0782,101840468.20240001,1705758.935,-0.02055335023809568,-0.02055335023809568,-0.019237285028498113,0.9807627149715019,-0.00023890884771460286,1.0001647679606547,396.4852388699084,19.098561975939603,0.000043834400000000144,0.00001210587859685287
2021-09-13T20:00:00.000Z,0.021137284331731586,0.9815171005227001,0.0006312540692184974,0.0007286059491239421,0.0007142500966799137,239778961.4289,103259557.9071,1419089.7047,-0.019197149573979777,-0.019197149573979777,-0.017851645408081367,0.9821483545919186,-0.000204397633746356,0.9999076514199503,397.68622846202146,19.17901049085886,0.000043851299999999896,0.000010061151669077304
2021-09-13T21:00:00.000Z,0.021137284331731586,0.9855740438907712,0.0006544065030159107,0.0007370994236044411,0.0007256489810092415,241145624.7234,104481995.0981,1222437.191,-0.015151605090238052,-0.015151605090238052,-0.0137715496062129,0.9862284503937871,-0.00014041920780094586,1.0005628562053634,400.71111699949546,19.33867907785737,0.000043783199999999916,0.000008617793613646036
2021-09-13T22:00:00.000Z,0.021137284331731586,0.9850920066631135,0.0006732421057317657,0.0007473346420198013,0.0007350086044588533,241119259.20220003,105955675.56840001,1473680.4703,-0.01564300194134538,-0.01564300194134538,-0.01423475123115476,0.9857652487688452,-0.000137508929654917,0.9998890204821266,400.5811156695417,19.36586703896558,0.000043766799999999874,0.000010390114865976418
2021-09-13T23:00:00.000Z,0.021137284331731586,0.9834726087563181,0.0006894359341026487,0.0007548504959626733,0.000742036039558025,241128065.0953,107039639.60880001,1083964.0404,-0.01726942728323988,-0.01726942728323988,-0.015837955309579207,0.9841620446904208,-0.00017867741964283645,1.0005561567791759,398.9922597053102,19.31846650938908,0.00004369319999999995,0.00000764215840222374
2021-09-14T00:00:00.000Z,0.021137284331731586,0.9845173887240404,0.000711009711304054,0.0007631987530723565,0.0007512438050001347,241385460.17270002,108243662.1967,1204022.5879,-0.016233855080959758,-0.016233855080959758,-0.01477160156465557,0.9852283984353444,-0.000158602004553976,1.0005155106585288,399.8498383847256,19.42040559200165,0.00004369310000000013,0.00000847954304275652
2021-09-14T01:00:00.000Z,0.021137284331731586,0.9840851380360698,0.0007294903265314098,0.0007832898538572743,0.0007702001993878937,241104902.62579998,111139192.8101,2895530.6134,-0.01668506216331811,-0.01668506216331811,-0.015185371637398805,0.9848146283626011,-0.00015610067154436802,0.9999155938319575,399.72281490064336,19.434568483040387,0.00004372530000000006,0.00002041601804513977
2021-09-14T02:00:00.000Z,0.021137284331731586,0.9852427595251345,0.0007482626766406857,0.0007926661967709264,0.0007809226598043395,241274292.2528,112489872.528,1350679.7179,-0.015538163134669825,-0.015538163134669825,-0.0140089777982248,0.9859910222017751,-0.00014610139185944337,1.0005060094933393,400.4193661169064,19.455410483615616,0.00004374639999999995,0.000009516784813626794
2021-09-14T03:00:00.000Z,0.021137284331731586,0.9825437786997877,0.0007616436267274284,0.0008033201257653423,0.0007891443365248829,241748228.54200003,114031829.5665,1541957.0385,-0.018245365636737176,-0.018245365636737176,-0.016694577673484864,0.9833054223265152,-0.0001887362448973473,1.0000873645830894,398.3868408458581,19.340499779601412,0.00004354260000000005,0.000010843210646296773
2021-09-14T04:00:00.000Z,0.021137284331731586,0.9851759291032111,0.0007845902684095459,0.0008171545121801155,0.000805924195564911,242632470.2502,116036052.90149999,2004223.335,-0.015629995092353854,-0.015629995092353854,-0.014039480628379397,0.9859605193716205,-0.0001222621259450163,0.9989562281279238,400.96576124483636,19.469365249909988,0.00004342780000000007,0.000014042554428047296
2021-09-14T05:00:00.000Z,0.021137284331731586,0.9850920883819685,0.0008012460834774777,0.0008281069419038642,0.0008169559340962529,242615276.3599,117622782.23739998,1586729.3359,-0.015724867552127764,-0.015724867552127764,-0.014106665534554034,0.9858933344654459,-0.00014731453189620325,1.000387122480043,400.31506864573487,19.441312124250885,0.00004328240000000005,0.000011118178176993966
2021-09-14T06:00:00.000Z,0.021137284331731586,0.9845434723252551,0.0008211434243555366,0.0008359596227000192,0.0008243545282298204,242512518.41090003,118760588.45819998,1137806.2208,-0.016280882202974745,-0.016280882202974745,-0.014635384250389388,0.9853646157496107,-0.00015221273632726184,1.0001050793762323,399.9756890847033,19.4893492187307,0.00004349430000000016,0.000007975961769044338
2021-09-14T07:00:00.000Z,0.021137284331731586,0.9869928953973034,0.0008430141300846972,0.0008540254228807657,0.0008454828571400341,243241589.93260002,121379567.91039997,2618979.4522,-0.01385258745983664,-0.01385258745983664,-0.012164090472611909,0.9878359095273881,-0.00013143018530770156,1.0013363658282681,401.4585348309081,19.581384616797468,0.00004347210000000009,0.00001830388080415722
2021-09-14T08:00:00.000Z,0.021137284331731586,0.9873840455426804,0.0008644728425152543,0.000870809141080371,0.0008608562424289312,243337486.5433,123812680.32989997,2433112.4195,-0.013476810699748487,-0.013476810699748487,-0.011751481614804302,0.9882485183851957,-0.00010129999331642825,0.9997369969396052,402.40728774173596,19.660198926802156,0.00004347260000000011,0.000016998166504912833
