query_ts,assumedLPToken,equityValue,totalDexYield,totalTradingfee,newTotalTradingFee,liquidity,totalVolume,volume,priceImpact,priceEffect,totalReturn,totalEquityVal,impermanentLoss,tokenPrice,quoteTokenPrice,rewardPrice,rewardTokenPerLP,feePerDollar
2021-12-17T10:00:00.000Z,0.017471812801026373,1,0.000007279899354762415,0.00002070351111630614,4.241051954068098e-14,293008895.3219,3568419.3989,3568419.3989,-4.241051954068098e-14,-4.241051954068098e-14,0.000007279899354762415,1.0000072798993547,0,1.0003383680399551,529.7658853228328,12.551976506874098,0.0000331952,0.00002070351130966703
2021-12-17T11:00:00.000Z,0.017471812801026373,0.997980466819524,0.000014590308779667158,0.00005755268076250874,0.00003914668097726448,292334609.0827,9917882.2024,6349462.8035,-0.0020586798614532498,-0.0020586798614532498,-0.002004942871696318,0.9979950571283037,-8.758857077406645e-7,0.9996011340203441,527.9760040473956,12.528911155459266,0.0000334568,0.00003692373886150581
2021-12-17T12:00:00.000Z,0.017471812801026373,0.9969232111938886,0.000021555011992829702,0.00012065356188770262,0.00010007866072403448,292033958.3226,20791101.4942,10873219.2918,-0.0031768674668354313,-0.0031768674668354313,-0.003055233794118567,0.9969447662058815,-0.00000923912881667377,1.0014560964035155,525.8177173879693,12.323612823050587,0.00003345680000000001,0.00006329562802296036
2021-12-17T13:00:00.000Z,0.017471812801026373,0.9991927932890471,0.000028350791721771664,0.00015147300801042382,0.00013561521626836992,292701625.5443,26101801.307,5310699.8128,-0.0009428219272212823,-0.0009428219272212823,-0.0007788559192311407,0.9992211440807689,-0.0000016379809605338025,1.0012057335475208,528.3093241681025,12.156660247136184,0.00003337019999999999,0.000030844344184872306
2021-12-17T14:00:00.000Z,0.017471812801026373,1.005093983803768,0.000035458241210840464,0.0002062703506977664,0.00018763451896264272,294408005.3328,35543573.6384,9441772.3314,0.004906349284805378,0.004906349284805378,0.0051294420449788615,1.0051294420449788,-0.000008959607879499565,1.0010000376188017,534.6234465163976,12.20407850815996,0.000032814099999999974,0.00005451962131680445
2021-12-17T15:00:00.000Z,0.017471812801026373,0.9851669632211888,0.000041153164277707035,0.0002910709455200115,0.00027422365626084133,288525228.0329,50152689.51100001,14609115.8726,-0.015107260435072045,-0.015107260435072045,-0.014791883614533497,0.9852081163854665,-0.0001108276501219363,1.000004553354627,514.0517109976352,11.807947059370406,0.00003318300000000001,0.00008607738447255661
2021-12-17T16:00:00.000Z,0.017471812801026373,0.9948027599945097,0.000048571967678528006,0.0003437160089700094,0.0003255296400610508,291161222.8215,59216384.56490001,9063695.0539,-0.0055227696455513176,-0.0055227696455513176,-0.0051486680378117385,0.9948513319621882,-0.000012182614540723335,0.9997364088635944,524.2459617256135,11.931984620470672,0.00003351269999999999,0.000052920101936363405
2021-12-17T17:00:00.000Z,0.017471812801026373,0.9975649327038906,0.000056017320281931174,0.0003779992821657035,0.00036057094012897917,292005927.3578,65119535.08650001,5903150.5216,-0.002795638236238407,-0.002795638236238407,-0.0023790499758274968,0.9976209500241725,-0.000001573501163920632,0.9993129739842102,527.3485153526678,12.034475176392597,0.00003342529999999998,0.000034366959525528744
2021-12-17T18:00:00.000Z,0.017471812801026373,0.992980216431298,0.00006289996240771228,0.0004014103948702409,0.0003800550804904379,290666517.7145,69150671.8665,4031136.78,-0.0073998386491924695,-0.0073998386491924695,-0.006956883606294319,0.9930431163937057,-0.00002539635519072103,1.000037934142672,522.1113367765083,12.01790028064639,0.000033145900000000024,0.000023576614808903182
2021-12-17T19:00:00.000Z,0.017471812801026373,0.9964436591925294,0.00007055906587935038,0.0004158929779324963,0.0003952661404400537,291690546.33779997,71644501.24890001,2493829.3824,-0.003951606947910635,-0.003951606947910635,-0.003485781741591231,0.9965142182584088,-0.000005826062572378277,0.9997924263938686,525.8743041871544,12.123971749562056,0.0000335364,0.000014534272719179328
2021-12-17T20:00:00.000Z,0.017471812801026373,0.99661118673483,0.00007833064329800649,0.0004299643723635672,0.0004115901909893527,291795742.6265,74067992.22970001,2423490.9808,-0.003800403456159396,-0.003800403456159396,-0.0033104826218720365,0.9966895173781279,-0.000005689123594110335,0.9999038458390287,525.9753592272326,12.22841665533524,0.00003352980000000004,0.000014119241871988297
2021-12-17T21:00:00.000Z,0.017471812801026373,0.9946643707045943,0.00008486185413678996,0.00044234283549328266,0.0004216153487840435,291240639.25390005,76200021.90680002,2132029.6771,-0.005757244644189696,-0.005757244644189696,-0.0052507674412688625,0.9947492325587312,-0.000014926872362375221,1.0000283217717323,523.8458227644963,12.137991899761344,0.00003352829999999996,0.000012444865044779167
2021-12-17T22:00:00.000Z,0.017471812801026373,0.9983981717484939,0.00009534025441798426,0.0004572309637911878,0.0004386847853806719,292335978.74729997,78764326.83800001,2564304.9312,-0.002040513036886793,-0.002040513036886793,-0.0015064879970881368,0.9984935120029118,-0.0000029602527839012183,1.0007291907214986,527.4000525326471,12.582476861277536,0.00003352830000000001,0.000014912014599503901
2021-12-17T23:00:00.000Z,0.017471812801026373,0.99797904757194,0.00010211772136533133,0.0004782967616818296,0.0004610170378246403,292216949.3168,82392708.65110001,3628381.8131,-0.002481969465884637,-0.002481969465884637,-0.0019188347066946654,0.9980811652933054,-0.000002492921036711948,1.0000861621040933,527.2723595067104,12.509794666593153,0.00003352809999999998,0.00002110845759183818
2021-12-18T00:00:00.000Z,0.017471812801026373,0.9968954688065604,0.00010909150897172339,0.0004885212263478208,0.00046896815827301985,291898302.84809995,84153766.2836,1761057.6325,-0.0035734993517125835,-0.0035734993517125835,-0.0029954396844678404,0.9970045603155322,-0.000004646444866529542,0.9998068599490272,526.2660343242113,12.469275386958214,0.000033528499999999996,0.000010256304836441386
2021-12-18T01:00:00.000Z,0.017471812801026373,0.9973043238709779,0.00011612853771511806,0.0005109350811741198,0.0004943514137097926,292020345.2835,88014350.515,3860584.2314,-0.003190027542731899,-0.003190027542731899,-0.0025795475913069884,0.997420452408693,-0.000003622899935273871,0.999835004301834,526.6563508743901,12.440616656470999,0.000033528499999999996,0.00002247443816631508
2021-12-18T02:00:00.000Z,0.017471812801026373,0.9918938310393367,0.00012191745694823915,0.0005280574315114065,0.0005065018844567781,290424347.27320004,90963401.4961,2949050.9811,-0.008612670845120074,-0.008612670845120074,-0.007984251503715057,0.9920157484962849,-0.00003429220775474917,0.9999700261877209,520.8715778635313,12.290703758239488,0.000033474300000000026,0.000017262280917356917
2021-12-18T03:00:00.000Z,0.017471812801026373,0.9910952483645141,0.00012917986651052925,0.0005499960879731433,0.0005291456609262113,289772482.53249997,94736541.006,3773139.5099,-0.009433897296412086,-0.009433897296412086,-0.008775571768975345,0.9912244282310246,-0.00004618213490137357,1.000470561219722,519.7488357313283,12.297190231532904,0.00003350209999999996,0.000022135770487146195
2021-12-18T04:00:00.000Z,0.017471812801026373,0.9968748610514613,0.00014108947369688595,0.0005650408667974412,0.0005460042751828098,290257638.5564,97313336.092,2576795.086,-0.003671143223721529,-0.003671143223721529,-0.0029840494748418333,0.9970159505251581,-0.000005021817237493842,0.9998296029157722,526.1509289491195,12.718667249040536,0.00003366989999999994,0.000015091942689214755
2021-12-18T05:00:00.000Z,0.017471812801026373,0.9969389656375637,0.00014806807697148347,0.0005827268316079698,0.0005630231770820115,290249517.4106,100342220.93699999,3028884.845,-0.0036240575395183328,-0.0036240575395183328,-0.002912966285464838,0.9970870337145351,-0.000005437322785128984,1.0000053506973021,526.1081829425503,12.675503381659825,0.000033673300000000056,0.000017740268037089776
2021-12-18T06:00:00.000Z,0.017471812801026373,0.9985180392238217,0.00015609765096628755,0.0005973757795245352,0.0005784273355183833,290712123.8533,102851013.44579999,2508792.5088,-0.0020603881116967315,-0.0020603881116967315,-0.0013258631252120606,0.9986741368747879,-9.27392437066743e-7,0.9996377681928192,527.9548475909315,12.722132400981234,0.0000336734,0.000014670689369364553
2021-12-18T07:00:00.000Z,0.017471812801026373,0.996361769433169,0.00016210993373375008,0.0006110266064553101,0.0005936116185280005,290113792.0206,105189104.1634,2338090.7176,-0.004231842185358992,-0.004231842185358992,-0.003476120633097241,0.9965238793669028,-0.00001601714639043461,1.001758956480316,524.5466884779194,12.60766216855735,0.00003367010000000002,0.000013700673078092631
2021-12-18T08:00:00.000Z,0.017471812801026373,0.9958456159478234,0.00016952947807825504,0.0006234967162318921,0.0006064939516206014,289962914.5435,107324959.30319999,2135855.1398,-0.004760878003797209,-0.004760878003797209,-0.0039848545740983525,0.9960151454259016,-0.000004457705817251245,0.9985529858626048,525.6717990754545,12.607860881290312,0.00003367040000000004,0.000012522131471110203
2021-12-18T09:00:00.000Z,0.017471812801026373,0.9977516230369449,0.0001771097806017235,0.0006378582702996936,0.000618645124484396,290523974.7738,109784828.66739999,2459869.3642,-0.002867022087539528,-0.002867022087539528,-0.0020712671824534086,0.9979287328175466,-0.000003853470945225368,1.0002433429443331,526.782579544744,12.619941953847839,0.00003364209999999991,0.000014393916792567306
2021-12-18T10:00:00.000Z,0.017471812801026373,1.0018408082538666,0.00018689532592917215,0.0006573840135038077,0.0006430966095776203,291717062.7575,113129255.87409998,3344427.2067,0.0011977116442889457,0.0011977116442889457,0.002027703579795738,1.0020277035797958,-4.890293524573153e-7,1.0005464863286508,530.9252009493861,12.7814433349554,0.000033670000000000076,0.000019489865274409034
2021-12-18T11:00:00.000Z,0.017471812801026373,1.0044308517298348,0.00019470811096415164,0.0006762097153316043,0.000661437235699669,292017493.9799,116348775.52279998,3219519.6487,0.003769414494135148,0.003769414494135148,0.004625559840798969,1.004625559840799,-0.00000639067328367382,1.00052566653743,533.667305632784,12.79978487692909,0.000033736100000000024,0.000018742655887481613
2021-12-18T12:00:00.000Z,0.017471812801026373,1.0021442999076124,0.00020199327983739393,0.0006910512777540322,0.0006749774328951297,291335956.0502,118886792.48869999,2538016.9659,0.0014693224747173161,0.0014693224747173161,0.0023462931874498397,1.0023462931874498,-0.000001946721696843845,0.999833386129981,531.5921765125863,12.783338998147714,0.00003373810000000006,0.000014809805492345572
2021-12-18T13:00:00.000Z,0.017471812801026373,1.0011171296498849,0.00021013783245494647,0.0007135020347961482,0.0006981715802820698,291032487.0858,122725974.0349,3839181.5462,0.0004189580696027928,0.0004189580696027928,0.0013272674823398092,1.00132726748234,-0.0000011924218096259764,0.999213196172779,530.8069246927494,12.822800588301641,0.000033570300000000074,0.00002242570475170311
2021-12-18T14:00:00.000Z,0.017471812801026373,0.9999788380477349,0.00021707881649768408,0.00072995351469577,0.0007130784302765703,290699237.01750004,125539229.38139999,2813255.3465,-0.0007342403825416621,-0.0007342403825416621,0.0001959168642325922,1.0001959168642325,-1.579589625766431e-7,1.0001658802968578,529.079448762917,12.78640310534002,0.000033739500000000045,0.000016451828832155112
2021-12-18T15:00:00.000Z,0.017471812801026373,1.0027921799520778,0.00022562470120314658,0.0007441979552023661,0.0007291472603101479,291525300.9752,127975142.3491,2435912.9677,0.0020630326917676634,0.0020630326917676634,0.0030178046532809578,1.003017804653281,-0.0000012510679476829267,1.0008177375938438,531.6991945508466,12.844176157600284,0.0000337107,0.000014204777531272587
2021-12-18T16:00:00.000Z,0.017471812801026373,1.0016387077190232,0.00023275867646556568,0.0007578788406398839,0.0007418315125446995,290972905.4376,130312939.09879999,2337796.7497,0.0008968762064784919,0.0008968762064784919,0.001871466395488757,1.0018714663954889,-0.0000010013067343050963,0.9998196634707014,530.9919150628258,12.819770951961571,0.00003376430000000002,0.000013658503593360482
2021-12-18T17:00:00.000Z,0.017471812801026373,1.0028408194993597,0.00023706161466161547,0.0007769257862859987,0.0007612702879273847,291368864.2802,133568213.15229999,3255274.0535,0.0020795492114322744,0.0020795492114322744,0.003077881114021275,1.0030778811140213,-0.000004913552972829471,0.9992811313230845,532.5343491919486,12.645885653862727,0.00003376400000000009,0.000018992989881129384
2021-12-18T18:00:00.000Z,0.017471812801026373,1.002681344275289,0.00024366497050830167,0.0007939619184686561,0.000778270522096447,291325447.53400004,136479852.39159998,2911639.2393,0.0019030737531926523,0.0019030737531926523,0.0029250092457974008,1.0029250092457973,-0.000002371706230075432,1.0000616380941083,531.9313226086464,12.603185282522297,0.000033623099999999966,0.000016990574454476102
2021-12-18T19:00:00.000Z,0.017471812801026373,1.0033331637819873,0.0002515409551114789,0.0008080869635952951,0.0007928767869038733,291406262.2184,138893059.82309997,2413207.4315,0.002540286995083463,0.002540286995083463,0.003584704737098815,1.0035847047370987,-0.000004977267334727031,0.9997203285278342,532.7899925958849,12.625186097985315,0.000033776700000000005,0.00001407812104763671
2021-12-18T20:00:00.000Z,0.017471812801026373,1.005938384280931,0.0002585727919203604,0.0008309228238520838,0.0008228455066814355,292164452.827,142794495.34309998,3901435.52,0.005115538774249639,0.005115538774249639,0.006196957072851435,1.0061969570728515,-0.000013496985019179064,1.0002452383543223,535.2496552532524,12.6050512114884,0.00003375060000000009,0.000022701051821411283
2021-12-18T21:00:00.000Z,0.017471812801026373,1.0050629891992275,0.0002650788146493732,0.000847314586842733,0.0008359152514307855,291913239.45329994,145595006.075,2800510.7319,0.004227073947796756,0.004227073947796756,0.005328068013876914,1.005328068013877,-0.0000057471505486850205,1.0011668232346997,533.8119806865601,12.560853732094067,0.000033776700000000005,0.0000163091891725988
2021-12-18T22:00:00.000Z,0.017471812801026373,1.0077602724572257,0.00027390593170319405,0.0008566993404608754,0.0008459437898069577,292704954.2796,147198424.1039,1603418.0289,0.006914328667418701,0.006914328667418701,0.008034178388928852,1.0080341783889288,-0.000014149574454003222,1.0019109428494477,536.2741173267425,12.626061905410726,0.00003377600000000011,0.000009312485522627092
2021-12-18T23:00:00.000Z,0.017471812801026373,1.0064982676887344,0.0002816650064811228,0.0008660341806042077,0.0008552984515732831,292328101.90819997,148793258.13259998,1594834.0287,0.005642969237161122,0.005642969237161122,0.006779932695215527,1.0067799326952156,-0.0000212440906541822,0.9994472173887952,536.2393683204433,12.63987442183055,0.00003377729999999967,0.000009274571384318726
2021-12-19T00:00:00.000Z,0.017471812801026373,1.0046212861675414,0.0002898887337994835,0.000875334232621072,0.0008612995916568167,291873516.53319997,150382642.03669998,1589383.9041,0.0037599865758846107,0.0037599865758846107,0.004911174901340911,1.0049111749013409,-0.000011625121356440005,0.9992696392404172,534.3280587463993,12.673386520479825,0.00003376710000000019,0.000009257272359147593
2021-12-19T01:00:00.000Z,0.017471812801026373,1.0031868284775922,0.0002959581766880694,0.000884820507954676,0.0008708164286086451,291460139.31619996,152003870.3347,1621228.298,0.0023160120489835734,0.0023160120489835734,0.003482786654280288,1.0034827866542804,-0.000004443268625697883,0.9996706641949741,532.5780994477389,12.613403036131631,0.000033766800000000064,0.000009456140771311333
2021-12-19T02:00:00.000Z,0.017471812801026373,1.0010153740427596,0.0003001518748945538,0.000896637692592521,0.0008846083925666548,290782336.8218,154023130.8971,2019260.5624,0.0001307656501929877,0.0001307656501929877,0.0013155259176541962,1.0013155259176543,-7.257857259634903e-8,1.0000880768331168,530.0370634849249,12.478380610231593,0.000033766800000000064,0.000011805197638891272
2021-12-19T03:00:00.000Z,0.017471812801026373,1.004020526700655,0.00031012243505109196,0.0009074324966325012,0.0008938878449591403,291612544.27809995,155867421.8424,1844290.9453,0.0031266388556958624,0.0031266388556958624,0.004330649135706095,1.004330649135706,-0.0000055851942148965605,1.0001178579548116,533.2013739583028,12.584190915724227,0.00003377210000000008,0.000010751576598913341
2021-12-19T04:00:00.000Z,0.017471812801026373,1.0105895335050343,0.0003200998922594979,0.0009287414025680004,0.0009203833718727239,293524073.323,159508090.56930003,3640668.7269,0.009669150133161608,0.009669150133161608,0.01090963339729383,1.0109096333972938,-0.000047121536189353996,1.0002529681285017,540.1062956300913,12.685326085892338,0.00003377210000000008,0.000021085619198665674
2021-12-19T05:00:00.000Z,0.017471812801026373,1.011217710713748,0.00032788787283281683,0.0009391119735213589,0.0009314224224472589,294087546.7981,161282221.62880003,1774131.0595,0.010286288291300849,0.010286288291300849,0.011545598586580925,1.0115455985865809,-0.00005920620738852911,0.9996900879634003,541.0712349474577,12.697056439634729,0.0000337719,0.000010255527083642854
2021-12-19T06:00:00.000Z,0.017471812801026373,1.008952023366959,0.00033378852300699845,0.0009538391444910159,0.0009436695279314566,293423219.4354,163801605.60130003,2519383.9725,0.008008353839027649,0.008008353839027649,0.009285811889966104,1.0092858118899661,-0.000031530918229494276,1.0003735850849453,538.2660167822465,12.638215197588906,0.00003360389999999994,0.000014596502490468154
2021-12-19T07:00:00.000Z,0.017471812801026373,1.008645921793036,0.0003400166198866556,0.0009748446751105818,0.0009652683649106208,293327406.7067,167394948.33610004,3593342.7348,0.007680653428125295,0.007680653428125295,0.008985938412922572,1.0089859384129225,-0.00003401812102765689,0.9997411263251661,538.2563942637604,12.59383262158676,0.00003363200000000008,0.000020825475252191867
2021-12-19T08:00:00.000Z,0.017471812801026373,1.008927428217456,0.0003491368121469731,0.0009840958776860358,0.0009740482346276558,293410653.4416,168977526.58310005,1582578.247,0.007953379982828412,0.007953379982828412,0.009276565029603041,1.009276565029603,-0.0000358919575178529,0.9997875863446116,538.5227632553001,12.655050501673218,0.000033772799999999976,0.000009169343336183563
