query_ts,assumedLPToken,equityValue,totalDexYield,totalTradingfee,newTotalTradingFee,liquidity,totalVolume,volume,priceImpact,priceEffect,totalReturn,totalEquityVal,impermanentLoss,tokenPrice,quoteTokenPrice,rewardPrice,rewardTokenPerLP,feePerDollar
2022-05-07T10:00:00.000Z,0.019415991378555125,1,0,0.00000928774238068615,6.108447081487611e-13,313147732.847,1710844.4952,1710844.4952,-6.108447081487611e-13,-6.108447081487611e-13,0,1,-1.1102230246251565e-16,0.9994517512207822,378.29334336717665,7.4482426608678765,0,0.000009287742930142894
2022-05-07T11:00:00.000Z,0.019415991378555125,0.9957645344550685,0,0.00002256873870101439,0.00001333045155482715,311863945.54,4157598.274,2446753.7788,-0.00424879599648631,-0.00424879599648631,-0.004235465544931483,0.9957645344550685,-0.000010340132587161044,0.9997413621007942,374.97693296404935,7.373989141237156,0,0.000013337487335247287
2022-05-07T12:00:00.000Z,0.019415991378555125,0.9950015344212569,0,0.00003295454859091645,0.000023687421584539514,311579373.0868,6070692.7706,1913094.4966,-0.0050221530003276005,-0.0050221530003276005,-0.004998465578743061,0.9950015344212569,-0.000012076326684651306,0.9993315776164899,374.5482260923719,7.377042101659814,0,0.000010437984427531354
2022-05-07T13:00:00.000Z,0.019415991378555125,0.9946684666298701,0,0.000042911445640072265,0.00003525412570470898,311476649.52489996,7904789.361300001,1834096.5907,-0.005366787495834635,-0.005366787495834635,-0.005331533370129926,0.9946684666298701,-0.00001933954708577268,1.0002897044150194,373.93029119469577,7.370626862610663,0,0.000010010266287844942
2022-05-07T14:00:00.000Z,0.019415991378555125,0.9936444079558939,0,0.000056167107974849764,0.00004685761120293286,310532332.6671001,10341636.8178,2436847.4565,-0.006402449655309006,-0.006402449655309006,-0.006355592044106073,0.9936444079558939,-0.0000210049733383455,0.9995102523866921,373.4429831211713,7.388243382378375,0,0.000013340448772176758
2022-05-07T15:00:00.000Z,0.019415991378555125,0.995745889746473,0,0.00006722622755537649,0.00005976034758048421,311716102.8584,12378127.126,2036490.3082,-0.004313870601107439,-0.004313870601107439,-0.004254110253526955,0.995745889746473,-0.000010856861938912665,0.9997882408894333,374.9103434861125,7.443425801978226,0,0.000011106367275201891
2022-05-07T16:00:00.000Z,0.019415991378555125,0.9963923835376546,0,0.00008073087085559689,0.00007195932076331513,311918214.20449996,14864948.0323,2486820.9063,-0.003679575783108735,-0.003679575783108735,-0.00360761646234542,0.9963923835376546,-0.000006744343850950685,0.999438101931251,375.5196755244339,7.459281075071725,0,0.000013553538550135138
2022-05-07T17:00:00.000Z,0.019415991378555125,0.9967694925038477,0,0.00008894165673449303,0.0000809005861301948,312080400.5727001,16377142.0586,1512194.0263,-0.0033114080822824743,-0.0033114080822824743,-0.0032305074961522795,0.9967694925038477,-0.000006471261661644689,0.9997323153494564,375.6866622244833,7.471401597691745,0,0.000008237396004338761
2022-05-07T18:00:00.000Z,0.019415991378555125,0.9967527889711215,0,0.0000995110021076983,0.00009237770104719711,312125338.0636,18324028.9417,1946886.8831,-0.00333958872992568,-0.00333958872992568,-0.003247211028878483,0.9967527889711215,-0.000007371248154419696,0.9999460323766439,375.5851275591532,7.452086416160665,0,0.00001060377770610728
2022-05-07T19:00:00.000Z,0.019415991378555125,0.9983106884990648,0,0.00010492531633953511,0.00009644393410901397,312623440.7976,19321385.2922,997356.3505,-0.0017857554350442228,-0.0017857554350442228,-0.0016893115009352089,0.9983106884990648,-0.0000014960329389746008,0.999394192642219,376.9651804100129,7.468673301748547,0,0.000005423476216384272
2022-05-07T20:00:00.000Z,0.019415991378555125,0.996904266641162,0,0.00010934319995222534,0.00010118446355078525,312184769.29630005,20135196.344699997,813811.0525,-0.003196917822388734,-0.003196917822388734,-0.0030957333588379488,0.996904266641162,-0.000003280803427818668,0.9988118352872333,376.11928091813485,7.4477987218417585,0,0.000004431602452510795
2022-05-07T21:00:00.000Z,0.019415991378555125,0.9956163979121235,0,0.00011434965798596595,0.00010511334926543991,311790882.83870006,21057455.621099997,922259.2764,-0.00448871543714191,-0.00448871543714191,-0.00438360208787647,0.9956163979121235,-0.000006667731714871117,0.9986055395995712,375.2225549565742,7.413063170284647,0,0.000005028501011978265
2022-05-07T22:00:00.000Z,0.019415991378555125,0.9817477432346925,0,0.00015559569502394353,0.00016135930820648792,307449195.4208,28655586.346099995,7598130.725,-0.018413616073513994,-0.018413616073513994,-0.018252256765307506,0.9817477432346925,-0.0001505983274094902,0.9982240300614308,364.93839957681473,7.256397656786371,0,0.00004201286724728938
2022-05-07T23:00:00.000Z,0.019415991378555125,0.9788883668976581,0,0.00018704144634082383,0.00018901082468258945,307097209.60529995,34458628.9541,5803042.608,-0.021300643927024465,-0.021300643927024465,-0.021111633102341876,0.9788883668976581,-0.00023857025435258805,0.9997665694682947,362.23509726362954,7.192616731105041,0,0.000032123940319351386
2022-05-08T00:00:00.000Z,0.019415991378555125,0.9839945079222997,0,0.00020163140278552357,0.00019175246852143335,309253121.9223,37155911.8374,2697282.8833,-0.016197244546221734,-0.016197244546221734,-0.0160054920777003,0.9839945079222997,-0.00014239226768419933,0.9999983087006133,365.937853533059,7.290517077782824,0,0.00001482727441232454
2022-05-08T01:00:00.000Z,0.019415991378555125,0.9817441666459863,0,0.00021037182390204137,0.00020309643171878555,308560428.0509,38771852.3715,1615940.5341,-0.018458929785732492,-0.018458929785732492,-0.018255833354013706,0.9817441666459863,-0.00018495223311987274,1.0000545635096345,364.2367726757845,7.148406451855095,0,0.000008902952738699337
2022-05-08T02:00:00.000Z,0.019415991378555125,0.978552525308619,0,0.0002216821805862092,0.00021312646456639328,307274340.9975,40861001.9727,2089149.6012,-0.021660601155947368,-0.021660601155947368,-0.021447474691380974,0.978552525308619,-0.0002573344745671058,1.000241743759812,361.79673569206267,7.087317161900604,0,0.000011558252181131177
2022-05-08T03:00:00.000Z,0.019415991378555125,0.9728658220542798,0,0.000270192947673568,0.0002584577152260348,305643490.459,49826025.4347,8965023.462,-0.027392635660946185,-0.027392635660946185,-0.02713417794572015,0.9728658220542798,-0.0003906986418010794,0.9996348943201283,357.78673266123735,6.941122164511811,0,0.00004986378038842746
2022-05-08T04:00:00.000Z,0.019415991378555125,0.9740279132747179,0,0.0002919197099668522,0.0002854967911128936,305959596.5302,53840592.9546,4014567.5199,-0.026257583516394956,-0.026257583516394956,-0.025972086725282062,0.9740279132747179,-0.0003772847894409903,1.0003169305099713,358.3777925160104,6.979928562589368,0,0.000022306098129386035
2022-05-08T05:00:00.000Z,0.019415991378555125,0.9747515363324856,0,0.0003058683426251243,0.00029639759438981894,306146117.28510004,56417611.346,2577018.3914,-0.02554486126190425,-0.02554486126190425,-0.02524846366751443,0.9747515363324856,-0.0003555719170680316,1.0002460669076112,358.9280343759841,6.986027867066076,0,0.000014309935739933741
2022-05-08T06:00:00.000Z,0.019415991378555125,0.975479514181602,0,0.00031821642968370004,0.00030865298941262775,306388016.6966,58699026.791,2281415.445,-0.02482913880781068,-0.02482913880781068,-0.024520485818398052,0.975479514181602,-0.00036299703076170253,1.0012581638285063,359.0921357151752,6.958270905042317,0,0.00001265847893894813
2022-05-08T07:00:00.000Z,0.019415991378555125,0.9769930369021453,0,0.0003389839954045043,0.00032994312148448834,306865289.92579997,62536037.3209,3837010.5299,-0.02333690621933915,-0.02333690621933915,-0.02300696309785466,0.9769930369021453,-0.0002761647502547149,0.9993426893395048,360.882353699618,7.018307671526785,0,0.000021256616877090406
2022-05-08T08:00:00.000Z,0.019415991378555125,0.975522339198898,0,0.00035040506595471096,0.00033954266710800596,306399998.1096,64646168.2428,2110130.9219,-0.024817203468210036,-0.024817203468210036,-0.02447766080110203,0.975522339198898,-0.0002994027953319156,0.9987955427021962,359.9863217387556,7.000358465989767,0,0.000011707645526638814
2022-05-08T09:00:00.000Z,0.019415991378555125,0.9754573248993283,0,0.0003642731086575681,0.0003531313644096201,306361546.4459,67208245.64469999,2562077.4019,-0.02489580646508127,-0.02489580646508127,-0.02454267510067165,0.9754573248993283,-0.00031607258837795804,0.9993866498135718,359.71540512604446,6.995345628045552,0,0.000014216965653028315
2022-05-08T10:00:00.000Z,0.019415991378555125,0.973356997562239,0,0.0003754592088217106,0.0003661518130533281,305700727.2761,69274834.67949998,2066589.0348,-0.027009154250814293,-0.027009154250814293,-0.026643002437760965,0.973356997562239,-0.00039777717410061086,1.0002812843206876,357.8375388088665,6.961968892480624,0,0.000011492289830200432
2022-05-08T11:00:00.000Z,0.019415991378555125,0.971933432595507,0,0.0003925451647388908,0.0003805083987125091,305156653.5488,72430396.46319999,3155561.7837,-0.02844707580320549,-0.02844707580320549,-0.02806656740449298,0.971933432595507,-0.0004214782840424869,0.9996309486359128,357.0127823148201,6.975257137351824,0,0.0000175793480820569
2022-05-08T12:00:00.000Z,0.019415991378555125,0.9712915387691635,0,0.0004102382528816811,0.00039772451203279324,305059387.02750003,75699205.1308,3268808.6676,-0.029106185742869273,-0.029106185742869273,-0.02870846123083648,0.9712915387691635,-0.00041922760768708933,0.9988752106858354,356.79829104196915,6.995331065916128,0,0.00001821604242068138
2022-05-08T13:00:00.000Z,0.019415991378555125,0.9684118198067373,0,0.0004272505522939676,0.00041342166543323344,303509254.4584,78835565.5924,3136360.4616,-0.03200160185869594,-0.03200160185869594,-0.031588180193262705,0.9684118198067373,-0.0004822374804699381,0.9979910143525811,354.98759653074313,6.952284639424127,0,0.000017567216506245925
2022-05-08T14:00:00.000Z,0.019415991378555125,0.9680815180077743,0,0.00045633644518671557,0.00044255013703831114,303947423.6752,84207367.7258,5371802.1334,-0.032361032129264,-0.032361032129264,-0.03191848199222569,0.9680815180077743,-0.0005533255634202483,0.9998294257535076,354.0717825996325,6.936275865565532,0,0.0000300448791977213
2022-05-08T15:00:00.000Z,0.019415991378555125,0.9710197838923557,0,0.0004755824748015402,0.0004630006719955615,305571744.68649995,87770051.9918,3562684.266,-0.029443216779639902,-0.029443216779639902,-0.02898021610764434,0.9710197838923557,-0.00045667926578918383,0.9997938277959741,356.22301878309645,6.970822098443268,0,0.000019820429596374184
2022-05-08T16:00:00.000Z,0.019415991378555125,0.9720934341129297,0,0.0004975084354583727,0.0004861404382477952,305954247.0882,91829417.6496,4059365.6578,-0.028392706325318096,-0.028392706325318096,-0.0279065658870703,0.9720934341129297,-0.000428073331054879,0.9999132339690529,356.95194181691363,6.980885187686696,0,0.000022555403900866962
2022-05-08T17:00:00.000Z,0.019415991378555125,0.9707870469957357,0,0.0005119617926373277,0.0005028378570691716,305538726.7026,94505269.7604,2675852.1108,-0.02971579086133347,-0.02971579086133347,-0.029212953004264297,0.9707870469957357,-0.0003954910729616623,0.9974177299552272,356.871096899387,6.976335815125809,0,0.000014888288098378367
2022-05-08T18:00:00.000Z,0.019415991378555125,0.9675878667259808,0,0.0005401554566534596,0.0005258468191392529,304536354.36579996,99725039.1801,5219769.4197,-0.0329379800931584,-0.0329379800931584,-0.03241213327401915,0.9675878667259808,-0.0005572684685923868,0.9993515977299687,353.8187761978963,6.857560744909993,0,0.000029138091023547513
2022-05-08T19:00:00.000Z,0.019415991378555125,0.9725528574405713,0,0.0005519774926664221,0.0005403753783028709,306102511.2258,101913793.60049999,2188754.4204,-0.027987517937731576,-0.027987517937731576,-0.027447142559428706,0.9725528574405713,-0.0003864124203312169,0.9988698114110618,357.6229066836397,6.94942245455371,0,0.000012155674580321391
2022-05-08T20:00:00.000Z,0.019415991378555125,0.9738998889980769,0,0.0005560508899936775,0.0005460030403446892,306531851.6925,102667963.58839999,754169.9879,-0.0266461140422678,-0.0266461140422678,-0.02610011100192311,0.9738998889980769,-0.0003651353120761591,0.9994718156675727,358.3946473921521,6.9906234217761085,0,0.000004182563646652088
2022-05-08T21:00:00.000Z,0.019415991378555125,0.9722313035475895,0,0.0005778750797901001,0.0005661855310911124,306012414.1991,106708682.74249999,4040719.1541,-0.028334881983501647,-0.028334881983501647,-0.027768696452410535,0.9722313035475895,-0.00041543308390690203,0.9995373852844627,357.1286684218966,6.947492160065615,0,0.0000224475290649506
2022-05-08T22:00:00.000Z,0.019415991378555125,0.9743272233245488,0,0.0005821938525331994,0.0005715960485999094,306765253.85510004,107508540.66939999,799857.9269,-0.026244372724051113,-0.026244372724051113,-0.025672776675451203,0.9743272233245488,-0.00036445370679716316,0.999859094156717,358.55162278357227,7.014700924562131,0,0.000004432570047102789
2022-05-08T23:00:00.000Z,0.019415991378555125,0.9712648713069161,0,0.0005898348547875013,0.0005778208885141023,305933686.57430005,108924305.26579998,1415764.5964,-0.029312949581598025,-0.029312949581598025,-0.028735128693083922,0.9712648713069161,-0.00043002738020281317,0.9990328564506209,356.5900597972563,7.007190467396287,0,0.000007867063744533006
2022-05-09T00:00:00.000Z,0.019415991378555125,0.9699849083210577,0,0.0005971527419380788,0.0005851535347518588,305532738.6853,110280211.15759999,1355905.8918,-0.0306002452136942,-0.0306002452136942,-0.03001509167894234,0.9699849083210577,-0.0004915918699714972,0.9997356128188307,355.3948913591193,7.0092839463385825,0,0.000007544330686061768
2022-05-09T01:00:00.000Z,0.019415991378555125,0.9736547583751691,0,0.0006088283328360686,0.000599775530886637,306690512.7833,112443553.73629999,2163342.5787,-0.02694501715571751,-0.02694501715571751,-0.026345241624830873,0.9736547583751691,-0.00038325767148705836,0.9998273617470343,358.0471958558808,7.124400377463116,0,0.000011991510107091445
2022-05-09T02:00:00.000Z,0.019415991378555125,0.9711344958372079,0,0.0006190598011273042,0.0006067348773188819,305897510.6576,114339323.6529,1895769.9166,-0.02947223904011098,-0.02947223904011098,-0.0288655041627921,0.9711344958372079,-0.0004446770986743509,0.9993641003831294,356.3548820875764,7.091425759869175,0,0.000010535583801554318
2022-05-09T03:00:00.000Z,0.019415991378555125,0.9601745757758056,0,0.0006704432146206978,0.0006630451950515592,303148442.50569993,123882197.3228,9542873.6699,-0.040488469419246,-0.040488469419246,-0.03982542422419444,0.9601745757758056,-0.0008657048715607907,0.9997459164629122,348.17797078766415,6.937858791339187,0,0.00005351465804916669
2022-05-09T04:00:00.000Z,0.019415991378555125,0.9624583512242368,0,0.0006900418755293406,0.0006726539959753808,303874089.8429,127522095.2409,3639897.9181,-0.03821430277173854,-0.03821430277173854,-0.03754164877576316,0.9624583512242368,-0.0007935407406023387,1.0003394075401597,349.6228297228285,6.920236971472472,0,0.000020363126267096505
2022-05-09T05:00:00.000Z,0.019415991378555125,0.9641261428033766,0,0.0007075369496840567,0.0006913800444262597,304374114.7103,130771027.8555,3248932.6146,-0.03656523724104965,-0.03656523724104965,-0.03587385719662339,0.9641261428033766,-0.0007862802233921107,1.0018713683610365,350.28633240198917,6.940630464276364,0,0.000018146041919750327
2022-05-09T06:00:00.000Z,0.019415991378555125,0.9577025743793554,0,0.0007198248491109581,0.0006992144160503644,302902934.8181,133057161.25219999,2286133.3967,-0.04299664003669501,-0.04299664003669501,-0.042297425620644646,0.9577025743793554,-0.0009954156196214647,1.000140483875117,346.2234268428865,6.840298428206069,0,0.000012830601250938311
2022-05-09T07:00:00.000Z,0.019415991378555125,0.9564425973451856,0,0.0007398149732961762,0.0007187896806957195,302507213.5959,136776308.84649998,3719147.5943,-0.04427619233551017,-0.04427619233551017,-0.04355740265481445,0.9564425973451856,-0.0010654000370790007,1.0003464446906323,345.227122984224,6.834970925651596,0,0.0000209004963390919
2022-05-09T08:00:00.000Z,0.019415991378555125,0.9547264616794197,0,0.0007551182150161499,0.0007331145878725076,301967558.4635,139623494.94009998,2847186.0936,-0.04600665290845285,-0.04600665290845285,-0.04527353832058034,0.9547264616794197,-0.001122758268619628,0.9997621138154558,344.1791436199642,6.78511767271799,0,0.000016028928351603226
