query_ts,assumedLPToken,equityValue,totalDexYield,totalTradingfee,newTotalTradingFee,liquidity,totalVolume,volume,priceImpact,priceEffect,totalReturn,totalEquityVal,impermanentLoss,tokenPrice,quoteTokenPrice,rewardPrice,rewardTokenPerLP,feePerDollar
2022-02-20T10:00:00.000Z,0.019992308181181973,1,0.000006711605255999192,0.00003445010770318179,-9.43689570931383e-14,188287970.7375,3815612.256,3815612.256,9.43689570931383e-14,9.43689570931383e-14,0.000006711605255999192,1.000006711605256,0,1.0002368218642952,379.3590096086771,7.35292101435095,0.0000456566,0.00003445010751240796
2022-02-20T11:00:00.000Z,0.019992308181181973,1.0004372596691924,0.000013413896477657305,0.00006420067150375278,0.000025940203119523275,188540988.1148,7113699.8864,3298087.6304,0.00041131946607286807,0.00041131946607286807,0.00045067356567004863,1.00045067356567,-9.213444168709728e-7,0.9992908230356025,380.0305726378051,7.363551986674516,0.0000454615,0.000029737560133429067
2022-02-20T12:00:00.000Z,0.019992308181181973,1.0025552535145532,0.000020173233423158344,0.00008625742141387833,0.000048718773428158,188968188.4233,9559229.7314,2445529.845,0.002506534741125055,0.002506534741125055,0.0025754267479763714,1.0025754267479763,-0.000002941438350556602,1.0003147747833667,381.23343486473726,7.375032561449995,0.0000457016,0.000022000532318101998
2022-02-20T13:00:00.000Z,0.019992308181181973,0.9999215021351828,0.00002672603043164405,0.0001152445369427037,0.0000804547773920472,188474700.655,12773210.1729,3213980.4415,-0.00015895264220922023,-0.00015895264220922023,-0.000051771834385528975,0.9999482281656145,-3.512828916640842e-9,0.9999940093719096,379.3305033369812,7.336433950752814,0.0000453963,0.000028989390785935458
2022-02-20T14:00:00.000Z,0.019992308181181973,0.9993144778730345,0.000033431053717825,0.00014133480300223053,0.00010423484431076879,188361718.35529998,15666021.106700001,2892810.9338,-0.0007897569712762564,-0.0007897569712762564,-0.0006520910732476626,0.9993479089267523,-2.327820134429004e-7,0.9987651652792484,379.3181372416774,7.336846873304086,0.000045701500000000016,0.000026108163752168422
2022-02-20T15:00:00.000Z,0.019992308181181973,0.9965787357354772,0.00003980920114867437,0.00017165794650911056,0.0001369450315750198,187700469.1017,19025555.1046,3359533.9979,-0.0035582092960978473,-0.0035582092960978473,-0.003381455063374153,0.9966185449366258,-0.0000066118433319495296,1.0003087354475417,376.637056200897,7.278587934495873,0.00004565560000000001,0.000030427243063178222
2022-02-20T16:00:00.000Z,0.019992308181181973,1.0011776085081885,0.00004696333293758598,0.00019340672290862827,0.00015546881351857778,188592247.65510002,21435452.8387,2409897.7341,0.0010221396946699102,0.0010221396946699102,0.001224571841126074,1.0012245718411261,-0.0000011931870638193232,0.9997136623789744,380.3338499064842,7.355960492408215,0.0000457693,0.000021723194876293798
2022-02-20T17:00:00.000Z,0.019992308181181973,1.0009975317307314,0.000053834107447181096,0.00021940822711829228,0.00018163539245019678,188561587.0713,24316628.8147,2881175.976,0.0008158963382811635,0.0008158963382811635,0.0010513658381785414,1.0010513658381786,-0.0000011286865987392147,0.9995500023525171,380.2393913969613,7.379070734483206,0.00004557360000000002,0.00002597559362580004
2022-02-20T18:00:00.000Z,0.019992308181181973,1.0025513582792018,0.00006072851656845224,0.00023287797878074665,0.0001957299347605801,188954535.02830002,25809978.0317,1493349.217,0.002355628344441252,0.002355628344441252,0.0026120867957702843,1.0026120867957702,-0.000002585055067227948,1.000315911849664,381.1182368384965,7.399677029824006,0.00004558759999999998,0.000013435473610198219
2022-02-20T19:00:00.000Z,0.019992308181181973,1.0057719901188247,0.00006773574174711642,0.0002458371808714857,0.0002095484228326061,189562336.6401,27246730.1856,1436752.1539,0.005562441695992071,0.005562441695992071,0.005839725860571793,1.0058397258605718,-0.00001553345551374985,1.0002100383420125,383.60134377192827,7.426053480018329,0.000045740100000000006,0.000012884830947548671
2022-02-20T20:00:00.000Z,0.019992308181181973,1.0023221578855108,0.00007431298499754989,0.0002587847214488627,0.0002231353014294779,188916208.6087,28682220.4633,1435490.2777,0.002099022584081345,0.002099022584081345,0.002396470870508373,1.0023964708705084,-0.000006603151588291389,0.9987004039816825,381.5393123115045,7.405352270164321,0.00004570120000000005,0.000012917544185658705
2022-02-20T21:00:00.000Z,0.019992308181181973,1.0031801597348164,0.00008087887317351329,0.0002701206840629854,0.00023301555973631594,189063360.7636,29938938.8248,1256718.3615,0.0029471441750801297,0.0029471441750801297,0.003261038607989959,1.0032610386079899,-0.0000019090968670365527,1.0012263335733895,381.22122243250385,7.388559796190269,0.00004559069999999997,0.000011300027704581676
2022-02-20T22:00:00.000Z,0.019992308181181973,1.0003751882284906,0.00008706018935002518,0.00030322254448935217,0.00026642678299837463,188534976.62780002,33608655.1129,3669716.2881,0.00010876144549221145,0.00010876144549221145,0.00046224841784061124,1.0004622484178407,-1.9126671368940862e-7,1.0009645071128588,379.16568541534133,7.346165520537268,0.000045247699999999956,0.00003308944473515856
2022-02-20T23:00:00.000Z,0.019992308181181973,1.0066272262821971,0.00009487014097402437,0.000319880267615147,0.0002863056450812529,190258345.7064,35460658.3688,1852003.2559,0.006340920637115888,0.006340920637115888,0.006722096423171165,1.0067220964231711,-0.00001717541675860801,1.0006969377993231,384.00858671010775,7.433227130090426,0.00004561130000000003,0.000016548054821671313
2022-02-21T00:00:00.000Z,0.019992308181181973,1.0028847538069705,0.00010077426322015271,0.0003335402460899453,0.0002988645602348683,189551867.3403,36979379.9306,1518721.5618,0.00258588924673564,0.00258588924673564,0.002985528070190661,1.0029855280701907,-0.0000022650623993092367,1.0006911731727004,381.15037191444367,7.381204333798348,0.00004450909999999996,0.000013620686998692977
2022-02-21T01:00:00.000Z,0.019992308181181973,1.0069624475975143,0.00010859971796609669,0.00034835537013529823,0.0003145092002359018,190428999.40649998,38627452.0081,1648072.0775,0.006647938397278397,0.006647938397278397,0.007071047315480395,1.0070710473154805,-0.000029102304773487297,0.9992337387916913,384.80558664542923,7.457058704787475,0.000045543699999999996,0.000014712688406083005
2022-02-21T02:00:00.000Z,0.019992308181181973,1.0167548989684672,0.00011699692482016369,0.00037396684240542476,0.00034192967017099285,192283917.33420002,41476582.2021,2849130.194,0.016412969298296165,0.016412969298296165,0.01687189589328732,1.0168718958932874,-0.0001257446685124508,1.0006574960135295,391.74925923614927,7.568365254307369,0.00004478390000000005,0.00002518942508011054
2022-02-21T03:00:00.000Z,0.019992308181181973,1.0158797672276976,0.0001233673886711044,0.00039214404292914475,0.0003599361557229397,193963526.999,43518112.4926,2041530.2905,0.015519831071974632,0.015519831071974632,0.016003134616368677,1.0160031346163687,-0.00011208047999400339,1.000664939907143,391.05818004176797,7.542546264071788,0.00004489330000000001,0.0000178930624099648
2022-02-21T04:00:00.000Z,0.019992308181181973,1.0113985861564094,0.00012899191147771732,0.00040835347053166964,0.00037403831343651994,193109767.15980002,45338654.3153,1820541.8227,0.01102454784297291,0.01102454784297291,0.011527578067887147,1.0115275780678872,-0.00006421768348185974,0.9998677869643,387.9127597060224,7.475854083826595,0.00004493089999999992,0.00001602674553498335
2022-02-21T05:00:00.000Z,0.019992308181181973,1.0158857249935132,0.00013904487140499084,0.0004261659673710869,0.00039579638112763327,193969453.0239,47339273.1933,2000618.878,0.015489928612385517,0.015489928612385517,0.016024769864918142,1.016024769864918,-0.000117927669013973,1.0002496722110004,391.1974943297229,7.657816309621325,0.00004515620000000003,0.000017533957226661552
2022-02-21T06:00:00.000Z,0.019992308181181973,1.0163059761625373,0.00014682765312076557,0.0004428313855363006,0.0004108854058155753,194048859.6065,49211049.3633,1871776.17,0.015895090756721686,0.015895090756721686,0.016452803815658026,1.016452803815658,-0.00011761420462985672,1.0006691948685185,391.34558071802434,7.707992830409285,0.000044592400000000214,0.00001639803241025289
2022-02-21T07:00:00.000Z,0.019992308181181973,1.0171588244646128,0.00015441880371640153,0.0004574253786593231,0.0004251356654916272,194213733.868,50850190.6718,1639141.3085,0.016733688799121182,0.016733688799121182,0.017313243268329212,1.0173132432683292,-0.00014883588967162797,0.9995778688525632,392.4199126090927,7.743489370440122,0.000044667499999999857,0.000014347802129914819
2022-02-21T08:00:00.000Z,0.019992308181181973,1.0181498960468145,0.00015972790311326453,0.00047954658177179395,0.0004519215315774705,194405128.537,53334786.8583,2484596.1865,0.017697974515237025,0.017697974515237025,0.01830962394992776,1.0183096239499279,-0.0001506622992353268,1.0004202774349327,392.8335535211718,7.664476404756851,0.00004493070000000007,0.000021726862603041386
2022-02-21T09:00:00.000Z,0.019992308181181973,1.0121133275375909,0.00016449634246066527,0.0005129941212019983,0.00047850478270361485,193651183.1052,57099277.905600004,3764491.0473,0.011634822754887253,0.011634822754887253,0.012277823880051534,1.0122778238800516,-0.00006513848744771344,1.000390324908522,388.1783403221645,7.5669814832859075,0.000044950900000000004,0.00003304722789601255
2022-02-21T10:00:00.000Z,0.019992308181181973,1.0068272019537756,0.00016988196494569597,0.000538512445309847,0.0005029283232793613,192642235.3233,59971379.5754,2872101.6698,0.006324273630496258,0.006324273630496258,0.006997083918721315,1.0069970839187212,-0.0000271379833672869,0.9991741885631626,384.58109489889557,7.503741781181797,0.00004506399999999993,0.00002534528749869346
2022-02-21T11:00:00.000Z,0.019992308181181973,0.9998988920381667,0.00017388764892968655,0.0005698943614656943,0.0005294416576349104,192522661.5839,63525697.7091,3554318.1337,-0.0006305496194681792,-0.0006305496194681792,0.00007277968709641769,1.0000727796870965,-2.6655966867128456e-7,1.0003362521436294,378.84309152491585,7.388739841177487,0.0000447426,0.000031385088786842846
2022-02-21T12:00:00.000Z,0.019992308181181973,0.9884584586000348,0.0001761913510716705,0.0006030813071564495,0.0005619384343557021,200841836.6464,67492258.5772,3966560.8681,-0.012103479834320918,-0.012103479834320918,-0.011365350048893545,0.9886346499511065,-0.0000670632729032894,0.9996411600207721,370.4520671823916,7.226257869024968,0.000042414299999999985,0.00003357444638211472
2022-02-21T13:00:00.000Z,0.019992308181181973,0.9854655351041524,0.00018033399789123242,0.0006401954179140052,0.0005945574598134051,204877909.3075,72031087.66479999,4538829.0876,-0.015129022355661048,-0.015129022355661048,-0.01435413089795641,0.9856458691020435,-0.00012036462354358957,1.0005085195975985,367.867253165872,7.153858831656215,0.000041307500000000024,0.00003766150032963822
2022-02-21T14:00:00.000Z,0.019992308181181973,0.984334966088041,0.00018432927334442885,0.0006800020027720158,0.0006333878978875829,205917043.22259998,76929500.50419998,4898412.8394,-0.01629842180984653,-0.01629842180984653,-0.015480704638614519,0.9845192953613855,-0.00012676522756704944,0.9997276095954524,367.2808553120083,7.08102139202628,0.00004119179999999999,0.00004044008061041377
2022-02-21T15:00:00.000Z,0.019992308181181973,0.9992979741206702,0.00019508617089361696,0.000722095459781332,0.000687146547315276,231808199.07750002,82673302.37109998,5743801.8669,-0.0013891724266450467,-0.0013891724266450467,-0.0005069397084361537,0.9994930602915638,-0.0000012066774949248682,1.0004002341218083,378.24395647934205,7.288389795615374,0.00003677670000000008,0.00004212302762623794
2022-02-21T16:00:00.000Z,0.019992308181181973,1.0005983188514584,0.00020050738230569667,0.0007470221395177901,0.0007117169187129679,228857129.4814,86026971.31869999,3353668.9476,-0.00011339806725452206,-0.00011339806725452206,0.0007988262337641426,1.0007988262337641,-1.9505615711512547e-7,1.0007482589024719,379.07914811610743,7.286869163906787,0.0000374922,0.00002491177453741225
2022-02-21T17:00:00.000Z,0.019992308181181973,0.9980019178779337,0.00020560089481399364,0.000773363646914999,0.0007361807063380743,228996000.4777,89582369.37329999,3555398.0546,-0.002734262828404388,-0.002734262828404388,-0.0017924812272523201,0.9982075187727477,-0.0000034090835002720254,1.0001099578292658,377.33517022088495,7.273651017722281,0.00003752810000000007,0.000026394245664603174
2022-02-21T18:00:00.000Z,0.019992308181181973,0.9970067201092364,0.00021041382272569715,0.0007838676376210851,-0.001375625926887114,235262167.87660003,91040375.70199999,1458006.3287,-0.0016176539638764753,-0.0016176539638764753,-0.0027828660680378923,0.9972171339319621,-0.0000014001764372384429,1.0002912989342592,378.11206554521607,7.256664458819035,0.00003648450000000002,0.000010535526307358025
2022-02-21T19:00:00.000Z,0.019992308181181973,0.9888979397365423,0.0002130922059600282,0.0008200138647611269,0.0007866985880373711,233352892.1216,96057741.45779999,5017365.7558,-0.011888758851495096,-0.011888758851495096,-0.010888968057497696,0.9891110319425023,-0.00007457525840504076,1.0004900175016003,370.2986778146459,7.168703610405636,0.0000364843,0.000036552029449094095
2022-02-21T20:00:00.000Z,0.019992308181181973,0.9895822257270975,0.00021873398968016473,0.000836808819088739,0.0007982837367508377,233480130.6917,98388664.70289999,2330923.2451,-0.011216058009653307,-0.011216058009653307,-0.010199040283222304,0.9898009597167777,-0.00005993308035667777,0.9999059798993256,371.0196274391494,7.182376237092792,0.00003645989999999996,0.0000169717633142085
2022-02-21T21:00:00.000Z,0.019992308181181973,0.9899502274665102,0.00022420520093115127,0.0008493814738992565,0.0008116422621299302,233569150.6633,100133603.5561,1744938.8532,-0.01086141479561975,-0.01086141479561975,-0.009825567332558668,0.9901744326674413,-0.000060111073809210325,1.0002808633814226,371.14666960478013,7.189800435703921,0.0000364901000000001,0.000012700290436540515
2022-02-21T22:00:00.000Z,0.019992308181181973,0.9780504030579585,0.00022325374090111775,0.0008693654752763892,0.000821871142396291,231144223.1918,102911751.2076,2778147.6515,-0.02277146808443775,-0.02277146808443775,-0.021726343201140343,0.9782736567988597,-0.00026068032851667144,1.0000378560290824,362.3506775136895,6.995632383509842,0.00003648989999999991,0.000020432485581225403
2022-02-21T23:00:00.000Z,0.019992308181181973,0.9805025068682163,0.00022919543538853896,0.0009032377133085172,0.0008574893086205071,231886616.1377,107623932.1281,4712180.9205,-0.020354982440404235,-0.020354982440404235,-0.019268297696395188,0.9807317023036048,-0.00021140795114482636,1.0002361210542023,364.07275077498326,7.021679393057813,0.00003640450000000003,0.00003454579526096083
2022-02-22T00:00:00.000Z,0.019992308181181973,0.9698341224827748,0.00022934104228864856,0.0009256704925455302,0.0008714783474342847,230271134.388,110757046.15249999,3133114.0244,-0.0310373558646595,-0.0310373558646595,-0.029936536474936565,0.9700634635250635,-0.00047730006359936183,0.9996104012298169,356.39905446495,6.878717975118836,0.00003499110000000001,0.00002313053199497143
2022-02-22T01:00:00.000Z,0.019992308181181973,0.9741977870132486,0.00023609868236417573,0.0009468204553319435,0.0008973001353561605,231297230.6301,113710865.72079998,2953819.5683,-0.02669951312210761,-0.02669951312210761,-0.025566114304387273,0.9744338856956127,-0.0003728866753173188,1.0004875884660547,359.28196469419646,6.930700678376356,0.000036262099999999884,0.000021710131385622065
2022-02-22T02:00:00.000Z,0.019992308181181973,0.9743135136287168,0.00024083369495694472,0.0009669580756059096,0.0009172967632353757,231329309.79410002,116523356.80509998,2812491.0843,-0.02660378313451861,-0.02660378313451861,-0.02544565267632629,0.9745543473236737,-0.0003555220016645544,0.9999420867273554,359.54868212181196,6.922380958407623,0.00003626179999999985,0.000020668521630768056
2022-02-22T03:00:00.000Z,0.019992308181181973,0.9705759622661466,0.00024361809193734538,0.0009848071643669908,0.0009302739711513075,230770880.45549998,119019782.14259999,2496425.3375,-0.03035431170500469,-0.03035431170500469,-0.029180419641916037,0.9708195803580839,-0.000478658940166965,1.0003590409588423,356.6346045310835,6.85967804073923,0.000036210000000000136,0.00001839020185464155
2022-02-22T04:00:00.000Z,0.019992308181181973,0.9633579961565456,0.00024388833551844313,0.0010271673707474454,0.0009655035774174259,228979586.8181,124942461.43659998,5922679.294,-0.03760750742087182,-0.03760750742087182,-0.03639811550793595,0.9636018844920641,-0.0007415393992332708,1.0004266363889867,351.295387676267,6.730054683217018,0.00003622280000000013,0.00004397140784343539
2022-02-22T05:00:00.000Z,0.019992308181181973,0.9666373064422874,0.0002506837045155309,0.0010613319583013376,0.0010039996320131417,230470144.5885,129734037.59339999,4791576.1568,-0.03436669318972574,-0.03436669318972574,-0.033112009853197066,0.9668879901468029,-0.0006117602969648583,1.0002534884161582,353.7265356128666,6.7824536556575294,0.000036110700000000135,0.00003534375127461283
2022-02-22T06:00:00.000Z,0.019992308181181973,0.9683006411786972,0.0002566535772597037,0.0010898852687318628,0.00103437714130461,230866849.77629998,133738635.29659998,4004597.7032,-0.032733735962607424,-0.032733735962607424,-0.03144270524404311,0.9685572947559569,-0.0005590091828279187,1.0003999755209447,354.87193157166286,6.8111540167658955,0.00003605099999999992,0.000029488062500252762
2022-02-22T07:00:00.000Z,0.019992308181181973,0.9702936009455327,0.0002608492614917408,0.001110418320867806,0.0010563933427414351,231344972.016,136618429.72529998,2879794.4287,-0.030762792397208694,-0.030762792397208694,-0.029445549792975517,0.9705544502070245,-0.0004853053862675649,1.000151833182078,356.40801434072455,6.792470333345091,0.00003608110000000006,0.000021161689774919392
2022-02-22T08:00:00.000Z,0.019992308181181973,0.9711096877651809,0.00026577947060188705,0.001128126607800829,0.0010753832760223014,231531790.9454,139101963.0177,2483533.2924,-0.029965695510841384,-0.029965695510841384,-0.028624532764217194,0.9713754672357828,-0.0004692353974448116,1.0004535159776062,356.88682223505924,6.793140166272323,0.00003611270000000035,0.000018235105338409603
