query_ts,assumedLPToken,equityValue,totalDexYield,totalTradingfee,newTotalTradingFee,liquidity,totalVolume,volume,priceImpact,priceEffect,totalReturn,totalEquityVal,impermanentLoss,tokenPrice,quoteTokenPrice,rewardPrice,rewardTokenPerLP,feePerDollar
2022-05-29T10:00:00.000Z,0.02188123138230566,1,0,0.00001210796406853687,-2.511324481702104e-13,231559736.4902,1649245.2009,1649245.2009,2.511324481702104e-13,2.511324481702104e-13,0,1,0,0.999133218137211,300.2828979737594,4.352755075094216,0,0.000012107963517434118
2022-05-29T11:00:00.000Z,0.02188123138230566,1.0190831575826274,0,0.000027829727282264706,0.016550808686993435,180951703.66,3291367.1514,1642121.9505,0.002532348895633918,0.002532348895633918,0.019083157582627353,1.0190831575826274,-0.000002152209641170799,0.9995873640192136,301.6685453741047,4.3863697055506945,0,0.00001542736133115001
2022-05-29T12:00:00.000Z,0.02188123138230566,1.0194368142145689,0,0.000037599898401792904,0.016566692187842014,181015253.4612,4311855.6574,1020488.506,0.0028701220267268734,0.0028701220267268734,0.019436814214568887,1.0194368142145689,-0.000006036606811976597,0.9985252800628135,302.19294267788456,4.3954934169240705,0,0.000009583891009338918
2022-05-29T13:00:00.000Z,0.02188123138230566,1.024656274115962,0,0.00005146242432558192,0.016666611194510184,181952584.875,5759872.1207,1448016.4633,0.007989662921451757,0.007989662921451757,0.02465627411596194,1.024656274115962,-0.000025473495961936266,0.99995296601215,304.8502675621478,4.41106147269339,0,0.000013528953102266279
2022-05-29T14:00:00.000Z,0.02188123138230566,1.0246417367969316,0,0.00006623548955463654,0.016681847570406694,182020237.023,7303594.878,1543722.7573,0.007959889226524908,0.007959889226524908,0.0246417367969316,1.0246417367969316,-0.000030727396441720956,0.9992221102913176,305.05522051730566,4.405544589002049,0,0.000014417785243727547
2022-05-29T15:00:00.000Z,0.02188123138230566,1.0227416038728372,0,0.00008163802091935851,0.016664978919347373,181684593.0171,8913111.1128,1609516.2348,0.006076624953489818,0.006076624953489818,0.02274160387283719,1.0227416038728372,-0.00001743753500949019,0.9992857794225208,303.8969959951253,4.3867914984996865,0,0.00001506004198662279
2022-05-29T16:00:00.000Z,0.02188123138230566,1.0209217973758309,0,0.00009716956840055682,0.0166516490653017,181364312.28350002,10536135.9781,1623024.8653,0.004270148310529187,0.004270148310529187,0.020921797375830886,1.0209217973758309,-0.000008442224139426635,0.9992850715637752,302.80685625104763,4.384160712328279,0,0.000015213259082068143
2022-05-29T17:00:00.000Z,0.02188123138230566,1.0225511857586103,0,0.00010835268940287347,0.01668740307931227,181655070.822,11704764.6618,1168628.6837,0.005863782679297991,0.005863782679297991,0.02255118575861026,1.0225511857586103,-0.00001687045319331837,0.9991711104565694,303.803288398893,4.395257644874457,0,0.0000109364894318678
2022-05-29T18:00:00.000Z,0.02188123138230566,1.0215321210531945,0,0.00011927414369970482,0.01668244046501921,181474970.4376,12846055.2991,1141290.6373,0.004849680588175254,0.004849680588175254,0.021532121053194464,1.0215321210531945,-0.000011468567562289422,0.9991818401014876,303.1877583570902,4.387623712464569,0,0.000010691248929433683
2022-05-29T19:00:00.000Z,0.02188123138230566,1.0205885807482735,0,0.00013248450171026734,0.016682469439966763,181308121.1972,14226542.023,1380486.7239,0.003906111308306759,0.003906111308306759,0.02058858074827352,1.0205885807482735,-0.000009263549736071575,0.9987278260839091,302.75619788201595,4.384964126177522,0,0.000012943862719075172
2022-05-29T20:00:00.000Z,0.02188123138230566,1.0205279720523788,0,0.00016962629902808656,0.016714644598916584,181294843.2915,18107818.1876,3881276.1646,0.0038133274534621897,0.0038133274534621897,0.020527972052378773,1.0205279720523788,-0.000007143069612136621,0.999159558591405,302.5694418339276,4.3817645691226,0,0.000036394689225721374
2022-05-29T21:00:00.000Z,0.02188123138230566,1.020755694090719,0,0.00017447845552274343,0.016722411828693273,181244420.7867,18614608.887000002,506790.6994,0.004033282262025706,0.004033282262025706,0.02075569409071898,1.020755694090719,-0.000008274053906909273,0.9990904759366231,302.72298442891184,4.390002315123372,0,0.000004753493570949254
2022-05-29T22:00:00.000Z,0.02188123138230566,1.0210278404837565,0,0.00017824672959712405,0.01673211597381763,181292778.6543,19008192.0478,393583.1608,0.00429572450993887,0.00429572450993887,0.0210278404837565,1.0210278404837565,-0.000009293398999798974,0.999108506522028,302.8757954214015,4.388622049250588,0,0.000003690667539692046
2022-05-29T23:00:00.000Z,0.02188123138230566,1.0269941260108197,0,0.00019009372059521044,0.01684040519262986,182353503.5259,20245578.2424,1237386.1946,0.010153720818189882,0.010153720818189882,0.02699412601081974,1.0269941260108197,-0.00004749824796268509,0.9994886836446658,306.3028594202457,4.441524543966438,0,0.000011535597014297166
2022-05-30T00:00:00.000Z,0.02188123138230566,1.0247072073952215,0,0.00020455815543186392,0.016821341281826996,181949391.1162,21756365.6239,1510787.3815,0.00788586611339448,0.00788586611339448,0.024707207395221475,1.0247072073952215,-0.00003063837323469265,0.9991600839303401,305.0293511258237,4.450326010366982,0,0.000014115675423776265
2022-05-30T01:00:00.000Z,0.02188123138230566,1.024644503114104,0,0.00022011386416875457,0.01683291286063815,181982264.15809998,23381527.9283,1625162.3044,0.007811590253465894,0.007811590253465894,0.024644503114104044,1.024644503114104,-0.00002803170903109553,0.9994266061375165,304.90306293211006,4.4625159905415215,0,0.000015181566897529061
2022-05-30T02:00:00.000Z,0.02188123138230566,1.0333586799766548,0,0.00024074332938300326,0.016996645837719093,183576871.4604,25537315.3491,2155787.4208,0.016362034138935666,0.016362034138935666,0.03335867997665476,1.0333586799766548,-0.00013002675010498344,0.9992357048490464,310.15795196927854,4.53780864063862,0,0.000019963509488996577
2022-05-30T03:00:00.000Z,0.02188123138230566,1.0426444957489034,0,0.00027040527719881906,0.01717832611286063,185050059.8466,28634048.0648,3096732.7157,0.025466169636042757,0.025466169636042757,0.04264449574890339,1.0426444957489034,-0.0003204263865319579,0.9989622393389762,315.8257959776722,4.781370382018764,0,0.000028448764734548265
2022-05-30T04:00:00.000Z,0.02188123138230566,1.045023223374749,0,0.00029757625906970376,0.017244249023331104,185464842.5941,31470608.6031,2836560.5383,0.02777897435141785,0.02777897435141785,0.045023223374748955,1.045023223374749,-0.0003741245936219606,0.9991749122440984,317.1844833480033,4.787140592140184,0,0.000026000361295771548
2022-05-30T05:00:00.000Z,0.02188123138230566,1.044792299873752,0,0.0003126279402060724,0.017255115065171855,185434805.04540002,33042047.0174,1571438.4143,0.02753718480858014,0.02753718480858014,0.044792299873751995,1.044792299873752,-0.0003605517062630348,0.9994404513445276,316.9510304107889,4.758046796641749,0,0.000014406385595497834
2022-05-30T06:00:00.000Z,0.02188123138230566,1.0449869013315076,0,0.0003280915902262914,0.017275902465520465,185470509.335,34656506.3933,1614459.3759,0.027710998865987158,0.027710998865987158,0.04498690133150762,1.0449869013315076,-0.00036635586606037496,0.9993942423419816,317.07292762959287,4.759534412884851,0,0.00001479793714305648
2022-05-30T13:00:00.000Z,0.02188123138230566,1.0448268653179957,0,0.0003565441777004692,0.017425103815879472,185400855.0629,37626395.4965,2969889.1032,0.027401761502116262,0.027401761502116262,0.044826865317995734,1.0448268653179957,-0.00035190484805136535,0.9996326606054745,316.8065641369727,4.700933099853768,0,0.000027231867262570685
2022-05-30T14:00:00.000Z,0.02188123138230566,1.0382049275629357,0,0.00037549028915075317,0.01732619867347651,184236793.88700002,39604113.8845,1977718.388,0.020878728889459186,0.020878728889459186,0.0382049275629357,1.0382049275629357,-0.000197886319176388,0.9999009267320758,312.7125677280859,4.635545968157113,0,0.000018248913198425104
2022-05-30T15:00:00.000Z,0.02188123138230566,1.0393049743862315,0,0.000397715942055632,0.017369128930499356,184437771.58220002,41924244.6134,2320130.7289,0.021935845455732128,0.021935845455732128,0.039304974386231484,1.0393049743862315,-0.00020973980772420742,1.0003486276646751,313.2202857976788,4.649194162161469,0,0.000021385111115225893
2022-05-30T16:00:00.000Z,0.02188123138230566,1.0391121039220568,0,0.0004180991296344266,0.017382476241441402,184426243.0138,44052302.7125,2128058.0991,0.02172962768061537,0.02172962768061537,0.03911210392205677,1.0391121039220568,-0.00022863801488282043,0.9992439819177096,313.440007791744,4.667956712634802,0,0.00001961596521921937
2022-05-30T17:00:00.000Z,0.02188123138230566,1.0403783527673331,0,0.0004372087639030768,0.017423536527779948,184698241.3095,46047909.1262,1995606.4137,0.0229548162395532,0.0229548162395532,0.04037835276733315,1.0403783527673331,-0.00022797149193076738,1.0004734223762866,313.80607251919895,4.6699633583360125,0,0.000018367965386335836
2022-05-30T18:00:00.000Z,0.02188123138230566,1.0405000450846855,0,0.00044836837571039627,0.01743543942807335,184684503.16169998,47213077.0245,1165167.8983,0.02306460565661217,0.02306460565661217,0.04050004508468552,1.0405000450846855,-0.0002732222479003843,0.9985577075199603,314.475595587058,4.67694649767845,0,0.00001072523895183414
2022-05-30T19:00:00.000Z,0.02188123138230566,1.0388622377931018,0,0.0004555640230267138,0.017415139012496805,184392962.9899,47964366.4299,751289.4054,0.021447098780605023,0.021447098780605023,0.03886223779310183,1.0388622377931018,-0.00022320234636796776,0.9992232337336712,313.27319152704285,4.65746113609624,0,0.000006926468171401733
2022-05-30T20:00:00.000Z,0.02188123138230566,1.039005853769544,0,0.00046295430827242317,0.017426475843810296,184498413.2303,48736312.496599995,771946.0667,0.02157937792573361,0.02157937792573361,0.03900585376954391,1.039005853769544,-0.00020786809488881897,1.000091309845531,313.0823450304654,4.651140391085228,0,0.00000711284335953563
2022-05-30T21:00:00.000Z,0.02188123138230566,1.0466919043792375,0,0.0004767120034047827,0.017568447996180847,185861706.43129998,50173349.09149999,1437036.5949,0.02912345638305669,0.02912345638305669,0.04669190437923754,1.0466919043792375,-0.0003952622847281928,0.9997194078503917,317.8416652481322,4.720929762152982,0,0.000013143978166546056
2022-05-30T22:00:00.000Z,0.02188123138230566,1.0521640259688356,0,0.0004941721910656183,0.017678363611802972,186838178.07340002,51997169.86859999,1823820.7771,0.034485662357032654,0.034485662357032654,0.052164025968835626,1.0521640259688356,-0.0005561512466510932,0.99967832211592,321.175695915334,4.769831017570833,0,0.000016594549106831687
2022-05-30T23:00:00.000Z,0.02188123138230566,1.052214286041378,0,0.0005036846472300488,0.017686724070357096,186833879.5559,52990732.267199986,993562.3986,0.034527561971020804,0.034527561971020804,0.0522142860413779,1.052214286041378,-0.0005493416376728399,0.9999237245832352,321.12288379627057,4.776513072340839,0,0.00000904041644713929
2022-05-31T00:00:00.000Z,0.02188123138230566,1.0528872284551847,0,0.0005137866494116127,0.017710106835079564,186954137.176,54045876.426999986,1055144.1598,0.03517712162010511,0.03517712162010511,0.052887228455184676,1.0528872284551847,-0.0006103875332607034,0.9987576773649757,321.9016451166884,4.788443887090456,0,0.000009594572758619163
2022-05-31T01:00:00.000Z,0.02188123138230566,1.051367734933491,0,0.0005411002859704943,0.017714851306934953,186809189.58310002,56900666.69329999,2854790.2663,0.03365288362655594,0.03365288362655594,0.051367734933490894,1.051367734933491,-0.0005184431931456457,1.0000241812554345,320.5479000531986,4.770884057122744,0,0.000025979147297521632
2022-05-31T02:00:00.000Z,0.02188123138230566,1.0483526307618298,0,0.0005568326922151665,0.01767385553476819,186349323.8528,58545669.480199985,1645002.7869,0.03067877522706164,0.03067877522706164,0.04835263076182983,1.0483526307618298,-0.0004419185950560456,0.9996156312799431,318.836199262379,4.729996705842175,0,0.000015006787681929014
2022-05-31T03:00:00.000Z,0.02188123138230566,1.0516201440138206,0,0.0005709368547652335,0.017748184589302163,186930629.3744,60020424.81059998,1474755.3304,0.03387195942451848,0.03387195942451848,0.051620144013820646,1.0516201440138206,-0.0005384253505290593,0.9996210842412713,320.81310608658583,4.758155715288261,0,0.000013411841976194316
2022-05-31T04:00:00.000Z,0.02188123138230566,1.0518357117895951,0,0.0005811617616353487,0.017756415084339006,186973900.8043,61089586.84579998,1069162.0352,0.03407929670525611,0.03407929670525611,0.05183571178959512,1.0518357117895951,-0.0005422840260222994,0.9997041238268247,320.9151348019831,4.7453204120044115,0,0.000009721011606547172
2022-05-31T05:00:00.000Z,0.02188123138230566,1.0485855798018513,0,0.0005943582141233678,0.017715687635200927,186399408.5624,62469490.96709998,1379904.1213,0.03086989216665037,0.03086989216665037,0.0485855798018513,1.0485855798018513,-0.0004324426330776232,1.0001216187148558,318.7930853683525,4.722959768909595,0,0.000012585002411231876
2022-05-31T06:00:00.000Z,0.02188123138230566,1.0495792357566234,0,0.0006147725758925128,0.01775240426894098,186637831.92540002,64604852.03929998,2135361.0722,0.031826831487682394,0.031826831487682394,0.049579235756623374,1.0495792357566234,-0.00046638703666379566,0.9999164127469575,319.45076591189434,4.712621683283567,0,0.000019450042819780357
2022-05-31T07:00:00.000Z,0.02188123138230566,1.0454351192059204,0,0.0006380054459472737,0.0177123325209394,185907538.9012,67035118.34669998,2430266.3074,0.02772278668498096,0.02772278668498096,0.04543511920592036,1.0454351192059204,-0.0003622756241533631,0.9995568546601751,317.0286173023233,4.669552705044724,0,0.000022223158603458506
2022-05-31T08:00:00.000Z,0.02188123138230566,1.0457585816750434,0,0.0006552900235975274,0.017727113393382288,185968029.2904,68843194.38969998,1808076.043,0.028031468281661143,0.028031468281661143,0.04575858167504343,1.0457585816750434,-0.0003922522609740575,0.998765795476723,317.47033727890505,4.680737212080707,0,0.000016528267169515418
