query_ts,assumedLPToken,equityValue,totalDexYield,totalTradingfee,newTotalTradingFee,liquidity,totalVolume,volume,priceImpact,priceEffect,totalReturn,totalEquityVal,impermanentLoss,tokenPrice,quoteTokenPrice,rewardPrice,rewardTokenPerLP,feePerDollar
2021-07-09T10:00:00.000Z,0.02522985193613402,1,0.0000185607499879132,0.000021720250859572903,-3.086420008457935e-14,179204126.3082,2289622.5771,2289622.5771,3.086420008457935e-14,3.086420008457935e-14,0.0000185607499879132,1.0000185607499879,-1.1102230246251565e-16,0.9997793943744985,309.20801104634546,14.00036971749169,0.0000525462,0.00002172024975795378
2021-07-09T11:00:00.000Z,0.02522985193613402,0.9999929451278822,0.000037095462403125735,0.000034089998172494955,0.00001203026397311735,179032964.7447,3592333.2625,1302710.6854,-0.000019085136090946087,-0.000019085136090946087,0.000030040590285296998,1.0000300405902853,-5.6317332464139724e-8,1.0000959002086902,309.09835558520217,13.978126705426156,0.0000526396,0.000012369834618658182
2021-07-09T12:00:00.000Z,0.02522985193613402,0.9974629938813216,0.0000554159407766209,0.000047678576925584894,0.000026023429991139935,178393468.62780002,5021909.3008,1429576.0383,-0.002563029548669493,-0.002563029548669493,-0.0024815901779017325,0.9975184098220983,-0.0000030277733961137088,0.9996739086520992,307.65748436599443,13.912009484999738,0.000052695299999999976,0.000013623140375057859
2021-07-09T13:00:00.000Z,0.02522985193613402,0.9988788692036181,0.00007398824963577171,0.0000655135315064009,0.00004490271333013052,179053819.3477,6902498.2503,1880588.9495,-0.0011660335097120056,-0.0011660335097120056,-0.0010471425467461033,0.9989528574532539,-7.290389413272536e-7,0.9998201816753362,308.47475302260125,13.934383898743196,0.00005257440000000001,0.000017854973581668347
2021-07-09T14:00:00.000Z,0.02522985193613402,1.0073954470330562,0.00009465904258400749,0.00008832044722677426,0.00006692423151233307,180476915.0817,9305971.5752,2403473.3249,0.007328522801543835,0.007328522801543835,0.007490106075640176,1.0074901060756403,-0.000027085167532914234,0.9997210756042176,313.77499668562535,14.262350466743907,0.00005260540000000001,0.000022639486332533738
2021-07-09T15:00:00.000Z,0.02522985193613402,1.0122350057900038,0.00011489601462886617,0.00010736083115040968,0.00008715050156093973,181374251.0772,11312849.9403,2006878.3651,0.012147855288442866,0.012147855288442866,0.012349901804632671,1.0123499018046327,-0.00006189387944943725,1.0007280154907592,316.46579695761454,14.426919215030898,0.00005259700000000001,0.000018810240154859962
2021-07-09T16:00:00.000Z,0.02522985193613402,1.012713711028734,0.0001344537495372733,0.00014020909926911948,0.00011950513180924993,176426538.58780003,14679056.7095,3366206.7692,0.012594205896924837,0.012594205896924837,0.012848164778271361,1.0128481647782714,-0.00005745123425127119,1.0015766566793027,316.4765975194816,14.40873262776699,0.000054197900000000005,0.000032435888350165236
2021-07-09T17:00:00.000Z,0.02522985193613402,1.0100858091332616,0.00015027406927786179,0.00015282936891982657,0.0001330566398924926,206102604.4912,16193820.5724,1514763.8629,0.009952752493369132,0.009952752493369132,0.010236083202539487,1.0102360832025394,-0.000041149590005895575,1.000611061611094,315.13143963371954,14.314559761294294,0.00004623809999999997,0.000012494255340863241
2021-07-09T18:00:00.000Z,0.02522985193613402,1.0086921398651467,0.0001642561178898228,0.00016165211694666256,0.00014220392804387139,242594339.0217,17441999.8066,1248179.2342,0.008549935937102848,0.008549935937102848,0.008856395983036542,1.0088563959830366,-0.000025646379277488585,1.0011316292633627,314.0932104420642,14.299248327827998,0.00003920190000000003,0.000008746719757340241
2021-07-09T19:00:00.000Z,0.02522985193613402,1.005817910231015,0.00017737920979835517,0.00016908759651881986,0.00014930713723426692,241904844.5311,18493926.0526,1051926.246,0.0056686030937807,0.0056686030937807,0.005995289440813322,1.0059952894408133,-0.000019439302710644313,0.9991969680802173,312.9057865930862,14.217522155994402,0.00003920170000000001,0.0000073924712903800245
2021-07-09T20:00:00.000Z,0.02522985193613402,1.0075674882580652,0.00019146424757497581,0.00017664702530756897,0.00015712140020585075,242333026.1087,19563420.575,1069494.5224,0.007410366857859341,0.007410366857859341,0.007758952505640167,1.00775895250564,-0.000021191164434664067,1.0006523990711331,313.53390337941295,14.219273647871873,0.00003920050000000005,0.000007502653341457723
2021-07-09T21:00:00.000Z,0.02522985193613402,1.0073710608799837,0.00020659794040935378,0.00018227945855708082,0.00016335198759565017,242221195.7466,20360074.5806,796654.0056,0.007207708892388087,0.007207708892388087,0.007577658820393091,1.007577658820393,-0.000028241345322754796,0.9994457960311002,313.78613902813595,14.293071468827598,0.00003921109999999992,0.000005591219238042301
2021-07-09T22:00:00.000Z,0.02522985193613402,1.0113201863377628,0.00022311877955846416,0.0001900354379843532,0.0001709979936654893,243327579.7127,21457791.4314,1097716.8508,0.011149188344097283,0.011149188344097283,0.011543305117321236,1.0115433051173213,-0.00006689635116252646,0.9992999075315184,316.29297545247704,14.447828971765757,0.00003918590000000002,0.000007669162075928056
2021-07-09T23:00:00.000Z,0.02522985193613402,1.0152512688990443,0.0002398796991287794,0.00020090529078355362,0.00018498318233572952,244100967.8783,22995134.039100002,1537342.6077,0.015066285716708538,0.015066285716708538,0.015491148598173047,1.015491148598173,-0.00010826514694162181,1.0000176544723176,318.51952433169737,14.597949184791624,0.00003921379999999995,0.000010706563172633501
2021-07-10T00:00:00.000Z,0.02522985193613402,1.013199094245962,0.0002538755095041975,0.00020723743865472144,0.0001890092268286292,243668778.98380002,23890926.0758,895792.0367,0.013010085019133477,0.013010085019133477,0.013452969755466304,1.0134529697554664,-0.00007995440620900407,1.000059625708744,317.2170795535194,14.572508247915673,0.00003920410000000013,0.0000062496577064197634
2021-07-10T01:00:00.000Z,0.02522985193613402,1.0171425020970344,0.00027067914446540786,0.00022268123401829033,0.00020478178493554822,244662172.8834,26076120.8696,2185194.7938,0.016937720312098836,0.016937720312098836,0.017413181241499792,1.0174131812414997,-0.00012513587479290322,1.0007547268979136,319.45962811217845,14.702450838604845,0.0000391971999999997,0.000015183512455889115
2021-07-10T02:00:00.000Z,0.02522985193613402,1.0132929198594962,0.00028297578209705,0.0002320014365127659,0.0002132426746166427,243812708.7523,27395281.896500003,1319161.0269,0.013079677184879568,0.013079677184879568,0.01357589564159326,1.0135758956415932,-0.0000912827278538586,0.9992623266667264,317.51380401653506,14.586718082816729,0.00003920250000000014,0.000009197936224105235
2021-07-10T03:00:00.000Z,0.02522985193613402,1.0108459779643992,0.00029527732978522304,0.00024291816637686366,0.0002242106952048406,243461037.13149998,28941917.7897,1546635.8932,0.010621767269194393,0.010621767269194393,0.011141255294184457,1.0111412552941845,-0.00005366250953064977,0.9999851121921624,315.74659852246367,14.48345127350437,0.00003914689999999995,0.00001079959672158898
2021-07-10T04:00:00.000Z,0.02522985193613402,1.0101816857722872,0.00030947298101927735,0.00025272932412912,0.00023412231458541655,243307790.7259,30331959.5265,1390041.7368,0.009947563457701758,0.009947563457701758,0.010491158753306452,1.0104911587533065,-0.000052072419741033826,0.9994725619956624,315.4871640814277,14.47835492197351,0.00003914610000000002,0.000009712269983258092
2021-07-10T05:00:00.000Z,0.02522985193613402,1.0068472706855378,0.00032162226532797094,0.0002631219139111854,0.00024363719073505763,241402153.6974,31797684.209700003,1465724.6832,0.006603633494802752,0.006603633494802752,0.007168892950865781,1.0071688929508658,-0.000019850653057540413,1.0000603475199694,313.2172689444919,14.379286312873667,0.00003932569999999995,0.000010321912722300774
2021-07-10T06:00:00.000Z,0.02522985193613402,1.0061852946846612,0.0003352915745538896,0.00027312173797323496,0.0002540371153940679,241249194.78770003,33208048.665200002,1410364.4555,0.0059312575692671565,0.0059312575692671565,0.006520586259215114,1.006520586259215,-0.000016458666297625157,0.9999557057184728,312.83170569053516,14.353717659104007,0.00003932490000000002,0.00000993835265008827
2021-07-10T07:00:00.000Z,0.02522985193613402,1.0074308337976814,0.00035040972311571855,0.00028226688061706645,0.00026442993351372124,241525214.7426,34497748.8262,1289700.161,0.00716640386416767,0.00716640386416767,0.00778124352079711,1.0077812435207971,-0.000027917160186796686,0.9994480460812595,313.75969679907996,14.389671602312971,0.000039328800000000016,0.000009077686882657767
2021-07-10T08:00:00.000Z,0.02522985193613402,1.0070451237924605,0.0003649160551551821,0.00028879664130352403,0.00026939841845008416,241515402.1319,35418928.351,921179.5248,0.0067757253740103884,0.0067757253740103884,0.007410039847615655,1.0074100398476156,-0.000022206365070442935,0.999867902745357,313.3846807713157,14.401630034967829,0.00003912230000000003,0.000006484080014510834
2021-07-10T09:00:00.000Z,0.02522985193613402,1.0088822340079506,0.00038379316664345826,0.00029578811837235365,0.0002770102109228567,241770211.1897,36404486.737900004,985558.3869,0.008605223797027772,0.008605223797027772,0.009266027174594087,1.0092660271745941,-0.00003730427888004595,0.9997100631742691,314.5743307595047,14.5787545456175,0.000039119799999999943,0.0000069299242842427486
2021-07-10T10:00:00.000Z,0.02522985193613402,1.0097391288108033,0.0003987626538715895,0.0003119295115730011,0.0002959510393452103,241346271.28280002,38673951.7624,2269465.0245,0.009443177771458089,0.009443177771458089,0.010137891464674888,1.0101378914646748,-0.000041838726444587415,1.000030542643541,314.99626844943805,14.59818082887019,0.00003925519999999994,0.000015985706019585616
2021-07-10T11:00:00.000Z,0.02522985193613402,1.0053821742483062,0.00040937278962897096,0.00032104249877054,0.0003011951258986567,240323939.0059,39955330.9767,1281379.2143,0.0050809791224075695,0.0050809791224075695,0.005791547037935197,1.0057915470379353,-0.000011162599744207746,1.0001225150995363,312.2509891387777,14.462282647140992,0.0000392520000000001,0.00000906420173254784
2021-07-10T12:00:00.000Z,0.02522985193613402,1.0089699125421465,0.0004260797629528058,0.0003334487410642877,0.0003147882508132138,237285134.3815,41671593.1596,1716262.1829,0.008655124291333305,0.008655124291333305,0.009395992305099325,1.0093959923050992,-0.000029237339657983696,1.000750568020395,314.2783555129764,14.535579419986433,0.0000398991,0.000012295948157624974
2021-07-10T13:00:00.000Z,0.02522985193613402,1.0079873845082978,0.0004436662109709277,0.00034472064669200156,0.00032644357886302267,237040264.9007,43230842.087799996,1559248.9282,0.007660940929434812,0.007660940929434812,0.008431050719268762,1.0084310507192689,-0.000028699438101686958,0.9998348334153713,313.94639835681284,14.632984303215027,0.00003990169999999999,0.000011182586127510575
2021-07-10T14:00:00.000Z,0.02522985193613402,1.007025414615622,0.0004568341231485309,0.0003534042924531729,0.0003349975616315781,236816179.10889998,44432066.34199999,1201224.2542,0.006690417053990316,0.006690417053990316,0.007482248738770425,1.0074822487387705,-0.000018680411112081963,1.0003351641810856,313.18521552365013,14.583083525757054,0.000039901400000000004,0.000008623064690191411
2021-07-10T15:00:00.000Z,0.02522985193613402,1.0077349418684531,0.000476596757472672,0.00036404218703964286,0.0003449520947889084,236852812.59510002,45902816.77899999,1470750.437,0.0073899897736642295,0.0073899897736642295,0.00821153862592581,1.0082115386259258,-0.00002255262259287516,1.0004261714326792,313.59211663684925,14.73999384419145,0.0000399239,0.000010556242568984064
2021-07-10T16:00:00.000Z,0.02522985193613402,1.0127088713552772,0.0005019429165234612,0.0003796106027338651,0.0003633190739640302,237883161.1216,48053985.95269999,2151169.1737,0.012345552281313177,0.012345552281313177,0.013210814271800668,1.0132108142718006,-0.00006710089259021057,1.0004645720045178,316.67280059853874,15.054622305141539,0.000039947500000000044,0.000015373041025886816
2021-07-10T17:00:00.000Z,0.02522985193613402,1.015479013120985,0.0005219495579800996,0.00039222837210624534,0.0003769579881824914,238466358.31160003,49796955.60029999,1742969.6476,0.015102055132802494,0.015102055132802494,0.016000962678965086,1.016000962678965,-0.00012153066069020557,0.9991776491669928,318.8097702000233,15.195210234697875,0.00003995909999999998,0.000012425435696251266
2021-07-10T18:00:00.000Z,0.02522985193613402,1.0071786051826708,0.0005264366358879426,0.0004231291000172863,0.0004051416625354687,236638671.87260002,54067655.09799999,4270699.4977,0.006773463520135303,0.006773463520135303,0.007705041818558715,1.0077050418185587,-0.00002776137638005327,0.9990789758070738,313.63073707974763,14.889418968218022,0.00003990570000000003,0.00003068048467580435
2021-07-10T19:00:00.000Z,0.02522985193613402,1.008244100686429,0.0005412544635747304,0.0004314439761706183,0.0004132257486451074,240918532.1368,55236377.66659999,1168722.5686,0.007830874937783783,0.007830874937783783,0.00878535515000362,1.0087853551500037,-0.000030231936302915763,0.9998038122161376,314.06204060543445,14.891243263345224,0.00003926849999999991,0.000008246888892265978
2021-07-10T20:00:00.000Z,0.02522985193613402,1.0087541439545247,0.0005566878751312889,0.0004434100534215178,0.00042485581736539935,240991051.40179998,56917961.35139999,1681583.6848,0.008329288137159274,0.008329288137159274,0.009310831829655962,1.009310831829656,-0.000025192066639312394,1.0009763847580875,314.0044849357171,14.909369932901635,0.00003927719999999986,0.000011862234085172542
2021-07-10T21:00:00.000Z,0.02522985193613402,1.0070210094885197,0.0005690372113823799,0.0004492343092353001,0.0004298623682335023,240507053.5606,57736201.683099985,818240.3317,0.006591147120286189,0.006591147120286189,0.007590046699902072,1.0075900466999022,-0.000021593495717175948,0.9997771752056495,313.2982104362841,14.845983863348179,0.000039288699999999894,0.000005783649765346739
2021-07-10T22:00:00.000Z,0.02522985193613402,1.0070547384323731,0.0005806257948451439,0.000453340182540579,0.00043391619019206296,240488079.9469,58312964.38269999,576762.6996,0.006620822242181079,0.006620822242181079,0.007635364227218286,1.0076353642272182,-0.000030356494359007336,0.9985874169810643,313.68998169415397,14.76640262888215,0.00003929329999999991,0.000004077110971722568
2021-07-10T23:00:00.000Z,0.02522985193613402,1.011291443128025,0.0005998620473814566,0.00045922487646467427,0.00044197191828643234,241520165.8049,59139672.12869999,826707.746,0.01084947120973867,0.01084947120973867,0.011891305175406559,1.0118913051754066,-0.000056378167604731466,0.9999514811267403,315.8995209479134,14.88047872814029,0.00003928990000000012,0.000005818988917618104
2021-07-11T00:00:00.000Z,0.02522985193613402,1.010606057349162,0.0006175924923017325,0.0004676121118333591,0.0004509480139440747,241400005.44039997,60318160.62289999,1178488.4942,0.010155109335217904,0.010155109335217904,0.011223649841463712,1.0112236498414637,-0.00006590991629240595,0.9984029422017519,315.9549736985317,14.952684873304475,0.0000392830000000001,0.000008299214560849019
2021-07-11T01:00:00.000Z,0.02522985193613402,1.0129602557390742,0.0006372451582160614,0.00047597169276133674,0.00045983495805068664,241966403.6047,61492782.96729999,1174622.3444,0.012500420781023536,0.012500420781023536,0.013597500897290284,1.0135975008972904,-0.00008210124893226478,0.9993879024005128,317.1109623347672,15.066960203627252,0.00003928250000000003,0.000008252624974921158
2021-07-11T02:00:00.000Z,0.02522985193613402,1.013755914085932,0.0006547476104008994,0.00048355984825950034,0.0004670526034296074,241868921.35650003,62557744.46069999,1064961.4934,0.013288861482502412,0.013288861482502412,0.014410661696332918,1.0144106616963329,-0.00008696066370050826,0.9997923292792658,317.4765526972528,15.125879215507663,0.000039333299999999985,0.000007485188789970787
2021-07-11T03:00:00.000Z,0.02522985193613402,1.01013990702972,0.0006645177832777701,0.0004914835103287106,0.0004733447233515875,241039983.2967,63669948.90939999,1112204.4487,0.00966656230636831,0.00966656230636831,0.010804424812997667,1.0108044248129977,-0.00006678096191181648,0.9978446152454375,315.82604968304435,15.007582059264552,0.0000393273000000002,0.00000784412418608015
2021-07-11T04:00:00.000Z,0.02522985193613402,1.0085309366528636,0.0006732271140329816,0.0005006081562408292,0.00048338977387940574,240661641.41789997,64950759.12899999,1280810.2196,0.008047546878984235,0.008047546878984235,0.009204163766896622,1.0092041637668967,-0.000030285878528046872,1.0000118240087166,314.1317385807383,14.870027915376294,0.00003944909999999984,0.000009047463320251627
2021-07-11T05:00:00.000Z,0.02522985193613402,1.007835573254731,0.0006820923393501874,0.0005204224027979757,0.0005011962897836231,240488042.0217,67731960.70899999,2781201.58,0.007334376964947431,0.007334376964947431,0.008517665594081241,1.0085176655940813,-0.000020545153943229977,1.000676983208574,313.47890327654164,14.741747205437955,0.00003945079999999987,0.00001966019867870758
2021-07-11T06:00:00.000Z,0.02522985193613402,1.0095791808240218,0.0007006543828399312,0.0005266829458263636,0.0005085317252864208,240860267.22210002,68610554.02919999,878593.3202,0.00907064909873534,0.00907064909873534,0.010279835206861692,1.0102798352068616,-0.00004191215575033436,0.9996534662716255,314.88254769818707,14.82397111142661,0.000039458100000000055,0.000006201141689188305
2021-07-11T07:00:00.000Z,0.02522985193613402,1.0089881082028744,0.0007161174493585242,0.0005406668612213816,0.0005226690183721683,240640707.1192,70572390.83949998,1961836.8103,0.008465439184502266,0.008465439184502266,0.009704225652232959,1.009704225652233,-0.000037809899867013996,0.9995131952990083,314.549084401467,14.838486820988365,0.00003947130000000011,0.000013859344985459862
2021-07-11T08:00:00.000Z,0.02522985193613402,1.0105052479839396,0.0007343609943942236,0.0005466443101731349,0.0005288027859957634,240972339.46840003,71410876.53619999,838485.6967,0.009976445197943828,0.009976445197943828,0.011239608978333815,1.0112396089783338,-0.00005043143227090319,0.9996631741690339,315.44504908410056,14.908825409851811,0.00003947639999999993,0.000005915308319347264
