query_ts,assumedLPToken,equityValue,totalDexYield,totalTradingfee,newTotalTradingFee,liquidity,totalVolume,volume,priceImpact,priceEffect,totalReturn,totalEquityVal,impermanentLoss,tokenPrice,quoteTokenPrice,rewardPrice,rewardTokenPerLP,feePerDollar
2021-08-06T10:00:00.000Z,0.02399641372208971,1,0.00001598038976836633,0.000009353300543823777,3.930189507173054e-14,263876875.5504,1451835.0548,1451835.0548,-3.930189507173054e-14,-3.930189507173054e-14,0.00001598038976836633,1.0000159803897684,0,0.9980572556578126,333.9469236723936,17.2882632089014,0.0000385203,0.000009353300049547517
2021-08-06T11:00:00.000Z,0.02399641372208971,1.000835136520364,0.00003173951565692333,0.000018408731204473882,0.00000929928509818545,264104308.64839998,2857472.0279,1405636.9731,0.0008258372352658583,0.0008258372352658583,0.0008668760360209671,1.0008668760360209,-2.918299037979466e-7,0.9996449019702849,333.96746872343573,17.313529370963114,0.000037875300000000006,0.000009047875312974288
2021-08-06T12:00:00.000Z,0.02399641372208971,0.9984329337877519,0.00004727387454888735,0.00002638035904008306,0.000017241631666942148,263585457.23250002,4095415.0062,1237942.9783,-0.001584307843915056,-0.001584307843915056,-0.0015197923376992265,0.9984802076623007,-0.0000013367717839329885,0.9981066947926001,332.8731234352998,17.320365464457137,0.00003734559999999999,0.000007984139509084096
2021-08-06T13:00:00.000Z,0.02399641372208971,1.0004963365014228,0.0000626926836237084,0.000040325644509103765,0.000031092597601922733,264194682.2002,6261557.5498,2166142.5436,0.00046524390382085556,0.00046524390382085556,0.0005590291850464867,1.0005590291850466,-1.3977473789505979e-7,0.9979937925073138,334.2789851886601,17.333493084173057,0.000036983499999999996,0.000013938366561555311
2021-08-06T14:00:00.000Z,0.02399641372208971,1.0056619901626953,0.00007876038113406428,0.00005093886715684037,0.00004187960713797345,265785415.7451,7911532.8436,1649975.2938,0.005620110555557334,0.005620110555557334,0.0057407505438293715,1.0057407505438294,-0.000006287389882841943,1.0001136463149145,337.0167218075382,17.530128636201656,0.000036505699999999985,0.000010553468449713882
2021-08-06T15:00:00.000Z,0.02399641372208971,1.0049165822059456,0.00009389503088916711,0.00006583279565061233,0.000057833142700358664,265712195.20189998,10228083.5087,2316550.6651,0.004858749063245238,0.004858749063245238,0.005010477236834764,1.0050104772368347,-0.000005869756862786346,0.9994761810025827,336.7212236164272,17.523112145423987,0.00003606769999999999,0.000014821059032227061
2021-08-06T16:00:00.000Z,0.02399641372208971,1.0138081593905925,0.00011234092004491804,0.00008774271160100085,0.00008054192600792653,267789546.5836,13632397.8265,3404314.3178,0.013727617464584618,0.013727617464584618,0.013920500310637463,1.0139205003106375,-0.00006800845562171531,1.00002665436399,342.5026091980944,17.96737187006939,0.00003726149999999999,0.0000216115020697915
2021-08-06T17:00:00.000Z,0.02399641372208971,1.0140961253611116,0.00012817429286603475,0.00013201740512244558,0.0001234784933057398,267867349.6615,20511746.0524,6879348.2259,0.01397264686780586,0.01397264686780586,0.014224299653977635,1.0142242996539776,-0.00007336678593261592,0.9998175783769846,342.73985946335233,17.94454730959689,0.000037101499999999984,0.0000436592664197733
2021-08-06T18:00:00.000Z,0.02399641372208971,1.0188050734908898,0.00014517242709895486,0.0001464510272092763,0.00014140942705509474,269401159.1918,22756841.273000002,2245095.2206,0.018663664063834684,0.018663664063834684,0.018950245917988735,1.0189502459179887,-0.00012262095469806056,1.0008863921229156,345.5490861337915,18.08414800015013,0.00003687250000000002,0.000014167206579474032
2021-08-06T19:00:00.000Z,0.02399641372208971,1.0178303381072569,0.00016119830158100999,0.00015461228910396566,0.00014701144109552367,269177960.297,24026457.5267,1269616.2537,0.017683326666161348,0.017683326666161348,0.017991536408837883,1.0179915364088379,-0.00012696426186353804,0.99964824574678,345.3114774358649,18.121606240675007,0.00003616199999999997,0.000008018292541144776
2021-08-06T20:00:00.000Z,0.02399641372208971,1.013868781079446,0.00017706448956079902,0.00016613532857905118,0.00015759452891161985,268089016.7125,25818777.0487,1792319.522,0.013711186550534382,0.013711186550534382,0.014045845569006801,1.014045845569007,-0.000059486669289010585,1.000765937587643,342.2385020024865,18.051819825598688,0.000038060399999999965,0.000011365415953118129
2021-08-06T21:00:00.000Z,0.02399641372208971,1.0120570800584114,0.0001920342755706757,0.00017329911474706485,0.0001644653127783613,267613150.2803,26933061.5934,1114284.5447,0.011892614745633079,0.011892614745633079,0.012249114333982116,1.012249114333982,-0.00004958017131340142,0.9999196882782428,341.30027336512643,17.927061158597805,0.000037643099999999965,0.000007078440368143019
2021-08-06T22:00:00.000Z,0.02399641372208971,1.0093597501847213,0.00020678092104270792,0.00018004265412120492,0.00017114122357497763,266720177.86349997,27981272.8016,1048211.2082,0.009188608961146372,0.009188608961146372,0.009566531105764057,1.009566531105764,-0.000024757123197050035,1.0001653216694937,339.39527406243127,17.79684127321029,0.00003779689999999997,0.000006681005794964479
2021-08-06T23:00:00.000Z,0.02399641372208971,1.01133252281831,0.00022352528665796437,0.00018869170791511281,0.00017975124782765306,267282310.8984,29325881.422500003,1344608.6209,0.011152771570482445,0.011152771570482445,0.011556048104968063,1.0115560481049681,-0.00003423902043520055,1.0008715195942406,340.4772708921081,17.889171997708107,0.00003650700000000001,0.000008552135933899857
2021-08-07T00:00:00.000Z,0.02399641372208971,1.013302811131982,0.00024177605620497811,0.00019576060266470385,0.00018726116699507855,267812442.5336,30424872.331600003,1098990.9091,0.013115549964986872,0.013115549964986872,0.013544587188186928,1.013544587188187,-0.0000551150828395075,1.0005865272950334,341.89772807481444,18.052978129585156,0.00003740480000000001,0.000006976093148605682
2021-08-07T01:00:00.000Z,0.02399641372208971,1.0185247697552453,0.00026264800355526484,0.000204947204921683,0.00019776292081941094,269253846.2365,31853425.225700002,1428552.8941,0.018327006834425896,0.018327006834425896,0.01878741775880057,1.0187874177588006,-0.00011545885473307482,1.0010202696857402,345.2745398911176,18.359050421563804,0.00003807240000000001,0.000009019518027002977
2021-08-07T02:00:00.000Z,0.02399641372208971,1.0203406819741139,0.00027832075663686626,0.0002154182872123782,0.0002083959620511333,269595075.9878,33480881.625600003,1627456.3999,0.02013228601206274,0.02013228601206274,0.02061900273075074,1.0206190027307507,-0.0001556699941476225,1.0003417619834007,346.73484548059827,18.35667979366085,0.000035656899999999906,0.000010262338322363129
2021-08-07T03:00:00.000Z,0.02399641372208971,1.0249119374413402,0.00029697086990260934,0.00022597388967148533,0.00021983361503075116,270821594.93939996,35121587.8074,1640706.1818,0.024692103826309486,0.024692103826309486,0.025208908311242846,1.0252089083112428,-0.00022776964482462692,1.0011027623550819,349.5755283807125,18.477584243683026,0.00003792770000000005,0.000010299032873224609
2021-08-07T04:00:00.000Z,0.02399641372208971,1.0251876463964775,0.0003135604786932792,0.00023686831669306562,0.00023184381234897522,270889636.90669996,36814929.0231,1693341.2157,0.02495580258412855,0.02495580258412855,0.025501206875170806,1.0255012068751708,-0.0002504458310808033,1.0003219652184243,350.02847430564873,18.482631099855322,0.00003722179999999997,0.000010626763354854646
2021-08-07T05:00:00.000Z,0.02399641372208971,1.0251147988467861,0.0003271374675439011,0.00025142315186453074,0.0002455624338073559,271157976.0576,39079616.4336,2264687.4105,0.02486923641297878,0.02486923641297878,0.025441936314330036,1.0254419363143301,-0.00024960381823024846,1.0002751551117874,349.98572867891016,18.33367258920768,0.00003660499999999995,0.000014198249499517509
2021-08-07T06:00:00.000Z,0.02399641372208971,1.0259541403259165,0.0003463043976890826,0.00026174015558235776,0.00025594362729752795,273343872.9591,40696527.2699,1616910.8363,0.025698196698618947,0.025698196698618947,0.026300444723605557,1.0263004447236055,-0.000278908206644668,0.9998080501402424,350.71590209208705,18.46015214336173,0.00003817369999999999,0.000010056008909046557
2021-08-07T07:00:00.000Z,0.02399641372208971,1.0214357059085537,0.00035828059979708157,0.00027741850044464973,0.0002707860579058696,272243649.8815,43154618.751600005,2458091.4817,0.021164919850647834,0.021164919850647834,0.021793986508350786,1.0217939865083507,-0.0001711610328756219,1.0004962758209563,347.38351159180985,18.268251993876667,0.000035531800000000004,0.000015349322273297812
2021-08-07T08:00:00.000Z,0.02399641372208971,1.0233251164838502,0.0003761343881734419,0.000285285693488099,0.00027900125217850125,273034094.8966,44389354.69060001,1234735.939,0.02304611523167166,0.02304611523167166,0.023701250872023603,1.0237012508720236,-0.0002148572240778801,1.0001085253619726,348.7997741608542,18.365964133671874,0.00003616249999999997,0.000007687871718346844
2021-08-07T09:00:00.000Z,0.02399641372208971,1.023239996961812,0.0003929582505272132,0.000295794128596394,0.0002895333125252364,273668762.5649,46042598.28920001,1653243.5986,0.022950463649286768,0.022950463649286768,0.023632955212339216,1.0236329552123393,-0.0002333114712474993,0.999143239264458,349.0714711282964,18.395510579322604,0.00003674170000000001,0.000010269765870532965
2021-08-07T10:00:00.000Z,0.02399641372208971,1.0323975478765313,0.0004150166610353214,0.0003162947495667324,0.0003128840896295948,275800214.76710004,49264154.59790001,3221556.3087,0.03208466378690167,0.03208466378690167,0.032812564537566584,1.0328125645375665,-0.0004224143292305138,1.0005651744142354,354.8282341798301,18.639291049228493,0.00003767439999999993,0.000019857293183817
2021-08-07T11:00:00.000Z,0.02399641372208971,1.033074108502554,0.0004286554300722768,0.0003363280739748124,0.0003353459801513914,275811415.24909997,52410344.04210001,3146189.4442,0.03273876252240271,0.03273876252240271,0.03350276393262638,1.0335027639326264,-0.0003832057035992875,1.0025844082631743,354.5625914737643,18.517893824746587,0.00003677569999999996,0.000019391953194937434
2021-08-07T12:00:00.000Z,0.02399641372208971,1.0337828166585104,0.00044632970290788145,0.0003469372628254023,0.0003451412370893969,275958883.5502,54076241.89540001,1665897.8533,0.033437675421420954,0.033437675421420954,0.03422914636141823,1.0342291463614182,-0.000474740962038922,1.0001264063639552,355.9152443272442,18.556741132181592,0.000037671699999999946,0.000010262493869289854
2021-08-07T13:00:00.000Z,0.02399641372208971,1.026868301895941,0.0004559717668932428,0.0003756428287619698,0.0003703308073486067,273865568.5769,58579635.132000014,4503393.2366,0.02649797108859242,0.02649797108859242,0.02732427366283427,1.0273242736628343,-0.00029605838308821575,0.9998719034053156,351.24061518408195,18.27422811677749,0.000037483499999999954,0.000027954476139523544
2021-08-07T14:00:00.000Z,0.02399641372208971,1.0265423238039555,0.0004686407955290467,0.0003960043137262648,0.0003909341607497563,273892580.6408,61775319.850300014,3195684.7183,0.026151389643205736,0.026151389643205736,0.02701096459948454,1.0270109645994845,-0.0002783130710567461,1.0002750309231168,350.86201285629767,18.12497763594968,0.00003769090000000004,0.00001983501710195917
2021-08-07T15:00:00.000Z,0.02399641372208971,1.0297578345512144,0.00048401223981513387,0.0004092014246104099,0.00040495993062572566,274017697.2126,63841049.24720001,2065729.3969,0.029352874620588665,0.029352874620588665,0.030241846791029526,1.0302418467910295,-0.0003373275584259705,1.0010084264024228,352.7960657046395,18.097607410510147,0.00003702500000000001,0.000012815741503021878
2021-08-07T16:00:00.000Z,0.02399641372208971,1.0297874873683837,0.0004928575715796478,0.0004259343302679811,0.00042198123296843804,274127964.9846,66461211.52310001,2620162.2759,0.02936550613541522,0.02936550613541522,0.030280344939963306,1.0302803449399633,-0.0003371021359931392,1.0010294028364908,352.79733132738045,17.83603543290911,0.00003701149999999995,0.00001624889262677098
2021-08-07T17:00:00.000Z,0.02399641372208971,1.0271873148296737,0.0005087808152676448,0.0004537072635870327,0.0004487073800070185,273323807.9404,70808321.7371,4347110.214,0.026738607449666718,0.026738607449666718,0.027696095644941382,1.0276960956449415,-0.0003142346353923742,0.9993703700259188,351.58166588869096,17.854975245788854,0.000035942800000000065,0.000027037847231410793
2021-08-07T18:00:00.000Z,0.02399641372208971,1.0242799064443384,0.0005231787449087934,0.0004670014759593043,0.0004607989819898073,272300608.445,72887269.7906,2078948.0535,0.02381910746234861,0.02381910746234861,0.02480308518924721,1.0248030851892471,-0.0002365984647434427,0.9998400021078858,349.42088235819165,17.79899694907046,0.000037444599999999896,0.000012979081138057204
2021-08-07T19:00:00.000Z,0.02399641372208971,1.0258321071158503,0.0005410163374786892,0.00047543512594543585,0.00046989990678780735,272143997.6203,74203370.6301,1316100.8395,0.02536220720906246,0.02536220720906246,0.026373123453328956,1.0263731234533289,-0.00025617176845793566,1.0004639734303864,350.25638523384396,17.863754837839227,0.00003717140000000016,0.00000822127787757281
2021-08-07T20:00:00.000Z,0.02399641372208971,1.0271805158009923,0.0005625407363656719,0.0004844315422258192,0.0004804018892845541,272465016.2584,75607103.93169999,1403733.3016,0.02670011391170779,0.02670011391170779,0.027743056537358018,1.027743056537358,-0.0002860194195426491,1.0004851857063495,351.163574727028,18.04387539504581,0.00003711259999999991,0.000008758359680410637
2021-08-07T21:00:00.000Z,0.02399641372208971,1.029379584300933,0.0005817181266281391,0.0004931475508132945,0.0004893532119110144,273058491.8919,76967135.0235,1360031.0918,0.028890231089022,0.028890231089022,0.029961302427561155,1.0299613024275611,-0.0003389188997769965,1.00049726979136,352.65909040913385,18.129578979456234,0.000037939699999999944,0.000008467243922870962
2021-08-07T22:00:00.000Z,0.02399641372208971,1.0268454723870244,0.0005932907366589072,0.0005065628706859801,0.0005039317865220827,272406226.8197,79060591.9029,2093456.8794,0.02634154060050231,0.02634154060050231,0.0274387631236833,1.0274387631236832,-0.0002579369888880967,1.0013415413283993,350.6182226904556,17.991838695798705,0.000037041399999999865,0.000013064593774266203
2021-08-07T23:00:00.000Z,0.02399641372208971,1.0296130646647577,0.0006131609038452875,0.0005145498226313923,0.0005108929361317127,273127784.1967,80306896.0165,1246304.1136,0.029102171728625947,0.029102171728625947,0.03022622556860295,1.030226225568603,-0.00033985160856875307,1.000667521897956,352.7443679276055,18.091153343107965,0.00003822700000000001,0.000007757237145797484
2021-08-08T00:00:00.000Z,0.02399641372208971,1.034222361068344,0.0006350188316440175,0.000524486204833325,0.0005234569438810066,273710330.7543,81853776.1833,1546880.1668,0.03369890412446308,0.03369890412446308,0.034857379899988106,1.034857379899988,-0.00047038110498331953,1.0005211798388627,355.95469733783995,18.241212451507508,0.000038316400000000133,0.00000960758870998035
2021-08-08T01:00:00.000Z,0.02399641372208971,1.035756434563373,0.0006485349104096467,0.000545011921253134,0.0005446065599978844,274472377.8103,85053337.2756,3199561.0923,0.03521182800337508,0.03521182800337508,0.03640496947378261,1.0364049694737827,-0.0004772289526447926,1.001762540817965,356.55502898024605,18.153423275607953,0.0000380431,0.00001981712659140261
2021-08-08T02:00:00.000Z,0.02399641372208971,1.026865969432529,0.0006534109203638035,0.0005604809238017558,0.0005557564616991417,272121324.4814,87464698.0131,2411360.7375,0.026310212970829916,0.026310212970829916,0.02751938035289286,1.0275193803528928,-0.00028164786789486307,1.0002888227990874,350.96579196204846,17.84055758067438,0.00003749789999999992,0.000015064285246892494
2021-08-08T03:00:00.000Z,0.02399641372208971,1.0251462454942664,0.000666774752718128,0.0005703197845783219,0.0005645903580908662,271674205.2259,88998461.7142,1533763.7011,0.024581655136175495,0.024581655136175495,0.02581302024698449,1.0258130202469844,-0.00023772049412362772,1.0005331266742035,349.6991545956147,17.765988031306136,0.000037753200000000064,0.00000959751879904064
2021-08-08T04:00:00.000Z,0.02399641372208971,1.0306314185911745,0.0006908779956222092,0.0005809875486748075,0.0005786673954595312,273078179.68230003,90661139.63700001,1662677.9228,0.030052751195714933,0.030052751195714933,0.03132229658679667,1.0313222965867967,-0.00038573124223784117,0.9998857096253451,353.67264849300074,17.97282018988394,0.000037888400000000096,0.000010350707889031704
2021-08-08T05:00:00.000Z,0.02399641372208971,1.0282685234816151,0.0007059657575114842,0.0005927433269669422,0.0005884078389635228,272499747.34860003,92493715.5952,1832575.9582,0.027680115642651604,0.027680115642651604,0.02897448923912661,1.0289744892391266,-0.0003247992538404354,0.9998686493397018,352.05122432772714,17.949814225012144,0.00003708139999999991,0.0000114325945592698
2021-08-08T06:00:00.000Z,0.02399641372208971,1.0320450329328934,0.0007265528923722861,0.0006027916188439093,0.0006007243562851095,273332067.476,94059151.4261,1565435.8309,0.03144430857660829,0.03144430857660829,0.03277158582526569,1.0327715858252657,-0.0004046880306411982,1.000561251123195,354.38945518717617,18.04981632182684,0.00003845039999999992,0.000009736292331537976
2021-08-08T07:00:00.000Z,0.02399641372208971,1.0385565868213984,0.000756672280442666,0.00061593442344416,0.0006179466204963013,275073527.488,96106811.1454,2047659.7193,0.037938640200902096,0.037938640200902096,0.03931325910184107,1.039313259101841,-0.0005923900431673568,1.000863274133145,358.75793043231545,18.380296324878,0.000038127799999999964,0.000012654876514650645
2021-08-08T08:00:00.000Z,0.02399641372208971,1.0346785318205614,0.000765822191205486,0.0006290183936372469,0.0006288799232672115,273708773.8169,98142792.9167,2035981.7713,0.03404965189729414,0.03404965189729414,0.03544435401176684,1.0354443540117668,-0.00048492152257073595,1.0003896387128408,356.24313484984594,18.200950335842286,0.000037854299999999886,0.000012645444144678314
