query_ts,assumedLPToken,equityValue,totalDexYield,totalTradingfee,newTotalTradingFee,liquidity,totalVolume,volume,priceImpact,priceEffect,totalReturn,totalEquityVal,impermanentLoss,tokenPrice,quoteTokenPrice,rewardPrice,rewardTokenPerLP,feePerDollar
2021-07-16T10:00:00.000Z,0.025279742594122287,1,0.00001913865374433812,0.00004210261497861895,-9.632294961647858e-13,165791014.4219,4106020.706,4106020.706,9.632294961647858e-13,9.632294961647858e-13,0.00001913865374433812,1.0000191386537443,0,0.9994975733244537,306.4501340112155,13.314200084808794,0.000056862200000000006,0.000042102614695612544
2021-07-16T11:00:00.000Z,0.025279742594122287,0.9959483209287165,0.00003768178891568283,0.00007073171870054744,0.000026592060487828917,165763859.2303,6908948.2172,2802927.5112,-0.004078271131771283,-0.004078271131771283,-0.004013997282367771,0.9959860027176323,-0.000010119863751767433,0.999909718618091,303.83037230542215,13.14345156873208,0.00005654729999999999,0.00002874557090529543
2021-07-16T12:00:00.000Z,0.025279742594122287,0.9956306168131466,0.000056003621006626655,0.00008656172161073717,0.00004366804285427239,165988142.1,8461374.1132,1552425.896,-0.0044130512297076985,-0.0044130512297076985,-0.004313379565846799,0.9956866204341532,-0.000011177484040447716,0.9998027751213848,303.6586181092065,13.042075674409585,0.00005645269999999999,0.00001589947323833562
2021-07-16T13:00:00.000Z,0.025279742594122287,1.0035840749376241,0.00007477486850434934,0.00011899401092749579,0.00007505909760929796,171234299.1885,11716484.2383,3255110.1251,0.0035090158400148397,0.0035090158400148397,0.003658849806128487,1.0036588498061285,-0.0000021448220954845,1.0009296050148542,308.16306303479286,13.145226275347902,0.00005515460000000001,0.00003231646486068977
2021-07-16T14:00:00.000Z,0.025279742594122287,1.004340740204553,0.00009363432131937984,0.00013929310577205872,0.00009655213199022405,171359990.0336,13753789.4345,2037305.1962,0.004244188072562771,0.004244188072562771,0.004434374525872375,1.0044343745258724,-0.000007523744811388511,0.9998535431540808,308.94688709136983,13.220142579057566,0.000055156199999999945,0.0000202113622489176
2021-07-16T15:00:00.000Z,0.025279742594122287,1.0057106822688342,0.00011478404437368015,0.00016006043959287277,0.00011439119733247516,151099636.19689998,15589153.3718,1835363.9373,0.0055962910715017244,0.0055962910715017244,0.005825466313207879,1.0058254663132078,-0.00001619471843272713,0.9993871147296176,309.9239508314704,13.243400960377128,0.00006268110000000004,0.000020649412347652058
2021-07-16T16:00:00.000Z,0.025279742594122287,1.00757071954282,0.00013407387296102683,0.00019525366105299695,0.0001548410275804546,173100393.2156,19145733.5687,3556580.1969,0.007415878515239616,0.007415878515239616,0.007704793415781097,1.007704793415781,-0.000028705317639099448,0.9993091306636288,311.0708297246533,13.33803058337574,0.00005477649999999998,0.00003492878451870039
2021-07-16T17:00:00.000Z,0.025279742594122287,1.0077906631346807,0.00015267018726040725,0.0002289372495966537,0.000188243412211353,173202121.3996,22551009.3759,3405275.8072,0.0076024197224693335,0.0076024197224693335,0.007943333321941094,1.0079433333219412,-0.000025209883262378163,0.9999703521313134,310.9802721404656,13.317778418337678,0.00005584070000000002,0.00003342319843117908
2021-07-16T18:00:00.000Z,0.025279742594122287,1.0067202582149508,0.00017141796803684512,0.00023676963685295097,0.00019584984493459245,173020029.1419,23342840.8533,791831.4774,0.006524408370016221,0.006524408370016221,0.006891676182987659,1.0068916761829876,-0.000016812299377333417,1.0002019712269514,310.24334597429566,13.313749559363538,0.000055840000000000035,0.000007780102212767537
2021-07-16T19:00:00.000Z,0.025279742594122287,1.0048239410495456,0.0001888633486861889,0.000245691464728239,0.00020467667091206287,172541640.72390002,24244015.2049,901174.3516,0.004619264378633581,0.004619264378633581,0.005012804398231832,1.0050128043982318,-0.000008144371839491349,1.0000701325711818,309.110748114385,13.218189173132046,0.00005588989999999998,0.000008878995188016615
2021-07-16T20:00:00.000Z,0.025279742594122287,1.0014014348471325,0.0002055944546620761,0.0002592522644081327,0.00021843233757112834,171950548.3475,25613734.8829,1369719.678,0.0011830025095613816,0.0011830025095613816,0.0016070293017945861,1.0016070293017947,-6.428310524997372e-7,0.999545982762486,307.16074848741795,13.094303241060885,0.00005589139999999996,0.000013541820453484204
2021-07-16T21:00:00.000Z,0.025279742594122287,0.9988809204880814,0.00022179457522104645,0.0002803953310431232,0.00024237311920649596,171592768.1351,27750241.8009,2136506.918,-0.0013614526311250819,-0.0013614526311250819,-0.0008972849366975394,0.9991027150633025,-0.000006328108721920245,1.0016940673009804,304.94611833692437,12.960306257434594,0.000055867399999999966,0.000021166753121788742
2021-07-16T22:00:00.000Z,0.025279742594122287,0.9972637009686928,0.00023996306888646182,0.0002921989282313767,0.00025072630395162054,171390022.253,28943518.1262,1193276.3253,-0.0029870253352588527,-0.0029870253352588527,-0.0024963359624207704,0.9975036640375793,-0.000004121310980376158,0.9993771473334381,304.6588269121978,12.953415139631005,0.000055843399999999974,0.000011835985119457511
2021-07-16T23:00:00.000Z,0.025279742594122287,0.9960745627581327,0.00025809072181188597,0.00030179398345966306,0.0002596260882272716,171197197.7381,29913588.7084,970070.5822,-0.004185063330094607,-0.004185063330094607,-0.0036673465200554494,0.9963326534799446,-0.000008905351500665404,0.9995240036873888,303.8824392124262,12.945508870464561,0.000055839900000000034,0.000009632867894618508
2021-07-17T00:00:00.000Z,0.025279742594122287,0.9937952680012156,0.00027406602059708876,0.00031611771060320186,0.00027281217121322143,171125133.7839,31364443.5814,1450854.873,-0.006477544169997573,-0.006477544169997573,-0.005930665978187263,0.9940693340218127,-0.00001923865668773672,0.9992022091094771,302.58232057973754,12.839414677056265,0.00005573549999999996,0.000014413156206584374
2021-07-17T01:00:00.000Z,0.025279742594122287,0.9992430403327731,0.00029405806713187464,0.00034244024510730593,0.0003024217542008101,172066832.9867,34030717.9122,2666274.3308,-0.0010593814214276964,-0.0010593814214276964,-0.0004629016000950117,0.999537098399905,-9.864445942309175e-7,0.9998421128836377,305.695805536687,12.922996408799392,0.00005573459999999997,0.000026342475674613914
2021-07-17T02:00:00.000Z,0.025279742594122287,0.9872814948703961,0.00030309012356467054,0.00035914877974402363,0.00031369366286781997,170027209.307,35723366.775,1692648.8628,-0.01303219879247175,-0.01303219879247175,-0.012415415006039258,0.9875845849939607,-0.0000928975850175151,1.0000107819882074,298.3615441181215,12.543337806500615,0.000055728399999999946,0.000016923779896689354
2021-07-17T03:00:00.000Z,0.025279742594122287,0.9841352230014264,0.0003186592578766802,0.0003787109397562768,0.0003345439141757556,169977261.5754,37710852.2318,1987485.4568,-0.016199320912749338,-0.016199320912749338,-0.015546117740696901,0.9844538822593031,-0.00014096774707361703,0.9999574048321416,296.4655911649857,12.463136071115223,0.00005556660000000005,0.000019877513293513294
2021-07-17T04:00:00.000Z,0.025279742594122287,0.9849329768243791,0.0003362488611151159,0.0004003546388296785,0.00035424085437196773,170122824.5384,39909919.2159,2199066.9841,-0.015421264029992887,-0.015421264029992887,-0.014730774314505804,0.9852692256854942,-0.00011363257759511303,0.9990325367615196,297.20959851693567,12.466216456764137,0.000055564799999999946,0.00002197479311264414
2021-07-17T05:00:00.000Z,0.025279742594122287,0.9898831344665738,0.0003572341696802104,0.00040932463219853113,0.00036496601347335567,170152396.2439,40816898.559099995,906979.3432,-0.010481831546899523,-0.010481831546899523,-0.009759631363745956,0.9902403686362541,-0.00007014742702127208,1.0008055775877118,299.66732278338867,12.585609910892554,0.000055836299999999965,0.000009061670111479703
2021-07-17T06:00:00.000Z,0.025279742594122287,0.9925972317990495,0.00037635838792881324,0.0004214573792192829,0.0003782307809430119,170640643.4772,42043828.2124,1226929.6533,-0.00778099898189355,-0.00778099898189355,-0.0070264098130217245,0.9929735901869783,-0.000030007289862354902,0.9994331834729164,301.719148766328,12.630905173300595,0.00005586659999999998,0.000012223233387470726
2021-07-17T07:00:00.000Z,0.025279742594122287,0.9939482036436592,0.0003958965683771681,0.0004426707210107108,0.00040044513986325914,170951311.32950002,44190021.70779999,2146193.4954,-0.0064522414962040475,-0.0064522414962040475,-0.00565589978796362,0.9943441002120363,-0.00002201650672617461,0.9996601561151639,302.45911205701384,12.685624125035696,0.000055841399999999875,0.00002134250339354019
2021-07-17T08:00:00.000Z,0.025279742594122287,0.9893618646296908,0.00041224299226237903,0.0004550636850618552,0.00041103086222116225,154832302.3878,45330882.5773,1140860.8695,-0.011049166232530383,-0.011049166232530383,-0.010225892378046842,0.9897741076219532,-0.00006611473670414814,0.9998862161608192,299.5990142051463,12.58352669684537,0.00006140269999999996,0.00001252621996986347
2021-07-17T09:00:00.000Z,0.025279742594122287,0.9923434812206374,0.0004344501215123002,0.0004812207358429639,0.00043803287555332915,155996002.34179997,47749634.4475,2418751.8702,-0.008094551654915905,-0.008094551654915905,-0.007222068657850275,0.9927779313421498,-0.00003064372822170203,0.9991990081416441,301.5991525568165,12.66403675177854,0.00006112749999999987,0.000026358868930054623
2021-07-17T10:00:00.000Z,0.025279742594122287,0.9926264077895548,0.0004551540227455495,0.000495762149377955,0.0004533354327351802,156125187.672,49095014.0386,1345379.5911,-0.007826927643180381,-0.007826927643180381,-0.006918438187699652,0.9930815618123003,-0.00004188218045220182,1.0007924890204052,301.28145114729176,12.695972040539832,0.00006109449999999991,0.00001464943190124462
2021-07-17T11:00:00.000Z,0.025279742594122287,0.9871746530238595,0.0004679183194478057,0.0005115075814372703,0.0004677805301759319,154845251.8632,50547826.5475,1452812.5089,-0.013293127506316393,-0.013293127506316393,-0.012357428656692655,0.9876425713433074,-0.00011015720308682475,1.0009593080380477,297.9212238537255,12.512393111358078,0.00006116039999999998,0.000015949996757485075
2021-07-17T12:00:00.000Z,0.025279742594122287,0.9891320388628692,0.0004898655331399547,0.0005273637969125559,0.00048393282109360225,155154346.7775,52010880.3187,1463053.7712,-0.011351893958224446,-0.011351893958224446,-0.010378095603990889,0.9896219043960091,-0.00007073783557653979,0.999975334033627,299.38893783711035,12.578367102994864,0.0000612622000000001,0.000016030433324609146
2021-07-17T13:00:00.000Z,0.025279742594122287,0.9911088776534032,0.0005143955889443592,0.0005407175403327582,0.0004978138768203522,155485577.1738,53243198.5347,1232318.216,-0.009388936223417188,-0.009388936223417188,-0.008376726757652476,0.9916232732423476,-0.000050662589807903835,1.0001304188471347,300.5323805365955,12.703141051646018,0.00006125430000000038,0.000013473538866298183
2021-07-17T14:00:00.000Z,0.025279742594122287,0.9934672267991889,0.0005340794050246652,0.0005594890056121009,0.0005181777347258443,156011987.2945,54977216.887499996,1734018.3528,-0.0070509509355369815,-0.0070509509355369815,-0.005998693795786472,0.9940013062042136,-0.000042080905647168265,1.0015969299728973,301.51054339061244,12.703916891541002,0.00006119349999999981,0.000018894901929525785
2021-07-17T15:00:00.000Z,0.025279742594122287,0.9923522468323434,0.0005501736825559226,0.0005732484408694279,0.0005314879865684352,164768389.3288,56321094.5896,1343877.7021,-0.008179241154225081,-0.008179241154225081,-0.007097579485100723,0.9929024205148993,-0.00004807761150482648,1.0010912407683983,300.9776769851766,12.646737975606959,0.00005785969999999984,0.000013865475670888739
2021-07-17T16:00:00.000Z,0.025279742594122287,0.9896312488860041,0.0005683388359990026,0.0005934362947346797,0.0005504616465495937,164371695.1315,58293494.01369999,1972399.4241,-0.010919212760545527,-0.010919212760545527,-0.00980041227799693,0.9901995877220031,-0.00007010373048055296,1.000359515796947,299.53597083124487,12.63946764044566,0.0000578408000000003,0.000020399369966267504
2021-07-17T17:00:00.000Z,0.025279742594122287,0.9937190010679963,0.0005909677079168988,0.0006110295369390411,0.0005720923714683801,165057210.45790002,60012462.37719999,1718968.3635,-0.006853091303472114,-0.006853091303472114,-0.005690031224086835,0.9943099687759132,-0.00003067932376554783,1.0004541448003132,301.97525877837205,12.728812733630624,0.00005783880000000007,0.000017704444476210003
2021-07-17T18:00:00.000Z,0.025279742594122287,0.9930762687443284,0.0006079236899667021,0.000620502288772657,0.0005795962895385198,164911796.8269,60937791.84359999,925329.4664,-0.007503327545210103,-0.007503327545210103,-0.006315807565704882,0.9936841924342951,-0.00003937603449721827,1.0008405628722128,301.4635297810133,12.694150256736716,0.00005785289999999996,0.000009538796636429628
2021-07-17T19:00:00.000Z,0.025279742594122287,0.9942349907427395,0.0006260465198894726,0.0006282232277557538,0.0005878313245000211,165284542.9409,61692822.29269999,755030.4491,-0.006352840581760555,-0.006352840581760555,-0.005138962737371061,0.994861037262629,-0.000034974742008087034,1.001489151701773,301.96715065388133,12.685595914165933,0.00005778969999999997,0.000007765709609814835
2021-07-17T20:00:00.000Z,0.025279742594122287,0.9952355107746982,0.0006507013594734087,0.0006381520716493044,0.0005987084275181909,165443240.2857,62663718.78919999,970896.4965,-0.0053631976528200065,-0.0053631976528200065,-0.004113787865828407,0.9958862121341716,-0.00001110337528043015,0.9988329231085955,303.3735821051429,12.812207488678876,0.00005682940000000002,0.000009976376437017006
2021-07-17T21:00:00.000Z,0.025279742594122287,0.9947503258718596,0.0006686560243693732,0.0006432969719983949,0.0006031005601391248,165353756.3234,63166788.25439999,503069.4652,-0.005852774688279494,-0.005852774688279494,-0.004581018103770996,0.995418981896229,-0.00002050687380861227,1.000031730648249,302.7116873302942,12.799359334869719,0.00005750690000000002,0.000005172051181996487
2021-07-17T22:00:00.000Z,0.025279742594122287,0.9959671828853626,0.0006905841386232622,0.0006487747408301191,0.0006095071919282047,165560154.3959,63702419.21109999,535630.9567,-0.004642324306565637,-0.004642324306565637,-0.00334223297601417,0.9966577670239858,-0.000017479448665924657,1.0007572482886848,303.229294200457,12.859465268751537,0.000057794600000000024,0.000005499950333535987
2021-07-17T23:00:00.000Z,0.025279742594122287,0.9928782698169885,0.0007041573269974477,0.0006559895490307905,0.000614987664199651,165039564.2901,64407872.01259999,705452.8015,-0.007736717847211194,-0.007736717847211194,-0.006417572856014095,0.9935824271439859,-0.00004312586139376684,1.0010185113293693,301.2682001057859,12.764913845095093,0.00005779730000000038,0.000007266559189661764
2021-07-18T00:00:00.000Z,0.025279742594122287,0.9908999169341917,0.0007202329965369654,0.0006634288362897491,0.0006213317012953024,164690079.5725,65135182.83179999,727310.8192,-0.009721414767103642,-0.009721414767103642,-0.008379850069271375,0.9916201499307287,-0.000058332898844382086,1.0005300680960463,300.21071583365296,12.7193935470694,0.00005780479999999985,0.000007507606990351223
2021-07-18T01:00:00.000Z,0.025279742594122287,1.001852228707831,0.0007566191237944266,0.0006807911126538736,0.0006485589540841108,166513961.9751,66832663.04319999,1697480.2114,0.001203669753746972,0.001203669753746972,0.0026088478316255094,1.0026088478316255,-5.834489313905067e-8,1.0003588584877166,306.9238256966113,13.025734803843113,0.00005782069999999998,0.000017330176551870893
2021-07-18T02:00:00.000Z,0.025279742594122287,1.0032882226669444,0.000783608483525896,0.0006949122656360829,0.0006609450082999402,166632983.5585,68212273.63,1379610.5868,0.0026272776586444557,0.0026272776586444557,0.004071831150470292,1.0040718311504704,-0.000002534386508989961,0.999869891977623,307.9477961475108,13.15909169263654,0.00005784650000000007,0.000014074872498076706
2021-07-18T03:00:00.000Z,0.025279742594122287,1.0046514557504507,0.0008094402043040122,0.0007077792349727641,0.0006740799395899,166862199.65820003,69469373.7206,1257100.0906,0.003977375810860773,0.003977375810860773,0.0054608959547546845,1.0054608959547546,-9.34416717446318e-7,1.0021020869607427,308.089888925687,13.26708494519315,0.00005784590000000008,0.00001280739531420278
2021-07-18T04:00:00.000Z,0.025279742594122287,0.9997018362886959,0.0008217139377637946,0.0007213504979381175,0.0006843099222125781,166034583.46670002,70795239.1293,1325865.4087,-0.0009824736335166673,-0.0009824736335166673,0.0005235502264597055,1.0005235502264598,-5.869419378301544e-7,0.999598030781453,305.81753436472707,13.153030374316097,0.0000578406999999999,0.000013575311526842584
2021-07-18T05:00:00.000Z,0.025279742594122287,0.99986848018503,0.0008376776666135512,0.0007376739614237445,0.0007019512752183266,166064646.9975,72390007.844,1594768.7147,-0.0008334710901882758,-0.0008334710901882758,0.000706157851643602,1.0007061578516436,-0.000006086320136544643,1.0021548868385373,305.12828314555065,13.10191314236744,0.00005783950000000019,0.00001632561092326179
2021-07-18T06:00:00.000Z,0.025279742594122287,0.999377928562213,0.0008576520193749629,0.0007447540639880289,0.0007078129920446985,165932342.8877,73081507.4631,691499.6191,-0.0013298844298317292,-0.0013298844298317292,0.0002355805815879322,1.000235580581588,-0.0000031830241493668865,1.0006900217667176,305.27138609827097,13.114316105488987,0.00005785770000000014,0.000007084510060016392
2021-07-18T07:00:00.000Z,0.025279742594122287,0.9957931311978008,0.0008695420868468692,0.000755864816743031,0.000716767000119134,165341753.6892,74166702.8525,1085195.3894,-0.00492363580231836,-0.00492363580231836,-0.003337326715352357,0.9966626732846476,-0.000016318361995115716,1.0002745827960828,303.2041544027046,13.005271082964835,0.0000578562999999999,0.000011157690787820056
2021-07-18T08:00:00.000Z,0.025279742594122287,0.9953623160971606,0.0008883223510769095,0.0007735351899700214,0.0007340000134650193,165284750.0328,75892733.01740001,1726030.1649,-0.005371683916304382,-0.005371683916304382,-0.003749361551762453,0.9962506384482376,-0.00001989497121024364,1.0004193509236925,302.887335007654,13.001763248081277,0.000057851799999999845,0.000017752704225572603
