query_ts,assumedLPToken,equityValue,totalDexYield,totalTradingfee,newTotalTradingFee,liquidity,totalVolume,volume,priceImpact,priceEffect,totalReturn,totalEquityVal,impermanentLoss,tokenPrice,quoteTokenPrice,rewardPrice,rewardTokenPerLP,feePerDollar
2022-01-20T10:00:00.000Z,0.018270160801057225,1,0.000011027818474237278,0.00002390907784682417,-2.937650123158164e-13,167801312.96510002,2359985.1633,2359985.1633,2.937650123158164e-13,2.937650123158164e-13,0.000011027818474237278,1.0000110278184742,0,0.9995591815456689,470.22853586315085,10.72413530066123,0.000056284000000000005,0.000023909078580597437
2022-01-20T11:00:00.000Z,0.018270160801057225,0.9938628490681792,0.0000218784457943984,0.000044917670834628255,0.000020865038492523524,166772171.3492,4433681.605,2073696.4417,-0.006158015970313291,-0.006158015970313291,-0.006115272486026369,0.9938847275139736,-0.000022521083159476873,1.0000934430374444,464.20690056181564,10.638026713018712,0.000056283500000000004,0.000021138322553278375
2022-01-20T12:00:00.000Z,0.018270160801057225,0.9944616728908587,0.000032782775012166285,0.0000629713265761608,0.00004100046752808506,173117706.0667,6282395.3276,1848713.7226,-0.005579327576669346,-0.005579327576669346,-0.005505544334129095,0.9944944556658709,-0.00002207483266336574,1.0006089020693283,464.5082366142657,10.757373695932333,0.00005423289999999997,0.000018154199242965445
2022-01-20T13:00:00.000Z,0.018270160801057225,0.9904667910596062,0.00004300547783771467,0.00008163770504644622,0.00005233437965690424,175506454.7933,8228043.6118,1945648.2842,-0.009585543320050682,-0.009585543320050682,-0.009490203462556064,0.990509796537444,-0.000050125126886180205,0.9999400197988833,461.08127487280757,10.69586291550467,0.00005327200000000003,0.000018846042369413007
2022-01-20T14:00:00.000Z,0.018270160801057225,0.9970412274084925,0.00005390483786949733,0.00010686821977562494,0.00008907061625795798,179070907.2837,10893607.4695,2665563.8577,-0.0030478432077654105,-0.0030478432077654105,-0.002904867753637955,0.997095132246362,-0.000006706125760591597,1.000168885599669,467.0816311248544,10.82754964109736,0.000052420499999999984,0.000025305386714274375
2022-01-20T15:00:00.000Z,0.018270160801057225,1.004424708754802,0.00006508727011878706,0.00013815866730905408,0.00012447635295464998,180910516.76659998,14208803.912999999,3315196.4435,0.004300232401847293,0.004300232401847293,0.004489796024920729,1.0044897960249208,-0.0000019465541846175327,1.0018787621083123,473.18334436265087,10.975388173486264,0.000052096099999999984,0.00003115260546859759
2022-01-20T16:00:00.000Z,0.018270160801057225,1.0030637449093889,0.00007597058795807615,0.0001658872282382719,0.00015035611435543217,180678742.1533,17146838.743699998,2938034.8307,0.0029133887950334447,0.0029133887950334447,0.003139715497346953,1.003139715497347,-0.000002846097263864422,1.0000824059840407,472.72499382965043,11.028793776228456,0.0000524403,0.000027643867522346348
2022-01-20T17:00:00.000Z,0.018270160801057225,1.0003330662171368,0.00008562710712633981,0.0001977627429580494,0.0001808511362482168,180986021.53689998,20539251.597599998,3392412.8539,0.0001522150808885847,0.0001522150808885847,0.00041869332426314133,1.0004186933242631,-5.490442245292826e-7,1.000759473503241,469.80754360096233,10.918730732382963,0.0000522073,0.00003186490206623049
2022-01-20T18:00:00.000Z,0.018270160801057225,0.9964038925259108,0.00009496048640994594,0.00021729577564101338,0.00019973145859142338,187649614.121,22703130.772,2163879.1744,-0.0037958389326806508,-0.0037958389326806508,-0.0035011469876792814,0.9964988530123208,-0.000007816532440196866,0.9997099449750931,466.5951110307906,10.84528065881373,0.00005001079999999996,0.00001960352870274475
2022-01-20T19:00:00.000Z,0.018270160801057225,0.9964035639809172,0.00010472548269248534,0.0002303657444216516,0.00021322172752480384,188479472.6335,24157432.1139,1454301.3419,-0.0038096577466075754,-0.0038096577466075754,-0.0034917105363902862,0.9965082894636097,-0.000008988376996366121,0.9999820676541455,466.45519653648256,10.834040681759559,0.00004983039999999996,0.000013117143456982359
2022-01-20T20:00:00.000Z,0.018270160801057225,0.9947841764520405,0.00011422571014848849,0.00024385188006009672,0.00022608561083370393,188174375.984,25658050.242099997,1500618.1282,-0.005441909158793168,-0.005441909158793168,-0.005101597837810975,0.994898402162189,-0.00001634972317121619,0.9998207120718141,465.002913345889,10.798139505053966,0.00004991420000000004,0.0000135568448392618
2022-01-20T21:00:00.000Z,0.018270160801057225,0.9916484831323715,0.00012361896037454208,0.0002566245567841801,0.00023850080488108105,188439796.7669,27085786.132699996,1427735.8906,-0.008590017672509553,-0.008590017672509553,-0.00822789790725393,0.991772102092746,-0.00004213892622750848,1.000112424310198,461.92901881736606,10.7625610666978,0.000049684299999999906,0.000012880246400511592
2022-01-20T22:00:00.000Z,0.018270160801057225,0.9785231501829721,0.0001301645259155833,0.0002785226270695354,0.00025799407234883276,185953500.8642,29533666.341699995,2447880.209,-0.021734843889376743,-0.021734843889376743,-0.021346685291112326,0.9786533147088877,-0.0002537121675263432,1.0001130287339677,449.76077720405317,10.50501585422276,0.00004951710000000002,0.000022378693253745332
2022-01-20T23:00:00.000Z,0.018270160801057225,0.9775420603138596,0.00013845063754465908,0.00031386060400546094,0.0002920163810230525,187732501.5864,33525723.688499995,3992057.3468,-0.022749956067163457,-0.022749956067163457,-0.022319489048595747,0.9776805109514043,-0.00030092782026247544,1.0010827637332627,448.39308551258057,10.419726505189121,0.00004907760000000017,0.00003614982718608613
2022-01-21T00:00:00.000Z,0.018270160801057225,0.9675082191761925,0.00014524272609566413,0.00033951368928380733,0.00031553386635174707,185814549.9242,36423839.433299996,2898115.7448,-0.032807314690159295,-0.032807314690159295,-0.03234653809771188,0.9676534619022881,-0.0005736447750935847,1.0000813070973038,439.65112676460035,10.241548520118322,0.000048951799999999784,0.000026514590855074618
2022-01-21T01:00:00.000Z,0.018270160801057225,0.970350518560815,0.0001560094284449002,0.0003694491577466673,0.0003499203092035552,185727392.8229,39794262.801199995,3370423.3679,-0.029999401748388554,-0.029999401748388554,-0.0294934720107401,0.9705065279892598,-0.0004636779060142038,0.9995589933924836,442.43865842756253,10.343453533338334,0.00004932630000000018,0.0000308501596794263
2022-01-21T02:00:00.000Z,0.018270160801057225,0.9510161654485374,0.0001607487736405519,0.00042199746903380585,0.00039849837032845947,182645609.942,45730772.546399996,5936509.7452,-0.04938233292179106,-0.04938233292179106,-0.04882308577782205,0.951176914222178,-0.0013161509707049213,1.0002499096905162,424.63983787622493,10.05767198115358,0.00004924899999999988,0.000055254909056093845
2022-01-21T03:00:00.000Z,0.018270160801057225,0.958293178271379,0.00017200881426485885,0.0004719164063780512,0.00044495789569420907,184204166.6492,51375168.3428,5644395.7964,-0.042151779624315155,-0.042151779624315155,-0.04153481291435609,0.9584651870856439,-0.0009557999773504022,1.0002324344907192,431.1316970791297,10.18815000585881,0.000049289200000000084,0.00005209150818045122
2022-01-21T04:00:00.000Z,0.018270160801057225,0.9483888023798336,0.00017743616652071052,0.0005493504324386826,0.0005198347866154363,189686787.79070002,60485487.2873,9110318.9445,-0.05213103240678185,-0.05213103240678185,-0.051433761453645706,0.9485662385463542,-0.0014811035764755731,1.0004799757316394,422.09062179855516,10.003470212183922,0.00004675589999999991,0.00008164797551814161
2022-01-21T05:00:00.000Z,0.018270160801057225,0.9523033354805004,0.000187214135080407,0.0005851659182973045,0.0005558054402248214,189711492.798,64682499.794199996,4197012.5069,-0.04825246995972443,-0.04825246995972443,-0.0475094503844192,0.9524905496155808,-0.0013255645112635328,1.0016224985903281,425.0665588990224,10.06201585223523,0.00004754009999999999,0.00003760932538402976
2022-01-21T06:00:00.000Z,0.018270160801057225,0.9525044841921654,0.0001971019139320733,0.0006065821806911269,0.0005768141724412645,189755304.8335,67192198.88859999,2509699.0944,-0.048072329980275885,-0.048072329980275885,-0.04729841389390255,0.9527015861060975,-0.0012292318377012945,0.9999011778152062,425.9595064934357,10.12098167245238,0.0000475397,0.000022484159081737458
2022-01-21T07:00:00.000Z,0.018270160801057225,0.9509347939050206,0.00020558774165441008,0.0006280888657647859,0.0005982501917116689,189476816.4725,69712949.6793,2520750.7907,-0.04966345628669111,-0.04966345628669111,-0.04885961835332503,0.9511403816466749,-0.001298489306242323,0.9996082145975055,424.66115492910075,10.106009894511839,0.00004753829999999997,0.000022616362381262352
2022-01-21T08:00:00.000Z,0.018270160801057225,0.9577951515616404,0.00021685054283067257,0.0006594613938226299,0.0006331841412655637,190810827.052,73389419.2845,3676469.6052,-0.04283803257962515,-0.04283803257962515,-0.041987997895528914,0.9580120021044711,-0.0010098234492100788,1.0007361014554592,430.29747117543184,10.223161307947334,0.00004754060000000002,0.000032754945960884824
2022-01-21T09:00:00.000Z,0.018270160801057225,0.9585705653787225,0.0002255573571586259,0.0006859530740006965,0.0006606723158658623,191005323.2811,76494564.7961,3105145.5116,-0.04209010693714332,-0.04209010693714332,-0.04120387726411884,0.9587961227358812,-0.0009342750749201656,0.9998011084372743,431.3732364403148,10.215416494126288,0.000047531199999999936,0.00002763665053434839
2022-01-21T10:00:00.000Z,0.018270160801057225,0.9565753722565091,0.0002341648745803116,0.0007059582039847277,0.0006801781356828851,191899587.1376,78855300.24080001,2360735.4447,-0.04410480587917376,-0.04410480587917376,-0.04319046286891056,0.9568095371310894,-0.0010189761592342972,0.999615021628613,429.64056202116143,10.206558774933203,0.00004720779999999999,0.000020913282388212394
2022-01-21T11:00:00.000Z,0.018270160801057225,0.9545412450434365,0.00024221170601769227,0.0007286017351981038,0.0007001739400975815,191594215.4783,81528817.04,2673516.7992,-0.04615892889666107,-0.04615892889666107,-0.04521654325054579,0.9547834567494542,-0.0011005663416560063,0.9992389206947262,427.95705397941316,10.175538650651523,0.000047111899999999904,0.000023721898635059596
2022-01-21T12:00:00.000Z,0.018270160801057225,0.9531268520950732,0.0002476533145899484,0.0007452332050825605,0.0007166652912076188,192355375.1519,83503217.8953,1974400.8553,-0.04758981319613442,-0.04758981319613442,-0.04662549459033685,0.9533745054096632,-0.001219139227418231,1.0002036668181409,426.2624874862936,10.043251573454697,0.0000468167,0.00001744937697404837
2022-01-21T13:00:00.000Z,0.018270160801057225,0.9390216956654491,0.00024630233830850464,0.0008089160374928934,0.0007694297911158277,189493070.6521,91062684.5055,7559466.6102,-0.0617477341256667,-0.0617477341256667,-0.06073200199624237,0.9392679980037576,-0.0020561380377719374,1.0000047013185505,413.76589966731564,9.654091509421473,0.00004674630000000012,0.00006781827532329126
2022-01-21T14:00:00.000Z,0.018270160801057225,0.9417151706301172,0.00025568750744417397,0.0008550205489352547,0.0008187178589120769,190049830.7179,96535898.4127,5473213.9072,-0.05910354722879485,-0.05910354722879485,-0.0580291418624386,0.9419708581375614,-0.0018481706658080022,0.9994814519491009,416.31917759734756,9.699772490134611,0.00004638239999999975,0.00004895802120471792
2022-01-21T15:00:00.000Z,0.018270160801057225,0.9418318210977563,0.0002655069071471358,0.0008916210579280961,0.0008560073452172912,190283593.3745,100885667.3839,4349768.9712,-0.059024186247460975,-0.059024186247460975,-0.05790267199509655,0.9420973280049034,-0.0018791155492464684,1.0000737154631687,416.1428163105127,9.756351436716692,0.000046720700000000056,0.0000388609817583514
2022-01-21T16:00:00.000Z,0.018270160801057225,0.9493187534860457,0.00027773737113500854,0.0009321453598323926,0.0009020281951908071,191649143.4905,105698064.28920001,4812396.9053,-0.051583274709145144,-0.051583274709145144,-0.050403509142819325,0.9495964908571807,-0.0013964738183314118,0.9994770553827912,423.0026354678428,9.895402117311898,0.00004671909999999994,0.0000426877709443848
2022-01-21T17:00:00.000Z,0.018270160801057225,0.9489432990324106,0.00028661552781169257,0.0009551539653988955,0.0009244310779711329,191578608.5802,108430488.5979,2732424.3087,-0.05198113204556054,-0.05198113204556054,-0.050770085439777714,0.9492299145602223,-0.0014521522903531148,1.0001024542766905,422.38351740261504,9.910092145857423,0.00004675739999999999,0.000024246555287227835
2022-01-21T18:00:00.000Z,0.018270160801057225,0.9449777561251195,0.00029151496944975006,0.0009728541958418281,0.0009432559224809012,190782890.4517,110532561.8805,2102073.2826,-0.05596549979736143,-0.05596549979736143,-0.05473072890543078,0.9452692710945693,-0.001694697415059121,1.000226207074869,418.7887401054565,9.793369058433692,0.000046249499999999985,0.00001873084411269416
2022-01-21T19:00:00.000Z,0.018270160801057225,0.9441177670498028,0.0002994776251080361,0.0010051109558340573,0.000971068446323442,190589487.0405,114362966.06490001,3830404.1844,-0.05685330139652067,-0.05685330139652067,-0.055582755325089196,0.9444172446749108,-0.001845647771396508,1.001830125674748,417.33220911812106,9.78016618492029,0.00004676190000000003,0.00003416603515017739
2022-01-21T20:00:00.000Z,0.018270160801057225,0.9406459784920759,0.0003054717279176647,0.0010227308889202693,0.0009844521454910327,189684072.4823,116453032.0506,2090065.9857,-0.06033847365341516,-0.06033847365341516,-0.05904854978000646,0.9409514502199935,-0.0019936780553262423,1.0005217113287836,414.7953384725761,9.704847080653138,0.00004681340000000009,0.000018731737088898442
2022-01-21T21:00:00.000Z,0.018270160801057225,0.9360095820130693,0.000311180296999736,0.001063705164787919,0.0010209273389668594,188567646.3116,121308703.0047,4855670.9541,-0.06501134532589758,-0.06501134532589758,-0.06367923768993099,0.936320762310069,-0.0022776744744456012,0.9998956787285486,410.93722536816375,9.624428033324339,0.00004686000000000012,0.00004377548738307714
2022-01-21T22:00:00.000Z,0.018270160801057225,0.9095680300588658,0.0002995983932676565,0.001172463560589539,0.001106850559686512,182947903.77969998,134176556.90010001,12867853.8954,-0.09153882050082074,-0.09153882050082074,-0.09013237154786657,0.9098676284521334,-0.0046724474333845745,1.0004138134532519,387.74888821232764,9.030485277397055,0.000046195100000000184,0.0001195714800237427
2022-01-21T23:00:00.000Z,0.018270160801057225,0.9009078658241471,0.0003017233424648615,0.0012659108125632802,0.001186912418739694,180656719.48729998,145199342.24690002,11022785.3468,-0.10027904659459264,-0.10027904659459264,-0.09879041083338808,0.9012095891666119,-0.005422439641957211,0.9982648382127008,381.14250928566713,8.866667899792732,0.0000466668000000001,0.00010372564686627844
2022-01-22T00:00:00.000Z,0.018270160801057225,0.9045905592735368,0.0003111804943369807,0.0013238512165048117,0.0012499026624728238,181428843.6944,152035103.38160002,6835761.1347,-0.096659343388936,-0.096659343388936,-0.0950982602321262,0.9049017397678738,-0.005191151326015553,1.0000182571315885,383.541779195557,8.919448595890483,0.000047012100000000024,0.00006405152396034748
2022-01-22T01:00:00.000Z,0.018270160801057225,0.9081639134383245,0.00032143165179110016,0.0013904311738915933,0.0013162723040631708,181573398.4859,159865478.67540002,7830375.2938,-0.0931523588657387,-0.0931523588657387,-0.09151465490988442,0.9084853450901156,-0.004803410908776895,0.9999894343100584,386.5367026013046,8.991209999219961,0.000047163300000000105,0.00007331271050970446
2022-01-22T02:00:00.000Z,0.018270160801057225,0.9094622078733956,0.0003289195143069431,0.0014249058382272508,0.0013517457114821108,181701547.1964,163917064.96530002,4051586.2899,-0.09188953783808651,-0.09188953783808651,-0.09020887261229746,0.9097911273877025,-0.004651440865456435,0.9998087920946578,387.6840201399677,8.983958926472999,0.00004719850000000014,0.00003790664856246455
2022-01-22T03:00:00.000Z,0.018270160801057225,0.9087228841408621,0.0003365251591399612,0.0014487352307677411,0.0013753449467575063,181729922.7977,166720296.93890002,2803231.9736,-0.0926524608058954,-0.0926524608058954,-0.09094059069999794,0.9090594093000021,-0.004766848131569579,1.000164549594546,386.89522334040714,8.980385553399367,0.00004715259999999985,0.000026222948217641095
2022-01-22T04:00:00.000Z,0.018270160801057225,0.9028894001704914,0.0003358941545500844,0.0014815046807043052,0.0013985172022963344,180935224.75820002,170583155.374,3862858.4351,-0.09850911703180498,-0.09850911703180498,-0.09677470567495856,0.9032252943250414,-0.005409763558582692,1.0001059789932707,381.93912408766465,8.7648101996934,0.00004650670000000015,0.00003629397950811338
2022-01-22T05:00:00.000Z,0.018270160801057225,0.9026269477777178,0.00034544066562521323,0.0015038604989064345,0.0014204511523141505,181179093.731,173222775.47640002,2639620.1024,-0.09879350337459636,-0.09879350337459636,-0.097027611556657,0.902972388443343,-0.00547850509284542,1.0004538561741825,381.5654634937345,8.816458479705696,0.000046978400000000065,0.000024767505354356498
2022-01-22T06:00:00.000Z,0.018270160801057225,0.8829444764703605,0.00031880927137113637,0.001559366129868813,0.0014500146648939172,176975379.1808,179767141.4424,6544365.966,-0.11850553819453347,-0.11850553819453347,-0.11673671425826841,0.8832632857417316,-0.007929366388547132,0.9997722167880466,365.3049911425552,7.963514404843468,0.00004665529999999988,0.00006286423678648625
2022-01-22T07:00:00.000Z,0.018270160801057225,0.8752230902832033,0.0002962476697598223,0.001685409720178512,0.0015581258124516273,175347705.0345,194621474.6681,14854333.2257,-0.1263350355292483,-0.1263350355292483,-0.12448066204703685,0.8755193379529631,-0.009144263881579517,1.0002542074709924,358.67156423957715,7.2469002819728185,0.00004627680000000002,0.0001440130994512962
2022-01-22T08:00:00.000Z,0.018270160801057225,0.8657686874086168,0.00030148625337662204,0.0017949030989709333,0.0016498802564401949,172576111.8948,207460076.8684,12838602.2003,-0.1358811928478234,-0.1358811928478234,-0.1339298263380066,0.8660701736619935,-0.010628283269782157,0.9999605053357306,350.97934659859715,7.222313361814182,0.00004731749999999997,0.00012646955306198226
