query_ts,assumedLPToken,equityValue,totalDexYield,totalTradingfee,newTotalTradingFee,liquidity,totalVolume,volume,priceImpact,priceEffect,totalReturn,totalEquityVal,impermanentLoss,tokenPrice,quoteTokenPrice,rewardPrice,rewardTokenPerLP,feePerDollar
2021-10-14T10:00:00.000Z,0.01938040432583151,1,0.00002448401016341821,0.00003203125395558292,3.574918139293004e-14,190118282.0881,3582192.3564,3582192.3564,-3.574918139293004e-14,-3.574918139293004e-14,0.00002448401016341821,1.0000244840101635,0,0.9996323112673011,477.76446470518795,20.469264801412603,0.0000617188,0.00003203125411715032
2021-10-14T11:00:00.000Z,0.01938040432583151,0.9981219512795406,0.0000463058751396339,0.00005345219392031518,0.000024137982244876177,212102100.1965,6259824.9232,2677632.5668,-0.001902186702704256,-0.001902186702704256,-0.001831742845319746,0.9981682571546803,-0.0000017515598744743954,0.9995999891831866,475.96398879035974,20.423915267889356,0.000055267300000000005,0.00002146124606660125
2021-10-14T12:00:00.000Z,0.01938040432583151,1.0031416580749535,0.00006837842651539336,0.00007836631028782698,0.00005088688918286621,212957816.7401,9371024.638700001,3111199.7155,0.0030907711857706133,0.0030907711857706133,0.003210036501468873,1.003210036501469,-0.000004476830745114846,0.9997260132361636,480.677293031888,20.525824193596804,0.0000549059,0.000024836090063812494
2021-10-14T13:00:00.000Z,0.01938040432583151,1.0019848475916888,0.00008981468641613901,0.00010838904503245543,0.00007733636114815035,212578037.5404,13117807.8332,3746783.1945,0.0019075112305406705,0.0019075112305406705,0.0020746622781049598,1.002074662278105,-0.000001615140623023592,0.9997406719977229,479.536903180209,20.43042168889547,0.00005494149999999999,0.000029963261982976414
2021-10-14T14:00:00.000Z,0.01938040432583151,0.997194082431208,0.00011033271540983294,0.00013646500847235195,0.00010498107224365949,210286364.4937,16600516.7258,3482708.8926,-0.002910898641035664,-0.002910898641035664,-0.002695584853382172,0.9973044151466178,-0.000003252097797501463,0.9992677042703716,475.1603756214734,20.1313248820489,0.00005595979999999999,0.000028154964453709863
2021-10-14T15:00:00.000Z,0.01938040432583151,0.9947285470645633,0.00013122680744850562,0.0001753075268466931,0.00014498650575944794,221617429.3288,21690985.736,5090469.0102,-0.005416439441196186,-0.005416439441196186,-0.005140226127988232,0.9948597738720117,-0.000015959879936300325,0.9998508883138931,472.49960113552373,20.167304136379048,0.000052953500000000014,0.00003904836069775406
2021-10-14T16:00:00.000Z,0.01938040432583151,0.9964844202529322,0.00015228014329645253,0.00021021953449031885,0.00018166846375100576,221939402.062,26264918.7109,4573932.9749,-0.0036972482108188487,-0.0036972482108188487,-0.0033632996037713902,0.9966367003962286,-0.000011001142344424508,1.0006190160415143,473.77052436533086,20.222928063276463,0.0000527938,0.00003503517620164543
2021-10-14T17:00:00.000Z,0.01938040432583151,0.9902222969356309,0.0001702080142644485,0.00024132401363495965,0.00021012639218942475,221282325.6641,30353644.9872,4088726.2763,-0.009987829456558517,-0.009987829456558517,-0.009607495050104643,0.9903925049498954,-0.00003630604161442008,0.9981173768683216,468.9791989914974,19.923676312751837,0.00005226559999999996,0.00003141161251288167
2021-10-14T18:00:00.000Z,0.01938040432583151,0.9930144497505503,0.00019110837314286657,0.00027446978037818905,0.00024398754263854627,221708602.02150002,34706819.9661,4353174.9789,-0.0072295377920882364,-0.0072295377920882364,-0.006794441876306824,0.9932055581236932,-0.00002507388491157503,0.9994581759444966,470.9634446768702,19.973784160588067,0.000052886299999999995,0.0000333789370220843
2021-10-14T19:00:00.000Z,0.01938040432583151,0.992464724483008,0.00021121011793887723,0.000300052363713667,0.0002694940980036975,221684099.0463,38068179.1845,3361359.2184,-0.007804769614995655,-0.007804769614995655,-0.00732406539905308,0.9926759346009469,-0.000025922038373926704,0.9989977209060084,470.63465436989327,19.939646646573937,0.000052863200000000026,0.000025776817984976603
2021-10-14T20:00:00.000Z,0.01938040432583151,0.9909226057567374,0.00023057484052842534,0.0003212152264622348,0.00029060804391589645,221751471.4196,40853994.2572,2785815.0727,-0.00936800228717849,-0.00936800228717849,-0.008846819402734168,0.9911531805972659,-0.00004179249952795949,0.9993629310706439,468.9813766279912,19.851335672703897,0.000052765100000000035,0.000021356726939722156
2021-10-14T21:00:00.000Z,0.01938040432583151,0.9887529832777421,0.00025054649564893903,0.0003368204811305885,0.00030691841003027687,221538213.6104,42910750.2601,2056756.0029,-0.011553935132288196,-0.011553935132288196,-0.01099647022660898,0.989003529773391,-0.000056053067276184976,0.9986002894408328,467.2705346163167,19.82728198459828,0.000052701300000000105,0.000015782763379499684
2021-10-14T22:00:00.000Z,0.01938040432583151,0.9913573571535345,0.00027160711296096273,0.0003528428621792875,0.0003219466027752915,222173547.2875,45022975.6728,2112225.4127,-0.008964589449240834,-0.008964589449240834,-0.008371035733504579,0.9916289642664954,-0.00003488310271038131,0.9989804886439008,469.54310653992405,19.88691886376943,0.00005268849999999979,0.00001616206450061045
2021-10-14T23:00:00.000Z,0.01938040432583151,0.9908036380362241,0.00029207035350965017,0.00037017879858218056,0.0003392674081189595,222056747.6408,47308441.6954,2285466.0226,-0.009535629371894894,-0.009535629371894894,-0.008904291610266284,0.9910957083897337,-0.00004946268976113721,0.9999971879042153,468.5253204319997,19.89875176049945,0.000052643200000000215,0.000017496843845992312
2021-10-15T00:00:00.000Z,0.01938040432583151,0.9934977311119912,0.0003128278619042289,0.000395015841019729,0.00036688811863738735,222669690.939,50582943.0871,3274501.3917,-0.006869157006646143,-0.006869157006646143,-0.006189441026104527,0.9938105589738955,-0.000019842431789096615,0.9990394913887832,471.5029490666884,19.926751430577344,0.00005268549999999986,0.0000249995962289047
2021-10-15T01:00:00.000Z,0.01938040432583151,0.9875145166799355,0.0003304603675491687,0.00042846102144350945,0.0003963050540605195,221117403.388,54988127.2692,4405184.1821,-0.012881788374125014,-0.012881788374125014,-0.012155022952515325,0.9878449770474846,-0.00006340679370986368,0.9979303616496544,466.3287837371795,19.76626850493832,0.00005260520000000001,0.00003386804021223603
2021-10-15T02:00:00.000Z,0.01938040432583151,0.985563126551971,0.00034857012048184513,0.00045650198774927435,0.0004274508871006111,220488162.7738,58678284.7345,3690157.4653,-0.01486432433512963,-0.01486432433512963,-0.014088303327547175,0.9859116966724528,-0.00012153217604249367,1.0002476795835609,463.3814787902172,19.647307229339297,0.000052783699999999974,0.000028451720999851493
2021-10-15T03:00:00.000Z,0.01938040432583151,0.9955866331061625,0.0003763047803603517,0.00048684047579334097,0.00046046711917147043,223880407.1583,62691403.7966,4013119.0621,-0.004873834013009004,-0.004873834013009004,-0.004037062113477182,0.9959629378865228,-0.000009206957954366324,0.9990381170392253,473.40011933327895,20.059877897788255,0.000052512199999999954,0.000030472976586763696
2021-10-15T04:00:00.000Z,0.01938040432583151,0.9874013527897254,0.0003904764444156632,0.000510092513181546,0.0004788344940318545,222041524.9859,65767164.7663,3075760.9697,-0.013077481704306448,-0.013077481704306448,-0.012208170765858931,0.9877918292341411,-0.00007280479354376812,0.9985368161163776,465.86079610526366,19.744179246456206,0.000052512400000000016,0.000023548719766818553
2021-10-15T05:00:00.000Z,0.01938040432583151,0.9871313599292594,0.00041176858218241867,0.000534057106019518,0.0005015106514373313,222285958.0522,68941539.6203,3174374.854,-0.013370150722177954,-0.013370150722177954,-0.012456871488558204,0.9875431285114418,-0.00008515878310511038,0.9992232498639283,465.2646963543572,19.803128245692893,0.00005244059999999998,0.0000242770047153979
2021-10-15T06:00:00.000Z,0.01938040432583151,0.9910037313675953,0.0004315225429293008,0.0005559885355243949,0.0005257082662669665,223104486.2417,71845903.4813,2904363.861,-0.009521976898671625,-0.009521976898671625,-0.008564746089475357,0.9914352539105247,-0.00004712509734006165,0.9997731132024344,468.64324813548694,19.785546999236036,0.00005246950000000002,0.00002213052120498847
2021-10-15T07:00:00.000Z,0.01938040432583151,0.9885394678903737,0.0004495789748816002,0.0005690324895233298,0.0005394947419857798,222562295.8805,73573402.93159999,1727499.4503,-0.012000026851612056,-0.012000026851612056,-0.011010953134744676,0.9889890468652554,-0.00007466953827517386,0.9997804764039699,466.297775799315,19.696937741031366,0.000052363599999999974,0.000013195177799059116
2021-10-15T08:00:00.000Z,0.01938040432583151,0.9885446878685541,0.00046887307447715976,0.0005821580563429212,0.0005505383786822415,222597761.7134,75311978.86109999,1738575.9295,-0.012005850510128147,-0.012005850510128147,-0.010986439056968745,0.9890135609430313,-0.00007573149135109425,0.9998611686434546,466.2546473397014,19.67280264636217,0.000052050100000000046,0.00001327766756233326
2021-10-15T09:00:00.000Z,0.01938040432583151,0.97832512059163,0.00048137694855791846,0.0006118953429263557,0.0005743805836911919,220447819.53219998,79253601.27999999,3941622.4189,-0.022249259992061177,-0.022249259992061177,-0.021193502459812066,0.9788064975401879,-0.0002816163141483585,1.0008674190140034,456.17752502494733,19.38178540183404,0.000051753099999999964,0.00003039611880194281
2021-10-15T10:00:00.000Z,0.01938040432583151,0.9815221660539549,0.0005068642059377083,0.0006376135096324568,0.0006020834502707961,221128318.1105,82661881.78149998,3408280.5015,-0.01907991739631587,-0.01907991739631587,-0.017970969740107368,0.9820290302598926,-0.00018454105223353334,0.9995810305510638,459.7305625738096,19.60604317060389,0.00005241809999999993,0.00002620232859391008
2021-10-15T11:00:00.000Z,0.01938040432583151,0.9799562606353298,0.0005267314336562652,0.0006682328100450026,0.0006326443012317773,220913525.9559,86722217.65269998,4060335.8712,-0.020676383665901965,-0.020676383665901965,-0.01951700793101392,0.980482992068986,-0.0001919899653164414,0.9983374677728877,458.8061330549745,19.60586337044498,0.000052298600000000035,0.00003124557879003719
2021-10-15T12:00:00.000Z,0.01938040432583151,0.9835873102442024,0.0005471032301716383,0.0006867369797782929,0.0006548523977484288,221651603.6734,89175110.79539998,2452893.1427,-0.017067542153546,-0.017067542153546,-0.015865586525625933,0.984134413474374,-0.0001418381400640767,0.9992613328480019,461.76647609521876,19.622336631031015,0.000052405500000000025,0.000018812940098255758
2021-10-15T13:00:00.000Z,0.01938040432583151,0.9825993260387045,0.000562903266116061,0.0007107014233871516,0.0006760445716640362,221311212.1609,92350122.96069998,3175012.1653,-0.018076718532959557,-0.018076718532959557,-0.01683777069517946,0.9831622293048206,-0.00017020814594648215,0.999841840108859,460.55122096036104,19.48044810269832,0.00005232870000000025,0.000024388826161621842
2021-10-15T14:00:00.000Z,0.01938040432583151,0.9840028671994053,0.0005836476675962723,0.0007301763478829206,0.0006994482949623793,221408377.56,94927776.39299998,2577653.4323,-0.01669658109555705,-0.01669658109555705,-0.015413485132998398,0.9845865148670015,-0.00015007827946467156,1.000120821156674,461.7179508775239,19.51282737040622,0.00005238109999999994,0.000019791531301576465
2021-10-15T15:00:00.000Z,0.01938040432583151,0.9849801047478299,0.0006054155383669355,0.0007597943015647593,0.0007283284047212568,221646557.0243,98848260.04939997,3920483.6564,-0.015748223656891325,-0.015748223656891325,-0.014414479713803132,0.9855855202861968,-0.00011490421244686466,0.9989194428507352,463.1653675388523,19.584794326601163,0.00005167879999999988,0.000030069595058719133
2021-10-15T16:00:00.000Z,0.01938040432583151,0.9872789057866213,0.000627960030704823,0.0007951021055157294,0.0007640517190089513,222163098.5,103521885.01439998,4673624.965,-0.013485145932387699,-0.013485145932387699,-0.012093134182673925,0.9879068658173261,-0.0000890301721608866,0.9993999478704702,465.0740046413061,19.66769655175788,0.00005242249999999984,0.00003576274590219581
2021-10-15T17:00:00.000Z,0.01938040432583151,0.9900021425523817,0.0006499502895862923,0.0008192957727947923,0.0007904394383442259,222627325.0256,106722217.60449998,3200332.5901,-0.0107882968859625,-0.0107882968859625,-0.009347907158031982,0.990652092841968,-0.00006242173679005258,0.9999589602182911,467.35882224957726,19.729260017428963,0.0000523709999999999,0.00002443799476342083
2021-10-15T18:00:00.000Z,0.01938040432583151,0.9930954798024488,0.0006715279592017598,0.0008456405389813944,0.0008192323242864896,223245777.4215,110205892.87149999,3483675.267,-0.007723752521837657,-0.007723752521837657,-0.006232992238349408,0.9937670077616506,-0.00004607719789151421,1.0014794942606298,469.545042768126,19.77379508219031,0.000052477200000000033,0.000026527928197801825
2021-10-15T19:00:00.000Z,0.01938040432583151,0.9977741696060749,0.0006953658958927931,0.0008635616511885824,0.0008415832023234149,224330163.16700003,112576018.93639998,2370126.0649,-0.003067413596248514,-0.003067413596248514,-0.001530464498032306,0.9984695355019677,-0.000007360038445702877,1.000396881643106,474.4750545677641,19.880441246018044,0.000052469899999999957,0.00001796109026734179
2021-10-15T20:00:00.000Z,0.01938040432583151,0.997446428757159,0.0007157709161803262,0.0008821081205923543,0.0008616086592738714,224260608.7108,115028895.81089999,2452876.8745,-0.0034151799021148177,-0.0034151799021148177,-0.00183780032666062,0.9981621996733394,-0.000010517204392268553,1.0007978854166593,473.9541020475225,19.88616198624434,0.00005242560000000006,0.000018593950630123234
2021-10-15T21:00:00.000Z,0.01938040432583151,0.9996932116027211,0.0007382091014678329,0.0008966472611567844,0.0008771970325320844,224511726.4944,116949607.11979999,1920711.3089,-0.0011839854298110186,-0.0011839854298110186,0.00043142070418889867,1.000431420704189,-0.0000011840385805150788,0.9999864134065369,476.4650227734374,19.945877263695042,0.00005248570000000011,0.000014543602136574565
2021-10-15T22:00:00.000Z,0.01938040432583151,0.9952304339029251,0.0007546675537166266,0.0009104926801483715,0.0008893851812546982,223510379.39180002,118778680.91709998,1829073.7973,-0.005658951278329605,-0.005658951278329605,-0.00401489854335828,0.9959851014566418,-0.000018494366859411748,1.0000391038545176,472.18032274212004,19.844708616439245,0.00005252949999999986,0.000013911772079091537
2021-10-15T23:00:00.000Z,0.01938040432583151,0.9958719810590377,0.0007738041323074205,0.0009172801531827793,0.0008934117794089369,223664019.1575,119675390.40869999,896709.4916,-0.0050214307203712005,-0.0050214307203712005,-0.003354214808654843,0.9966457851913452,-0.000013296755507763436,0.999755111411324,472.92029306292756,19.82302121572488,0.00005195849999999989,0.000006815607362606418
2021-10-16T00:00:00.000Z,0.01938040432583151,0.9965795148948767,0.0007947246220526621,0.0009290675088977933,0.0009069164655327588,223983299.66860002,121233762.44209999,1558372.0334,-0.004327401570656031,-0.004327401570656031,-0.00262576048307061,0.9973742395169294,-0.000005787029467851923,0.9986983746959096,474.08137892188387,19.84310643985138,0.000052361300000000166,0.000011827812433782952
2021-10-16T01:00:00.000Z,0.01938040432583151,0.9952898117368658,0.000813290406444081,0.0009427924980568996,0.0009185179956154865,223707673.4833,123048418.75349998,1814656.3114,-0.005628706258749672,-0.005628706258749672,-0.003896897856690104,0.9961031021433099,-0.000010061775094660774,0.9984747477389053,472.9488794789229,19.80731496555584,0.00005209849999999994,0.00001378994149528041
2021-10-16T02:00:00.000Z,0.01938040432583151,0.9949966865633972,0.0008322471858552101,0.0009615762553171156,0.000936990447582442,223556230.5615,125530972.75709999,2482554.0036,-0.005940303884185205,-0.005940303884185205,-0.004171066250747553,0.9958289337492524,-0.000018387919336282366,0.9997386151987453,472.0549917101408,19.79197038148553,0.00005106370000000008,0.000018878211515375277
2021-10-16T03:00:00.000Z,0.01938040432583151,0.9975462548845028,0.0008588159683508458,0.0009785485998305326,0.0009562592144350957,224131899.9353,127774149.77279998,2243177.0157,-0.0034100043299323257,-0.0034100043299323257,-0.0015949291471463842,0.9984050708528536,-0.000002033057333816757,0.9982344350885842,475.1761441607013,19.941621385044296,0.00005246369999999986,0.000017014092718576926
2021-10-16T04:00:00.000Z,0.01938040432583151,0.9968931127445066,0.00087625771279228,0.0009927229953714293,0.0009699872741240068,223944426.972,129647190.81619999,1873041.0434,-0.004076874529617358,-0.004076874529617358,-0.002230629542701071,0.997769370457299,-0.000008303447245339157,0.9996222772313935,473.8815907227009,19.87685898070348,0.00005251740000000011,0.000014218571173365791
2021-10-16T05:00:00.000Z,0.01938040432583151,0.9933195711985543,0.0008898888649465939,0.0010072865281127439,0.0009820799125208612,223311860.3082,131573121.2065,1925930.3903,-0.007662508713966565,-0.007662508713966565,-0.00579053993649911,0.9942094600635009,-0.00002702915001639994,0.9992929949112834,470.6305188104119,19.73086972689941,0.00005247750000000012,0.000014661476819866767
2021-10-16T06:00:00.000Z,0.01938040432583151,0.9945516559726313,0.0009088731389961821,0.001022387932967475,0.0009980384695895683,223826520.86540002,133572304.48259999,1999183.2761,-0.006446382496958281,-0.006446382496958281,-0.00453947088837253,0.9954605291116275,-0.00001184218537897408,0.9980336124914498,472.3800848881832,19.70784755230134,0.00005242259999999987,0.00001518413258728077
2021-10-16T07:00:00.000Z,0.01938040432583151,1.001933795759684,0.0009385381285778969,0.0010427477609106402,0.0010272408296216895,225909591.3696,136272659.22689998,2700354.7443,0.0009065549300624198,0.0009065549300624198,0.002872333888262006,1.002872333888262,-3.879658292404997e-7,0.9996575765778712,478.6189999082505,19.913226087131534,0.00005232470000000011,0.000020320531932615162
2021-10-16T08:00:00.000Z,0.01938040432583151,1.0009246117523871,0.0009541693350959997,0.0010571949608369486,0.0010384263419329631,222461246.05699998,138161467.00989997,1888807.783,-0.00011381458954584645,-0.00011381458954584645,0.0018787810874831164,1.0018787810874832,-9.60058144094944e-9,0.9993800465764285,477.7762881811979,19.813044114924942,0.000053004499999999936,0.00001443385438143806
