query_ts,assumedLPToken,equityValue,totalDexYield,totalTradingfee,newTotalTradingFee,liquidity,totalVolume,volume,priceImpact,priceEffect,totalReturn,totalEquityVal,impermanentLoss,tokenPrice,quoteTokenPrice,rewardPrice,rewardTokenPerLP,feePerDollar
2021-07-28T10:00:00.000Z,0.024752157745593115,1,0.000013138998171782753,0.000013478332060660212,-8.315570454442422e-13,235691967.8303,1868667.2776,1868667.2776,8.315570454442422e-13,8.315570454442422e-13,0.000013138998171782753,1.0000131389981717,-2.220446049250313e-16,0.9995591856903641,315.50053740112946,15.028987484096476,0.0000353199,0.000013478331065602
2021-07-28T11:00:00.000Z,0.024752157745593115,1.0015904604601642,0.000027373038284784584,0.00003506076561358929,0.000021027479893076517,236092287.45020002,4861228.8045,2992561.5269,0.0015694329802711238,0.0015694329802711238,0.001617833498448985,1.001617833498449,-1.829233164940547e-8,1.0009364582340423,316.0561409992868,15.12391594245231,0.0000378017,0.000021548160893663658
2021-07-28T12:00:00.000Z,0.024752157745593115,1.0037615900016479,0.00004123300736867508,0.000052065148979387546,0.00003818450800108231,234688299.1785,7199919.7894,2338690.9849,0.003723405493646803,0.003723405493646803,0.0038028230090165604,1.0038028230090166,-0.000005743458646900734,0.999886342126476,317.7503843611321,15.146610864345211,0.000036859099999999994,0.00001694065996577909
2021-07-28T13:00:00.000Z,0.024752157745593115,0.9957054456640229,0.000054495536074788664,0.0000749342145432272,0.00006108851482045097,227802464.8703,10277625.0665,3077705.2771,-0.004355642850797592,-0.004355642850797592,-0.004240058799902352,0.9957599412000977,-0.000012543191696079425,1.0002026097939245,312.55691229717996,14.81098110612308,0.000038669,0.00002296770131108507
2021-07-28T14:00:00.000Z,0.024752157745593115,0.9955891121315089,0.00006844284841654297,0.00009088910147018076,0.00007633564572584461,227768657.838,12424756.647300001,2147131.5808,-0.0044872235142169314,-0.0044872235142169314,-0.004342445020074544,0.9956575549799255,-0.000015081638404579323,1.000554065547324,312.36454495478966,14.834688214995536,0.000037746300000000015,0.000016025574905728
2021-07-28T15:00:00.000Z,0.024752157745593115,0.9959436334800172,0.00008159561113975909,0.00010182959974761686,0.00008877616714786374,226614753.8262,13889095.679700002,1464339.0324,-0.004145142687130621,-0.004145142687130621,-0.003974770908842998,0.996025229091157,-0.000011184562020427613,1.0001349628773475,312.7102380801779,14.792729224460217,0.000036450300000000006,0.00001098505862062804
2021-07-28T16:00:00.000Z,0.024752157745593115,0.9980027260254584,0.00009549872691120466,0.0001116413030984387,0.00009781209167358806,227086441.43449998,15202368.660400001,1313272.9807,-0.0020950860662152238,-0.0020950860662152238,-0.001901775247630431,0.9980982247523695,-0.0000032342370143156884,1.0000051276036703,314.0398154179928,14.824216626170074,0.000037416900000000004,0.000009831340229240205
2021-07-28T17:00:00.000Z,0.024752157745593115,1.000207526427117,0.00010933716607872197,0.00012731639658466762,0.00011366017388159122,227548318.1643,17300075.2771,2097706.6167,0.00009386625323548614,0.00009386625323548614,0.00031686359319579936,1.0003168635931958,-1.0575675335466883e-8,0.9997984057127588,315.48426645083856,14.888781604571092,0.000036421800000000004,0.00001567184181873459
2021-07-28T18:00:00.000Z,0.024752157745593115,0.9899708551685508,0.00012083867763005626,0.00014640946602967,0.0001341052465017034,224111042.0113,19842614.4674,2542539.1903,-0.010163250077950936,-0.010163250077950936,-0.009908306153819177,0.9900916938461808,-0.000049622590805098454,0.99930647416033,309.19827667881435,14.621172598100415,0.000037210600000000006,0.000019286495590396044
2021-07-28T19:00:00.000Z,0.024752157745593115,1.0009100911601985,0.00013835615833033703,0.00016452521385259807,0.00015081504762837206,226590273.56739998,22255037.855499998,2412423.3881,0.0007592761125700953,0.0007592761125700953,0.0010484473185288043,1.0010484473185288,-3.6299138261863817e-7,0.9994661726956928,316.0092292571455,14.917639740756234,0.00004080580000000003,0.000018099275380194594
2021-07-28T20:00:00.000Z,0.024752157745593115,0.9985106594407664,0.00015406895896525209,0.00017688971366600125,0.00016461521040800342,226199775.9032,23902695.8118,1647657.9563,-0.0016539557696415574,-0.0016539557696415574,-0.001335271600268302,0.9986647283997317,-0.000002163263023380324,0.9999837957434335,314.32422851931324,14.91946699471827,0.00004250289999999995,0.000012382941205515025
2021-07-28T21:00:00.000Z,0.024752157745593115,0.9966481118692445,0.00016887946059257808,0.00018587011332372156,0.00017331425053113136,225779595.3241,25099407.5831,1196711.7713,-0.0035252023812866184,-0.0035252023812866184,-0.003183008670162909,0.9968169913298371,-0.00001029304786615004,1.0005650272712248,312.96511949350446,14.835876261519257,0.00004268210000000006,0.00000901060172549988
2021-07-28T22:00:00.000Z,0.024752157745593115,0.9963169478671656,0.00018472888707685183,0.00019307553079907385,0.0001794017013492244,225684829.37489998,26059504.3561,960096.773,-0.003862453834183599,-0.003862453834183599,-0.0034983232457575226,0.9965016767542425,-0.000007437228450424271,0.9995460129116844,313.07215753926283,14.840289029570467,0.00004301099999999997,0.000007232052409640276
2021-07-28T23:00:00.000Z,0.024752157745593115,0.9952599386682531,0.00020006011430290677,0.00020473141593967307,0.0001904221580065757,225391680.22259998,27612240.5641,1552736.208,-0.0049304834897534455,-0.0049304834897534455,-0.004540001217443963,0.9954599987825561,-0.000013209008741799089,0.999756314119082,312.33546937911666,14.832753990715005,0.00004201369999999998,0.000011711397470363783
2021-07-29T00:00:00.000Z,0.024752157745593115,0.996527565390771,0.00021595887564743722,0.0002190661726583308,0.00020525012168093326,225531843.6516,29520599.0526,1908358.4885,-0.0036776847309099026,-0.0036776847309099026,-0.003256475733581532,0.9967435242664184,-0.000008463673772940439,0.9999889248210114,313.0495926539916,14.87560286096346,0.00004160969999999996,0.000014384706735522596
2021-07-29T01:00:00.000Z,0.024752157745593115,0.9931915225592393,0.00022985207464049955,0.0002378290953481067,0.00022299316866891683,224861724.912,32019414.0325,2498814.9799,-0.0070314706094296575,-0.0070314706094296575,-0.006578625366120241,0.9934213746338798,-0.000036112580485747614,1.0010019488570643,310.63090625787993,14.750956239222027,0.0000430074,0.00001889154531520407
2021-07-29T02:00:00.000Z,0.024752157745593115,0.9941847313438618,0.000245829988129843,0.0002538883051943106,0.00023963100454127417,224984347.6396,34157181.53,2137767.4975,-0.006054899660679514,-0.006054899660679514,-0.005569438668008396,0.9944305613319916,-0.000028630085687542106,1.0010534734775298,311.22618943753497,14.763052326664717,0.000043209300000000007,0.000016153144802640194
2021-07-29T03:00:00.000Z,0.024752157745593115,0.9965659176413917,0.00026275218992048406,0.0002687666638509455,0.0002550510638150705,225582296.2371,36138275.6958,1981094.1658,-0.003689133422423385,-0.003689133422423385,-0.0031713301686878306,0.9968286698313121,-0.00000815887006699878,0.99990267417935,313.06940095566256,14.838493406242275,0.00004265349999999995,0.000014929629399286655
2021-07-29T04:00:00.000Z,0.024752157745593115,0.9936753614890587,0.00027610038477128134,0.00028156195021775295,0.00026731141993685537,224871930.9176,37841578.1684,1703302.4726,-0.006591949930878194,-0.006591949930878194,-0.006048538126170057,0.99395146187383,-0.000029778123044388316,1.0006629004303544,311.01130046696426,14.714887801594255,0.00004265750000000007,0.000012876725839478125
2021-07-29T05:00:00.000Z,0.024752157745593115,0.999032550998812,0.0002942581339418327,0.0003001962186172146,0.00028717225425545223,226168699.6182,40323089.7265,2481511.5581,-0.0012546212554434,-0.0012546212554434,-0.000673190867246115,0.9993268091327538,-0.0000013574180016684423,0.9999513576058104,314.58594048242315,14.878634968460688,0.00004096169999999988,0.000018652314205685637
2021-07-29T06:00:00.000Z,0.024752157745593115,0.9992228049346162,0.0003078471961915151,0.0003142361004054333,0.00030131688051926453,226228912.6631,42192911.7927,1869822.0662,-0.0010785119459030268,-0.0010785119459030268,-0.00046934786919224715,0.9995306521308077,-6.914447585604222e-7,0.999656017287804,314.7898671416517,14.867344390289533,0.00003753370000000005,0.000014050801354792854
2021-07-29T07:00:00.000Z,0.024752157745593115,0.9998069340878895,0.0003245677280972526,0.00032572476986916636,0.00031312028264784963,219541751.4949,43676870.5352,1483958.7425,-0.0005061861947583957,-0.0005061861947583957,0.0001315018159867066,1.0001315018159866,-0.0000024022232858467163,1.0012454560647046,314.65039457508277,14.895857752668205,0.000043748100000000165,0.000011490888840378972
2021-07-29T08:00:00.000Z,0.024752157745593115,0.9977364756238853,0.00034021103476578166,0.00034050464711577887,0.00032724047971532944,219063346.264,45585738.116,1908867.5808,-0.0025907648558299856,-0.0025907648558299856,-0.0019233133413488746,0.9980766866586511,-0.0000053510526308864215,1.0002364042701724,313.6553727291956,14.890623437064535,0.000042752099999999966,0.00001481340873634451
2021-07-29T09:00:00.000Z,0.024752157745593115,0.9978315343872167,0.0003557396314764439,0.00035948947785017555,0.00034671721708823267,213035062.04860002,47969987.4044,2384249.2884,-0.0025151828298715095,-0.0025151828298715095,-0.001812725981306833,0.9981872740186931,-0.000005484189235627213,1.0003526612591367,313.6664538046501,14.864021468188376,0.00004385880000000003,0.000019026087777773084
2021-07-29T10:00:00.000Z,0.024752157745593115,1.0001208089503544,0.0003736992817871554,0.00037651312086991567,0.0003647046253764108,211822806.6756,50090905.184599996,2120917.7802,-0.00024389567502203224,-0.00024389567502203224,0.0004945082321415339,1.0004945082321415,-2.12666838583786e-7,0.9999673397801117,315.21794350322966,14.94489437198053,0.00004331799999999995,0.000017021586499237555
2021-07-29T11:00:00.000Z,0.024752157745593115,0.9987377519832408,0.0003884274037976879,0.0003938032777977499,0.00038035631552002513,211416043.49699998,52243867.653299995,2152962.4687,-0.0016426043322792516,-0.0016426043322792516,-0.0008738206129615386,0.9991261793870385,-0.0000018914209912734847,0.999860097887701,314.37026400352715,14.908274038457606,0.00004239380000000006,0.000017312007812888316
2021-07-29T12:00:00.000Z,0.024752157745593115,0.9944488774753972,0.00040095801771819364,0.0004129975167371058,0.0003978579822245809,210506398.7231,54633905.835599996,2390038.1823,-0.0059489805068273505,-0.0059489805068273505,-0.005150164506884576,0.9948498354931155,-0.00001998893316246253,0.9999152038320128,311.6468891101992,14.769496224699191,0.000044166900000000006,0.000019301384350100222
2021-07-29T13:00:00.000Z,0.024752157745593115,0.996367586616125,0.0004165912255900118,0.0004254437976797004,0.00041122669328608197,210909943.8089,56183679.1139,1549773.2783,-0.00404364007716107,-0.00404364007716107,-0.0032158221582849764,0.996784177841715,-0.000006621076313106933,0.9991466020621728,313.08338496835455,14.761314894890688,0.00004339470000000003,0.000012491656512398274
2021-07-29T14:00:00.000Z,0.024752157745593115,0.9982430405641726,0.0004332658422895609,0.0004509977149429099,0.00043761283195353773,211262923.8324,59364912.7667,3181233.6528,-0.00219457226778097,-0.00219457226778097,-0.0013236935935378711,0.9986763064064621,-0.0000020711571965259523,0.9993975555773981,314.16808085440124,14.84847853368497,0.00003867609999999999,0.000025598894077838167
2021-07-29T15:00:00.000Z,0.024752157745593115,0.9980436277483269,0.0004441042986494322,0.00047553031362365227,0.0004634697948162625,211406857.0876,62421692.8414,3056780.0747,-0.0024198420464893733,-0.0024198420464893733,-0.0015122679530236785,0.9984877320469763,-0.0000030103230769240596,0.9995901015173688,313.965751133074,14.741041408597605,0.00003829659999999999,0.00002458068862372204
2021-07-29T16:00:00.000Z,0.024752157745593115,0.9994600276615047,0.00046033087561933,0.0004907437917440047,0.0004791343787633462,211496649.88230002,64315420.9923,1893728.1509,-0.0010191067172586887,-0.0010191067172586887,-0.00007964146287601256,0.999920358537124,-0.0000014414449545085972,1.0002373988461375,314.6443176136997,14.783595098626023,0.0000408403999999999,0.000015221696695061568
2021-07-29T17:00:00.000Z,0.024752157745593115,0.9978934450485192,0.0004754118880822272,0.0005079135616022117,0.0004948620973853624,211205665.3805,66453072.6205,2137651.6282,-0.0026014170488661836,-0.0026014170488661836,-0.0016311430633985941,0.9983688569366014,-0.000001868055263698487,0.998887804441136,314.072130687334,14.785735777531574,0.000041025199999999974,0.00001720601462746329
2021-07-29T18:00:00.000Z,0.024752157745593115,0.9999930844104902,0.0004924536570235936,0.0005196155798144171,0.0005073643476333212,211657158.2132,67910033.31109999,1456960.6906,-0.0005142799371431472,-0.0005142799371431472,0.00048553806751376757,1.0004855380675137,-7.750616098922691e-7,1.0002897580967876,314.94591738351454,14.82899353684686,0.00004263969999999988,0.000011702099730192506
2021-07-29T19:00:00.000Z,0.024752157745593115,0.9979686667668003,0.0005058177560178902,0.0005296730423890634,0.0005179918298673369,211231468.5182,69162254.91239999,1252221.6013,-0.0025493250630670428,-0.0025493250630670428,-0.0015255154771818156,0.9984744845228182,-0.000005818428040149648,1.0004178875788172,313.62453225601064,14.752024497677848,0.00004359960000000005,0.000010077933639071308
2021-07-29T20:00:00.000Z,0.024752157745593115,0.9975782594677186,0.0005212941511228374,0.0005383130602743295,0.0005258992213473812,211147534.524,70237988.50219999,1075733.5898,-0.0029476397536287724,-0.0029476397536287724,-0.0019004463811585538,0.9980995536188414,-0.000010064290905553719,1.001094201725733,313.16239350693917,14.743835982519846,0.00004317719999999996,0.000008660991977872876
2021-07-29T21:00:00.000Z,0.024752157745593115,0.9982049334514967,0.0005399918744113158,0.0005462456020860479,0.0005329632245917315,211724398.2624,71227713.67909999,989725.1769,-0.002328029773094986,-0.002328029773094986,-0.0012550746740919389,0.9987449253259081,-0.000001767862461976577,0.9991090954715581,314.17472737050525,14.806243531165467,0.000044998100000000046,0.000007946806388580488
2021-07-29T22:00:00.000Z,0.024752157745593115,0.9980067550925885,0.0005546731035287644,0.000554379762598683,0.0005415321529503858,211723681.18060002,72242792.47559999,1015078.7965,-0.0025347770603618702,-0.0025347770603618702,-0.00143857180388272,0.9985614281961173,-0.000006011766361946336,1.0004887181327617,313.61147687057024,14.755188363921325,0.000045296299999999894,0.000008150405965112785
2021-07-29T23:00:00.000Z,0.024752157745593115,0.9989519348224992,0.0005713842198079877,0.0005625091954491887,0.0005496561532615241,211953405.2853,73257421.23809999,1014628.7625,-0.0015977213307623028,-0.0015977213307623028,-0.0004766809576927911,0.9995233190423072,-0.0000044081590978573004,1.0009297554145469,314.06254446136245,14.76284075405651,0.000044945000000000126,0.000008137962652349177
2021-07-30T00:00:00.000Z,0.024752157745593115,1.0031898815504374,0.0005925198705481687,0.0005826414669106295,0.0005722431570722719,212744627.604,75768840.91489999,2511419.6768,0.0026176383933651515,0.0026176383933651515,0.003782401420985592,1.0037824014209855,-0.0000032595699703819037,0.9996201149053952,317.1351005453907,14.91833797723449,0.000040939199999999996,0.000020068255065444136
2021-07-30T01:00:00.000Z,0.024752157745593115,1.0024037494982054,0.0006120413708166887,0.0005952022909384076,0.0005845666214931988,213210854.7723,77340418.4442,1571577.5293,0.0018191828767122331,0.0018191828767122331,0.0030157908690221207,1.003015790869022,-3.917933208974489e-7,1.0004915349955545,316.35440499041283,14.988902076078364,0.00004506340000000012,0.000012530702541684574
2021-07-30T02:00:00.000Z,0.024752157745593115,1.011669434216802,0.000640396850414325,0.0006154136084156088,0.0006107339680667678,215200028.7677,79869421.66319999,2529003.219,0.011058700248735231,0.011058700248735231,0.012309831067216325,1.0123098310672163,-0.00005857473327874896,0.9997332991110458,322.46100368600423,15.261169614596477,0.0000456337000000001,0.00001997818260954292
2021-07-30T03:00:00.000Z,0.024752157745593115,1.0114246420276027,0.0006503712121060347,0.0006307505824766014,0.0006252008525604591,214934170.6134,81786600.68489999,1917179.0217,0.01079944117504228,0.01079944117504228,0.012075013239708773,1.0120750132397087,-0.00005262066852074199,1.0000416880670577,322.19626354146385,15.10441429869648,0.00004427299999999994,0.000015163732819163028
2021-07-30T04:00:00.000Z,0.024752157745593115,1.0115838214832942,0.0006657458798594016,0.0006456518170774247,0.0006410876555353884,214765802.703,83647558.6642,1860957.9793,0.010942733827758788,0.010942733827758788,0.012249567363153578,1.0122495673631535,-0.000037252926895159355,1.0018122125846323,321.7180342776061,15.072536439572893,0.00004488949999999986,0.000014730597352991934
2021-07-30T05:00:00.000Z,0.024752157745593115,1.0092132576163393,0.0006778682915844603,0.0006630487449129104,0.0006562747136635849,213845510.7032,85815965.8624,2168407.1982,0.008556982902675703,0.008556982902675703,0.009891125907923747,1.0098911259079237,-0.00002814065597611659,1.0005776595909552,320.5964412700138,14.965907170473278,0.00004543849999999999,0.000017238109066765822
2021-07-30T06:00:00.000Z,0.024752157745593115,1.0082407440439773,0.0007033833379479569,0.0007020391705158373,0.0006947753055555062,212328368.5284,90646029.4259,4830063.5635,0.007545968738421838,0.007545968738421838,0.0089441273819253,1.0089441273819253,-0.000028910823252403794,0.9994727216886428,320.3077242057032,15.152226014492873,0.00004552960000000009,0.000038671742805068095
2021-07-30T07:00:00.000Z,0.024752157745593115,1.0063807374448124,0.0007187940907461758,0.0007215933899861506,0.0007142636006136627,218522028.8437,93143638.5151,2497609.0892,0.005666473844198716,0.005666473844198716,0.007099531535558555,1.0070995315355586,-0.000014204974228770872,0.9998794456412536,318.98401601219604,15.122765491047092,0.000044823400000000036,0.000019430239935567076
2021-07-30T08:00:00.000Z,0.024752157745593115,1.0051415209098504,0.0007313121596471279,0.0007329290391354846,0.0007241458108859788,218199164.3695,94591154.4393,1447515.9242,0.004417375098964449,0.004417375098964449,0.005872833069497555,1.0058728330694975,-0.00001142258689112996,0.9991873807253491,318.4125018207625,15.043398054699773,0.00004374960000000004,0.000011277664963798406
