query_ts,assumedLPToken,equityValue,totalDexYield,totalTradingfee,newTotalTradingFee,liquidity,totalVolume,volume,priceImpact,priceEffect,totalReturn,totalEquityVal,impermanentLoss,tokenPrice,quoteTokenPrice,rewardPrice,rewardTokenPerLP,feePerDollar
2021-08-03T10:00:00.000Z,0.02444493978999557,1,0.000014173203504614474,0.000008647864349060923,8.433254095052689e-13,262670061.9456,1336197.1603,1336197.1603,-8.433254095052689e-13,-8.433254095052689e-13,0.000014173203504614474,1.0000141732035046,0,1.0000548348443754,321.947645715001,15.940163235820352,0.0000363736,0.000008647864761155931
2021-08-03T11:00:00.000Z,0.02444493978999557,1.0022353379284965,0.00002872231926043348,0.000017956866539682066,0.000009807708396092352,263471663.913,2775719.5317,1439522.3714,0.0022255302201004135,0.0022255302201004135,0.002264060247756939,1.002264060247757,-0.000003641790921826704,0.999579164028084,323.5361370069383,16.034358591450424,0.000036905299999999994,0.000009288239938349032
2021-08-03T12:00:00.000Z,0.02444493978999557,0.9997295213319835,0.000042501891885386995,0.00002778245142041529,0.000018887513912435594,262808049.2392,4295096.8946,1519377.3629,-0.000289366181928985,-0.000289366181928985,-0.00022797677613116242,0.9997720232238688,-4.146115339942469e-9,0.9996744166119442,321.88379490119485,15.9238602226384,0.000035908099999999996,0.000009828243558016308
2021-08-03T13:00:00.000Z,0.02444493978999557,1.001087195585744,0.00005584537709580685,0.00004871307910846602,0.000040120636208174076,264204106.9048,7544480.4204,3249383.5258,0.001047074949535931,0.001047074949535931,0.001143040962839912,1.00114304096284,-1.0761685120819209e-7,1.0015665190867655,322.1352652147037,15.95819791816554,0.000033970599999999996,0.000020907896014842917
2021-08-03T14:00:00.000Z,0.02444493978999557,1.0018171265724207,0.00007056480553539941,0.00006071523409461851,0.00005215360244315015,264198624.91640002,9406363.3952,1861882.9748,0.001764972969977574,0.001764972969977574,0.0018876913779561236,1.0018876913779562,-0.000001228273235454047,1.0002509438736915,323.02176239823876,16.1978585760226,0.000035056300000000005,0.000011980384296706918
2021-08-03T15:00:00.000Z,0.02444493978999557,1.0002147136295647,0.00008387648715742766,0.00007341142247780662,0.00006637208480575474,263853874.297,11376492.256,1970128.8608,0.00014834154475895645,0.00014834154475895645,0.00029859011672213884,1.000298590116722,-6.476261500409919e-7,0.9990655089702924,322.3620728747506,16.20782203691818,0.0000334889,0.000012693461759026671
2021-08-03T16:00:00.000Z,0.02444493978999557,0.9985599619903539,0.00009740357674258719,0.00008845000565997342,0.00008045672687162497,263422722.23389998,13710149.560399998,2333657.3044,-0.001520494736517719,-0.001520494736517719,-0.001342634432903507,0.9986573655670965,-0.0000012724649075535055,1.0001284741939096,320.94571768820504,16.126968384950242,0.00003537470000000001,0.000015060270366340693
2021-08-03T17:00:00.000Z,0.02444493978999557,1.0011736809540377,0.0001124331197712297,0.00010048974963004099,0.00009324476432182038,264242334.03949997,15579373.477399997,1869223.917,0.001080436189715872,0.001080436189715872,0.0012861140738089222,1.001286114073809,-9.207972975211476e-7,0.9997776568368691,322.7331589429139,16.251175752871003,0.000035944700000000015,0.00001202563045187524
2021-08-03T18:00:00.000Z,0.02444493978999557,0.99880727093531,0.00012630890161298167,0.00011277192384598186,0.0001048205525370216,263557393.0802,17485799.043599997,1906425.5662,-0.0012975496172270562,-0.0012975496172270562,-0.001066420163077053,0.998933579836923,-4.613133284259163e-7,0.9997170159786087,321.2212103038117,16.170823016954163,0.000036508699999999985,0.000012296841400134025
2021-08-03T19:00:00.000Z,0.02444493978999557,0.9992160518296227,0.00013995198244792876,0.00012359914257910413,0.00011551608326532126,263658395.077,19166344.099799998,1680545.0562,-0.0008994642536426234,-0.0008994642536426234,-0.0006439961879293734,0.9993560038120707,-3.3353243478195793e-7,0.9999717052343104,321.39546139944457,16.09408965271168,0.00003620170000000002,0.00001083571260723805
2021-08-03T20:00:00.000Z,0.02444493978999557,0.9978951475369585,0.00015424420474432736,0.00013275208827410594,0.00012579256077349665,263311436.36690003,20587025.9478,1420681.848,-0.002230645023814981,-0.002230645023814981,-0.001950608258297157,0.9980493917417028,-0.0000022370160441820275,0.9999368914788643,320.550750588941,16.09168207696013,0.00003638690000000003,0.000009172253111842434
2021-08-03T21:00:00.000Z,0.02444493978999557,0.9983268557118633,0.00016765896859480302,0.00014197755477198272,0.00013407018523359238,263488491.19160002,22019307.1491,1432281.2013,-0.0018072144733702888,-0.0018072144733702888,-0.0015054853195418934,0.9984945146804581,-0.0000017613524821991078,1.000122879853683,320.76321517513765,16.028140827989823,0.0000357927,0.000009240927492500755
2021-08-03T22:00:00.000Z,0.02444493978999557,1.0001127524656739,0.0001835834292385448,0.00014739745993278677,0.00013894053536833706,263997267.08120003,22860882.8582,841575.7091,-0.000026188069694454974,-0.000026188069694454974,0.0002963358949124269,1.0002963358949124,-2.9474978013865893e-11,1.0000363234703524,321.9367427262591,16.16377065778853,0.000036712,0.000005419293621058407
2021-08-03T23:00:00.000Z,0.02444493978999557,1.0025034491823184,0.0001982085936228095,0.00015510392765008915,0.00014715132833265088,264635821.35059997,24057538.6785,1196655.8203,0.0023562978539857227,0.0023562978539857227,0.002701657775941183,1.0027016577759411,-0.000002093372033717955,1.0003622698173864,323.3672333616128,16.192446224940525,0.00003612590000000002,0.000007687224216765649
2021-08-04T00:00:00.000Z,0.02444493978999557,1.0018151954026213,0.00021325350913864335,0.00016104466403154077,0.0001542772794831393,263988178.0887,24978387.3281,920848.6496,0.0016609181231381775,0.0016609181231381775,0.00202844891175996,1.00202844891176,-0.000001568667978180116,0.9999431214741721,323.05407869607774,16.234251197630403,0.000036621799999999996,0.000005929972757317986
2021-08-04T01:00:00.000Z,0.02444493978999557,1.0015769046090734,0.00022603465210804553,0.00017098832041595365,0.00016317197954540674,263937547.9814,26519782.598899998,1541395.2708,0.0014137326295280417,0.0014137326295280417,0.001802939261181494,1.0018029392611816,-0.0000011292764926507104,0.9999647192166192,322.887680587042,16.14413334564856,0.00003538630000000001,0.000009927999939382101
2021-08-04T02:00:00.000Z,0.02444493978999557,1.003763489090088,0.00024125188762325726,0.000448577187845025,0.0004925928620651554,264633662.6527,69569154.1283,43049371.5294,0.0032708962280227905,0.0032708962280227905,0.004004740977711203,1.0040047409777113,-0.000005563529727692362,0.9999846594829181,324.07994601715257,16.202358861844623,0.0000363627,0.0002765480810958851
2021-08-04T03:00:00.000Z,0.02444493978999557,1.0034475934277538,0.00025584639543173163,0.0004647885414585566,0.0005100732136054109,264045091.54759997,72078460.9372,2509306.8089,0.0029375202141483925,0.0029375202141483925,0.003703439823185535,1.0037034398231854,-6.072446691041122e-7,1.0018877881089687,323.2494106695615,16.209693852242175,0.00003655639999999998,0.000016155655650053964
2021-08-04T04:00:00.000Z,0.02444493978999557,1.000239315782096,0.00026846035938096,0.0004935120986159469,0.000539598936959429,262073709.24269998,76505454.0977,4426993.1605,-0.0003002831548635232,-0.0003002831548635232,0.0005077761414768657,1.000507776141477,-4.6263345121477784e-7,1.0007166699125698,321.54152804552456,16.1018087394704,0.00003637319999999998,0.000028716685830857076
2021-08-04T05:00:00.000Z,0.02444493978999557,1.0013285483720062,0.00028241794528072574,0.0005067492999620732,0.0005507352035316604,262483958.35970002,78546596.9035,2041142.8058,0.0007778131684745837,0.0007778131684745837,0.0016109663172869698,1.001610966317287,-5.496842495622545e-7,0.999783859543189,322.5360652436728,16.08520701263483,0.00003620120000000004,0.00001321963746487279
2021-08-04T06:00:00.000Z,0.02444493978999557,1.0016594045037175,0.0002970771792592198,0.0005181210639519333,0.0005616925562708097,262660879.75869998,80300696.32530001,1754099.4218,0.0010977119474466779,0.0010977119474466779,0.0019564816829767072,1.0019564816829767,-0.0000012770156775365749,0.9995539082122872,322.81654374492285,16.09266820865944,0.000036931399999999956,0.000011352924043349967
2021-08-04T07:00:00.000Z,0.02444493978999557,1.0004915512551043,0.00031154406765086784,0.0005304247423814075,0.0005749630583427034,262457387.4971,82199287.3681,1898591.0428,-0.00008341180323845343,-0.00008341180323845343,0.0008030953227551179,1.0008030953227551,-6.732295835254476e-7,0.9988117539866872,322.2945557131649,16.107007836107474,0.00003607040000000002,0.000012297633545543324
2021-08-04T08:00:00.000Z,0.02444493978999557,0.999180165667991,0.0003240370290250818,0.0005387533435943411,0.0005806260756181514,262152311.91160002,83484671.9255,1285384.5574,-0.001400460407627202,-0.001400460407627202,-0.0004957973029839688,0.999504202697016,-5.350413100346785e-7,0.9996878882989811,321.16437098022135,16.07192963683412,0.00003352559999999997,0.000008335435730648266
2021-08-04T09:00:00.000Z,0.02444493978999557,0.9987148948083144,0.0003348515225658173,0.000548150834022508,0.0005897526489577753,262161350.3042,84935747.61340001,1451075.6879,-0.0018748578406433403,-0.0018748578406433403,-0.0009502536691197476,0.9990497463308803,-0.0000018562606886041166,1.0001050131932865,320.7254726631829,15.928119355749356,0.00003522160000000005,0.000009409581795972616
2021-08-04T10:00:00.000Z,0.02444493978999557,0.9989839276461443,0.00035130193068319267,0.0005558265768949883,0.0005980336244106876,262293885.7341,86121246.42660001,1185498.8132,-0.0016141059782663891,-0.0016141059782663891,-0.0006647704231725088,0.9993352295768275,-4.754693549990918e-7,0.9994147556701886,321.1146968186252,16.01925210453348,0.00003711680000000006,0.000007683549224944784
2021-08-04T11:00:00.000Z,0.02444493978999557,1.002302718471433,0.0003678548449888433,0.0005648129009913935,0.0006084473146017455,263236827.1128,87509538.54120001,1388292.1146,0.0016942711568312951,0.0016942711568312951,0.002670573316421884,1.0026705733164218,-0.0000013050179171747445,1.0001321181562164,323.0145408394928,16.102885132331867,0.000037392200000000065,0.000008965677867742537
2021-08-04T12:00:00.000Z,0.02444493978999557,1.0032176226576892,0.0003839574919330692,0.0005751821095546345,0.0006194008607085522,263872043.8928,89113873.20570001,1604334.6645,0.00259822179698066,0.00259822179698066,0.003601580149622281,1.0036015801496223,-0.000002062088880538937,1.000619068224843,323.44031607054285,16.178839348442846,0.000036328399999999996,0.000010335952567821143
2021-08-04T13:00:00.000Z,0.02444493978999557,1.0102054508897893,0.0004060420946177371,0.0005929480464475928,0.0006415587182964089,265611133.5877,91861614.02260001,2747740.8169,0.009563892171492894,0.009563892171492894,0.01061149298440704,1.010611492984407,-0.00004636299785643061,0.9999436627575388,328.17172030508397,16.484359475639312,0.00003681260000000007,0.000017586459293460554
2021-08-04T14:00:00.000Z,0.02444493978999557,1.0118293971772134,0.00042705672817994466,0.0006037935793296057,0.000653613390210861,266149797.66770002,93539725.39580001,1678111.3732,0.011175783787002569,0.011175783787002569,0.012256453905393375,1.0122564539053933,-0.00006407865363378118,0.9998476803751055,329.25209323999024,16.711995455546724,0.0000377151,0.000010718735687343395
2021-08-04T15:00:00.000Z,0.02444493978999557,1.015997794591808,0.00044528003913219265,0.0006158184876657147,0.0006685489689428614,267158272.2439,95399707.13910002,1859981.7433,0.015329245622865084,0.015329245622865084,0.01644307463094014,1.01644307463094,-0.0000862630370597195,1.002134658047531,331.20491800648017,16.86699011470846,0.00003459170000000005,0.00001183556450284012
2021-08-04T16:00:00.000Z,0.02444493978999557,1.0166113448726224,0.0004625963114206662,0.0006322841982112432,0.0006863549100091237,267292033.433,97946318.26980002,2546611.1307,0.015924989962613267,0.015924989962613267,0.017073941184043057,1.017073941184043,-0.0001248486631469925,1.0000517162329023,332.28435560852677,16.93856861604844,0.000037256800000000006,0.000016196662753419387
2021-08-04T17:00:00.000Z,0.02444493978999557,1.0201834654926498,0.0004863692667765502,0.00064501824202819,0.000700411664271483,268318010.70569998,99916421.28090002,1970103.0111,0.01948305382837834,0.01948305382837834,0.02066983475942637,1.0206698347594263,-0.0001895617525602411,0.9998778974636692,334.6741133617175,17.239712689495658,0.000036895499999999945,0.000012482110723992678
2021-08-04T18:00:00.000Z,0.02444493978999557,1.018839166385475,0.0004996933412149494,0.0006580071903437851,0.0007127379164872938,266459869.59960002,101914677.93090002,1998256.65,0.01812642846898771,0.01812642846898771,0.01933885972668995,1.01933885972669,-0.0001602338694788319,1.0001161354409234,333.70449399809024,17.158450436277167,0.00003723240000000009,0.000012748772676743437
2021-08-04T19:00:00.000Z,0.02444493978999557,1.0192308710104256,0.0005143446898591274,0.0006659898687692566,0.0007209879588205848,265367518.67389998,103137251.20880002,1222573.2779,0.01850988305160506,0.01850988305160506,0.01974521570028477,1.0197452157002849,-0.00016316204647870425,1.0003298769072522,333.88454933825795,17.116372015921517,0.00003794559999999976,0.000007832060919950175
2021-08-04T20:00:00.000Z,0.02444493978999557,1.0188250357166906,0.0005299214655933002,0.0006863884401203082,0.0007412635611041551,265250246.2257,106261222.46610002,3123971.2573,0.01808377215558643,0.01808377215558643,0.019354957182283885,1.019354957182284,-0.00016115606233235713,1.0000227802674342,333.70768195538267,17.107526126360764,0.000037883500000000146,0.00002002166336498369
2021-08-04T21:00:00.000Z,0.02444493978999557,1.019965084914335,0.0005535226427041874,0.0006925378996201567,0.0007477284060690703,265544914.8359,107202983.37640002,941760.9103,0.019217356508265837,0.019217356508265837,0.020518607557039093,1.0205186075570392,-0.00019892476694272077,0.9991424171573724,334.74591988770527,17.353704036771077,0.00003765959999999993,0.0000060290875782704145
2021-08-04T22:00:00.000Z,0.02444493978999557,1.02196629231403,0.0005806292959429548,0.0006998067564698326,0.0007565044598152326,266128490.22680002,108316436.66130002,1113453.2849,0.02120978785421479,0.02120978785421479,0.022546921609972976,1.022546921609973,-0.00021422478522903354,1.0003420115382329,335.65297161241114,17.702727380566095,0.00003691349999999987,0.000007112619106345427
2021-08-04T23:00:00.000Z,0.02444493978999557,1.0197840354942658,0.0005920319768896261,0.0007071311179997956,0.000762360421663999,265562181.957,109438400.68600002,1121964.0247,0.019021675072601774,0.019021675072601774,0.020376067471155397,1.0203760674711555,-0.00016858257346119565,1.0005346539534592,334.15177753747196,17.547510970052144,0.00003845130000000012,0.000007182268303168398
2021-08-05T00:00:00.000Z,0.02444493978999557,1.0209265988344112,0.0006090302102177266,0.0007143183971964044,0.0007703130113647649,265498240.67270002,110537869.00460002,1099468.3186,0.020156285823046405,0.020156285823046405,0.021535629044628895,1.021535629044629,-0.00020281377486375263,0.999868779360512,335.1193301761146,17.585274951358855,0.000036578700000000064,0.000007039956787978033
2021-08-05T01:00:00.000Z,0.02444493978999557,1.018809499808542,0.000621740831393303,0.0007229621792405204,0.0007781407502005511,265188972.26659998,111861348.82240002,1323479.8178,0.018031359058341412,0.018031359058341412,0.019431240639935267,1.0194312406399353,-0.0001678924812802407,0.9995999173836708,333.8144774279885,17.48657966336339,0.00003773170000000003,0.000008484197781792045
2021-08-05T02:00:00.000Z,0.02444493978999557,1.0177874614202365,0.0006350906607578007,0.0007346723174204355,0.0007890236698251396,264621842.1138,113652291.53750002,1790942.7151,0.01699843775041132,0.01699843775041132,0.01842255208099426,1.0184225520809942,-0.00014997743343558856,0.9995902107207127,333.14066221547023,17.412130335471286,0.00003758330000000001,0.000011505484926526494
2021-08-05T03:00:00.000Z,0.02444493978999557,1.019089822444034,0.0006465900389620427,0.0007432474458511513,0.000798668036121386,265203418.8879,114964969.86510003,1312678.3276,0.018291154407912513,0.018291154407912513,0.019736412482995944,1.019736412482996,-0.00014306985249379345,1.0012648431503783,333.42951639351844,17.29405371027511,0.00003738860000000013,0.00000841449618665461
2021-08-05T04:00:00.000Z,0.02444493978999557,1.019045885686156,0.0006633246856756293,0.0007718726170148749,0.000826555286997932,266778305.28109998,119373115.50840002,4408145.6433,0.018219330399158018,0.018219330399158018,0.01970921037183158,1.0197092103718315,-0.00017903867192448075,0.9991861683668977,334.07604010669473,17.324985808176496,0.00003678360000000011,0.000028090168672875607
2021-08-05T05:00:00.000Z,0.02444493978999557,1.0190982616097095,0.000678775432185016,0.0007788804972428588,0.000833605475030641,266865860.1163,120452595.81460002,1079480.3062,0.01826465613467887,0.01826465613467887,0.019777037041894527,1.0197770370418946,-0.0001669633769201262,0.9998797672200174,333.87402010930737,17.320545869322675,0.00003689360000000014,0.000006876550337837358
2021-08-05T06:00:00.000Z,0.02444493978999557,1.0184828630738871,0.000694485745896253,0.0007870974584157715,0.0008417185152247431,266694715.51229998,121718273.06850003,1265677.2539,0.01764114455866239,0.01764114455866239,0.019177348819783387,1.0191773488197833,-0.00016297291486111476,0.9994871146313533,333.5962679128544,17.318727270890896,0.00003727740000000004,0.000008067843892207776
2021-08-05T07:00:00.000Z,0.02444493978999557,1.0149801200725976,0.0007004064759724887,0.0007948948344196589,0.0008463568676908562,265726668.8828,122919091.05340002,1200817.9849,0.01413376320490678,0.01413376320490678,0.015680526548570124,1.0156805265485702,-0.00010236200585045374,0.9997808800126731,331.20335238890317,17.08795002085226,0.0000363286000000001,0.000007682294678635982
2021-08-05T08:00:00.000Z,0.02444493978999557,1.0115619270334941,0.0007079827554841141,0.0008051002936647286,0.0008537265003476513,264751739.9849,124490285.71070002,1571194.6573,0.010708200533146472,0.010708200533146472,0.012269909788978238,1.0122699097889782,-0.000059361062201612746,0.99980988742504,328.9600954333965,16.897266522004355,0.00003726420000000011,0.000010088813458080921
