query_ts,assumedLPToken,equityValue,totalDexYield,totalTradingfee,newTotalTradingFee,liquidity,totalVolume,volume,priceImpact,priceEffect,totalReturn,totalEquityVal,impermanentLoss,tokenPrice,quoteTokenPrice,rewardPrice,rewardTokenPerLP,feePerDollar
2021-11-01T10:00:00.000Z,0.01815314735555697,1,0.000014087495122618505,0.00003578578770167332,-5.608846720406291e-13,249129477.45769998,5244290.9966,5244290.9966,5.608846720406291e-13,5.608846720406291e-13,0.000014087495122618505,1.0000140874951227,0,0.9982916023114677,533.750682645909,18.003177304820102,0.0000431055,0.000035785788117882354
2021-11-01T11:00:00.000Z,0.01815314735555697,1.002692313641242,0.000027769582068638207,0.00007291757863563385,0.00003188502491147105,249790728.3623,10685627.7936,5441336.797,0.0026604286163305346,0.0026604286163305346,0.0027200832233106437,1.0027200832233107,-0.000001460414872700433,0.9992382829719872,536.0861008054285,18.20701997440642,0.00004091370000000001,0.000037032089283487234
2021-11-01T12:00:00.000Z,0.01815314735555697,0.9992015152773871,0.00004075578058367646,0.00010262134310856031,0.00006310941729170683,258948906.50860003,15213806.5286,4528178.735,-0.000861594139904609,-0.000861594139904609,-0.0007577289420292257,0.9992422710579708,-0.000003864106498219222,1.0002081683158877,531.8103320846641,18.019248228636837,0.00004057580000000001,0.00002972750089309353
2021-11-01T13:00:00.000Z,0.01815314735555697,0.9987106379675782,0.0000540973584340132,0.0001392185746817123,0.00009835412011149902,258746528.05789998,20791237.1264,5577430.5978,-0.0013877161525333026,-0.0013877161525333026,-0.0012352646739877903,0.9987647353260122,-0.000006519960712214612,1.00051268573885,531.0887106363317,17.878357064908606,0.000042090000000000005,0.00003664448016917268
2021-11-01T14:00:00.000Z,0.01815314735555697,1.002953919530026,0.00006856324620252637,0.00016957074597908768,0.00012914331724189765,259846707.71859998,25416932.9976,4625695.8712,0.002824776212784208,0.002824776212784208,0.003022482776228632,1.0030224827762286,-2.932843529146467e-7,1.0003451170752125,535.6685084488238,18.112586628503884,0.000041840399999999987,0.00003026277704297853
2021-11-01T15:00:00.000Z,0.01815314735555697,0.9999020926081067,0.00008220694674190561,0.00022222815052217875,0.0001828880779232156,259073288.35960004,33442499.3257,8025566.3281,-0.00028079546981651937,-0.00028079546981651937,-0.000015700445151398167,0.9999842995548486,-0.00000240783279015222,1.0002037918804698,532.4311236292198,18.038798368476208,0.000042518099999999995,0.000052662560637407516
2021-11-01T16:00:00.000Z,0.01815314735555697,1.0038069823001092,0.00009683733915583794,0.00025439822700923744,0.00021608580698595503,260233835.39970002,38348377.0707,4905877.745,0.0035908964931232745,0.0035908964931232745,0.0039038196392650673,1.0039038196392651,-0.000001168614280122604,1.0003458652934158,536.4868808611617,18.255251256408272,0.00004117189999999998,0.000032048069974030804
2021-11-01T17:00:00.000Z,0.01815314735555697,1.0056169528997545,0.00011058000433706759,0.0002954054952505264,0.0002581348587860077,260702160.3325,44601888.7069,6253511.6362,0.005358818040968494,0.005358818040968494,0.005727532904091569,1.0057275329040916,-0.00000941619274430483,0.9992952537772333,538.9447175706952,18.22072649061022,0.000042102000000000004,0.000040778218975942666
2021-11-01T18:00:00.000Z,0.01815314735555697,1.0036133049949643,0.000123971546860647,0.00032813120145652925,0.00028857548268468314,260197909.8853,49592773.0489,4990884.342,0.0033247295122795784,0.0033247295122795784,0.0037372765418249086,1.0037372765418249,-0.0000013910012367501778,0.99994142330945,536.419225711938,18.11681966872408,0.00004263639999999998,0.0000326078844566435
2021-11-01T19:00:00.000Z,0.01815314735555697,1.0047234866950165,0.00013793802428971506,0.00035596950312433026,0.00031653321863456263,260639190.9893,53840797.164000005,4248024.1151,0.004406953476381981,0.004406953476381981,0.004861424719306258,1.0048614247193062,-0.0000044712145850223095,0.9996970634832211,537.7084559470687,18.175561746696385,0.00004111160000000005,0.000027707425611087278
2021-11-01T20:00:00.000Z,0.01815314735555697,1.0129078761396926,0.0001535194044094842,0.00043960333484200384,0.0004105922596084888,262771934.565,66603483.67690001,12762686.5129,0.012497283880084087,0.012497283880084087,0.01306139554410206,1.0130613955441021,-0.0000479201674166152,1.0009203988719997,545.7378237213622,18.347601092860703,0.000042861499999999976,0.0000825680531973367
2021-11-01T21:00:00.000Z,0.01815314735555697,1.0075478860292408,0.0001653356242168087,0.0004738846949791033,0.0004356696255560788,261367238.5873,71834602.30800001,5231118.6311,0.007112216403684757,0.007112216403684757,0.007713221653457644,1.0077132216534577,-0.000021641281038875526,0.9987988993852847,541.0950167399884,18.087521676993887,0.000042614800000000004,0.000034024546155579697
2021-11-01T22:00:00.000Z,0.01815314735555697,1.0123482365175698,0.00018053703077223048,0.0004990359278384106,0.0004621076935573676,262641566.1096,75672946.18040001,3838343.8724,0.01188612882401241,0.01188612882401241,0.012528773548342007,1.012528773548342,-0.000058080031311913416,0.9993283919693732,545.9475482848273,18.24301408564873,0.00004161049999999995,0.00002484444743356826
2021-11-01T23:00:00.000Z,0.01815314735555697,1.010528785743506,0.00019321760648234455,0.0005187075060964115,0.0004809514395105463,262164276.22370002,78674976.85680002,3002030.6764,0.010047834303995362,0.010047834303995362,0.010722003349988253,1.0107220033499882,-0.000037056264668100525,0.99967888698973,543.7749847290413,18.210701279320478,0.000039325700000000036,0.000019466619264042358
2021-11-02T00:00:00.000Z,0.01815314735555697,1.016860953386765,0.00020985036368799823,0.0005581725010915196,0.0005232770818630605,263822399.6593,84697981.75140002,6023004.8946,0.016337676304901905,0.016337676304901905,0.017070803750452963,1.017070803750453,-0.00010611931430415389,0.999926740303739,550.4320703260049,18.42916379169853,0.000042788700000000006,0.000038810610221280586
2021-11-02T01:00:00.000Z,0.01815314735555697,1.0103778761770492,0.00021880710619956271,0.0005992602767260157,0.0005669667189647232,263316155.6053,90996775.50120002,6298793.7498,0.009810909458084494,0.009810909458084494,0.01059668328324878,1.0105966832832487,-0.000029955557104055508,1.000312961640882,543.1753859115305,18.102375276811106,0.00003857960000000001,0.000040665751594485424
2021-11-02T02:00:00.000Z,0.01815314735555697,1.0137295296425863,0.00023343595346746692,0.0006321628145557238,0.0005959792090293181,264202214.19239998,96041004.88940002,5044229.3882,0.013133550433557017,0.013133550433557017,0.013962965596053803,1.0139629655960538,-0.00005228368329690536,1.0011127717394113,546.3189365281763,18.166030383049062,0.00004202749999999999,0.000032456919356835095
2021-11-02T03:00:00.000Z,0.01815314735555697,1.013862789680824,0.0002471948395816827,0.000659001651128311,0.0006233453784461052,264265366.83160004,100156061.72930002,4115056.8399,0.013239444302378,0.013239444302378,0.014109984520405789,1.0141099845204058,-0.00006241347134439135,1.0002698581383158,546.8936179164397,18.147555771790095,0.000042485699999999945,0.000026471863156733132
2021-11-02T04:00:00.000Z,0.01815314735555697,1.0153567652894342,0.00026185515448211375,0.0006875055016376088,0.0006520735997777027,264745019.4792,104527896.41420002,4371834.6849,0.01470469168965649,0.01470469168965649,0.015618620443916306,1.0156186204439164,-0.00009160588121326363,0.9993518868332562,548.9803014858961,18.199720364975526,0.00004222310000000007,0.000028072743271810302
2021-11-02T05:00:00.000Z,0.01815314735555697,1.0115450306805096,0.0002743119630205473,0.0007230946254020909,0.0006853260487662549,262885929.50300002,109968542.75080003,5440646.3366,0.01085970463174335,0.01085970463174335,0.011819342643530153,1.0118193426435302,-0.00005379535698613047,0.9987192967581139,545.1728126754266,18.090444656804642,0.00004271959999999998,0.0000351829357687797
2021-11-02T06:00:00.000Z,0.01815314735555697,1.0111494385876567,0.00028751829805655666,0.0007572619202377817,0.0007231120760853305,262786845.4608,115191902.66920003,5223359.9184,0.010426326511571382,0.010426326511571382,0.01143695688571327,1.0114369568857133,-0.000026808220637719593,1.001340980248155,543.2793244825426,18.065241645489234,0.00004143580000000004,0.000033790549316535665
2021-11-02T07:00:00.000Z,0.01815314735555697,1.0096281923952786,0.0002999822014817951,0.0007819472053720254,0.0007437398420737651,262395580.28519997,118965749.65510003,3773846.9859,0.008884452553204802,0.008884452553204802,0.009928174596760363,1.0099281745967603,-0.000025754686604484434,0.9999582801255379,542.3714732188728,17.983104564235372,0.000042184600000000084,0.00002444987781065861
2021-11-02T08:00:00.000Z,0.01815314735555697,1.0084930072398781,0.00031269748073524005,0.0008414993495509716,0.0008051079393149863,262113260.02520004,128070427.42260003,9104677.7675,0.007687899300563128,0.007687899300563128,0.008805704720613355,1.0088057047206134,-0.000013670957331402,1.0007199188921392,540.6738981040356,17.924596085782632,0.00004207680000000005,0.000059050626447749806
2021-11-02T09:00:00.000Z,0.01815314735555697,1.0084120492165718,0.00032735334532979304,0.0008848017583340331,0.0008448792743425138,262168075.13309997,134692667.41840002,6622239.9958,0.007567169942229279,0.007567169942229279,0.008739402561901586,1.0087394025619016,-0.000014103599013104429,1.0005178818043472,540.653504918665,17.965003549691865,0.00004277839999999998,0.00004294118567695371
2021-11-02T10:00:00.000Z,0.01815314735555697,1.0133351513254403,0.0003483306199816816,0.0009154525470900927,0.0008798896202126816,263596668.98819998,139382739.84550002,4690072.4271,0.012455261705227594,0.012455261705227594,0.013683481945421957,1.013683481945422,-0.00004929501325234842,1.0007392925258995,545.7912799786487,18.337753864416257,0.00004261229999999992,0.00003024743505551248
2021-11-02T11:00:00.000Z,0.01815314735555697,1.0118621973482875,0.0003617121498491863,0.0009483229665561846,0.0009157795097893828,262750753.2747,144403609.1919,5020869.3464,0.010946417838498146,0.010946417838498146,0.012223909498136716,1.0122239094981367,-0.000054804106686900944,0.9987082825807315,545.272361754671,18.294031916637408,0.000042795199999999986,0.00003248507485706939
2021-11-02T12:00:00.000Z,0.01815314735555697,1.0115934519555363,0.00037619826900556176,0.0009761364111193117,0.0009420683858902823,262760109.26130003,148653319.0911,4249709.8992,0.010651383569646011,0.010651383569646011,0.011969650224541856,1.0119696502245419,-0.00004809620319434771,0.9990776548488192,544.7526672043324,18.307570284729795,0.00004278279999999991,0.000027494686499219092
2021-11-02T13:00:00.000Z,0.01815314735555697,1.0151000224636333,0.0003901066661037591,0.0010044095224185172,0.0009708149349652029,264306947.42759997,152983683.4138,4330364.3227,0.014129207528668086,0.014129207528668086,0.015490129129737048,1.0154901291297371,-0.00006708554845635817,1.0007371849741433,547.5986963504088,18.380980360236173,0.000037161900000000035,0.00002785253819560125
2021-11-02T14:00:00.000Z,0.01815314735555697,1.0160336025784789,0.0004043544888181988,0.0010379408798266777,0.0010050310420646191,264568406.08349997,158119767.3445,5136083.9307,0.015028571536414237,0.015028571536414237,0.016437957067297056,1.016437957067297,-0.00010533584292482523,0.9986925874464179,549.6934590070146,18.386096453062557,0.00004236279999999991,0.000033002212212119974
2021-11-02T15:00:00.000Z,0.01815314735555697,1.023130520357012,0.00042367842712695737,0.001081605598201235,0.0010581039598474007,266244367.6289,164803685.57,6683918.2255,0.022072416397164618,0.022072416397164618,0.023554198784138978,1.023554198784139,-0.00018804079788858896,1.0007284103757246,556.2153465654391,18.614602327520785,0.00004231419999999993,0.00004267756379052361
2021-11-02T16:00:00.000Z,0.01815314735555697,1.026700160094453,0.0004427176045751619,0.0011299974070390678,0.001108721610024288,266451776.1405,172191192.8341,7387507.2641,0.025591438484428686,0.025591438484428686,0.027142877699028137,1.0271428776990281,-0.00025989707244877813,1.0007584244209686,560.0352714914482,18.81330297763752,0.000042505900000000036,0.000047133340715085964
2021-11-02T17:00:00.000Z,0.01815314735555697,1.0268233319458318,0.0004542134357436955,0.0011715444663782332,0.0011496878984338377,266175243.1464,178526436.1372,6335243.3031,0.025673644047397914,0.025673644047397914,0.02727754538157545,1.0272775453815755,-0.00029794299892982323,0.9992262439914266,560.9839307654468,18.754989585147683,0.00003779589999999992,0.00004046174049833177
2021-11-02T18:00:00.000Z,0.01815314735555697,1.0248260683468493,0.00046562870822717173,0.0012099074800090664,0.0011859514413192773,265708734.5183,184377292.8271,5850856.6899,0.02364011690553003,0.02364011690553003,0.025291697055076477,1.0252916970550765,-0.0002582407124321895,0.9989270604146826,558.9290452121505,18.654411321719977,0.000040902600000000065,0.00003743368237729107
2021-11-02T19:00:00.000Z,0.01815314735555697,1.0259415130037524,0.0004805400034254727,0.0012509999736465603,0.00122875490511265,266003943.64470002,190644572.1872,6267279.3601,0.02471275809863971,0.02471275809863971,0.026422053007177832,1.026422053007178,-0.00026623637209455264,0.9996246179481693,559.7101788515661,18.67866605190643,0.00004219069999999992,0.00004005344720152341
2021-11-02T20:00:00.000Z,0.01815314735555697,1.0282638495434564,0.0004964807950105284,0.0012933819270929583,0.0012737973865362129,270199557.5891,197195640.38390002,6551068.1967,0.026990052156920186,0.026990052156920186,0.02876033033846693,1.028760330338467,-0.00032583394897278684,0.999391317976482,562.331954201413,18.748963916497637,0.000041522399999999865,0.000041217002846933107
2021-11-02T21:00:00.000Z,0.01815314735555697,1.0256995099145816,0.000507591740088054,0.0013374212719694924,0.0013205395907813777,269472965.4855,204001562.48490003,6805922.101,0.02437897032380021,0.02437897032380021,0.02620710165466964,1.0262071016546697,-0.00023430581263106376,1.0007273991861694,558.7292131367543,18.632654081969022,0.00004195490000000023,0.00004293591214560101
2021-11-02T22:00:00.000Z,0.01815314735555697,1.0246043973581718,0.0005217526424285887,0.001366732961135204,0.001342406520252748,269196558.2051,208531635.58310002,4530073.0982,0.023261990837919022,0.023261990837919022,0.02512615000060036,1.0251261500006004,-0.00022734277569003147,0.999960319709518,557.9390769519041,18.62689857461408,0.00004234290000000003,0.000028607811029562037
2021-11-02T23:00:00.000Z,0.01815314735555697,1.023818309062271,0.0005333892062873833,0.0013900193865180055,0.0013663798365528557,273982654.953,212197311.59000003,3665676.0069,0.022451929225718148,0.022451929225718148,0.024351698268558385,1.0243516982685583,-0.000182572555690097,1.001384469329704,556.2638114237417,18.54278522535653,0.00004156929999999994,0.000022744685107161253
2021-11-03T00:00:00.000Z,0.01815314735555697,1.0215094171065613,0.0005453856524562516,0.0014135191186434937,0.0013855336174437571,273360799.4684,215896511.90570003,3699200.3157,0.020123883489117533,0.020123883489117533,0.02205480275901754,1.0220548027590175,-0.00016192973110151776,1.0002169290981067,554.3799200151768,18.483435785877475,0.000040841500000000087,0.000023004909807548888
2021-11-03T01:00:00.000Z,0.01815314735555697,1.0181219085155608,0.0005561076748036674,0.0014514101213980468,0.0014204883573121219,272345327.54200006,221858722.58120003,5962210.6755,0.016701420158248714,0.016701420158248714,0.018678016190364504,1.0186780161903646,-0.0001032924551865877,1.0004800610511295,550.5214991379476,18.390034067890376,0.00004037299999999983,0.0000372165670688325
2021-11-03T02:00:00.000Z,0.01815314735555697,1.0196201255253614,0.0005718453837943963,0.001485030932070431,0.0014571588870120333,272933247.7037,227152641.66860002,5293919.0874,0.018162966638349376,0.018162966638349376,0.020191970909155806,1.0201919709091558,-0.00014493209485000325,0.9992639761529436,552.7773290732422,18.457286100691572,0.0000409005000000003,0.0000329738590820205
2021-11-03T03:00:00.000Z,0.01815314735555697,1.0219729418003445,0.0005868593687124683,0.0015205532141310354,0.0014961809492259892,273039197.7783,232735254.84710002,5582613.1785,0.020476760851118492,0.020476760851118492,0.02255980116905695,1.0225598011690569,-0.00016698210492727128,1.000284153095481,554.7262414974429,18.49626706922426,0.000041118800000000003,0.00003475853460115997
2021-11-03T04:00:00.000Z,0.01815314735555697,1.018774678305567,0.0006000887285498108,0.001556580086521479,0.00152522571476843,272782444.52930003,238409602.28680003,5674347.4397,0.017249452590798464,0.017249452590798464,0.019374767034116704,1.0193747670341167,-0.00013077273926642707,0.9992195667736063,551.810374226933,18.478711901979313,0.00004109850000000009,0.00003536294523694638
2021-11-03T05:00:00.000Z,0.01815314735555697,1.014840509069992,0.0006055591248511546,0.0016002395059923232,0.0015654635992736754,272271919.1559,245299838.19860002,6890235.9118,0.013275045470718227,0.013275045470718227,0.015446068194843057,1.015446068194843,-0.000046364553424216304,1.001849772838742,546.0695393489435,18.2247200824428,0.000041466700000000116,0.000043020966269213505
2021-11-03T06:00:00.000Z,0.01815314735555697,1.0167226223357952,0.000623778184423205,0.0016298309369740986,0.0015955662022062445,273649765.4437,249984838.5976,4685000.399,0.015127056133589,0.015127056133589,0.01734640052021845,1.0173464005202184,-0.00009900691136732753,0.9992319006139837,549.5033913888411,18.35812092169288,0.00004136889999999989,0.000029104723204809747
2021-11-03T07:00:00.000Z,0.01815314735555697,1.0197407583323257,0.0006387103632788707,0.001661707195694634,0.0016316699409140156,274439911.3261,255031171.6423,5046333.0447,0.018109088391411676,0.018109088391411676,0.02037946869560456,1.0203794686956045,-0.0001061268519240155,1.0016690308520364,551.3917238213653,18.39372286454102,0.00004109710000000012,0.00003125917850117792
2021-11-03T08:00:00.000Z,0.01815314735555697,1.0207655375268065,0.0006546295045794248,0.0016937315405300371,0.0016662673992742238,274619106.2892,260099165.4366,5067993.7943,0.01909927012753232,0.01909927012753232,0.021420167031385967,1.021420167031386,-0.0001339516891337711,1.0008409955955082,552.9218547200988,18.496320403744026,0.000036800900000000056,0.00003137286974212553
