query_ts,assumedLPToken,equityValue,totalDexYield,totalTradingfee,newTotalTradingFee,liquidity,totalVolume,volume,priceImpact,priceEffect,totalReturn,totalEquityVal,impermanentLoss,tokenPrice,quoteTokenPrice,rewardPrice,rewardTokenPerLP,feePerDollar
2022-03-02T10:00:00.000Z,0.01907182664261487,1,0.000005636018782780978,0.0000176176685196914,8.3366646919103e-13,205224944.75550002,2126814.7431,2126814.7431,-8.3366646919103e-13,-8.3366646919103e-13,0.000005636018782780978,1.0000056360187828,0,1.00015212539469,411.9223658187466,6.685143150224697,0.0000442048,0.00001761766859081151
2022-03-02T11:00:00.000Z,0.01907182664261487,1.002540874504954,0.000011336506339763833,0.00003572648234781408,0.00001811435769827341,205972447.2537,4315322.7144,2188507.9713,0.0025227601472557204,0.0025227601472557204,0.0025522110112937576,1.0025522110112937,-0.0000011942324987801456,1.0011268648736493,413.60025890072586,6.729474823950514,0.0000441247,0.000018062918612737737
2022-03-02T12:00:00.000Z,0.01907182664261487,0.9997566786089948,0.000017026835497020373,0.00005258618498279603,0.000034844695877334075,203987470.04950002,6338855.0197,2023532.3053,-0.0002781660868825808,-0.0002781660868825808,-0.00022629455550822637,0.9997737054444917,-8.155961483957697e-7,0.998597711348436,412.33407241310414,6.7245762027034095,0.0000444334,0.000016863805008098
2022-03-02T13:00:00.000Z,0.01907182664261487,0.9991100455440974,0.00002298301546947937,0.0000947769943125485,0.00007909404585171309,202429111.50140002,11367240.767,5028385.7473,-0.0009690485017542771,-0.0009690485017542771,-0.0008669714404330847,0.9991330285595669,-4.229847666570308e-7,1.000102366914921,411.14486196591423,6.790274363629105,0.000044708100000000007,0.00004222839149472273
2022-03-02T14:00:00.000Z,0.01907182664261487,0.9931462928786944,0.00002840200324702764,0.00012637578792065875,0.00010838500484389169,199195804.6703,15095349.189600002,3728108.4226,-0.0069620921261495106,-0.0069620921261495106,-0.006825305118058591,0.9931746948819414,-0.00003682741239785514,1.0017495725894467,405.55888870829193,6.687796903854113,0.000045205099999999985,0.000031816856428829
2022-03-02T15:00:00.000Z,0.01907182664261487,1.0010057649153088,0.00003479459701419176,0.00015832338235187044,0.00014428243076358704,199792662.9415,18846220.8845,3750871.6949,0.0008614824845452063,0.0008614824845452063,0.001040559512322985,1.001040559512323,-1.1857949733240503e-7,1.0005263741818033,412.4780534035005,6.804777966010168,0.00004542930000000002,0.00003191549573167788
2022-03-02T16:00:00.000Z,0.01907182664261487,0.9972509611893753,0.00004037587013205999,0.00018960524797356437,0.00017839079083292742,199156686.97980002,22521024.7564,3674803.8719,-0.002927429601457643,-0.002927429601457643,-0.0027086629404926552,0.9972913370595073,-0.000010645661933650352,1.0018363476681955,408.82569985631187,6.754346879045401,0.00004532869999999999,0.000031368098540741615
2022-03-02T17:00:00.000Z,0.01907182664261487,0.9980825138710325,0.00004652694559630174,0.00021741914794686247,0.00019972387964251048,199327090.46620002,25788504.0434,3267479.287,-0.002117210008609982,-0.002117210008609982,-0.00187095918337117,0.9981290408166288,-0.00000407230353516308,1.0008869330925145,409.87882367795777,6.798515108326169,0.00004540369999999997,0.00002786733491623365
2022-03-02T18:00:00.000Z,0.01907182664261487,0.9970850355480618,0.00005233777129781034,0.0002301169221917691,0.0002182114301385596,199127884.0389,27280194.052500002,1491690.0091,-0.003133175882076733,-0.003133175882076733,-0.002862626680640363,0.9971373733193596,-0.0000070574515192989296,1.0007713081991036,409.09189499260714,6.788628419407071,0.00004540370000000006,0.000012734896610334152
2022-03-02T19:00:00.000Z,0.01907182664261487,0.9930275904952776,0.0000577703348340158,0.00024310570581068472,0.00022539573965929538,198321441.9268,28806100.611800004,1525906.5593,-0.007197805244381739,-0.007197805244381739,-0.006914639169888427,0.9930853608301116,-0.000018006395910763473,0.9989299632169346,406.51057921537205,6.744578915239107,0.00004487370000000004,0.000013079983311978212
2022-03-02T20:00:00.000Z,0.01907182664261487,0.9936902391018048,0.00006386879677776676,0.0002550888949477632,0.0002377622908377175,197992732.02150002,30210600.536500003,1404499.9247,-0.0065475231890329555,-0.0065475231890329555,-0.006245892101417471,0.9937541078985825,-0.000020066590134315554,0.9999181932912787,406.64099438557895,6.770486150045438,0.00004551039999999996,0.000012059280396871968
2022-03-02T21:00:00.000Z,0.01907182664261487,0.9945197878856575,0.00006978171100633203,0.00026203140602474657,0.00024360208669338412,198139345.6365,31024226.7884,813626.2519,-0.005723814201035848,-0.005723814201035848,-0.005410430403336133,0.9945895695966639,-0.000014039569405377428,0.9997109038776688,407.40005339442126,6.775862294680891,0.000045363199999999966,0.000006980767115116595
2022-03-02T22:00:00.000Z,0.01907182664261487,0.9965896318726418,0.00007586703408355397,0.0002706010948359552,0.0002532104670360802,198541219.2836,32028496.758700002,1004269.9703,-0.0036635785943942567,-0.0036635785943942567,-0.0033345010932746225,0.9966654989067254,-0.00000703686286795957,1.0002333425772647,408.87647189436217,6.794047452094302,0.00004551839999999995,0.00000859901513484371
2022-03-02T23:00:00.000Z,0.01907182664261487,0.9972692750539477,0.00008229243041127311,0.000279143709282062,0.0002615716534365431,198689685.5483,33029659.777500004,1001163.0188,-0.002992296599488853,-0.002992296599488853,-0.002648432515641037,0.9973515674843589,-0.000004168590911235448,1.0000427551317828,409.50564724494734,6.837904465212237,0.00004551490000000009,0.000008566006470156005
2022-03-03T00:00:00.000Z,0.01907182664261487,0.9962749375919122,0.0000881309048275984,0.0002853343269439389,0.0002675057607113285,198495730.9684,33755192.5661,725532.7886,-0.0039925681687991155,-0.0039925681687991155,-0.0036369315032601887,0.9963630684967398,-0.000007110896102502373,0.9999227473889846,408.7334160533389,6.830380518868946,0.00004551410000000004,0.000006213764571170324
2022-03-03T01:00:00.000Z,0.01907182664261487,0.9973400798683363,0.00009440344605206101,0.00030504894661735117,0.0002891113341403351,198709527.06550002,36065740.1074,2310547.5413,-0.002949031465804053,-0.002949031465804053,-0.0025655166856116567,0.9974344833143883,-0.000003900813879131881,0.9999918693804585,409.562028978946,6.855325880543845,0.00004551410000000004,0.000019767199279354373
2022-03-03T02:00:00.000Z,0.01907182664261487,0.995901739571323,0.00010005508112889503,0.00032051787062370836,0.00030302814315397164,198504699.3841,37879440.3472,1813700.2398,-0.004401288571830975,-0.004401288571830975,-0.003998205347548108,0.9960017946524519,-0.000010501106055604836,1.00032400064816,408.23421221936894,6.8350626840408895,0.00004549560000000003,0.000015532581431202975
2022-03-03T03:00:00.000Z,0.01907182664261487,0.9943431838179901,0.00010566029464630805,0.00033555337783369883,0.00031718215668352645,198108192.1622,39641559.6889,1762119.3417,-0.005973998338693387,-0.005973998338693387,-0.005551155887363553,0.9944488441126365,-0.000017664908319448003,1.0001041379590512,407.03494930944174,6.813904198979619,0.000045515799999999934,0.000015121044961317733
2022-03-03T04:00:00.000Z,0.01907182664261487,0.9906809200145051,0.00011054962258039916,0.0003512129380976276,0.00033305270495909145,197184468.6748,41475011.674,1833451.9851,-0.009652132690453952,-0.009652132690453952,-0.009208530362914462,0.9907914696370855,-0.00004384825536629666,0.9998179265647004,404.1439272348392,6.751210929188654,0.00004552330000000005,0.000015806865498166555
2022-03-03T05:00:00.000Z,0.01907182664261487,0.9920294002267398,0.00011619199530695502,0.00036870670268116993,0.00035369486476244383,197453991.39020002,43523227.5189,2048215.8449,-0.008324294638022645,-0.008324294638022645,-0.007854407777953246,0.9921455922220468,-0.00003292718738379108,0.9999081651615954,405.19181889194977,6.738218872939047,0.00004556149999999992,0.000017634320338701523
2022-03-03T06:00:00.000Z,0.01907182664261487,0.9940086748419912,0.00012239691419483798,0.00038163150222888224,0.0003649955490158119,197849922.1905,45036512.0352,1513284.5163,-0.006356320707024632,-0.006356320707024632,-0.005868928243813982,0.994131071756186,-0.000025429560372214333,1.000907550924357,406.3954325253809,6.75753225972874,0.000045561399999999946,0.000013002702499084054
2022-03-03T07:00:00.000Z,0.01907182664261487,0.9938104202955876,0.00012816515430102873,0.00041631565966392814,0.0003998779823300991,197828566.5521,49097836.4729,4061324.4377,-0.0065894576867424615,-0.0065894576867424615,-0.0060614145501113334,0.9939385854498887,-0.000022056708959605764,1.0001827208234173,406.4991267580143,6.7523454361535205,0.000045521099999999756,0.0000349001747544468
2022-03-03T08:00:00.000Z,0.01907182664261487,0.9948809041310234,0.00013397686105521048,0.000433122300662825,0.0004168552197677533,198042155.1264,51065806.7381,1967970.2652,-0.005535951088744384,-0.005535951088744384,-0.00498511900792142,0.9950148809920786,-0.000019297940899942745,1.000813721811613,407.1049275696637,6.750047369572791,0.000045483300000000134,0.00001689311777436834
2022-03-03T09:00:00.000Z,0.01907182664261487,0.9938699108289223,0.00013981516055439246,0.0004505437963736705,0.00043381918473406333,197888654.5843,53106265.654,2040458.9159,-0.006563908355811776,-0.006563908355811776,-0.00599027401052332,0.9940097259894767,-0.000022034286824901272,1.0002050667612417,406.5109541605519,6.751886566097336,0.000045055199999999975,0.00001752894911695056
2022-03-03T10:00:00.000Z,0.01907182664261487,0.9923962084492313,0.00014568806110389735,0.0004701182476571728,0.00045378217201319515,191707800.1467,55330575.8782,2224310.2242,-0.00805757372278193,-0.00805757372278193,-0.007458103489664837,0.9925418965103352,-0.000021142970463183808,0.9985657533196424,405.954817442389,6.744458137918855,0.000046853499999999934,0.000019724431547628347
2022-03-03T11:00:00.000Z,0.01907182664261487,0.9946966819442633,0.0001516135504301245,0.00048734718848468647,0.00047080972164048607,192158260.9416,57288419.6485,1957843.7703,-0.00577412777737718,-0.00577412777737718,-0.00515170450530657,0.9948482954946934,-0.000018504144144726453,1.0004448409244175,407.05998013481025,6.745769664055239,0.00004583729999999994,0.00001732079793603843
2022-03-03T12:00:00.000Z,0.01907182664261487,0.9949379862435747,0.0001576425974320542,0.0005076199852156308,0.0004898253006773157,198211471.0464,59664152.0845,2375732.436,-0.005551839057102659,-0.005551839057102659,-0.004904371158993289,0.9950956288410067,-0.000013658843006192356,0.9998114859249907,407.49999858020584,6.756227425559784,0.000044965799999999996,0.000020375940503738837
2022-03-03T13:00:00.000Z,0.01907182664261487,0.9986219892879843,0.00016329862317486843,0.0005303869134260417,0.0005146098144115374,198949500.4654,62332222.2869,2668070.2024,-0.0018926205264272467,-0.0018926205264272467,-0.0012147120888408409,0.9987852879111592,-0.0000014340420362302098,0.999951244102529,410.44705447445324,6.7481092475187525,0.00004541960000000001,0.000022798344974325894
2022-03-03T14:00:00.000Z,0.01907182664261487,1.0001657674843767,0.00017011703995312245,0.0005490348076916792,0.0005341584668352439,199263292.21539998,64517648.8332,2185426.5463,-0.00036839098245855517,-0.00036839098245855517,0.0003358845243298112,1.0003358845243298,-1.9213757029845624e-8,0.9999796845484493,411.68990610985634,6.786908946468576,0.00004542299999999998,0.000018644804506662016
2022-03-03T15:00:00.000Z,0.01907182664261487,0.9962091398758184,0.00017464573816929906,0.0005723462308311887,0.0005553175665291565,199313561.6145,67261156.5349,2743507.7017,-0.004346177690710773,-0.004346177690710773,-0.0036162143860123176,0.9963837856139877,-0.000008784526352445532,0.9999880248473918,408.416582325638,6.737474429509989,0.00004488699999999984,0.000023400129198989228
2022-03-03T16:00:00.000Z,0.01907182664261487,0.9885028369955615,0.0001771394468097925,0.0006043637864440735,0.0005834875072059376,197282856.3763,71019969.26699999,3758812.7321,-0.01208065051164442,-0.01208065051164442,-0.01132002355762869,0.9886799764423713,-0.00006819594109441773,0.9996769767483484,402.22098805168025,6.613071193309537,0.00004534000000000042,0.00003238994893900797
2022-03-03T17:00:00.000Z,0.01907182664261487,0.9877467530958189,0.00018143651906552303,0.0006322687810901474,0.0006104156061077504,197134209.225,74296010.84229998,3276041.5753,-0.01286366251028881,-0.01286366251028881,-0.012071810385115535,0.9879281896148845,-0.00008520802394484939,1.000259844980381,401.3496409541862,6.561667120709327,0.00004534009999999986,0.00002825116300161525
2022-03-03T18:00:00.000Z,0.01907182664261487,0.9873617386215372,0.00018691640310017688,0.0006530332933771396,0.000640768521091517,197057368.1484,76733761.13039999,2437750.2881,-0.013279029899554318,-0.013279029899554318,-0.012451344975362624,0.9875486550246374,-0.00008373219071744487,0.9997254214221785,401.22632117609686,6.554859954438619,0.00004534010000000004,0.000021030299596050134
2022-03-03T19:00:00.000Z,0.01907182664261487,0.9877805199632368,0.00019251715466500253,0.0006647901666833635,0.0006430165988637881,197307127.9601,78115179.43279998,1381418.3024,-0.012862496635626997,-0.012862496635626997,-0.012026962882098206,0.9879730371179017,-0.00008195892950568773,1.0000096573201445,401.4510009918777,6.552728149344497,0.000045302299999999886,0.000011902312594377746
2022-03-03T20:00:00.000Z,0.01907182664261487,0.986364063692827,0.00019818419441510883,0.0006718365925149918,0.0006489587838778288,197030473.6165,78943152.28509998,827972.8523,-0.014284895091050798,-0.014284895091050798,-0.01343775211275786,0.9865622478872421,-0.00009325518536418276,0.9994217853367213,400.53036528133526,6.553383130781391,0.00004518780000000025,0.0000071438383265000014
2022-03-03T21:00:00.000Z,0.01907182664261487,0.9842270215817551,0.0002030200545626454,0.0006790386291945625,0.0006565398972054881,196604339.4321,79789413.07139999,846260.7863,-0.016429518315450364,-0.016429518315450364,-0.01556995836368223,0.9844300416363178,-0.0001330965653929539,0.9999024700448912,398.5976804411922,6.527279038817865,0.000045187699999999927,0.000007317454644518949
2022-03-03T22:00:00.000Z,0.01907182664261487,0.9847900304732168,0.00020853730301447846,0.0006883861758056689,0.0006643874869809441,196720033.8491,80887795.67899999,1098382.6076,-0.015874357013764162,-0.015874357013764162,-0.01500143222376874,0.9849985677762313,-0.0001265843056417193,1.0000625240329615,398.9839069526058,6.523459714812316,0.000045300599999999984,0.00000949191801355794
2022-03-03T23:00:00.000Z,0.01907182664261487,0.9883459934706189,0.00021578725112198331,0.0006998374898413381,0.0006793192914253954,197430918.5519,82233385.0665,1345589.3875,-0.012333325820806484,-0.012333325820806484,-0.011438219278259106,0.988561780721741,-0.00007423138447093525,0.999927010803926,401.91474132157794,6.5726177111617865,0.00004530050000000001,0.000011586341063133272
2022-03-04T00:00:00.000Z,0.01907182664261487,0.9884494474518394,0.00022113924131570564,0.0007137850160927607,0.0006974982493453963,197452080.9052,83872296.6765,1638911.61,-0.012248050797506016,-0.012248050797506016,-0.011329413306844914,0.9886705866931551,-0.00005968032263570233,0.9987547149653747,402.45597876744785,6.562927605208932,0.00004530050000000001,0.000014110510885614199
2022-03-04T01:00:00.000Z,0.01907182664261487,0.97857866841983,0.00022157332198639493,0.0007344991844789643,0.000712258327884796,195486170.7778,86306399.173,2434102.4965,-0.022133589908054807,-0.022133589908054807,-0.021199758258183616,0.9788002417418163,-0.0002786336304341219,1.0013801020281035,393.40650290596665,6.411688663719457,0.00004522399999999995,0.000021167606013181574
2022-03-04T02:00:00.000Z,0.01907182664261487,0.9749330434119191,0.00022679854058389525,0.0007611097742508039,0.0007315789873272305,194565298.4451,89430292.25119999,3123893.0782,-0.02579853557540812,-0.02579853557540812,-0.024840158047496997,0.975159841952503,-0.00033417771568511334,0.9998711393104928,391.0524026497715,6.4029222679294095,0.00004527000000000003,0.000027294786251097513
2022-03-04T03:00:00.000Z,0.01907182664261487,0.9797637991520641,0.0002337132637080809,0.0007762374174553049,0.0007514392558968241,195531378.2466,91206187.82209998,1775895.5709,-0.020987640103832694,-0.020987640103832694,-0.02000248758422779,0.9799975124157723,-0.00024295184218370292,1.000987044001212,394.4839411954929,6.440880530246666,0.000045345400000000035,0.000015440092007751683
2022-03-04T04:00:00.000Z,0.01907182664261487,0.9803457542306961,0.00023858162081398764,0.0007973537095847201,0.0007708672996746824,198125296.4635,93716509.69479999,2510321.8727,-0.02042511306897854,-0.02042511306897854,-0.01941566414848987,0.9805843358515102,-0.00024431846951089575,1.001624225590365,394.6861627537358,6.424243597221365,0.00004466169999999994,0.000021539638096522403
2022-03-04T05:00:00.000Z,0.01907182664261487,0.9807687607563131,0.0002440431074896702,0.000816494992005602,0.0007900179298361287,198204393.2284,95991967.39279999,2275457.698,-0.02002125717352299,-0.02002125717352299,-0.01898719613619719,0.9810128038638029,-0.00022878267473702696,1.0013214041721756,395.1311297905696,6.424079876896138,0.000044626299999999854,0.000019516611229411073
2022-03-04T06:00:00.000Z,0.01907182664261487,0.9781546725317627,0.00024871748164086025,0.0008317387692840778,0.0008048078034573747,197678708.3616,97804125.33249998,1812157.9397,-0.022650135271694682,-0.022650135271694682,-0.021596609986596446,0.9784033900134036,-0.00026314572950969506,1.0001850998517183,393.46052699720445,6.403424148304259,0.00004470060000000015,0.000015584220086336995
2022-03-04T07:00:00.000Z,0.01907182664261487,0.9791846147406764,0.00025434912654350225,0.0008463332805537937,0.0008186945266637213,198170095.85070002,99541582.67029998,1737457.3378,-0.021634079785987304,-0.021634079785987304,-0.02056103613278008,0.97943896386722,-0.00022355448568911473,0.9994276716187256,394.5778465245535,6.408767245159191,0.00004437739999999989,0.000014904758770895888
2022-03-04T08:00:00.000Z,0.01907182664261487,0.978959334534802,0.0002575670047675521,0.0008711490378849408,0.0008439724047286656,193925142.1858,102433248.41829997,2891665.748,-0.02188463786992667,-0.02188463786992667,-0.020783098460430454,0.9792169015395695,-0.00026293184944625736,1.0009591456900044,393.772373261383,6.351670509625882,0.00004527000000000003,0.00002534912036774548
