query_ts,assumedLPToken,equityValue,totalDexYield,totalTradingfee,newTotalTradingFee,liquidity,totalVolume,volume,priceImpact,priceEffect,totalReturn,totalEquityVal,impermanentLoss,tokenPrice,quoteTokenPrice,rewardPrice,rewardTokenPerLP,feePerDollar
2021-11-08T10:00:00.000Z,0.01647797528903555,1,0.000013700076405558854,0.00004260850462835385,6.380451722520775e-13,296348254.1357,7427621.2064,7427621.2064,-6.380451722520775e-13,-6.380451722520775e-13,0.000013700076405558854,1.0000137000764056,0,1.0005606546811698,637.700183870564,20.19410275408243,0.0000411713,0.0000426085049419526
2021-11-08T11:00:00.000Z,0.01647797528903555,1.0038580585901438,0.000027333167082271444,0.00009653169008320536,0.00005524252082000913,297461371.44750005,16826691.231799997,9399070.0254,0.0038028160693237556,0.0038028160693237556,0.003885391757226036,1.0038853917572261,-0.000008632794631591167,1.0002009182179066,642.790624583943,20.151879985332943,0.0000411421,0.00005371594626026957
2021-11-08T12:00:00.000Z,0.01647797528903555,1.0043961434359017,0.000040725165842403836,0.00013103887725498625,0.00009104373983026548,297626644.21449995,22841577.426,6014886.1942,0.004305099696071402,0.004305099696071402,0.004436868601744071,1.004436868601744,-0.000008803028982207195,1.0006606022143585,643.1384845814794,20.069599433314846,0.00004083259999999999,0.00003435615301555665
2021-11-08T13:00:00.000Z,0.01647797528903555,1.0024089678744088,0.00005401235589580372,0.0001725622380030609,0.0001297688635502059,299458641.1643,30138428.6071,7296851.1811,0.0022791990108586013,0.0022791990108586013,0.002462980230304611,1.0024629802303047,-0.000005499147238796631,0.9995208427208352,641.2768214895377,19.984047962525413,0.000040877400000000016,0.00004142357341782001
2021-11-08T14:00:00.000Z,0.01647797528903555,1.0031858827358058,0.00006733500213750815,0.00021473718403239482,0.0001728434007168822,298599485.04270005,37522795.302499995,7384366.6954,0.003013039335088896,0.003013039335088896,0.0032532177379432864,1.0032532177379432,-0.000009579224794054042,0.999192279093243,642.4273940263249,19.97506919495747,0.000040549799999999996,0.000042041008143014196
2021-11-08T15:00:00.000Z,0.01647797528903555,1.0076810945983004,0.00008082956344861991,0.00026255271072631107,0.00022079920707640532,298996797.7701,45868508.2763,8345712.9738,0.007460295391223948,0.007460295391223948,0.007761924161748973,1.007761924161749,-0.00004159727607455643,0.998872475869572,648.3444472567234,20.130787204631424,0.00003909880000000001,0.00004745105018271465
2021-11-08T16:00:00.000Z,0.01647797528903555,1.01000739240642,0.00009447327927057642,0.0002988661080902342,0.0002585077416570325,300693943.23030007,52227936.8126,6359428.5363,0.009748884664762869,0.009748884664762869,0.010101865685690478,1.0101018656856904,-0.000045545380025546756,1.0007180971022898,650.0922277207983,20.138571414169935,0.000041020800000000005,0.0000359535958575324
2021-11-08T17:00:00.000Z,0.01647797528903555,1.007049249534318,0.00010752172076740202,0.00032976519045945884,0.0002885130188290397,298907122.9094,57622822.0247,5394885.2121,0.006760736515488919,0.006760736515488919,0.00715677125508536,1.0071567712550853,-0.00003074723796925305,0.9994566886152456,647.0659159683931,20.06169898702185,0.000040562700000000004,0.00003068279126740604
2021-11-08T18:00:00.000Z,0.01647797528903555,1.0094225348030872,0.00012078862444801098,0.0003558966936471167,0.0003172564983511261,299618599.09070003,62185409.9823,4562587.9576,0.009105278304736064,0.009105278304736064,0.009543323427535201,1.0095433234275353,-0.00003994412866226149,1.0006866364961329,649.2841762361774,20.01749181012582,0.000040939600000000004,0.000025887576910978067
2021-11-08T19:00:00.000Z,0.01647797528903555,1.0078382534968897,0.00013364093870062643,0.0003806756038809716,0.0003390305843486985,299145637.7269,66511794.388,4326384.4057,0.007499222912541015,0.007499222912541015,0.00797189443559034,1.0079718944355904,-0.0000401091149357935,0.9990755559634703,648.262753459231,19.982646190632384,0.00003967090000000001,0.000024586196695284888
2021-11-08T20:00:00.000Z,0.01647797528903555,1.0047801829228657,0.0001466590351067414,0.00040220366005552425,0.0003594165671836347,298312609.18889993,70271522.5976,3759728.2096,0.004420766355682115,0.004420766355682115,0.004926841957972492,1.0049268419579724,-0.000022133983458294537,0.998319455694998,644.7951981818452,19.93863318706882,0.00004051899999999999,0.000021425637936319007
2021-11-08T21:00:00.000Z,0.01647797528903555,1.0081101740304923,0.00016058501425264727,0.0004261096940389758,0.0003864011494603137,299305379.17560005,74446605.8144,4175083.2168,0.007723772881031987,0.007723772881031987,0.008270759044744948,1.008270759044745,-0.000026806923061450938,1.0009328001852846,647.3483569218199,19.9897555528835,0.000041136400000000035,0.000023713711688408616
2021-11-08T22:00:00.000Z,0.01647797528903555,1.0081634882015151,0.00017343302164441027,0.00044371882465869014,0.00040211794675437673,299364281.8473,77522405.1037,3075799.2893,0.007761370254760758,0.007761370254760758,0.008336921223159545,1.0083369212231597,-0.000041442354432374984,0.9991879720434835,648.5271758527372,19.99762407801821,0.000038798200000000004,0.000017466541965340877
2021-11-08T23:00:00.000Z,0.01647797528903555,1.0102500925513858,0.00018723698541800297,0.00046196010973120294,0.0004211611097679757,299997576.5539,80708768.97299999,3186363.8693,0.009828931441617783,0.009828931441617783,0.010437329536803762,1.0104373295368037,-0.000052895718292700344,1.0000557177053608,650.6259545337836,20.03536971658327,0.000040820599999999966,0.000018056207786854473
2021-11-09T00:00:00.000Z,0.01647797528903555,1.012991055059946,0.00020140866414254847,0.000481179278599446,0.0004421222308002015,300847092.3888,84066345.19889998,3357576.2259,0.01254893282914571,0.01254893282914571,0.013192463724088459,1.0131924637240886,-0.0000843359131529331,1.0000435178695495,654.1436118977864,20.094697562182386,0.000041124799999999956,0.000018972693200083903
2021-11-09T01:00:00.000Z,0.01647797528903555,1.0134064368274935,0.00021514245043909936,0.0005049979760182706,0.0004674567630877924,300876949.7866,88226163.40119998,4159818.2023,0.012938980064405747,0.012938980064405747,0.013621579277932639,1.0136215792779326,-0.00010936601105127064,0.9986271616969414,655.5761674458943,20.12007358941568,0.00004065730000000004,0.000023503598228198165
2021-11-09T02:00:00.000Z,0.01647797528903555,1.0111105813289727,0.00022781649952130728,0.0005304201501558639,0.0004899733025658382,300237459.85230005,92666644.26729998,4440480.8661,0.010620608026406853,0.010620608026406853,0.011338397828493997,1.011338397828494,-0.00006430329831530468,0.9997843376639196,651.8233801601908,20.0353903871934,0.00004113239999999996,0.000025142823537354712
2021-11-09T03:00:00.000Z,0.01647797528903555,1.0088515290339832,0.00024061690243833863,0.0005629790227244074,0.0005241119597148014,300272549.6671001,98367090.08789998,5700445.8206,0.008327417074268428,0.008327417074268428,0.009092145936421568,1.0090921459364215,-0.00004308854131929163,0.9995701974863053,649.0076506497759,19.972423613500318,0.000041070099999999985,0.00003227320614476331
2021-11-09T04:00:00.000Z,0.01647797528903555,1.0089135306852386,0.00025351835805932773,0.0005981687951923588,0.0005618648408454163,300295163.0249,104528242.07259998,6161151.9847,0.008351665844393175,0.008351665844393175,0.009167049043297919,1.009167049043298,-0.00003800089977745724,1.0001594547992552,648.6564764322104,19.924096532013248,0.000041070100000000086,0.000034878878062786225
2021-11-09T05:00:00.000Z,0.01647797528903555,1.0054545043875482,0.00026746606012218377,0.0006378013428797647,0.0005963684874557007,299170367.03230006,111465042.83809997,6936800.7655,0.004858135900092542,0.004858135900092542,0.005721970447670427,1.0057219704476705,-0.000020854249878854425,0.9989491554109212,644.9500570197065,19.979484582845892,0.00004022499999999991,0.00003941754465299971
2021-11-09T06:00:00.000Z,0.01647797528903555,1.007749165010408,0.00028147913712316455,0.000663285826833116,0.0006233732847793494,299778862.6883,115924433.02129997,4459390.1832,0.007125791725628661,0.007125791725628661,0.008030644147531175,1.008030644147531,-0.000030794777823195396,0.9998130362403354,647.3044672892948,20.014028469375884,0.00004108860000000001,0.000025288518488117792
2021-11-09T07:00:00.000Z,0.01647797528903555,1.006560133172594,0.00029369660700463327,0.0006903239861205197,0.000648828368607246,300398362.97449994,120671070.27089997,4746637.2496,0.005911304803986717,0.005911304803986717,0.006853829779598596,1.0068538297795986,-0.000023989875523322546,0.9995276997613592,645.9285889303274,19.926505706137032,0.00004095770000000003,0.00002686194173769509
2021-11-09T08:00:00.000Z,0.01647797528903555,1.0065696630184577,0.00030721194634122624,0.0007193110532182713,0.0006768933326948279,300402103.7264999,125759859.64929996,5088789.3784,0.005892769685762911,0.005892769685762911,0.0068768749647989645,1.006876874964799,-0.000019195052247344968,1.0002399771723458,645.4448321270123,19.930837970419,0.000040958199999999916,0.000028797874036049427
2021-11-09T09:00:00.000Z,0.01647797528903555,1.0070584887021066,0.00032147233869977325,0.0007477399074817388,0.0007059663323296661,300587994.79889995,130751317.12309997,4991457.4738,0.006352522369776903,0.006352522369776903,0.007379961040806342,1.0073799610408063,-0.000026669228163078706,0.9995896126216568,646.4553108866976,19.981913687765765,0.00004091919999999993,0.000028229596165798216
2021-11-09T10:00:00.000Z,0.01647797528903555,1.0084529099003956,0.0003354973265772488,0.0007794984975200149,0.0007389387366565359,301015607.5116,136327611.34559998,5576294.2225,0.007713971163739064,0.007713971163739064,0.008788407226972848,1.0087884072269728,-0.00003209550195548694,1.0002328592995071,647.7887552820712,20.01418164482929,0.00004095250000000001,0.000031492387576231196
2021-11-09T11:00:00.000Z,0.01647797528903555,1.0060332024512149,0.00034779205210182414,0.0008122689308132944,0.0007694064485090912,300330732.6642,142082285.2408,5754673.8952,0.005263796002705767,0.005263796002705767,0.006380994503316683,1.0063809945033166,-0.00002384165720314968,0.9989057082080732,645.4989679852241,19.945503850004467,0.00004091130000000002,0.00003257390788833561
2021-11-09T12:00:00.000Z,0.01647797528903555,1.004324295227154,0.000359693948244882,0.0008442056115128992,0.0008032431579267918,299814081.6406,147690426.0987,5608140.8579,0.0035210520692272596,0.0035210520692272596,0.004683989175398934,1.004683989175399,-0.000008390396933011246,0.9999789144250173,642.5724418554315,19.869470297615724,0.0000404012000000001,0.00003179917169420555
2021-11-09T13:00:00.000Z,0.01647797528903555,1.0035114106989576,0.0003724496812645747,0.0008752171610068642,0.000830565282934348,299614464.0056,153136894.72559997,5446468.6269,0.002680845416023203,0.002680845416023203,0.0038838603802221257,1.003883860380222,-0.000007938593161394003,0.9992534028779823,641.9626548052597,19.84322423810148,0.000040464299999999964,0.000030903036328569715
2021-11-09T14:00:00.000Z,0.01647797528903555,1.0068761660238057,0.0003888275831476248,0.0009130880895510575,0.0008713855468394094,300460124.4574,159784539.62809998,6647644.9025,0.006004780476966287,0.006004780476966287,0.007264993606953322,1.0072649936069533,-0.000028482050986267105,0.9990002750363048,646.3897251060018,20.031407570632346,0.0000389174999999999,0.00003761229998376135
2021-11-09T15:00:00.000Z,0.01647797528903555,1.0059386002611828,0.0004013498298268803,0.0009556011603377274,0.0009128743838067166,300204636.2523,167247643.34829998,7463103.7202,0.005025725877376042,0.005025725877376042,0.006339950091009639,1.0063399500910097,-0.00001742073243549136,0.99967098202534,644.699353474892,20.00689676951365,0.00003942700000000001,0.00004226209322655921
2021-11-09T16:00:00.000Z,0.01647797528903555,1.0026419964316151,0.00041102134468070235,0.0010199063847522998,0.0009754258063727761,299232829.1506,178536778.81409997,11289135.4658,0.0016665706252423362,0.0016665706252423362,0.003053017776295815,1.0030530177762957,-0.000004513195745792231,0.9992215831230274,640.6849420996164,19.85435083843643,0.00003891580000000007,0.00006413577797040829
2021-11-09T17:00:00.000Z,0.01647797528903555,1.003798751587131,0.0004240852692781367,0.0010580466985321134,0.001017857175993564,299625498.1147,185233580.89639997,6696802.0823,0.00278089441113738,0.00278089441113738,0.004222836856409081,1.004222836856409,-0.000005096870841270196,1.0001447721929917,641.51851601971,19.850149808634246,0.000040205699999999994,0.00003799597701645492
2021-11-09T18:00:00.000Z,0.01647797528903555,0.9993548186893967,0.0004343737950289433,0.001091217778964368,0.0010430741823185263,298392973.7705,191059702.84469998,5826121.9483,-0.0016882554929218418,-0.0016882554929218418,-0.00021080751557437223,0.9997891924844257,-5.226812316294627e-10,0.9989037487597076,636.6030000101796,19.72389248716085,0.00003995549999999991,0.000033192495074390314
2021-11-09T19:00:00.000Z,0.01647797528903555,1.0003797933104677,0.0004484343082259361,0.0011123301469041016,0.0010655409084820988,298313480.34089994,194763063.5064,3703360.6617,-0.0006857475980144301,-0.0006857475980144301,0.0008282276186936048,1.0008282276186935,-1.2530807147470568e-7,1.0003752009031426,636.9439384813647,19.761704328169927,0.00004062180000000005,0.000021104353439527865
2021-11-09T20:00:00.000Z,0.01647797528903555,0.9974806077062401,0.00046089873602421554,0.0011347317335046766,0.001084986005852162,297483869.3767,198693029.801,3929966.2946,-0.003604378299612021,-0.003604378299612021,-0.0020584935577356435,0.9979415064422643,-0.0000016728972981328027,0.9987795058682573,634.2404868585228,19.72528955054516,0.00004089049999999995,0.000022458167949805736
2021-11-09T21:00:00.000Z,0.01647797528903555,0.9984567906503045,0.0004748382229723338,0.0011530922021246574,0.001105043020680263,297795727.70350003,201914276.8916,3221247.0906,-0.002648252370375803,-0.002648252370375803,-0.0010683711267232064,0.9989316288732768,-0.0000012965757368865738,0.9995191753944732,634.9880304819524,19.75230928497349,0.000040888000000000026,0.00001838884693292945
2021-11-09T22:00:00.000Z,0.01647797528903555,0.999484948110944,0.00048803812703326487,0.0011751672595191073,0.001127505543911722,298105685.8108,205787271.76160002,3872994.87,-0.0016425574329677062,-0.0016425574329677062,-0.000027013762022719224,0.9999729862379773,-0.0000014788131852405684,1.0006365683405185,635.5587654726518,19.747926715557362,0.0000408881999999999,0.000022086433075210626
2021-11-09T23:00:00.000Z,0.01647797528903555,0.9991879246095977,0.0005009433106261635,0.0011919615839211344,0.001144483170426036,298040385.7061,208734009.8422,2946738.0806,-0.0019565585608283254,-0.0019565585608283254,-0.0003111320797761258,0.9996888679202238,-0.0000021213714402890105,1.0006620352719613,635.1428744782337,19.731774537630795,0.00004091890000000023,0.00001680797293679476
2021-11-10T00:00:00.000Z,0.01647797528903555,0.9993246034331152,0.0005147685363929165,0.0012173952217861361,0.0011697094083397142,298100689.3435,213196897.5458,4462887.7036,-0.0018451059752244703,-0.0018451059752244703,-0.00016062803049183964,0.9998393719695081,-0.0000010530862399882324,1.000164967355998,635.6004641512295,19.751361934840734,0.000040950799999999574,0.000025450827077349156
2021-11-10T01:00:00.000Z,0.01647797528903555,0.9936778059052864,0.0005235767802350432,0.0012496293744302413,0.0011973949308851095,296368126.0074,218852166.2681,5655268.7223,-0.007519589025598683,-0.007519589025598683,-0.005798617314478531,0.9942013826855215,-0.00001889947162303507,0.9991609790135887,629.025694138445,19.58346925280151,0.00004085560000000029,0.000032439240202470184
2021-11-10T02:00:00.000Z,0.01647797528903555,0.9964461747009885,0.0005366053005958572,0.00129204518231997,0.0012457883266757674,297201529.7216,226293932.4458,7441766.1777,-0.00479961362568726,-0.00479961362568726,-0.0030172199984156356,0.9969827800015844,-0.000016405114021234013,1.0014784811480766,631.0146077550158,19.57699161250204,0.000040924199999999977,0.00004256708407234874
2021-11-10T03:00:00.000Z,0.01647797528903555,0.9987173296717083,0.0005511018804103028,0.0013287595267220185,0.001280053998616082,297749353.1917,232732586.5199,6438654.0741,-0.0025627243269077393,-0.0025627243269077393,-0.0007315684478813545,0.9992684315521186,-9.55837251570557e-7,0.9993773115267385,635.1870955786444,19.631126465456276,0.00004022720000000012,0.000036761496905495615
2021-11-10T04:00:00.000Z,0.01647797528903555,0.9922727879122337,0.0005585076886063163,0.001361351292624834,0.0013054139561812228,296015215.8293,238451874.0228,5719287.5029,-0.0090326260439475,-0.0090326260439475,-0.007168704399159962,0.99283129560084,-0.000023269912288736982,0.9983103355765427,627.6436051598913,19.42829964039356,0.000040918899999999816,0.00003284557088625045
2021-11-10T05:00:00.000Z,0.01647797528903555,0.9951023938717666,0.0005722985316957203,0.0014026660339667618,0.0013518711656276272,296779214.07049996,245699934.7959,7248060.7731,-0.00624947729386105,-0.00624947729386105,-0.0043253075965377025,0.9956746924034623,-0.00001600676923807498,0.9999495003318966,630.1394008709586,19.45537989495795,0.0000405894000000001,0.00004151808054637875
2021-11-10T06:00:00.000Z,0.01647797528903555,0.9933816038029956,0.0005834595420960306,0.0014403873606211035,0.0013850524622301963,296278014.69740003,252317852.3099,6617917.514,-0.008003448659234635,-0.008003448659234635,-0.006034936654908408,0.9939650633450916,-0.000028944477233117105,1.0001334291782553,627.8014930329877,19.392038522920625,0.00004075919999999992,0.00003797264466379836
2021-11-10T07:00:00.000Z,0.01647797528903555,1.0000109027479223,0.0006026378296094104,0.0014767548634168882,0.0014300288612278944,298244478.2131,258698021.9639,6380169.654,-0.0014191261133056354,-0.0014191261133056354,0.0006135405775316694,1.0006135405775316,-3.5386637620149486e-8,0.9988749644003954,636.9646376282263,19.591033915405568,0.00004086169999999993,0.00003636710552625946
2021-11-10T08:00:00.000Z,0.01647797528903555,1.0054063362321832,0.0006205481384221504,0.0015089818250725773,0.0014724937773444857,299756145.9165,264349953.9565,5651931.9926,0.003933842454838743,0.003933842454838743,0.006026884370605379,1.0060268843706053,-0.000011962058481418403,0.999595451601628,643.3478898842496,19.73957228903526,0.00004101579999999996,0.000032053669351942104
