query_ts,assumedLPToken,equityValue,totalDexYield,totalTradingfee,newTotalTradingFee,liquidity,totalVolume,volume,priceImpact,priceEffect,totalReturn,totalEquityVal,impermanentLoss,tokenPrice,quoteTokenPrice,rewardPrice,rewardTokenPerLP,feePerDollar
2021-12-21T10:00:00.000Z,0.01744131831545627,1,0.000006977454885510724,0.000016636401475197963,5.300204719560497e-13,288881026.541,2827023.9494,2827023.9494,-5.300204719560497e-13,-5.300204719560497e-13,0.000006977454885510724,1.0000069774548854,0,0.9980405298902574,530.9662048695919,12.32366203526599,0.0000324622,0.000016636401398614896
2021-12-21T11:00:00.000Z,0.01744131831545627,1.001208732971091,0.000014113312562097024,0.00002886700908707896,0.000012019493447201768,289231392.5208,4905379.7113,2078355.7619,0.0011967134776438293,0.0011967134776438293,0.001222846283653128,1.0012228462836532,-2.748355339976527e-7,0.9999760040271076,531.2076369014593,12.291475678166762,0.0000333711,0.000012215841318040573
2021-12-21T12:00:00.000Z,0.01744131831545627,1.0005502928689975,0.000020629250086080474,0.000041316801746230294,0.00002438256309744702,289042364.20750004,7020990.4476,2115610.7363,0.0005259103059001013,0.0005259103059001013,0.0005709221190836289,1.0005709221190837,-1.3942094700958307e-8,0.9987321696554148,531.1567425373346,12.230771594303517,0.000030871999999999985,0.000012442945038769778
2021-12-21T13:00:00.000Z,0.01744131831545627,1.0016736578948469,0.000026700488621191558,0.0000619639268070545,0.00004769700616336081,289332294.1739,10529166.0383,3508175.5907,0.0016259608886834975,0.0016259608886834975,0.00170035838346805,1.001700358383468,-9.42634081901872e-10,0.9997067107559234,531.8064437879029,12.23936742565664,0.00002837270000000002,0.000020612626465421326
2021-12-21T14:00:00.000Z,0.01744131831545627,1.0001638516155222,0.000032862388382119994,0.00007177758803618466,0.00005627620598303018,288899325.7099,12196634.149,1667468.1107,0.00010757540953920675,0.00010757540953920675,0.00019671400390435691,1.0001967140039043,-5.055679503929156e-7,0.9991520896675504,530.4896201934963,12.017854439619583,0.000031702799999999984,0.000009812054013017934
2021-12-21T15:00:00.000Z,0.01744131831545627,0.9977239624761616,0.000039227018177333054,0.00009879646445473476,0.00008552690893726123,288193036.1584,16787466.5546,4590832.4056,-0.002361564432775687,-0.002361564432775687,-0.0022368105056610925,0.997763189494339,-0.000013131094722118597,1.0007992623854491,527.0046250706998,11.886000302914642,0.0000324406,0.000027080512400828614
2021-12-21T16:00:00.000Z,0.01744131831545627,0.99483326013137,0.00004602505923776007,0.00013588414940392,0.00011892946801472792,287366985.0564,23089306.6279,6301840.0733,-0.0052856693366447605,-0.0052856693366447605,-0.005120714809392272,0.9948792851906078,-0.000026840000365790928,1.0000656674882271,524.3041429284093,11.820182007216978,0.00003402829999999999,0.000037280302476317494
2021-12-21T17:00:00.000Z,0.01744131831545627,0.9967189773845185,0.00005336137572385197,0.0001557397874395888,0.00014312124999449338,287911751.9145,26463124.2895,3373817.6616,-0.0034241438654759593,-0.0034241438654759593,-0.003227661239757614,0.9967723387602424,-0.000007846423809243497,0.9985710427384292,527.0560620000191,11.898279046038626,0.00003388670000000001,0.000019921000051513167
2021-12-21T18:00:00.000Z,0.01744131831545627,0.995834846131578,0.00006046247667550389,0.0001715802927243612,0.00015538161119033056,287929522.9377,29157257.109300002,2694132.8198,-0.0043205354796123085,-0.0043205354796123085,-0.004104691391746474,0.9958953086082535,-0.000014008301435941561,0.9990023117839872,525.8812237255567,11.907355998919096,0.00003399650000000002,0.000015906759914477376
2021-12-21T19:00:00.000Z,0.01744131831545627,0.9953615087664093,0.00006738535830331323,0.00018165542547701752,0.00016547680592038372,287589168.1458,30869611.0522,1712353.9429,-0.004803968039511108,-0.004803968039511108,-0.004571105875287412,0.9954288941247126,-0.00001746910000155477,0.9991343357850233,525.3012635128897,11.885329130484097,0.0000339357,0.00001012208394946989
2021-12-21T20:00:00.000Z,0.01744131831545627,0.997019202329588,0.00007453527195528657,0.0002011723775288458,0.00018440741900138669,288040941.0075,34186369.0201,3316757.9679,-0.0031652050894134254,-0.0031652050894134254,-0.002906262398456752,0.9970937376015433,-0.00001647436328999774,1.0006087053928543,526.2561189680397,11.900791177100004,0.000034024200000000046,0.000019575302475085253
2021-12-21T21:00:00.000Z,0.01744131831545627,0.996796814845235,0.00008158761991245514,0.00021459611258818238,0.0001980934074153895,287979803.27030003,36467655.5373,2281286.5172,-0.003401278562180421,-0.003401278562180421,-0.003121597534852576,0.9968784024651475,-0.00001560242983345006,1.0002177225824813,526.2125041925037,11.899350067714257,0.00003402409999999994,0.00001346687175697493
2021-12-21T22:00:00.000Z,0.01744131831545627,0.9987994639653925,0.00008911594711954608,0.0002233320520848867,0.00020923813296136462,288558926.75,37952281.1258,1484625.5885,-0.0014097741675688225,-0.0014097741675688225,-0.0011114200874879118,0.9988885799125121,-0.00000492463635848317,0.9997662276496937,528.5562561228204,11.962029214092247,0.000034024099999999985,0.000008746440558522767
2021-12-21T23:00:00.000Z,0.01744131831545627,0.9998376868256098,0.00009650754685757069,0.00023225271083973816,0.00021639798049033487,288868220.0892,39468347.6738,1516066.548,-0.00037871115488052887,-0.00037871115488052887,-0.0000658056275326233,0.9999341943724673,-0.000002923012101474498,1.000077685985706,529.4833574112547,11.998484152083554,0.00003402319999999997,0.000008922106872137571
2021-12-22T00:00:00.000Z,0.01744131831545627,0.9994573978105482,0.00010368273361108253,0.0002420980175968199,0.0002289511926151233,288757722.1112,41141554.7256,1673207.0518,-0.000771553382066914,-0.000771553382066914,-0.0004389194558407082,0.9995610805441593,-0.0000030789861596991486,0.9997483175037813,529.2415766906887,12.004872309792956,0.00003402319999999997,0.000009850652537578226
2021-12-22T01:00:00.000Z,0.01744131831545627,0.9992236261283199,0.00011086200695949474,0.00025169115254130127,0.00023746934111879003,285865408.75769997,42755952.56299999,1614397.8374,-0.0010138432127988484,-0.0010138432127988484,-0.0006655118647205636,0.9993344881352795,-0.00000513930551626629,1.0002303107986092,528.730041587447,12.003215517931762,0.00003436120000000004,0.000009600589086685276
2021-12-22T02:00:00.000Z,0.01744131831545627,0.9982628928285867,0.00011756550156329706,0.0002618911110650095,0.00024542748453293406,285554373.7013,44472253.334199995,1716300.7712,-0.001982534655946222,-0.001982534655946222,-0.001619541669849991,0.99838045833015,-0.0000024797098410189733,0.9982825593876306,528.7347533471972,11.953284434110207,0.00003436600000000004,0.000010217708358731108
2021-12-22T03:00:00.000Z,0.01744131831545627,1.0041525695683158,0.0001257429962211586,0.00028215645613269936,0.00026774510047666844,287301309.1674,47882949.20379999,3410695.8696,0.0038848244678391097,0.0038848244678391097,0.0042783125645369366,1.004278312564537,-3.418019088874402e-7,1.001089695437587,533.4698077826688,12.050591349895411,0.000034353900000000024,0.000020181540401340842
2021-12-22T04:00:00.000Z,0.01744131831545627,1.0024356097967992,0.0001323264493815731,0.0002941091991259695,0.00028125914352949977,286825323.1765,49894725.48399999,2011776.2802,0.002154350653269743,0.002154350653269743,0.002567936246180816,1.0025679362461808,-0.0000034419475235525354,0.9975698769726932,533.5080340814112,11.995063856010475,0.00003423769999999996,0.000011923701988598357
2021-12-22T05:00:00.000Z,0.01744131831545627,1.0037397731503492,0.00013948619107370777,0.0003079555303515622,0.00029389546830249635,287152200.8071,52224837.59949999,2330112.1155,0.0034458776820467385,0.0034458776820467385,0.003879259341422943,1.003879259341423,-7.183152128664716e-7,1.000280005514118,533.4348390663854,11.992610315597009,0.000034359199999999995,0.000013794742248940676
2021-12-22T06:00:00.000Z,0.01744131831545627,1.0027512429239638,0.00014631775529943454,0.00032442714101892024,0.0003095769140213367,286869707.78919995,54996744.451699995,2771906.8522,0.0024416660099424448,0.0024416660099424448,0.002897560679263216,1.0028975606792632,-5.275541770100034e-8,1.0008024437122862,532.0897832280336,11.963557202107165,0.00003435960000000004,0.000016426417710867853
2021-12-22T07:00:00.000Z,0.01744131831545627,1.0034092105808592,0.00015416156001986432,0.00033751612485582826,0.00032455004311127134,287059204.3099,57199419.41629999,2202674.9646,0.0030846605377479186,0.0030846605377479186,0.003563372140879054,1.003563372140879,-0.0000013005684272870965,0.9995058375810253,533.4637348651129,12.016117314871572,0.00003435960000000004,0.000013044512712358478
2021-12-22T08:00:00.000Z,0.01744131831545627,1.0043007472867467,0.00016146696453899192,0.00034943247479430137,0.0003356990112637348,287324273.2486,59204828.02469999,2005408.6084,0.003965048275482941,0.003965048275482941,0.0044622142512856676,1.0044622142512856,-0.000002198057722280211,0.9998991274270927,534.1903716041949,12.023898183301439,0.0000343593,0.000011865320655767503
2021-12-22T09:00:00.000Z,0.01744131831545627,1.0068293955758199,0.00016912686306435723,0.0003650474551125958,0.0003512769941647065,288059343.84569997,61832787.002799995,2627958.9781,0.006478118581655146,0.006478118581655146,0.006998522438884209,1.0069985224388842,-0.000006911187471536628,1.0007782798974894,536.396409042878,12.06487526239835,0.00003378660000000011,0.000015509062136734743
2021-12-22T10:00:00.000Z,0.01744131831545627,1.002084405280576,0.00017472435850168574,0.0003842563481355455,0.0003704942471627337,286735281.6874,65065969.6227,3233182.6199,0.001713911033413229,0.001713911033413229,0.0022591296390776484,1.0022591296390777,-2.3002791449400206e-8,0.9995366698292864,531.9903276091828,11.953247807193927,0.000034354799999999944,0.000019168936663407226
2021-12-22T11:00:00.000Z,0.01744131831545627,1.0043442692501796,0.00017591708234655467,0.00040563552195283783,0.0004008693990678047,287382501.0901,68664454.8403,3598485.2176,0.003943399851111806,0.003943399851111806,0.004520186332526165,1.0045201863325262,-0.0000024089399454085836,0.9997793078555636,534.231352266686,11.978377451828425,0.000003950799999999976,0.000021286699248267967
2021-12-22T12:00:00.000Z,0.01744131831545627,1.0040354134652538,0.00017638659555918446,0.00042343051880935857,0.00021614843144912577,287294125.2705,71659660.8528,2995206.0125,0.0038192650338046974,0.0038192650338046974,0.004211800060813007,1.004211800060813,-0.000003885266150360778,0.9990634646344103,534.4819377125028,12.01075504450739,-2.8599999999985737e-8,0.00001772347491079325
2021-12-22T13:00:00.000Z,0.01744131831545627,0.9969607569567814,0.0001748110674282313,0.0004488682263540435,-0.0017311744658813355,285269787.0589,75941267.3583,4281606.5055,-0.0013080685773372291,-0.0013080685773372291,-0.0028644319757903333,0.9971355680242097,-0.0000025981315274759,0.9990097072270274,529.0642691557613,11.904282154436679,-5.7299999999983645e-8,0.000025515253943969716
2021-12-22T14:00:00.000Z,0.01744131831545627,0.9977308312440467,0.0001742661907195707,0.0004751944888368367,-0.0016879424815987587,285490135.6799,80372433.1874,4431165.8291,-0.0005812262743545293,-0.0005812262743545293,-0.0020949025652337175,0.9979050974347663,-0.000001535742638392179,0.9992100909715096,529.7283951379621,11.867580273225983,-2.8599999999985737e-8,0.000026386137270662835
2021-12-22T15:00:00.000Z,0.01744131831545627,1.0026082991550491,0.00017455388024437103,0.0004948981781073413,-0.0016843206402428201,286885771.58889997,83688905.3248,3316472.1374,0.004292619795291941,0.004292619795291941,0.0027828530352934917,1.0027828530352936,-0.0000016307367868284572,1.000516217338538,534.2093289604334,11.887575836708413,-2.8599999999985737e-8,0.000019652430311737853
2021-12-22T16:00:00.000Z,0.01744131831545627,1.0076557262754453,0.00017669962416845173,0.0005214837615991123,-0.0016622088721591766,288330039.5302,88163719.3405,4474814.0157,0.009317935147604484,0.009317935147604484,0.007832425899613759,1.0078324258996139,-0.000028804340293953068,0.9997233075539241,539.9968440766858,12.034525691418887,-5.7299999999983645e-8,0.000026383597904280158
2021-12-22T17:00:00.000Z,0.01744131831545627,1.0093828861258307,0.00017640240365995405,0.0005456508010833748,-0.0015795514251732978,288824248.0729,92231450.653,4067731.3125,0.010962437551004012,0.010962437551004012,0.009559288529490667,1.0095592885294906,-0.00004126364129575233,0.9998567944728638,541.6856054999255,12.014690999186673,-2.8600000000082865e-8,0.000023942391531837725
2021-12-22T18:00:00.000Z,0.01744131831545627,1.0049176686654635,0.0001747617433231787,0.0005628268456679122,-0.0015862189867112964,287546573.2745,95122476.2212,2891025.5682,0.0065038876521748,0.0065038876521748,0.005092430408786683,1.0050924304087867,-0.0000076000617070803855,1.0006228842538802,536.5071823776761,11.903350747880253,-2.8599999999888607e-8,0.000017091991081556893
2021-12-22T19:00:00.000Z,0.01744131831545627,1.0035383537828235,0.00017500375292579104,0.0005734047593036482,-0.00195899435910607,287151896.8939,96902922.1859,1780445.9647,0.005497348141929592,0.005497348141929592,0.0037133575357493134,1.0037133575357493,-0.000010452729484855539,0.9989491842854769,536.3317662524928,11.920239474980836,-2.8599999999888607e-8,0.000010540616909483134
2021-12-22T20:00:00.000Z,0.01744131831545627,1.00595889957055,0.00017579896159184314,0.0005815520455865467,-0.0019214684460580056,287844510.4963,98274251.5465,1371329.3606,0.007880368016607964,0.007880368016607964,0.006134698532141801,1.0061346985321418,-0.000017942582025143317,0.9998976254618417,538.3658364462259,11.975219654719329,-5.7300000000080776e-8,0.000008099025091708208
2021-12-22T21:00:00.000Z,0.01744131831545627,1.0055765255086726,0.00017603281330566182,0.0005883676436127643,-0.0019102912214545853,287735098.19890004,99421434.7497,1147183.2032,0.007486816730127188,0.007486816730127188,0.005752558321978265,1.0057525583219782,-0.00002182976015263627,0.9988905579089518,538.4878317315412,11.991556822879781,-2.8600000000082865e-8,0.000006777801726822687
2021-12-22T22:00:00.000Z,0.01744131831545627,1.0054532208944065,0.00017571240447182025,0.0005965315532161493,-0.0018973465375271559,287699815.8863,100795561.9869,1374127.2372,0.00735056743193363,0.00735056743193363,0.0056289332988782945,1.0056289332988784,-0.00001426778694413322,1.0000203898528386,537.7339710252618,11.970136955121417,-2.8599999999888607e-8,0.00000811963085914244
2021-12-22T23:00:00.000Z,0.01744131831545627,1.0054756304018944,0.00017555520570172902,0.0006039349951790029,-0.00186990124989439,287706228.1299,102041689.564,1246127.5771,0.00734553165178875,0.00734553165178875,0.005651185607596089,1.005651185607596,-0.00001577894110493805,0.9997396489349223,537.879596470194,11.960242305068963,-5.7299999999983645e-8,0.00000736312486121618
2021-12-23T00:00:00.000Z,0.01744131831545627,1.004701491418884,0.0002722374145813795,0.0006180459687597916,0.0006081409734690624,286781553.1002,104411001.36559999,2369311.8016,0.004093350445415034,0.004093350445415034,0.004973728833465476,1.0049737288334655,-5.525834718689282e-7,1.0010729088034305,533.7004037391728,11.844457589428083,0.0004762335,0.000014044941242481857
2021-12-23T01:00:00.000Z,0.01744131831545627,1.001751804949428,0.0002761115644135354,0.0006357375490634926,0.0006201142484023592,285944098.3358,107381564.03369999,2970562.6681,0.0011316907010257005,0.0011316907010257005,0.002027916513841595,1.0020279165138415,-1.1499020735605825e-7,0.9996492827109507,531.3122357211031,11.712730901997297,0.00003378510000000002,0.000017660642640155334
2021-12-23T02:00:00.000Z,0.01744131831545627,1.0043897300777633,0.0002852943206668975,0.0006536341642729148,0.0006379990724991735,259566224.68019998,110102184.06899999,2720620.0353,0.0037517310052641584,0.0037517310052641584,0.00467502439843023,1.0046750243984301,-0.000001284642580978712,1.0001804348649883,533.8132109627469,11.771041386778286,0.00003803250000000007,0.000017818397080391813
2021-12-23T03:00:00.000Z,0.01744131831545627,1.0053365467176432,0.00029368752905384646,0.0006703904346964994,0.0006566189626755481,259765293.03250003,112649003.21859999,2546819.1496,0.004679927754967617,0.004679927754967617,0.005630234246697011,1.005630234246697,-0.0000031634447535955346,1.000192302835723,534.7945850839602,11.794483058258272,0.00003803899999999999,0.000016667324967767388
2021-12-23T04:00:00.000Z,0.01744131831545627,1.003597479672267,0.0002996663782949699,0.0006903628685202677,0.0006774209183018076,259360766.75939998,115685178.22889999,3036175.0103,0.0029200587539652822,0.0029200587539652822,0.00389714605056206,1.0038971460505621,-0.0000011036830531718778,0.999468830982231,533.3084168099255,11.722314156647167,0.000038032699999999904,0.000019900841526652882
2021-12-23T05:00:00.000Z,0.01744131831545627,1.0019357482276263,0.0003065067384150203,0.0007060958916809211,0.0006903188441402808,258933261.801,118076903.18299998,2391724.9541,0.0012454293834860408,0.0012454293834860408,0.002242254966041342,1.0022422549660412,-9.11347819432251e-9,0.9991486174831536,531.6992641910825,11.686643995312926,0.000038032699999999904,0.000015702626976888057
2021-12-23T06:00:00.000Z,0.01744131831545627,1.000204361709205,0.0003139614725950641,0.0007251212270375235,0.0007119163930209282,258486782.1154,120969134.37029998,2892231.1873,-0.000507554683816025,-0.000507554683816025,0.0005183231817999673,1.0005183231818,-3.899715527166947e-7,0.9984153250292637,530.2282357554437,11.675580982790246,0.000038032699999999904,0.00001902144851729759
2021-12-23T07:00:00.000Z,0.01744131831545627,1.0009008839025464,0.000321936492311352,0.0007393053948547548,0.0007223753172924674,258678464.7663,123125508.70449997,2156374.3342,0.00017850858525392255,0.00017850858525392255,0.0012228203948577419,1.0012228203948577,-0.000002414428343255892,1.0004146543976502,529.8952785481407,11.683943543587073,0.00003803129999999993,0.000014171401440208238
2021-12-23T08:00:00.000Z,0.01744131831545627,0.9970864705746539,0.0003268119314289682,0.0007569645186092026,0.000737649331783885,257680529.9987,125810043.45149997,2684534.747,-0.003651178757129947,-0.003651178757129947,-0.002586717493917094,0.9974132825060829,-0.000017075996197490895,1.0002247844805046,525.9449251101544,11.582046605960652,0.00003803389999999986,0.000017710725253176964
