query_ts,assumedLPToken,equityValue,totalDexYield,totalTradingfee,newTotalTradingFee,liquidity,totalVolume,volume,priceImpact,priceEffect,totalReturn,totalEquityVal,impermanentLoss,tokenPrice,quoteTokenPrice,rewardPrice,rewardTokenPerLP,feePerDollar
2021-12-04T10:00:00.000Z,0.017448766030647753,1,0.000006828057176324767,0.000044565446630467044,-6.02629057766535e-13,277635058.55910003,7278194.328,7278194.328,6.02629057766535e-13,6.02629057766535e-13,0.000006828057176324767,1.0000068280571763,-1.1102230246251565e-16,1.0007746248006424,540.5669351952479,11.24752015318176,0.0000347917,0.000044565446531912606
2021-12-04T11:00:00.000Z,0.017448766030647753,0.9964193243834549,0.000013597619231885432,0.00008606950202622713,0.00003880054566485214,276418746.19420004,14050974.235100001,6772779.9071,-0.0036194761622099225,-0.0036194761622099225,-0.003567077997313185,0.9964329220026868,-0.000006397721393991418,1.0007256271113676,536.6871547542586,11.147627833384531,0.00003511449999999999,0.00004165320189239606
2021-12-04T12:00:00.000Z,0.017448766030647753,0.9914890971755974,0.000019883889743500562,0.00014518442248905969,0.0000987276179518215,271832204.7918,23584666.8877,9533692.6526,-0.00860963044235441,-0.00860963044235441,-0.008491018934659087,0.9915089810653409,-0.00003190714067835554,1.000115914581902,531.6487734482521,10.997900957962727,0.000033709799999999994,0.00005962235976356581
2021-12-04T13:00:00.000Z,0.017448766030647753,1.0050622937091154,0.000027121542321761294,0.00019548886598009653,0.00015052186716069116,275569708.4389,31697936.826899998,8113269.9392,0.004911771841954682,0.004911771841954682,0.005089415251437134,1.0050894152514371,-0.000009323245388492829,1.0013568179872454,545.57287658674,11.22599960862637,0.000034844100000000014,0.00005005107047060697
2021-12-04T14:00:00.000Z,0.017448766030647753,1.007167291998757,0.00003391212568880449,0.00024226928514364305,0.0001959558087265556,276162859.2134,39243277.4255,7545340.5986,0.0069713361900305415,0.0069713361900305415,0.007201204124445902,1.0072012041244458,-0.0000236111084161994,1.000849924764703,548.0889150388086,11.208951627799077,0.000034930399999999993,0.0000464475167086393
2021-12-04T15:00:00.000Z,0.017448766030647753,1.0191381639994481,0.000041754639797699006,0.0002830257341998072,0.00024201840084958626,279450250.9749,45817113.1897,6573835.7642,0.018896145598598535,0.018896145598598535,0.01917991863924582,1.0191799186392458,-0.00017293345804980653,1.0008957191567942,561.121319354416,11.447608823227304,0.000035647500000000014,0.00003999109236850811
2021-12-04T16:00:00.000Z,0.017448766030647753,1.019662808839382,0.000049225400508161294,0.00034340606360345474,0.00030043261163514856,279704362.0143,55560034.9994,9742921.8097,0.019362376227746836,0.019362376227746836,0.019712034239890146,1.0197120342398902,-0.00018494123911372284,1.000718081927579,561.7346528681836,11.558394265068557,0.000035039100000000015,0.000059215977030930994
2021-12-04T17:00:00.000Z,0.017448766030647753,1.014406490519365,0.0000557742160046966,0.0003821564873548798,0.00034312048505769077,278266066.4073,61812852.551199995,6252817.5518,0.014063370034307354,0.014063370034307354,0.014462264735369742,1.0144622647353698,-0.0000993380446699943,1.0006440965463999,555.9507444326656,11.421593090490898,0.000035783699999999974,0.000038200093799799146
2021-12-04T18:00:00.000Z,0.017448766030647753,1.0200750100987233,0.00006358811921949974,0.0004055559543794706,0.0003644471542887384,279832345.3557,65588773.06859999,3775920.5174,0.019710562944434518,0.019710562944434518,0.020138598217942755,1.0201385982179427,-0.00017733648584128403,1.0014600600260957,561.7019937286087,11.558657637852034,0.00003542460000000003,0.00002293896679964072
2021-12-04T19:00:00.000Z,0.017448766030647753,1.0218600710581525,0.00007112589782450129,0.0004251689275033083,0.00038141654620860166,280357152.7745,68754072.043,3165298.9744,0.021478654511943862,0.021478654511943862,0.021931196955976964,1.021931196955977,-0.000247126461595748,0.9997914961328032,564.5922544225771,11.609206249426391,0.0000358386,0.000019193404567095574
2021-12-04T20:00:00.000Z,0.017448766030647753,1.0265820676951327,0.00007945906826089189,0.00044838382671545673,0.0004086114969188426,281655084.6347,72500710.557,3746638.514,0.026173456198213874,0.026173456198213874,0.026661526763393607,1.0266615267633936,-0.0003281328767598124,1.0009904205237736,569.1115436938802,11.768192302544403,0.0000358386,0.000022613777706377333
2021-12-04T21:00:00.000Z,0.017448766030647753,1.0244204984086784,0.000086506905123916,0.00047380793687814134,0.00043169014698962727,282494736.4927,76624808.2071,4124097.6501,0.02398880826168881,0.02398880826168881,0.024507005313802354,1.0245070053138023,-0.0002935664545032912,1.0002461622965677,567.1125903105033,11.731037445398568,0.00003565699999999998,0.000024818041186233472
2021-12-04T22:00:00.000Z,0.017448766030647753,1.0193751339111363,0.00009259474416652335,0.0004954184203088951,0.00045043941195910264,281102448.25479996,80130277.4436,3505469.2365,0.01892469449917722,0.01892469449917722,0.019467728655302847,1.0194677286553029,-0.00018089051208991513,1.000500324259986,561.3745303909798,11.579602468511952,0.00003565729999999997,0.00002119973603591068
2021-12-04T23:00:00.000Z,0.017448766030647753,1.020902175062422,0.00009904494108053506,0.0005141337434091626,0.00046979240320754734,281199293.3841,83162621.7907,3032344.3471,0.020432382659214543,0.020432382659214543,0.021001220003502626,1.0210012200035026,-0.00021237288168274304,1.0003896578649056,563.09936009276,11.491140542576474,0.00003569749999999996,0.000018332142047841575
2021-12-05T00:00:00.000Z,0.017448766030647753,1.0263429222224394,0.00010706236736667968,0.0005456016856096022,0.0005062452736210865,282480610.4633,88257286.1659,5094664.3752,0.025836676948818305,0.025836676948818305,0.02644998458980607,1.026449984589806,-0.0003225862504557808,1.0008796005107687,568.801024409438,11.584216496539577,0.00003569569999999995,0.00003066026168534223
2021-12-05T01:00:00.000Z,0.017448766030647753,1.019082738374535,0.00011040624022277079,0.000590015629839255,0.0005477483181768328,283791401.2741,95532742.0431,7275455.8772,0.01853499005635806,0.01853499005635806,0.01919314461475766,1.0191931446147577,-0.00018081517448731432,1.0001216291562944,561.1576001024521,11.199463295200525,0.000035308100000000036,0.00004358227534629951
2021-12-05T02:00:00.000Z,0.017448766030647753,1.017785535124565,0.00011720895835208666,0.0006254611822747815,0.0005795173996259173,283343470.26489997,101337308.177,5804566.1339,0.017206017724939127,0.017206017724939127,0.01790274408291713,1.0179027440829171,-0.00017553878224763064,0.9990959698035762,560.2687469384765,11.1926580924135,0.00003517600000000001,0.0000348261508140793
2021-12-05T03:00:00.000Z,0.017448766030647753,1.0182581331622615,0.0001235756019807729,0.0006504444598329614,0.0006061479313135276,283393771.95379996,105427398.5646,4090090.3876,0.01765198523094802,0.01765198523094802,0.01838170876424232,1.0183817087642424,-0.00016501476461461273,1.000104364714853,560.1947164854995,11.145198127299688,0.000035294099999999985,0.000024535308630754
2021-12-05T04:00:00.000Z,0.017448766030647753,1.0234630552747317,0.00013118890861264657,0.0006752518311461565,0.0006374386347793859,284843278.6321,109488703.7317,4061305.1671,0.022825616639952306,0.022825616639952306,0.02359424418334434,1.0235942441833443,-0.0002595267885618924,1.0005582790262462,565.6484034933325,11.210233231025809,0.00003523540000000001,0.00002423865789365317
2021-12-05T05:00:00.000Z,0.017448766030647753,1.0211873971408523,0.00013780314279046167,0.0006985387030284282,0.0006584663166100402,284196416.62979996,113300901.0319,3812197.3002,0.02052893082424223,0.02052893082424223,0.021325200283642733,1.0213252002836428,-0.00021646826399102093,1.0002864146454546,563.2640509190177,11.194636718200165,0.00003479580000000007,0.000022803719649927667
2021-12-05T06:00:00.000Z,0.017448766030647753,1.028419280238384,0.00014655554405610893,0.0007299213539156334,0.0006908749898255628,286163503.28220004,118437607.23650001,5136706.2046,0.027728405248558463,0.027728405248558463,0.028565835782440135,1.02856583578244,-0.0004138479859119304,0.9993508025739672,571.7741505907752,11.339179861648734,0.000035243599999999786,0.000030515423691918344
2021-12-05T07:00:00.000Z,0.017448766030647753,1.031418548517975,0.00015359665215091791,0.000757701616322228,0.0007206614157402313,286940985.1161,122983771.00960001,4546163.7731,0.030697887102234755,0.030697887102234755,0.0315721451701259,1.0315721451701259,-0.0004598161631504949,1.0006794367143783,574.3194955535689,11.34280004037317,0.00003533950000000014,0.000026934034575586883
2021-12-05T08:00:00.000Z,0.017448766030647753,1.030320169692446,0.00016038694559285092,0.000781394405828177,0.0007435605416452606,286641122.5664,126861108.24850002,3877337.2389,0.029576609150800737,0.029576609150800737,0.03048055663803885,1.0304805566380388,-0.00042459849767551017,1.0007761429088744,573.0152147709767,11.32838105373221,0.000035340100000000106,0.00002299556060593886
2021-12-05T09:00:00.000Z,0.017448766030647753,1.0366650577663954,0.000169328082360647,0.0008117143134471366,0.0007815515744586943,288456491.7961,131823839.98750001,4962731.739,0.0358835061919367,0.0358835061919367,0.03683438584875604,1.036834385848756,-0.0006485686692674353,1.0000034869175625,580.5051602048425,11.462404940285374,0.00003521729999999993,0.000029247544070748716
2021-12-05T10:00:00.000Z,0.017448766030647753,1.030429826511422,0.0001734368757788632,0.0008580158233089464,0.0008204291874396308,286374605.1515,139393255.05830002,7569415.0708,0.029609397323982378,0.029609397323982378,0.03060326338720087,1.0306032633872009,-0.0004179109873749809,1.001038747070501,572.9013825349446,11.27525757913759,0.000034936700000000034,0.000044934171497338154
2021-12-05T11:00:00.000Z,0.017448766030647753,1.0328497465829383,0.00018097552190661983,0.0008847705414715961,0.0008529723220354057,287047229.1487,143767143.31730002,4373888.259,0.03199677426090286,0.03199677426090286,0.03303072210484489,1.033030722104845,-0.0005123789828945791,1.0002512202900673,576.0144157235436,11.313941047726457,0.00003517280000000003,0.00002590378615516301
2021-12-05T12:00:00.000Z,0.017448766030647753,1.0308140690196945,0.00018735599883561431,0.0009108786502421885,0.0008725492520036404,286476046.95379996,148035242.2258,4268098.9085,0.029941519767690883,0.029941519767690883,0.03100142501853014,1.0310014250185302,-0.00039483347926227985,1.0021730686719161,572.6221815315414,11.285805726010656,0.000034686199999999946,0.000025327660799578606
2021-12-05T13:00:00.000Z,0.017448766030647753,1.034120448336473,0.0001956473718093658,0.0009463471966615902,0.0009129652997392768,287400128.6516,153833670.7648,5798428.539,0.03320748303673371,0.03320748303673371,0.034316095708282354,1.0343160957082824,-0.0005249331472736429,1.0010341544355743,576.9151622890572,11.379557887406465,0.00003391929999999995,0.00003429827454339632
2021-12-05T14:00:00.000Z,0.017448766030647753,1.0319004690544686,0.00020013727967487974,0.000977683644961223,0.0009438580951639519,286787614.8088,158956659.849,5122989.0842,0.030956610959304687,0.030956610959304687,0.032100606334143515,1.0321006063341436,-0.00046350235771974724,1.000809137884091,574.5333938964693,11.268657939304756,0.00003253209999999996,0.000030367704159561788
2021-12-05T15:00:00.000Z,0.017448766030647753,1.0231740409652463,0.00020291648546008718,0.0010319731370963055,0.0009906158643118168,284339404.4561,167831374.47550002,8874714.6265,0.022183425100934517,0.022183425100934517,0.02337695745070642,1.0233769574507063,-0.000243119734257502,1.0006624241618425,564.8795335592185,11.069696654276223,0.000032683299999999986,0.00005305988065181914
2021-12-05T16:00:00.000Z,0.017448766030647753,1.0073432019289212,0.0002003944304942671,0.0011172813320118494,0.0010684668765441607,279931082.2103,181776277.3136,13944902.8381,0.006274735052377078,0.006274735052377078,0.0075435963594155065,1.0075435963594155,-0.00001587814361991846,1.0013951190823218,547.0328791055739,10.60860307586217,0.00003203639999999995,0.00008468632578271697
2021-12-05T17:00:00.000Z,0.017448766030647753,1.0121955849132642,0.00020799555507269266,0.0011636238621777206,0.0011092704639708018,281304348.38339996,189352327.3504,7576050.0368,0.011086314449293422,0.011086314449293422,0.012403580468336917,1.012403580468337,-0.00006817890043242514,1.0001220780602191,552.9797301794397,10.691423676380824,0.000032359100000000054,0.00004578416628315447
2021-12-05T18:00:00.000Z,0.017448766030647753,1.0192057646875612,0.00021812132117578401,0.001209040208352932,0.0011630416906887042,283219262.651,196776091.7965,7423764.4461,0.018042722996872484,0.018042722996872484,0.019423886008736974,1.019423886008737,-0.00015775768566539394,1.0008926879055358,560.1834244185671,10.882759432694822,0.00003372170000000005,0.00004456052685202285
2021-12-05T19:00:00.000Z,0.017448766030647753,1.0148576993606266,0.00022440511179640365,0.0012462348303300002,0.0011973042592690053,281957330.4854,202854774.5209,6078682.7244,0.013660395101357636,0.013660395101357636,0.015082104472423046,1.015082104472423,-0.00007964340777510959,1.0017224327100178,554.9109823479772,10.864179138306012,0.00003511269999999999,0.000036650086783308834
2021-12-05T20:00:00.000Z,0.017448766030647753,1.0114714223623034,0.0002299356589440134,0.0012767727463214998,0.001221628147776821,281024601.8459,207845701.2086,4990926.6877,0.010249794214526542,0.010249794214526542,0.011701358021247376,1.0117013580212473,-0.00005601265733601313,1.0003875730870175,551.9185816023786,10.809948296634344,0.00003525979999999999,0.00003019157509114636
2021-12-05T21:00:00.000Z,0.017448766030647753,1.0150313205762826,0.00023785758499926245,0.0013059115138151895,0.0012547111585397008,282057712.39059997,212608703.5625,4763002.3539,0.013776609417742947,0.013776609417742947,0.01526917816128191,1.015269178161282,-0.00008849241784303352,1.0011535089887154,555.3536392924718,10.866799773539006,0.00003540200000000006,0.000028707259705832633
2021-12-05T22:00:00.000Z,0.017448766030647753,1.0134599099786104,0.00024397874647615267,0.0013357951953038765,0.001283086808246292,281634888.755,217493708.9562,4885005.3937,0.01217682317036406,0.01217682317036406,0.013703888725086504,1.0137038887250864,-0.00007418114000634635,1.0006970677507545,553.8547858270435,10.840779046261847,0.00003537099999999991,0.000029486791235280026
2021-12-05T23:00:00.000Z,0.017448766030647753,1.012705460747716,0.00025055722147830867,0.0013583230353945554,0.0013054775315928246,281430147.53459996,221176339.0075,3682630.0513,0.011399983216123122,0.011399983216123122,0.012956017969194255,1.0129560179691943,-0.00006632529014105604,1.0005922716571074,553.0628697337476,10.83568619490583,0.00003540019999999995,0.000022245204154755013
2021-12-06T00:00:00.000Z,0.017448766030647753,1.0160050648482348,0.0002646389737827262,0.0013855285895392753,0.0013358129078384628,282277512.2624,225622539.62669998,4446200.6192,0.014669251940396366,0.014669251940396366,0.016269703822017555,1.0162697038220176,-0.00010959196468918186,1.0005316276621805,556.6778496932917,11.14778763796867,0.000035292500000000096,0.00002677698620786242
2021-12-06T01:00:00.000Z,0.017448766030647753,1.0005481181675853,0.0002836660852475571,0.0014907725841784964,0.0014212747453938857,278477703.38,242853157.51839998,17230617.8917,-0.0008731565778086203,-0.0008731565778086203,0.0008317842528328224,1.000831784252833,-2.6199764258105773e-7,1.0006248573393421,539.7041157244256,11.650629533623183,0.000034876799999999734,0.00010518634009243889
2021-12-06T02:00:00.000Z,0.017448766030647753,1.0042779411389524,0.00028807554035853715,0.001527331285877578,0.001464135348992146,279535860.9346,248839002.2451,5985844.7267,0.0028138057899602664,0.0028138057899602664,0.0045660166793109495,1.004566016679311,-0.000004743889881586583,1.0005040763179023,543.7603155379251,11.53989027514731,0.00003528910000000019,0.000036402971702334666
2021-12-06T03:00:00.000Z,0.017448766030647753,1.0070695636465496,0.00029608050283046325,0.0015708830307416051,0.0015161881142489175,280182892.7084,255966527.8811,7127525.636,0.0055533755323007306,0.0055533755323007306,0.007365644149380112,1.0073656441493801,-0.000018970987865074562,1.000152594463101,546.927490815012,11.585159379649811,0.00003400939999999993,0.00004324601500138888
2021-12-06T04:00:00.000Z,0.017448766030647753,1.0097202508307332,0.0003055894004926569,0.0015962619398758873,0.0015395926415844308,280825428.3279,260118547.454,4152019.5729,0.008180658189148815,0.008180658189148815,0.010025840231225902,1.0100258402312259,-0.00002781934952822418,1.001463551125901,549.0695226377788,11.687629664321607,0.00003378570000000019,0.00002513459452713223
2021-12-06T05:00:00.000Z,0.017448766030647753,1.014552059687145,0.000322259751214035,0.001623522869424482,0.001575808091019315,282226015.8689,264579364.86969998,4460817.4157,0.012976251596125588,0.012976251596125588,0.014874319438358938,1.014874319438359,-0.00008327371316763088,1.0007616228678318,554.6942291598837,12.044686223870656,0.00003489929999999954,0.000026869916947035262
2021-12-06T06:00:00.000Z,0.017448766030647753,1.008556856632704,0.00032377018753959635,0.001650839369803131,0.0015927601208609588,280564280.66940004,269049371.0773,4470006.2076,0.006964096511842932,0.006964096511842932,0.008880626820243487,1.0088806268202435,-0.000023083617021524283,1.0009199942500016,548.0426655765497,11.828293185071681,0.00003537060000000006,0.000027084739849240517
2021-12-06T07:00:00.000Z,0.017448766030647753,1.0048334038236864,0.0003251480903737636,0.0017060439554931843,0.001642342811334796,278886093.696,278062156.4441,9012785.3668,0.0031910610123515593,0.0031910610123515593,0.005158551914060119,1.0051585519140602,-0.0000020880922830812665,1.0019185701206488,543.4012636786822,11.622316630840329,0.000034596500000000013,0.000054939043107188667
2021-12-06T08:00:00.000Z,0.017448766030647753,1.00179267757787,0.0003293374913620146,0.001771524850601983,0.0017032786785262655,279587923.7192,288812101.57600003,10749945.1319,0.00008939889934378442,0.00008939889934378442,0.0021220150692320646,1.002122015069232,-4.640933271016223e-8,1.0005592145742637,540.7799910674064,11.52331140139699,0.000034611200000000195,0.00006536371986718614
