query_ts,assumedLPToken,equityValue,totalDexYield,totalTradingfee,newTotalTradingFee,liquidity,totalVolume,volume,priceImpact,priceEffect,totalReturn,totalEquityVal,impermanentLoss,tokenPrice,quoteTokenPrice,rewardPrice,rewardTokenPerLP,feePerDollar
2022-03-19T10:00:00.000Z,0.01927099680038773,1,0.000004377444556779739,0.000020568890726495122,-5.611067166455541e-13,250602686.1751,3032129.0318,3032129.0318,5.611067166455541e-13,5.611067166455541e-13,0.000004377444556779739,1.0000043774445568,-2.220446049250313e-16,0.9985105416995855,398.8142528502201,6.37183102270072,0.0000356494,0.000020568891071097246
2022-03-19T11:00:00.000Z,0.01927099680038773,1.0002850762507236,0.000008755106036159103,0.00003884716717900672,0.000014815559192360439,250676891.43490002,5726620.5916,2694491.5598,0.0002702606915312433,0.0002702606915312433,0.0002938313567597629,1.0002938313567598,-0.0000011421423932178598,1.0002910836626344,398.3195669709673,6.387954575044907,0.000035471199999999987,0.000018273067076266887
2022-03-19T12:00:00.000Z,0.01927099680038773,1.0039921664117433,0.000013146286430234754,0.00005812829088821305,0.00003645329944101938,251612172.66360003,8569017.7714,2842397.1798,0.00395571311230225,0.00395571311230225,0.004005312698173505,1.0040053126981736,-0.0000025004681499796177,1.0002210859794527,401.2882376802975,6.457560192808961,0.00003451990000000002,0.000019204457218849974
2022-03-19T13:00:00.000Z,0.01927099680038773,1.0071289597778001,0.000017796957384192164,0.00008383903043899403,0.00006056538135412737,252403340.341,12359335.961900001,3790318.1905,0.0070683943964460205,0.0070683943964460205,0.00714675673518434,1.0071467567351844,-0.000015699431963556165,0.9999494574502328,403.890100609296,6.540443405455494,0.00003555939999999999,0.000025528746628886518
2022-03-19T14:00:00.000Z,0.01927099680038773,1.0059420737789992,0.00002199426339508685,0.00011672899484619017,0.00009491366769665,253769981.0896,17240031.957200002,4880695.9953,0.005847160111302596,0.005847160111302596,0.005964068042394333,1.0059640680423942,-0.00001773645205471741,0.9983849114423065,403.5425223794812,6.473022454865972,0.0000351187,0.000032695684321623786
2022-03-19T15:00:00.000Z,0.01927099680038773,1.0074659583723946,0.000026317321673791325,0.00014346909661816352,0.00012264907501302602,254157640.8466,21208171.3167,3968139.3595,0.007343309297381584,0.007343309297381584,0.007492275694068401,1.0074922756940683,-0.00002286958338104661,0.9990632106755897,404.4691204265485,6.470602856091556,0.000034734999999999985,0.00002654194022528535
2022-03-19T16:00:00.000Z,0.01927099680038773,1.0077353567152338,0.000030635523491968755,0.00016266167202417175,0.00014159521733314584,254228908.7526,24056320.7329,2848149.4162,0.007593761497900697,0.007593761497900697,0.007765992238725812,1.0077659922387259,-0.000018363437311985642,1.0000141889362617,404.2854417114971,6.464740818560409,0.00003485289999999999,0.00001904525347371803
2022-03-19T17:00:00.000Z,0.01927099680038773,1.009128925727232,0.00003527991321807931,0.00019472988644000512,0.0001762264596778529,254576662.20679998,28815124.3136,4758803.5807,0.008952699267554154,0.008952699267554154,0.009164205640450085,1.0091642056404502,-0.000024396694225381488,1.0004370908489912,405.2053338113288,6.511697247623562,0.00003523770000000001,0.000031778113583005055
2022-03-19T18:00:00.000Z,0.01927099680038773,1.005671615105447,0.00003941585709748582,0.00021727014039908983,0.00019496775723326643,253707159.46780002,32160049.547,3344925.2334,0.005476647348213737,0.005476647348213737,0.005711030962544489,1.0057110309625445,-0.00000728938767946552,1.00015292024007,402.53244797193605,6.4811236191015755,0.00003444089999999994,0.00002241313531990295
2022-03-19T19:00:00.000Z,0.01927099680038773,1.0039202708821988,0.00004350244443838255,0.00023606693192701106,0.00021447505057192728,253256690.0471,34949357.7184,2789308.1714,0.00370579583162689,0.00370579583162689,0.0039637733266372,1.003963773326637,-0.00000240204659929244,1.0000165514122354,401.1705102184691,6.4443502868969995,0.00003470700000000005,0.000018723390448237036
2022-03-19T20:00:00.000Z,0.01927099680038773,1.0017991179281263,0.00004792748754905967,0.0002513480191536536,0.00022707142165523386,252714712.24179998,37216899.0468,2267541.3284,0.0015720465064710254,0.0015720465064710254,0.0018470454156753189,1.0018470454156754,-6.096029236957179e-9,1.000190679321259,399.3971044759705,6.449915807218252,0.00003529850000000001,0.000015253644016544906
2022-03-19T21:00:00.000Z,0.01927099680038773,1.0024222984757922,0.00005265604007523893,0.00026408770706235103,0.000242015623894698,252872881.2298,39107332.4894,1890433.4426,0.0021802828518975303,0.0021802828518975303,0.0024749545158674674,1.0024749545158675,-9.002882596087503e-7,0.9993456988574236,400.22045884916287,6.49060273315464,0.00003538700000000002,0.000012708902737180006
2022-03-19T22:00:00.000Z,0.01927099680038773,1.0042628183868831,0.00005727338780177442,0.00027076084278209345,0.0002475443293969981,253338370.50829998,40097559.0799,990226.5905,0.00401527405748614,0.00401527405748614,0.0043200917746849124,1.0043200917746848,-0.0000027168068107430443,1.0001856690201103,401.35006441629184,6.513177216689017,0.00003532800000000003,0.000006644809471508179
2022-03-19T23:00:00.000Z,0.01927099680038773,1.000841476174889,0.00006093818111404839,0.0002822724767841878,0.00026309020791370763,252475437.40440002,41805771.636599995,1708212.5567,0.0005783859669752367,0.0005783859669752367,0.0009024143560029927,1.000902414356003,-5.913115206368502e-7,1.0001751504560583,398.6112019256119,6.431580248717387,0.00003535749999999996,0.0000115019558981439
2022-03-20T00:00:00.000Z,0.01927099680038773,1.0018395987439543,0.00006550008071460105,0.0002913504189965541,0.0002705169991972234,252729383.47939998,43152859.9677,1347088.3311,0.001569081744757117,0.001569081744757117,0.0019050988246689415,1.001905098824669,-2.2180195846654982e-7,0.9994114206221655,399.7061550801175,6.448540743830103,0.000035416499999999995,0.000009061273886487608
2022-03-20T01:00:00.000Z,0.01927099680038773,0.9992885796893572,0.00006899767844561869,0.00032000280297912645,0.0002981911462384135,252090760.1509,47404709.138799995,4251849.1711,-0.0010096114568811654,-0.0010096114568811654,-0.0006424226321971332,0.9993575773678028,-0.000004719384602558385,1.0005717373141767,397.1894581039732,6.369865099207348,0.00003500289999999997,0.000028672782717396213
2022-03-20T02:00:00.000Z,0.01927099680038773,0.9959969084824594,0.00007285715651182902,0.00035211460453552293,0.0003291232479500916,251267784.7888,52170056.5734,4765347.4346,-0.004332214765490727,-0.004332214765490727,-0.003930234361028807,0.9960697656389712,-0.00001819417663029288,1.0002001470722828,394.6983605907713,6.331556598450197,0.00003503190000000002,0.00003224086464418537
2022-03-20T03:00:00.000Z,0.01927099680038773,0.9963494504984329,0.00007703094204823731,0.0003874039178890491,0.0003637182625733093,251361276.5578,57407037.2473,5236980.6739,-0.004014267764140378,-0.004014267764140378,-0.0035735185595188314,0.9964264814404812,-0.000014149813247543719,0.9998068741300128,395.10583255672566,6.321818714347903,0.000035179500000000086,0.000035418610485862985
2022-03-20T04:00:00.000Z,0.01927099680038773,0.9982073848250028,0.00008167805468474335,0.00041335351759097153,0.0003895116527875553,251833717.5039,61258048.8529,3851011.6056,-0.002182126827784736,-0.002182126827784736,-0.0017109371203124376,0.9982890628796875,-0.000005290891200382397,0.9995779816342393,396.651591984341,6.352714808408519,0.00003488429999999995,0.000025996200168941294
2022-03-20T05:00:00.000Z,0.01927099680038773,0.999169249341195,0.00008632612796837541,0.0004407525795359361,0.00041734471701171394,252029074.7072,65323402.7492,4065353.8963,-0.0012480953758167157,-0.0012480953758167157,-0.0007444245308366263,0.9992555754691633,-0.000003377283926520036,0.999859525128976,397.2826305318947,6.376590666319078,0.000035327,0.00002742184262565387
2022-03-20T06:00:00.000Z,0.01927099680038773,0.997945436214002,0.00009006064925385944,0.00046118263043888315,0.000437411987774472,251722789.45330003,68354754.1295,3031351.3803,-0.00249197577377247,-0.00249197577377247,-0.001964503136744139,0.9980354968632559,-0.000008854110181477637,1.0002224993487001,396.1498551311205,6.336464745070181,0.00003503190000000002,0.000020472112825787856
2022-03-20T07:00:00.000Z,0.01927099680038773,0.9993838084473997,0.00009488744125690618,0.00048269569787231424,0.0004597164836408485,252087924.1565,71546829.5457,3192075.4162,-0.0010759080362411355,-0.0010759080362411355,-0.0005213041113433808,0.9994786958886566,-0.000004611540530663483,1.0004700129640425,397.17712152196964,6.374316398715198,0.00003491390000000004,0.00002152633144049823
2022-03-20T08:00:00.000Z,0.01927099680038773,0.9989863533190946,0.00009926946491575668,0.0005019940768320557,0.0004781712552608397,251991535.0224,74410336.9076,2863507.3619,-0.001491817936166262,-0.001491817936166262,-0.0009143772159896657,0.9990856227840104,-0.0000031903120013554442,0.9995425972547743,397.214664795887,6.376347185151692,0.00003541539999999999,0.00001931796048147918
2022-03-20T09:00:00.000Z,0.01927099680038773,1.0002180516294241,0.00010355040233018159,0.0005229545927555282,0.0004993116358814609,252087738.95270002,77517829.4311,3107492.5235,-0.00028126000645734006,-0.00028126000645734006,0.0003216020317543024,1.0003216020317542,-0.0000013540765784192388,0.9998737874088448,398.04649878053647,6.377782607870687,0.00003464910000000006,0.000020955946972657863
2022-03-20T10:00:00.000Z,0.01927099680038773,0.9968730463798573,0.00010791405729282048,0.0005475876442064405,0.0005252853116074485,251205647.41410002,81169224.5712,3651395.1401,-0.0036522389317501514,-0.0036522389317501514,-0.0030190395628498824,0.9969809604371501,-0.000011996284616233588,0.9997487837845952,395.4160914881259,6.381811032008552,0.00003494969999999996,0.00002471031922278983
2022-03-20T11:00:00.000Z,0.01927099680038773,0.996192884036497,0.00011204609096532095,0.0005699995494726352,0.000544435626630535,251027184.59970003,84491282.30849999,3322057.7373,-0.004351551590133562,-0.004351551590133562,-0.003695069872537706,0.9963049301274622,-0.000009462812134430898,0.9984998867514498,395.35510197643833,6.368839903930049,0.00003545370000000003,0.00002249755604125414
2022-03-20T12:00:00.000Z,0.01927099680038773,0.9946354857054344,0.00011549065341422876,0.0005857345592476118,0.0005620997658203342,250636030.0096,86823653.4822,2332371.1737,-0.005926614060385971,-0.005926614060385971,-0.005249023641151407,0.9947509763588486,-0.00002408922245700218,0.9995064461591392,393.70834400833564,6.31961652488822,0.00003539459999999993,0.000015819876316817375
2022-03-20T13:00:00.000Z,0.01927099680038773,0.9935429429970609,0.000118680537599102,0.0006086678432593407,0.000582163009247405,250469496.7316,90224488.09799999,3400834.6158,-0.007039220012186487,-0.007039220012186487,-0.00633837646533998,0.99366162353466,-0.00003152840121589673,0.9993864431151819,392.87469898180296,6.261157693028776,0.000035291400000000026,0.000023082327078954833
2022-03-20T14:00:00.000Z,0.01927099680038773,0.992375234995157,0.0001222753893997088,0.0006259343114416455,0.0006069037449100145,250175120.69309998,92784976.49859999,2560488.4006,-0.008231668749753007,-0.008231668749753007,-0.007502489615443284,0.9924975103845567,-0.00005032348556344157,1.0002762402519036,391.58301407211644,6.229539958224279,0.00003493700000000008,0.000017399133330926995
2022-03-20T15:00:00.000Z,0.01927099680038773,0.9917378311587682,0.0001263557823307729,0.0006433326105859619,0.0006177126154813806,250238431.6775,95367325.8368,2582349.3382,-0.008879881456713146,-0.008879881456713146,-0.008135813058900992,0.991864186941099,-0.0000434303292335958,0.9989105578846168,391.6059712951951,6.228479932174269,0.000034168399999999996,0.00001754324403933963
2022-03-20T16:00:00.000Z,0.01927099680038773,0.9913696766194755,0.00012974679945282068,0.0006608683890214523,0.0006332385428517995,249943391.32419997,97967977.3988,2600651.562,-0.009263561923376296,-0.009263561923376296,-0.008500576581071676,0.9914994234189283,-0.0000631145590811455,1.0004382605444877,390.7053020118212,6.187520337142236,0.00003540729999999998,0.000017688435897332485
2022-03-20T17:00:00.000Z,0.01927099680038773,0.992095179692805,0.0001346283103028215,0.0006761923561430754,0.0006487092951847906,250109779.98509997,100240455.0101,2272477.6113,-0.008553529602379761,-0.008553529602379761,-0.00777019199689215,0.9922298080031079,-0.00005959913886743884,1.00083752840918,391.1094281803337,6.218457094767358,0.00003532160000000006,0.000015446065081661927
2022-03-20T18:00:00.000Z,0.01927099680038773,0.9869224969961363,0.0001377579523916128,0.0006941233788687424,0.0006634840192629721,248808664.9383,102899578.9587,2659123.9486,-0.01374098702312665,-0.01374098702312665,-0.012939745051472065,0.9870602549485279,-0.00012937053295603018,1.0007597489704818,387.0574807911852,6.1728322669483395,0.00003461269999999993,0.00001816862251859678
2022-03-20T19:00:00.000Z,0.01927099680038773,0.9876124000845188,0.00014254673023692552,0.0007018658217318451,0.0006723800335955987,248993345.2639,104047812.7225,1148233.7638,-0.013059979949076816,-0.013059979949076816,-0.012245053185244293,0.9877549468147557,-0.00010763968887517184,1.0000364806740054,387.87251088251685,6.198366284329513,0.000035320099999999974,0.000007839556500560852
2022-03-20T20:00:00.000Z,0.01927099680038773,0.991170949271158,0.0001478599027836747,0.000708816502201706,0.0006810343915661932,249860256.67430001,105078500.119,1030687.3965,-0.009510085120408185,-0.009510085120408185,-0.008681190826058317,0.9913188091739417,-0.0000641179672948855,1.000278308509419,390.5733348151512,6.244279257316644,0.00003537910000000001,0.000007012594149112725
2022-03-20T21:00:00.000Z,0.01927099680038773,0.99186346752438,0.00015270670346110413,0.00071899249617626,0.0006917263113959127,250052095.90370002,106587560.0996,1509059.9806,-0.008828258787015875,-0.008828258787015875,-0.007983825772158858,0.9920161742278412,-0.00005767199869011197,1.0003821359696616,391.0706474501111,6.272152234158873,0.000034638600000000004,0.00001025946996264325
2022-03-20T22:00:00.000Z,0.01927099680038773,0.9926751744241976,0.0001573908723246424,0.0007231732522126185,0.0006974104825815397,250256996.6056,107207550.62370001,619990.5241,-0.008022236058383925,-0.008022236058383925,-0.0071674347034777425,0.9928325652965223,-0.000045678502033408286,1.0000131118261153,391.85149226423755,6.288603066474414,0.00003534720000000012,0.000004211606090002979
2022-03-20T23:00:00.000Z,0.01927099680038773,0.9931863351938908,0.00016186156671673933,0.0007312543153959992,0.0007067690918609593,250378643.06200004,108405907.3284,1198356.7047,-0.007520433897970191,-0.007520433897970191,-0.006651803239392492,0.9933481967606075,-0.00004470085289087766,1.0004160865889486,392.090036439036,6.299079983263234,0.000034669199999999766,0.00000813650227142391
2022-03-21T00:00:00.000Z,0.01927099680038773,0.9919985852396885,0.00016574353470344766,0.0007383700943496484,0.0007108537868468767,250081305.64679998,109461128.9258,1055221.5974,-0.008712268547158342,-0.008712268547158342,-0.007835671225608017,0.992164328774392,-0.00005666960085948247,1.0004054112225984,391.153080892726,6.284389823547508,0.000035171100000000237,0.000007173173984118451
2022-03-21T01:00:00.000Z,0.01927099680038773,0.9905874335243775,0.00016923472588624636,0.0007545790434573357,0.0007301276390735412,249658676.3564,111864162.1697,2403033.2439,-0.010142694114696038,-0.010142694114696038,-0.009243331749736251,0.9907566682502638,-0.00007351792375509536,1.000441252316214,390.0110568930173,6.255947415943384,0.00003518069999999989,0.000016362966327668254
2022-03-21T02:00:00.000Z,0.01927099680038773,0.9910288815036143,0.00017411153002437743,0.0007655608368192008,0.000737092069696077,249751842.06989998,113492133.3503,1627971.1806,-0.009708210566081732,-0.009708210566081732,-0.008797006966361277,0.9912029930336387,-0.00007139072611839214,1.0007035109877542,390.25120983701754,6.283495577219168,0.000034120099999999965,0.000011081203582255958
2022-03-21T03:00:00.000Z,0.01927099680038773,0.987154908969612,0.00017794983324287414,0.0007893659561429767,0.0007588324451490713,249828481.2891,117036005.84459999,3543872.4943,-0.013603923475537072,-0.013603923475537072,-0.012667141197145126,0.9873328588028548,-0.00012047701288642187,1.0003356561388017,387.329208318028,6.271014964892326,0.00003462289999999996,0.00002411487757209871
2022-03-21T04:00:00.000Z,0.01927099680038773,0.988723243481514,0.0001883984242258848,0.0008080054577950133,0.0007787375031569344,250225619.9321,119810874.45629999,2774868.6117,-0.012055494021642965,-0.012055494021642965,-0.011088358094260146,0.9889116419057399,-0.00010168158788781412,1.0006420368665696,388.42724301268726,6.4898705986176495,0.00003388780000000008,0.000018852092927854697
2022-03-21T05:00:00.000Z,0.01927099680038773,0.9888361466785953,0.0001914992849974133,0.0008238974414015271,0.0007938405132823512,250020087.97720003,122174505.91939999,2363631.4631,-0.011957693834687033,-0.011957693834687033,-0.010972354036407268,0.9890276459635927,-0.00009114876029581165,0.999981942086708,388.7606046370254,6.446489505989701,0.00003509769999999993,0.000016071402581205503
2022-03-21T06:00:00.000Z,0.01927099680038773,0.9898945339308896,0.00019787468835904434,0.00083530338169457,0.0008062979171339357,250318092.584,123871129.4653,1696623.5459,-0.010911763986244383,-0.010911763986244383,-0.009907591380751403,0.9900924086192486,-0.00008022817335828769,1.000205278434802,389.4971245653591,6.5119845935576075,0.00003529940000000006,0.000011522379378398787
2022-03-21T07:00:00.000Z,0.01927099680038773,0.9911948260169228,0.0002029677688078769,0.0008498360180932797,0.0008227335552156712,250657615.1712,126032938.5703,2161809.105,-0.009627907538292901,-0.009627907538292901,-0.008602206214269353,0.9913977937857307,-0.000055056417988419426,0.9993288082845263,390.85143033844076,6.53358070869287,0.00003523869999999999,0.000014661734797045407
2022-03-21T08:00:00.000Z,0.01927099680038773,0.992561952207327,0.00020757794870817264,0.0008650629114227201,0.0008386549147422206,250985773.8928,128297863.8443,2264925.274,-0.008276702707415207,-0.008276702707415207,-0.007230469843964814,0.9927695301560352,-0.00004332702624965101,0.9995073918415565,391.8486420858436,6.53892359435683,0.0000352682000000001,0.00001534100083076643
