query_ts,assumedLPToken,equityValue,totalDexYield,totalTradingfee,newTotalTradingFee,liquidity,totalVolume,volume,priceImpact,priceEffect,totalReturn,totalEquityVal,impermanentLoss,tokenPrice,quoteTokenPrice,rewardPrice,rewardTokenPerLP,feePerDollar
2022-04-02T10:00:00.000Z,0.018057342930040122,1,0.000004815146747475567,0.00001490529648579535,2.510214258677479e-13,327451329.07420003,2871034.8545,2871034.8545,-2.510214258677479e-13,-2.510214258677479e-13,0.000004815146747475567,1.0000048151467475,0,1.0001045406099065,448.8994640122125,9.295614776164827,0.0000286865,0.000014905296816016361
2022-04-02T11:00:00.000Z,0.018057342930040122,1.0007738718989667,0.000009594911148100204,0.00002674379524331865,0.000011925938778079015,327706570.53169996,5151360.739499999,2280325.885,0.0007619459601886369,0.0007619459601886369,0.0007834668101148162,1.0007834668101148,-2.224550801344094e-7,1.0001991948856663,449.5412523386983,9.249757385290883,0.000028759100000000004,0.000011829344764770316
2022-04-02T12:00:00.000Z,0.018057342930040122,0.9997301534417942,0.00001431274226663114,0.00003906159366570259,0.00002401515742511684,326146721.2729,7515180.797699999,2363820.0582,-0.00029386171563094976,-0.00029386171563094976,-0.0002555338159392018,0.9997444661840608,-5.624003585058546e-8,0.9994753874067858,448.91808277027224,9.154843444945278,0.0000291345,0.000012321123705479673
2022-04-02T13:00:00.000Z,0.018057342930040122,1.0004458471495943,0.00001906517163174168,0.00006241497289795988,0.00004864112366331774,326231538.79230005,11994718.270999998,4479537.4733,0.0003972060259309629,0.0003972060259309629,0.0004649123212260223,1.000464912321226,-1.8765233322781683e-7,0.9998890472701923,449.3529684307711,9.173314125760914,0.000028516000000000013,0.000023342972089091403
2022-04-02T14:00:00.000Z,0.018057342930040122,1.0005994963853784,0.00002407949672699167,0.00007793491244534511,0.00006314731333612045,325470308.31079996,14964278.763699997,2969560.4927,0.0005363490720422526,0.0005363490720422526,0.0006235758821053647,1.0006235758821054,-1.8838002158183542e-7,1.0000269329264768,449.4160012583736,9.24006154133493,0.000029221299999999994,0.000015510640168040437
2022-04-02T15:00:00.000Z,0.018057342930040122,0.9982656893582691,0.000028774616236574646,0.00009342274061979784,0.00007856389648308593,325018556.0744,17930500.355899997,2966221.5922,-0.0018128745382139932,-0.0018128745382139932,-0.0017055360254943327,0.9982944639745057,-0.0000013678626372692904,0.9999440206754439,447.34514281675916,9.207169146232264,0.000028755699999999996,0.00001551473481282005
2022-04-02T16:00:00.000Z,0.018057342930040122,0.9919692629061282,0.000033069070211547776,0.0001246738563178982,0.00010911814540726095,322676298.3527,23910283.6835,5979783.3276,-0.00813985523927907,-0.00813985523927907,-0.00799766802366026,0.9920023319763397,-0.000035331356266765646,1.0003376627714713,441.5183365953504,9.052841606433905,0.000029221000000000027,0.0000315041163817012
2022-04-02T17:00:00.000Z,0.018057342930040122,0.9945902060939357,0.000037938756565722636,0.00014153423757433763,0.0001263102327454524,322850284.7843,27129687.589199997,3219403.9057,-0.005536104138809783,-0.005536104138809783,-0.005371855149498608,0.9946281448505014,-0.000015268938394652487,1.0000791969309348,443.9541639792269,9.081258532315859,0.000029063199999999996,0.000016952088623203678
2022-04-02T18:00:00.000Z,0.018057342930040122,0.9964528664693072,0.00004287920863748303,0.00014971436199185783,0.0001347654125264386,323434595.47609997,28691542.706199996,1561855.117,-0.0036818989432192417,-0.0036818989432192417,-0.00350425432205532,0.9964957456779446,-0.00000674448873849709,1.0000885899067267,445.60705154260216,9.117456987062186,0.000029089600000000017,0.000008209244576918492
2022-04-02T19:00:00.000Z,0.018057342930040122,0.9905185384218989,0.000046898398060695195,0.00016599449039631764,0.0001502211977291168,321478754.9366,31799668.462799996,3108125.7566,-0.009631682775830264,-0.009631682775830264,-0.009434563180040451,0.9905654368199596,-0.000048451485868405975,1.0002703336798449,440.2208157048176,8.96327928407472,0.00002931230000000002,0.000016435965690056374
2022-04-02T20:00:00.000Z,0.018057342930040122,0.9934306707807511,0.000052210133831423946,0.0001736270981188561,0.00015833693880129562,322455294.0604,33256991.884399995,1457323.4216,-0.006727666158050205,-0.006727666158050205,-0.006517119085417486,0.9934828809145825,-0.000021544746936053016,0.9999184572998621,442.96210964653056,9.082702080249431,0.000028576899999999994,0.000007683079987689524
2022-04-02T21:00:00.000Z,0.018057342930040122,0.9930070744976478,0.000056935171137926404,0.00017980505324404213,0.00016454775193253113,322321586.8293,34436586.754499994,1179594.8701,-0.00715747325428473,-0.00715747325428473,-0.0069359903312142725,0.9930640096687857,-0.00002182792553484525,0.9995287529157988,442.7513932139996,9.072189554957824,0.000029211799999999994,0.00000622146130172784
2022-04-02T22:00:00.000Z,0.018057342930040122,0.9920596245298599,0.00006160635779345106,0.00018554677366152138,0.00017040549161839724,322010913.07009995,35532877.8828,1096291.1283,-0.008110780961758546,-0.008110780961758546,-0.007878769112346697,0.9921212308876532,-0.00003479227135516627,1.0003025845507474,441.5597052233325,9.056555235776703,0.000029163400000000006,0.000005787676263332989
2022-04-02T23:00:00.000Z,0.018057342930040122,0.9911350445697085,0.00006641203306770297,0.00019042010562308925,0.00017491152697413082,321616255.232,36463090.447799996,930212.565,-0.009039866957265663,-0.009039866957265663,-0.00879854339722383,0.9912014566027761,-0.000041047387697168425,1.0000843359136125,440.82907073784,9.062413179384192,0.000029123300000000037,0.0000049169198844109245
2022-04-03T00:00:00.000Z,0.018057342930040122,0.9869783232515632,0.00007054377956625735,0.00019816202708252328,0.00018178411549818474,320275386.76339996,37940890.71479999,1477800.267,-0.01320346086393498,-0.01320346086393498,-0.012951132968870536,0.9870488670311295,-0.00009062333251208532,1.0002764684052285,437.0485353283913,8.98666916836249,0.000028881899999999995,0.000007844063445799241
2022-04-03T01:00:00.000Z,0.018057342930040122,0.9889832598912907,0.00007562347676886385,0.0002067800619291742,0.00019127334079538372,320875385.2235,39585666.933199994,1644776.2184,-0.011208013449504728,-0.011208013449504728,-0.01094111663194048,0.9890588833680595,-0.00006532372161205391,1.0002636957514617,438.82347839543667,9.027378757549744,0.000029201400000000018,0.000008714035728644042
2022-04-03T02:00:00.000Z,0.018057342930040122,0.9842361261544276,0.00007940497256030576,0.00022245759513124703,0.0002061280850977898,318088558.8474,42566087.639599994,2980420.7064,-0.01597000193067022,-0.01597000193067022,-0.015684468873012124,0.9843155311269879,-0.0001326521594956498,1.0002947473736974,434.5934471770644,8.917609667767943,0.000029193899999999978,0.00001592863075377291
2022-04-03T03:00:00.000Z,0.018057342930040122,0.9852781567628647,0.00008442178098823799,0.00023656239696481364,0.00022011168432467532,318313684.4525,45246579.838599995,2680492.199,-0.014941954921459999,-0.014941954921459999,-0.014637421456147085,0.9853625785438529,-0.00011983492718492528,1.00053201345476,435.3987134295716,8.953432810675066,0.000029057199999999983,0.000014315553998684554
2022-04-03T04:00:00.000Z,0.018057342930040122,0.9864273633083964,0.00008954818965315325,0.0002449026719567804,0.00022890005113318512,318603441.443,46831169.293699995,1584589.4551,-0.013801536742736764,-0.013801536742736764,-0.013483088501950426,0.9865169114980495,-0.00008813827956444253,0.9994844105656002,436.86485127549156,8.993163640851018,0.000029261099999999976,0.000008455031312497408
2022-04-03T05:00:00.000Z,0.018057342930040122,0.9901370556960822,0.00009488242415301313,0.000255857126542072,0.0002404398992967849,319810781.6448,48912492.9457,2081323.652,-0.01010338420321455,-0.01010338420321455,-0.009768061879764752,0.9902319381202352,-0.0000517314566937932,1.0001216641112385,439.8669481570586,9.046426401428157,0.000029407700000000034,0.000011063573873909546
2022-04-03T06:00:00.000Z,0.018057342930040122,0.9915171707544946,0.00010038934209769536,0.0002639130417205136,0.0002502577407401674,320258430.6407,50443109.1756,1530616.2299,-0.00873308698624553,-0.00873308698624553,-0.008382439903407668,0.9916175600965923,-0.00004099402249635453,1.0003880462226036,440.9681401324438,9.121601536121789,0.000028646700000000008,0.000008124837137384382
2022-04-03T07:00:00.000Z,0.018057342930040122,0.9936502622169028,0.00010596745294454702,0.00027367082716115993,0.0002591174965991261,319163523.4491,52286774.2252,1843665.0496,-0.006608855279696346,-0.006608855279696346,-0.0062437703301526735,0.9937562296698473,-0.000019558366717187248,0.9997281697763454,443.1524196055213,9.184639332889754,0.000029450299999999954,0.000009820140316942718
2022-04-03T08:00:00.000Z,0.018057342930040122,0.9945026424320165,0.0001110025727441326,0.0002865808269793403,0.0002724856279849863,319445219.885,54726088.6374,2439314.4122,-0.005769843195968516,-0.005769843195968516,-0.005386354995239397,0.9946136450047606,-0.000011287758400202463,0.9990698073350355,444.19382341433413,9.198841747990192,0.00002932609999999999,0.000012981363447018732
2022-04-03T09:00:00.000Z,0.018057342930040122,0.9938698417207623,0.00011539222575444828,0.00029881976537368015,0.00028453115187254685,319311724.07369995,57039112.818500005,2313024.1811,-0.006414689431110232,-0.006414689431110232,-0.006014766053483237,0.9939852339465167,-0.000022066467031511827,1.0003125554073746,443.06667934902754,9.157447502643123,0.000029566900000000047,0.00001231442759979094
2022-04-03T10:00:00.000Z,0.018057342930040122,0.9940672760477591,0.00012042153959104581,0.0003104587611893095,0.00029650807177339367,319269073.4354,59238024.011700004,2198911.1932,-0.006229232024014264,-0.006229232024014264,-0.005812302412649824,0.9941876975873501,-0.00001618678118975314,0.9995457390953129,443.5721278408453,9.169238696329,0.000029478000000000008,0.000011708459539211732
2022-04-03T11:00:00.000Z,0.018057342930040122,0.9937696824807031,0.00012490530980022115,0.0003204680330506768,0.0003061992852605444,319119329.53150004,61128716.699300006,1890692.6876,-0.006536516804557468,-0.006536516804557468,-0.006105412209496703,0.9938945877905033,-0.000017740019723211375,0.9995032415740608,443.31670397672906,9.13872289338621,0.000029599500000000075,0.000010072024072119802
2022-04-03T12:00:00.000Z,0.018057342930040122,0.9942053337592712,0.000130051531487607,0.0003321260071337256,0.0003180158102263908,319233223.0960999,63330660.27730001,2201943.578,-0.006112682050955165,-0.006112682050955165,-0.005664614709241167,0.9943353852907588,-0.000010131779738853375,0.9984757823318713,444.15161770079914,9.157954052080049,0.00002953029999999995,0.00001172592265396243
2022-04-03T13:00:00.000Z,0.018057342930040122,0.9962983200363823,0.00013572820063202876,0.000346338084030171,0.0003328749099794637,318899652.0617,66006581.169700004,2675920.8924,-0.004034554873597163,-0.004034554873597163,-0.0035659517629856702,0.9964340482370143,-0.0000030403193491679303,0.9985288010091904,445.98723828613436,9.213960220853078,0.0000293385,0.000014264880778859727
2022-04-03T14:00:00.000Z,0.018057342930040122,0.9987292259071507,0.00014183527108293598,0.00036605725687020277,0.00035392330244421455,319635486.5488,69718914.8751,3712333.7054,-0.001624697395293473,-0.001624697395293473,-0.0011289388217663224,0.9988710611782337,-2.73061217859194e-7,0.9992178236138161,447.83906236498495,9.293450115348259,0.00002941409999999994,0.000019744263590133257
2022-04-03T15:00:00.000Z,0.018057342930040122,0.9987497516310758,0.00014665325935190812,0.0004032225369992957,0.0003906290477150298,319652497.11660004,76715883.1353,6996968.2602,-0.0016408774166392082,-0.0016408774166392082,-0.0011035951095722703,0.9988964048904277,-9.187450970005173e-7,0.9998178676768604,447.55578339675,9.28387210498651,0.000029611700000000044,0.00003721180391092362
2022-04-03T16:00:00.000Z,0.018057342930040122,0.9990173035650691,0.000151638679573889,0.0004199007286942425,0.00040743421505307076,319744908.482,79855890.48969999,3140007.3544,-0.001390130649983945,-0.001390130649983945,-0.0008310577553569852,0.999168942244643,-3.196234368285644e-7,0.9995130852135683,447.91716902118367,9.284930209781203,0.000029635400000000028,0.00001669459735206543
2022-04-03T17:00:00.000Z,0.018057342930040122,0.9978344573706088,0.00015665467763570422,0.00043803717903792485,0.00042505332112252603,319371168.93479997,83270496.4758,3414605.9861,-0.0025905959505136966,-0.0025905959505136966,-0.0020088879517554665,0.9979911120482445,-0.00000297858972320153,0.9999513153925438,446.6450725281325,9.287981665070705,0.000029610499999999987,0.000018175811535308193
2022-04-03T18:00:00.000Z,0.018057342930040122,0.9984118320356128,0.0001623165379989321,0.00045385393254825405,0.00044112748559932413,319530188.5894,86248125.6996,2977629.2238,-0.0020292954499865345,-0.0020292954499865345,-0.0014258514263882783,0.9985741485736117,-0.000002213123567074149,1.0001770603086382,447.046996994035,9.329142910793863,0.00002948849999999991,0.000015841913725919305
2022-04-03T19:00:00.000Z,0.018057342930040122,0.9992682203813532,0.00016775014645896639,0.0004631044005507495,0.0004507831653735028,319684747.36679995,87988948.5853,1740822.8857,-0.0011825627840202912,-0.0011825627840202912,-0.000564029472187822,0.9994359705278122,-8.377589687524889e-7,1.0002157142895922,447.7886110743191,9.358528723073126,0.00002912790000000004,0.000009257241485764238
2022-04-03T20:00:00.000Z,0.018057342930040122,1.0009084854738723,0.00017526713063979106,0.0004696782556967395,0.00045811327005962355,320210382.0517,89226069.9127,1237121.3274,0.00045037220381272114,0.00045037220381272114,0.0010837526045121358,1.0010837526045122,-8.039580821073145e-7,1.001824505117219,448.5325193735828,9.49431692291516,0.00002964850000000009,0.0000065678890331558335
2022-04-03T21:00:00.000Z,0.018057342930040122,0.9998021430806181,0.00018569527938203356,0.00047700404749408506,0.00046509198096134075,319859573.9807001,90604710.2146,1378640.3019,-0.0006629489003432409,-0.0006629489003432409,-0.000012161639999866641,0.9999878383600002,-2.833697827497872e-7,1.0001942064139278,448.26427671692534,9.775246721445491,0.000029697899999999904,0.000007327242027063461
2022-04-03T22:00:00.000Z,0.018057342930040122,1.00046511001699,0.0001898370323217986,0.0004824085235578,0.00047105607266395566,320071218.21449995,91621776.818,1017066.6034,-0.000005946055674055373,-0.000005946055674055373,0.000654947049311699,1.0006549470493118,-1.2857492848183938e-8,1.0002589815311715,448.8248159935056,9.723366926805696,0.000029202299999999922,0.000005401964086071865
2022-04-03T23:00:00.000Z,0.018057342930040122,1.0036204364529824,0.00019618455023311468,0.000496999728814936,0.0004876269630507135,321088979.6782,94367761.7916,2745984.9736,0.003132809489931665,0.003132809489931665,0.003816621003215493,1.0038166210032156,-0.0000050626758842931,1.0000504063814308,451.74095482770844,9.779861549419088,0.000029697500000000012,0.000014538569526112393
2022-04-04T00:00:00.000Z,0.018057342930040122,1.000876960531209,0.00020014258918466302,0.0005057880173194027,0.0004943924006863831,320271998.18700004,96021983.33160001,1654221.54,0.00038256813052250926,0.00038256813052250926,0.0010771031203935554,1.0010771031203936,-2.3435554385997648e-7,0.9998024247909224,449.3787492075516,9.72082547037015,0.000029295500000000092,0.00000878058848078885
2022-04-04T01:00:00.000Z,0.018057342930040122,0.9959076459027147,0.00020291511625001248,0.000521118974132885,0.0005071939723844121,318624405.5440999,98907212.58970001,2885229.2581,-0.004599548069669668,-0.004599548069669668,-0.0038894389810352433,0.9961105610189648,-0.000010258654288608504,1.0000239998351903,444.81531355752725,9.609582555459784,0.000029177100000000002,0.00001539395493070956
2022-04-04T02:00:00.000Z,0.018057342930040122,0.995855572864884,0.00020762885421259105,0.000530414285740813,0.0005167289122399721,318610223.8679,100656569.22950001,1749356.6398,-0.004661156047355952,-0.004661156047355952,-0.003936798280903389,0.9960632017190966,-0.000008526193220004252,0.9995620461639471,444.9658023119925,9.593846802369113,0.00002912739999999994,0.000009333995160472378
2022-04-04T03:00:00.000Z,0.018057342930040122,0.9962325147522059,0.00021324348555833847,0.0005407219606113021,0.0005276009504059376,318754523.8634,102596594.58160001,1940025.3521,-0.004295086198200071,-0.004295086198200071,-0.003554241762235795,0.9964457582377642,-0.000007624073141698773,0.9997051419388124,445.22942687347677,9.61659825764381,0.000029497500000000068,0.000010346655032834462
2022-04-04T04:00:00.000Z,0.018057342930040122,0.9953932706545701,0.00022158559205694684,0.0005516624099214171,0.0005382771905304562,318414462.5903001,104655253.1965,2058658.6149,-0.005145006535960395,-0.005145006535960395,-0.004385143753372992,0.995614856246627,-0.000011068639007127956,0.9996513568674841,444.4935817275736,9.756613763479626,0.000029727399999999952,0.00001099108255592349
2022-04-04T05:00:00.000Z,0.018057342930040122,0.9969840962788268,0.00023576762939528557,0.000565131578837972,0.0005520270240122471,318823679.054,107188947.40290001,2533694.2064,-0.003567930745185466,-0.003567930745185466,-0.0027801360917779332,0.997219863908222,-0.000003932374928905524,0.9993348661849675,446.04516783459934,10.142265507814392,0.000029612899999999914,0.000013509912951448202
2022-04-04T06:00:00.000Z,0.018057342930040122,0.9989209255904028,0.00024099371359444482,0.0005768489507448548,0.0005651817035967621,319422557.4551,109392968.7081,2204021.3052,-0.0016442561131939648,-0.0016442561131939648,-0.0008380806960027579,0.9991619193039972,-0.0000020276987279244096,1.0004728409577266,447.2597575658746,10.13720059404272,0.00002919309999999991,0.000011730030116506966
2022-04-04T07:00:00.000Z,0.018057342930040122,0.9991481553945696,0.00024649659903587295,0.0005892435795499375,0.0005781660381822817,319541586.705,111724719.236,2331750.5279,-0.0014300106436127002,-0.0014300106436127002,-0.0006053480063945456,0.9993946519936054,-0.0000014211569822064618,1.0003594830158975,447.50244453333534,10.142655670477327,0.00002933779999999995,0.000012405195637616749
2022-04-04T08:00:00.000Z,0.018057342930040122,0.9983453386781898,0.00024762259922775045,0.0006024773457211192,0.0005914246187757044,321628313.20510006,114232606.5715,2507887.3355,-0.0022460859405859512,-0.0022460859405859512,-0.0014070387225824964,0.9985929612774175,-0.0000034729039114500537,1.000491537603488,446.71233685590454,9.970145031265858,0.00002954170000000013,0.000013255700121249137
