query_ts,assumedLPToken,equityValue,totalDexYield,totalTradingfee,newTotalTradingFee,liquidity,totalVolume,volume,priceImpact,priceEffect,totalReturn,totalEquityVal,impermanentLoss,tokenPrice,quoteTokenPrice,rewardPrice,rewardTokenPerLP,feePerDollar
2022-02-18T10:00:00.000Z,0.01925802878530444,1,0.000006958955054793,0.000013921557754190074,5.999645225074346e-13,198903552.872,1628851.4523,1628851.4523,-5.999645225074346e-13,-5.999645225074346e-13,0.000006958955054793,1.0000069589550549,0,0.999684697538414,409.9917059973885,8.011667534679123,0.0000451034,0.000013921558609322374
2022-02-18T11:00:00.000Z,0.01925802878530444,0.9990004317110848,0.000013677613408837413,0.00003810555920642997,0.000041291207245386374,199209265.1838,4465614.7495,2836763.2972,-0.0010408594961606177,-0.0010408594961606177,-0.000985890675506394,0.9990141093244936,-0.0000010786906501358828,1.0001120558678525,408.9638334323648,7.889620383835597,0.00004491729999999999,0.000024208199356543646
2022-02-18T12:00:00.000Z,0.01925802878530444,0.9927340119002626,0.000020254968645965717,0.00006814005351350142,0.00007531208450184401,197955812.59660003,7988566.9518,3522952.2023,-0.0073413001842392855,-0.0073413001842392855,-0.007245733131091476,0.9927542668689086,-0.000029132829598044196,0.999949556167464,403.8870512893876,7.7954031973968,0.000044900799999999995,0.000030254321231347686
2022-02-18T13:00:00.000Z,0.01925802878530444,0.9942794944987094,0.000027165531416554345,0.00009402447150438293,0.00009598801908650145,198257771.1327,11024633.0234,3036066.0716,-0.005816493520377053,-0.005816493520377053,-0.0056933399698739975,0.994306660030126,-0.000017358814867862726,0.9997434149734185,405.21234793523917,7.854165373835531,0.00004467850000000001,0.000026033341806639073
2022-02-18T14:00:00.000Z,0.01925802878530444,0.9929997299157888,0.00003389888892169623,0.0001296447339509974,0.00013175047287106167,198042242.0402,15203484.225399999,4178851.202,-0.007132020557082286,-0.007132020557082286,-0.006966371195289528,0.9930336288047105,-0.000020926995430770035,0.9989970985248215,404.44260401630345,7.840688348159068,0.0000449016,0.00003587137254262134
2022-02-18T15:00:00.000Z,0.01925802878530444,0.9895622048186119,0.00004045747197039571,0.0001746030527881642,0.00017646551778127684,197364696.2696,20478059.7649,5274575.5395,-0.010614260699169376,-0.010614260699169376,-0.010397337709417703,0.9896026622905822,-0.0000590172636993902,0.9998782982505617,401.2566709181255,7.8099518014937495,0.0000444899,0.00004543253472698779
2022-02-18T16:00:00.000Z,0.01925802878530444,0.982371054425929,0.00004655793416487409,0.0002160041132834362,0.00021649603926721106,196134338.67049998,25340347.16,4862287.3951,-0.01784544161333823,-0.01784544161333823,-0.017582387639906147,0.9824176123600938,-0.00016396947729824252,0.9997884008493133,395.4482835356096,7.7018535930460414,0.0000449051,0.000042144015309611104
2022-02-18T17:00:00.000Z,0.01925802878530444,0.9849234615683071,0.000053464806161789215,0.00025409192236473474,0.0002575611726826077,199123673.4297,29869922.4732,4529575.3132,-0.015334099604375484,-0.015334099604375484,-0.015023073625531087,0.9849769263744689,-0.0001354386314085243,1.0006912820892147,397.11454648178034,7.738598564099629,0.00004485499999999998,0.000038670831548106
2022-02-18T18:00:00.000Z,0.01925802878530444,0.9837702135298767,0.000059885495590118883,0.00028616466332880827,0.0002868035502840982,198723287.9385,33680951.5291,3811029.0559,-0.016516590020407396,-0.016516590020407396,-0.016169900974533177,0.9838300990254668,-0.00013671168035844783,0.9995666922382095,396.60703746552167,7.703858593320974,0.000044895199999999956,0.000032601862933321704
2022-02-18T19:00:00.000Z,0.01925802878530444,0.985831920377245,0.00006678563359047569,0.00030714534782439563,0.00030871877034410744,199136759.09129998,36173934.4363,2492982.9072,-0.014476798393099122,-0.014476798393099122,-0.01410129398916454,0.9858987060108355,-0.00010963649878170667,0.9999105880780541,398.1169373579162,7.741321675509014,0.000044330599999999985,0.000021282213096060953
2022-02-18T20:00:00.000Z,0.01925802878530444,0.9876502871733418,0.00007353234389458731,0.00032012474696212516,0.0003220179471105089,199477960.4273,37715980.636700004,1542046.2004,-0.012671730773768708,-0.012671730773768708,-0.012276180482763611,0.9877238195172364,-0.00008582123994971269,1.0000336546193545,399.5274685503875,7.756340325303226,0.0000442998,0.00001314169512794573
2022-02-18T21:00:00.000Z,0.01925802878530444,0.9848448229098885,0.00007974134878033031,0.00033386077864440623,0.00033501111926392824,198913183.4454,39347935.37460001,1631954.7379,-0.015490188209375422,-0.015490188209375422,-0.015075435741331163,0.9849245642586688,-0.0001320449884417707,1.0003250255431042,397.13400822646605,7.716942734486138,0.00004429290000000003,0.000013947406634269309
2022-02-18T22:00:00.000Z,0.01925802878530444,0.9864782812833529,0.0000866412625548277,0.0003457174212233323,0.00034776170783912264,199249380.1488,40756647.49880001,1408712.1242,-0.013869480424486214,-0.013869480424486214,-0.013435077454092264,0.9865649225459078,-0.00011009124437444395,1.00055747091061,398.3500501689512,7.744840201785107,0.000044328699999999954,0.00001201916216427649
2022-02-18T23:00:00.000Z,0.01925802878530444,0.9848593891031951,0.00009290390999661805,0.0003561959842978194,0.00035719490385943686,198904179.2892,42001513.21770001,1244865.7189,-0.015497805800664288,-0.015497805800664288,-0.015047706986808233,0.9849522930131918,-0.00012471235847621998,0.9998595120404057,397.3127570023194,7.715802492909307,0.000044333000000000024,0.00001063965437877005
2022-02-19T00:00:00.000Z,0.01925802878530444,0.9876444281279962,0.00009978104160235875,0.0003667169959193551,0.00036916528086450295,199252658.69009998,43250080.94960001,1248567.7319,-0.01272473715286826,-0.01272473715286826,-0.012255790830401398,0.9877442091695986,-0.00008778754932836641,1.00012922625296,399.44639663347704,7.742398700484845,0.000043975499999999965,0.000010652631478966866
2022-02-19T01:00:00.000Z,0.01925802878530444,0.9906147779103157,0.00010710272404279052,0.00038305344885753025,0.0003871390693653831,198871571.296,45179278.76590001,1929197.8163,-0.00977236115904967,-0.00977236115904967,-0.009278119365641496,0.9907218806343585,-0.000058673801212494325,1.000697441537367,401.6108285272397,7.795683165979822,0.00004419500000000003,0.000016491227309853135
2022-02-19T02:00:00.000Z,0.01925802878530444,0.9927142782251274,0.00011408576952936925,0.0003999929939283575,0.00040540364814767305,199284385.4339,47179609.54770001,2000330.7818,-0.007691125423020306,-0.007691125423020306,-0.007171636005343264,0.9928283639946567,-0.000029875228199305326,0.999693778217539,403.7056960608927,7.815683070055322,0.00004456890000000001,0.0000170638674056474
2022-02-19T03:00:00.000Z,0.01925802878530444,0.9913782800845311,0.00012061587812866651,0.00041703798055839,0.0004205345394074911,198966700.7488,49191891.12520001,2012281.5775,-0.009042254454876386,-0.009042254454876386,-0.008501104037340229,0.9914988959626597,-0.00004427366801806887,1.000011397126433,402.47919796931393,7.80487800313125,0.00004449460000000006,0.00001719322212649511
2022-02-19T04:00:00.000Z,0.01925802878530444,0.9913639125724559,0.00012703605625872898,0.0004318483406344881,0.00044080809411262134,198963742.4988,50940358.38100001,1748467.2558,-0.009076895521656692,-0.009076895521656692,-0.008509051371285341,0.9914909486287147,-0.00004892929471500551,1.0004589633126413,402.2710185494265,7.7908619521144065,0.00004423440000000006,0.00001493937688108137
2022-02-19T05:00:00.000Z,0.01925802878530444,0.9925848884674775,0.00013419854689048153,0.0004506532857765607,0.00045624265494814686,199160255.241,53159873.694600016,2219515.3136,-0.007871354187470647,-0.007871354187470647,-0.007280912985632019,0.992719087014368,-0.000032157176607316984,0.9998019010835181,403.5154201350104,7.819116522474829,0.000044506200000000086,0.000018945426779826888
2022-02-19T06:00:00.000Z,0.01925802878530444,0.9927171598232326,0.00014066629094042422,0.00046780717848517704,0.000472089643951068,198833274.50620002,55180924.907600015,2021051.213,-0.007754929820718459,-0.007754929820718459,-0.007142173885826967,0.9928578261141731,-0.000036030104477058345,1.0003885235412724,403.3734543787357,7.804603522763289,0.00004468910000000006,0.000017279738869828173
2022-02-19T07:00:00.000Z,0.01925802878530444,0.9949739955274672,0.00014810802405803238,0.00048411030925614494,0.0004905151198990598,199007366.3884,57099061.53400002,1918136.6264,-0.005516519592431823,-0.005516519592431823,-0.004877896448474731,0.9951221035515253,-0.000013958098154187581,0.9994366235106215,405.58137424200163,7.842952091739612,0.00004469389999999996,0.000016385485241364772
2022-02-19T08:00:00.000Z,0.01925802878530444,0.9941650392287602,0.0001546924152801418,0.000502313579656484,0.0005097567363874234,198847637.5571,59240780.30250002,2141718.7685,-0.006344717507627218,-0.006344717507627218,-0.005680268355959653,0.9943197316440403,-0.000016445478339677244,0.9990552666801539,405.0606853934497,7.835107296222389,0.00004461919999999993,0.000018310108941598526
2022-02-19T09:00:00.000Z,0.01925802878530444,0.9916438779241804,0.00015888279855942806,0.0005281156984613516,0.0005352758490679843,198820103.08499998,62283843.69170002,3043063.3892,-0.008891397924887579,-0.008891397924887579,-0.008197239277260166,0.9918027607227399,-0.000052699287500734826,1.0010206122556708,402.19585106481503,7.712224598616342,0.000044549,0.000026019540687132327
2022-02-19T10:00:00.000Z,0.01925802878530444,0.9899277092828196,0.00016498141600134646,0.0005562393572298645,0.0005643174045659727,198480158.2889,65600775.34020002,3316931.6485,-0.010636608121746383,-0.010636608121746383,-0.009907309301179064,0.9900926906988209,-0.00005834445750041439,0.9997936148838144,401.27252986349947,7.687837394877348,0.00004458570000000002,0.000028409811091758632
2022-02-19T11:00:00.000Z,0.01925802878530444,0.9888435256755813,0.00017137256398915736,0.0005765006253215279,0.0005786318209469732,198264915.2909,67990434.73770002,2389659.3975,-0.011735106145365659,-0.011735106145365659,-0.010985101760429529,0.9890148982395705,-0.00007283788841050409,0.999950131469293,400.31928285720863,7.67867874158646,0.00004454870000000003,0.00002048986311970274
2022-02-19T12:00:00.000Z,0.01925802878530444,0.9842149419097753,0.00017550337820000636,0.0006020924984487376,0.0006017795278185911,197339280.0739,71008834.44020002,3018399.7025,-0.01638683761804327,-0.01638683761804327,-0.015609554712024673,0.9843904452879754,-0.00014904197040221945,1.000428332534506,396.37001782933254,7.5724345686063534,0.00004458590000000006,0.00002600232195196226
2022-02-19T13:00:00.000Z,0.01925802878530444,0.9830320942387344,0.00018145580016069244,0.0006255776972910653,0.0006257484279047487,197107217.64249998,73778836.88770002,2770002.4475,-0.01759365418917036,-0.01759365418917036,-0.01678644996110492,0.9832135500388951,-0.00015807674746626255,0.9997163029021408,395.6795993308964,7.54957458759531,0.00004458520000000001,0.000023890571928679343
2022-02-19T14:00:00.000Z,0.01925802878530444,0.9864749045170342,0.00018934354797173642,0.0006544697668145349,0.0006557986680610917,196663137.6977,77167018.32570001,3388181.438,-0.014180894151026857,-0.014180894151026857,-0.013335751934994028,0.986664248065006,-0.00010183223079940351,0.9996740085226115,398.4503168250668,7.604723911014017,0.000044807999999999934,0.00002928819560203408
2022-02-19T15:00:00.000Z,0.01925802878530444,0.9853448774284043,0.00019540705751240134,0.000694145762420123,0.0006959392133081277,196439328.6135,81819868.67190002,4652850.3462,-0.015351061784903863,-0.015351061784903863,-0.014459715514083335,0.9855402844859167,-0.00012448546313048592,0.9999941696663772,397.37769050659483,7.5855746140859965,0.00004477099999999995,0.000040266099687720105
2022-02-19T16:00:00.000Z,0.01925802878530444,0.9876384141595126,0.00020246048476424948,0.0007276358442319201,0.0007379561162852433,196908383.1839,85747525.36500002,3927656.6931,-0.013099541956772653,-0.013099541956772653,-0.01215912535572316,0.9878408746442768,-0.00008436679507506373,0.9994888868798426,399.3988838701171,7.604656002698621,0.0000448061,0.00003390925399064441
2022-02-19T17:00:00.000Z,0.01925802878530444,0.9870130191708437,0.00020870366519469964,0.0007566074031950039,0.0007582590732804206,196821173.22,89145904.88660002,3398379.5216,-0.013745239902436701,-0.013745239902436701,-0.012778277163961582,0.9872217228360384,-0.00010201288335776049,1.0001284417168252,398.6213559849099,7.592896537087867,0.000044836999999999916,0.000029352762673873467
2022-02-19T18:00:00.000Z,0.01925802878530444,0.9888668414442121,0.0002162211531025992,0.0007739687549445128,0.0007767667710897319,197188628.6255,91182377.97360002,2036473.087,-0.011909925326877624,-0.011909925326877624,-0.010916937402685293,0.9890830625973147,-0.0000791779503129808,1.0002876417588251,400.04264113258756,7.627769105708217,0.000044650399999999995,0.000017556814873311114
2022-02-19T19:00:00.000Z,0.01925802878530444,0.9889296643617553,0.000223143412004749,0.0007878195721815658,0.0007915619109077898,197171600.6263,92806824.58510001,1624446.6115,-0.011861897549152456,-0.011861897549152456,-0.010847192226239918,0.9891528077737601,-0.0000649268548849058,0.9991478454004008,400.5379319631897,7.643976829096447,0.00004390269999999996,0.000014005867126797802
2022-02-19T20:00:00.000Z,0.01925802878530444,0.9854362765722441,0.00022842482662569215,0.000804023753274832,0.000806157323237966,196477624.3497,94707301.93570001,1900477.3506,-0.01536988075099388,-0.01536988075099388,-0.014335298601130222,0.9856647013988697,-0.0001270695691107937,1.0001380216814457,397.3053474918425,7.600277720489486,0.00004479910000000001,0.00001644366123986542
2022-02-19T21:00:00.000Z,0.01925802878530444,0.9867886399372735,0.0002385437933489372,0.0008116188656217761,0.0008130946813585949,196749171.6794,95598089.34580001,890787.4101,-0.01402445474408509,-0.01402445474408509,-0.012972816269377558,0.9870271837306225,-0.0001226392238551366,1.0012238377976663,397.95981593681296,7.717101189326051,0.000044462599999999834,0.000007696797827629961
2022-02-19T22:00:00.000Z,0.01925802878530444,0.9852494207450023,0.0002450144705458532,0.0008197114687005281,0.0008214851499785958,196459320.2453,96547306.89230001,949217.5465,-0.015572064404976271,-0.015572064404976271,-0.014505564784451822,0.9854944352155481,-0.0001201514409454596,0.999492675878907,397.3986232630701,7.71140326574656,0.000044757699999999844,0.000008213760625024888
2022-02-19T23:00:00.000Z,0.01925802878530444,0.987927532848467,0.000252289337913811,0.0008430139916592071,0.0008459722564365668,197058892.6892,99281473.51950002,2734166.6272,-0.01291843940796955,-0.01291843940796955,-0.011820177813619173,0.9881798221863808,-0.00011363722423640699,1.0017599247361633,398.6396930268253,7.7307144642031,0.00004474320000000003,0.000023587279938545712
2022-02-20T00:00:00.000Z,0.01925802878530444,0.9889124498409205,0.00025976810579547683,0.0008533579372608792,0.0008590459821768981,197257273.2536,100495176.59660001,1213703.0771,-0.011946596141256371,-0.011946596141256371,-0.010827782053283996,0.989172217946716,-0.00008679444723014296,1.0008422624494209,399.79127950389704,7.754787226076373,0.00004481769999999985,0.00001045991966246722
2022-02-20T01:00:00.000Z,0.01925802878530444,0.9838058817756279,0.0002641510400986479,0.0008670201875832779,0.0008656268159035196,196240553.092,102098247.3014,1603070.7048,-0.01705974504027563,-0.01705974504027563,-0.015929967184273464,0.9840700328157266,-0.0001434361494420111,0.9994161966475699,396.22874127239294,7.68755299719781,0.00004481769999999985,0.000013887140834149518
2022-02-20T02:00:00.000Z,0.01925802878530444,0.9843449758138235,0.000270436651639399,0.0008830408512170374,0.0008843080172015183,196350254.3874,103978064.9799,1879817.6785,-0.016539332203378,-0.016539332203378,-0.015384587534537081,0.9846154124654629,-0.00013709800222061475,0.9995669184268473,396.58860556179144,7.677631477038402,0.000044817399999999873,0.000016275456649752475
2022-02-20T03:00:00.000Z,0.01925802878530444,0.9785085218000673,0.00027403552014616627,0.0008993360784929918,0.0008963871669762646,191299100.0274,105852022.7085,1873957.7286,-0.022387865366908954,-0.022387865366908954,-0.021217442679786525,0.9787825573202135,-0.00028024395857184636,1.0007200199110304,391.43413404503866,7.5912952837458825,0.000045419099999999993,0.000016653126638670566
2022-02-20T04:00:00.000Z,0.01925802878530444,0.9756068187596277,0.0002802530600804758,0.0009189589255981964,0.0009142519859498544,190726418.29430002,108108594.242,2256571.5335,-0.025307433226322118,-0.025307433226322118,-0.024112928180291787,0.9758870718197082,-0.0003447592248969622,1.0003139794777136,389.2575863450521,7.579562427283502,0.00004549699999999996,0.00002011347794006493
2022-02-20T05:00:00.000Z,0.01925802878530444,0.9714777577789047,0.00028430159749013635,0.0009357575115273296,0.0009238277211260915,189920422.6192,110040396.3114,1931802.0694,-0.02944606994222143,-0.02944606994222143,-0.028237940623605202,0.9717620593763948,-0.00046772074559398025,1.0003873645801773,385.9306427556754,7.510194817692764,0.00004572579999999985,0.000017291787121623632
2022-02-20T06:00:00.000Z,0.01925802878530444,0.9674903435112031,0.0002866259199305335,0.0009710434025975534,0.0009542939647833037,189110706.4729,114097551.682,4057155.3706,-0.033463950453580193,-0.033463950453580193,-0.032223030568866357,0.9677769694311337,-0.0006124799036064665,1.0006565424810134,382.63896216257484,7.401976313232608,0.000045044500000000046,0.000036471568736952394
2022-02-20T07:00:00.000Z,0.01925802878530444,0.9629759573833631,0.00029036489852838254,0.001016505634719128,0.0009957637528316132,188249815.3957,119325375.50569999,5227823.8237,-0.038019806369468556,-0.038019806369468556,-0.03673367771810856,0.9632663222818915,-0.0007787092550088914,1.0004002637706817,379.1373573277436,7.331801645933351,0.00004572610000000018,0.00004721014191492802
2022-02-20T08:00:00.000Z,0.01925802878530444,0.9651057900352293,0.00030045147226830565,0.0010403696139522252,0.0010245118444764945,188664326.6226,122069531.50809999,2744156.0024,-0.035918721809247156,-0.035918721809247156,-0.034593758492502354,0.9654062415074977,-0.000685910310702309,1.0001536720935205,380.8892189185959,7.421469005389181,0.00004572700000000009,0.00002472680070256151
