query_ts,assumedLPToken,equityValue,totalDexYield,totalTradingfee,newTotalTradingFee,liquidity,totalVolume,volume,priceImpact,priceEffect,totalReturn,totalEquityVal,impermanentLoss,tokenPrice,quoteTokenPrice,rewardPrice,rewardTokenPerLP,feePerDollar
2022-01-24T10:00:00.000Z,0.02102644502864377,1,0.000007351526207741234,0.0000400899662816385,-7.844835892001356e-13,170805232.98209998,4027985.8113,4027985.8113,7.844835892001356e-13,7.844835892001356e-13,0.000007351526207741234,1.0000073515262078,0,0.9993303361306975,352.4768305021961,7.311181328301028,0.0000478216,0.000040089965393083774
2022-01-24T11:00:00.000Z,0.02102644502864377,0.9848425243850722,0.000014114080695470289,0.00011614093583464072,0.00006808094620280869,166663103.0579,11598554.4887,7570568.6774,-0.01522555656113056,-0.01522555656113056,-0.015143361534232281,0.9848566384657678,-0.00012585275003151875,0.9998535283650184,341.6463624821349,6.98239333278425,0.00004831359999999999,0.00007722145163173205
2022-01-24T12:00:00.000Z,0.02102644502864377,0.9894498889239135,0.00002197580951628468,0.00017480575617094126,0.00012868336833837812,168481937.9772,17474643.5907,5876089.102,-0.010678794444424877,-0.010678794444424877,-0.010528135266570215,0.9894718647334297,-0.00006543428313887656,1.0000339823118407,344.74622861744905,7.059331525228816,0.0000519172,0.00005929034051562144
2022-01-24T13:00:00.000Z,0.02102644502864377,0.9821275216394444,0.00002902728513846848,0.0002399373669106708,0.000193914814459073,167217163.9289,23997771.0552,6523127.4645,-0.018066393175014683,-0.018066393175014683,-0.01784345107541714,0.9821565489245828,-0.00017919297177415583,1.0000310269002766,339.6177805039201,6.892843698027132,0.00005222969999999999,0.00006631685664974636
2022-01-24T14:00:00.000Z,0.02102644502864377,0.9850504082506898,0.00003666485921362915,0.00029266455887235566,0.00024634558720026956,167675306.7284,29277314.5864,5279543.5312,-0.015195937336510479,-0.015195937336510479,-0.01491292689009658,0.9850870731099034,-0.0001330586445341675,1.0003315942739088,341.50362914056427,6.907589397604954,0.00005215760000000001,0.00005352740470949633
2022-01-24T15:00:00.000Z,0.02102644502864377,0.9909234271243248,0.00004480127034848709,0.0003502276481579123,0.0003048688098159502,168942669.7322,35050219.93,5772905.3436,-0.009381441685491154,-0.009381441685491154,-0.009031771605326717,0.9909682283946732,-0.0000474761680271385,0.9996489905329631,345.7841113701386,6.995257450352488,0.00005215390000000004,0.00005809035159487296
2022-01-24T16:00:00.000Z,0.02102644502864377,0.9997299538172333,0.000053022623275842756,0.0004033700177899103,0.0003636939474938039,170526172.018,40382345.1251,5332125.1951,-0.0006337401302605183,-0.0006337401302605183,-0.00021702355949087168,0.9997829764405092,-8.302574039387167e-7,0.9999847809795315,351.79982677386243,7.0734425333368405,0.00005191049999999995,0.00005315672500238367
2022-01-24T17:00:00.000Z,0.02102644502864377,0.9978622846252855,0.00006067364372836565,0.000443990859755632,0.0004012907650673414,170317107.4627,44460724.9587,4078379.8336,-0.002539006139781863,-0.002539006139781863,-0.002077041730986156,0.9979229582690139,-0.000003434410349667516,0.9994088989513191,350.66165365886667,7.069707452240273,0.000051658100000000006,0.00004070786440897255
2022-01-24T18:00:00.000Z,0.02102644502864377,1.0075942793350439,0.00007031147058114409,0.0004890540891265144,0.0004523437484038606,171984410.8023,48985289.3551,4524564.3964,0.0071419355866400025,0.0071419355866400025,0.0076645908056250074,1.007664590805625,-0.000022109370551470775,0.9997969065494733,357.36269641770724,7.277836893195033,0.00005130870000000003,0.00004472358534124266
2022-01-24T19:00:00.000Z,0.02102644502864377,1.0183562038018243,0.00008025354979483334,0.0005239257501285452,0.000491618314634179,173833418.5434,52486814.6898,3501525.3347,0.017864585487190165,0.017864585487190165,0.018436457351619178,1.0184364573516191,-0.00014025691697772125,1.0002875161607143,364.83358067372967,7.461112756684143,0.00005208699999999997,0.00003424308811774216
2022-01-24T20:00:00.000Z,0.02102644502864377,1.01742391630329,0.00008864044268754182,0.0005501580885262963,0.0005254100616600699,173675389.37870002,55120867.2565,2634052.5667,0.01689850624163003,0.01689850624163003,0.01751255674597764,1.0175125567459777,-0.00012280864902625144,1.0004145282649055,364.0951338477376,7.479294543515987,0.000052086800000000004,0.00002578309672665216
2022-01-24T21:00:00.000Z,0.02102644502864377,1.0320839893463771,0.0001004563800920372,0.0005810005485891352,0.0005553671808333771,176166660.259,58217636.0355,3096768.779,0.03152862216554375,0.03152862216554375,0.03218444572646917,1.032184445726469,-0.00045709712239450084,1.0001305160049738,374.75335809072243,7.759745118367482,0.000052048300000000015,0.000029883673315712113
2022-01-24T22:00:00.000Z,0.02102644502864377,1.0273681445688854,0.00010780237425497934,0.0005992444127567344,0.000570333874876372,175372129.1775,60049538.765,1831902.7295,0.026797810694008994,0.026797810694008994,0.027475946943140345,1.0274759469431403,-0.00033327037932340264,0.9999541141943503,371.3893470865477,7.677642668286931,0.00005208879999999998,0.000017757865259182537
2022-01-24T23:00:00.000Z,0.02102644502864377,1.0234890735216493,0.00011547124499353922,0.000616725223028955,0.000585277376318416,174757267.6747,61805296.7983,1755758.0333,0.02290379614533089,0.02290379614533089,0.023604544766642845,1.0236045447666429,-0.00023972045377718132,1.000077229917427,368.5324100889068,7.628911000017314,0.000052073900000000017,0.000017079625335903065
2022-01-25T00:00:00.000Z,0.02102644502864377,1.0286260713592215,0.00012423094232155178,0.0006325214344757263,0.0006050864564421943,175615660.4406,63391685.9622,1586389.1639,0.028020984902779267,0.028020984902779267,0.02875030230154301,1.028750302301543,-0.0003261309347062369,1.0014238154416923,371.72835549192047,7.6538973289734775,0.000052080299999999956,0.000015356612114568122
2022-01-25T01:00:00.000Z,0.02102644502864377,1.0171711348609436,0.00012935185592658697,0.0006509201563083169,0.0006192004148322106,173661045.5727,65239452.6537,1847766.6915,0.01655193444611136,0.01655193444611136,0.017300486716870157,1.0173004867168702,-0.00012209768317050784,1.000119016422088,363.95450804255796,7.465708169362944,0.000052080299999999956,0.00001808812889033881
2022-01-25T02:00:00.000Z,0.02102644502864377,1.0157985762931463,0.0001363280956452827,0.0006687221833759511,0.0006323358066939733,173412161.8598,67027143.7729,1787691.1192,0.01516624048645232,0.01516624048645232,0.015934904388791575,1.0159349043887915,-0.00009513819213757824,1.0005880499883804,362.79280685566454,7.400568658494497,0.00005208520000000004,0.00001752515434930698
2022-01-25T03:00:00.000Z,0.02102644502864377,1.0174407649366712,0.00014541145341963473,0.0006830898896871438,0.0006500090870922293,173687280.0857,68469914.8544,1442771.0815,0.01679075584957901,0.01679075584957901,0.01758617639009087,1.0175861763900909,-0.00012885231475689984,0.9999274206442524,364.19530782125406,7.453827385833262,0.00005169650000000001,0.00001412141889342613
2022-01-25T04:00:00.000Z,0.02102644502864377,1.0177714220192648,0.00015349834918091805,0.0006999717448515675,0.0006711935017456039,173744209.26790002,70165155.44919999,1695240.5948,0.017100228517519245,0.017100228517519245,0.017924920368445767,1.0179249203684457,-0.00013219897049676632,1.0000245637040128,364.38163641037187,7.450439536230568,0.00005204379999999986,0.00001658707949636653
2022-01-25T05:00:00.000Z,0.02102644502864377,1.0116081797570253,0.00015968004975726075,0.0007133927522965017,0.0006750188823809733,172694403.30670002,71512883.1555,1347727.7063,0.010933160874644354,0.010933160874644354,0.011767859806782589,1.0117678598067825,-0.000062376626700833,0.9990348139573711,360.3328929718895,7.359274998625845,0.000052087100000000235,0.00001326700261757186
2022-01-25T06:00:00.000Z,0.02102644502864377,1.0119245773501122,0.00016672882138845597,0.0007341420603690898,0.0006953134707186059,172750205.13529998,73596534.95459999,2083651.7991,0.011229263879393603,0.011229263879393603,0.012091306171500664,1.0120913061715007,-0.00005454447008534924,1.000051994419833,360.1772881271597,7.31842921182053,0.00005156619999999994,0.000020504797986756086
2022-01-25T07:00:00.000Z,0.02102644502864377,1.0112901597466186,0.0001747394296357581,0.0007454165768653413,0.0007078883546698389,172478618.92940003,74727654.4706,1131119.516,0.010582271391948783,0.010582271391948783,0.01146489917625438,1.0114648991762545,-0.000047223105498539475,1.0001382571545858,359.6855211638231,7.318165725265205,0.00005209819999999997,0.000011148646650441318
2022-01-25T08:00:00.000Z,0.02102644502864377,1.0137673640236353,0.00018317929749760406,0.0007621220201559747,0.0007256687769792158,172689458.5272,76401581.73869999,1673927.2681,0.013041695246656104,0.013041695246656104,0.013950543321132923,1.0139505433211329,-0.00008076554954516979,0.9995776693240935,361.6410668417029,7.334410361371085,0.000052212200000000076,0.00001647857593647954
2022-01-25T09:00:00.000Z,0.02102644502864377,1.0192131062530383,0.00019138657029059105,0.0007917754536762443,0.0007636752249904344,173619016.41059998,79372962.87539999,2971381.1367,0.018449431028047858,0.018449431028047858,0.019404492823328883,1.0194044928233288,-0.00014934301449276433,1.000327859646405,365.23822318134836,7.364752033026957,0.00004810629999999999,0.000029094439289091603
2022-01-25T10:00:00.000Z,0.02102644502864377,1.0285994651874524,0.00020363439118484573,0.0008147249836751414,0.0007906235959298513,182638143.14609998,81769973.969,2397011.0936,0.027808841591522526,0.027808841591522526,0.028803099578637224,1.0288030995786372,-0.00035989757009191603,0.9999262902442035,372.1314348136471,7.554073846068685,0.000046135499999999945,0.000022311433903816574
2022-01-25T11:00:00.000Z,0.02102644502864377,1.0290855058716095,0.00021126410418776789,0.0008354105101293798,0.000810324932962514,182721399.3319,83930480.56819999,2160506.5992,0.028275180938647004,0.028275180938647004,0.029296769975797287,1.0292967699757973,-0.00038124315257348496,0.9995954685674387,372.5924705132207,7.5655281866974144,0.00004602159999999994,0.000020100881626724615
2022-01-25T12:00:00.000Z,0.02102644502864377,1.0287151851023675,0.0002187018010973496,0.0008572376400820698,0.0008321456516300341,182657174.2011,86210241.4533,2279760.8851,0.027883039450737446,0.027883039450737446,0.02893388690346483,1.0289338869034648,-0.00033849185256717984,1.000809243779952,371.8568088477424,7.568933659630074,0.00004613700000000005,0.00002121785537097541
2022-01-25T13:00:00.000Z,0.02102644502864377,1.0303080346858955,0.00022672034160239554,0.0008777163062674718,0.0008556165807680483,182941317.2818,88349175.7667,2138934.3134,0.029452418105127443,0.029452418105127443,0.030534755027497886,1.030534755027498,-0.0003875636146113415,1.0005116667632026,373.10412002611525,7.591566486728868,0.00004613709999999999,0.00001987625533043949
2022-01-25T14:00:00.000Z,0.02102644502864377,1.027085416176462,0.0002320789449123149,0.0008974538091894147,0.0008720152755525845,182371755.50910002,90410727.7192,2061551.9525,0.0262134009009094,0.0262134009009094,0.0273174951213743,1.0273174951213744,-0.0003051232898425571,1.000499644113023,370.76443686993,7.526709880468818,0.00004609839999999988,0.000019217001610071823
2022-01-25T15:00:00.000Z,0.02102644502864377,1.024562632109194,0.00023803559177362077,0.0009319533525779064,0.0009048036632752776,181942300.20270002,94014518.7526,3603791.0334,0.023657828445918794,0.023657828445918794,0.024800667700967692,1.0248006677009678,-0.00025526657824681553,1.0001150528876477,369.0619788467878,7.486533476543872,0.00004571000000000016,0.00003367245962019053
2022-01-25T16:00:00.000Z,0.02102644502864377,1.0285156248388718,0.00024683389449469404,0.0009629717913697681,0.0009417768673438687,182671310.5944,97255156.4102,3240637.6576,0.027573847971527954,0.027573847971527954,0.028762458733366518,1.0287624587333666,-0.0003506486136931608,1.0000447620678092,371.91722437049754,7.5337939255030495,0.00004605579999999991,0.000030158452359014757
2022-01-25T17:00:00.000Z,0.02102644502864377,1.0307836935775383,0.00025510044118289736,0.0009797411550532885,0.0009561861453761811,183076482.6817,99007150.6695,1751994.2593,0.029827507432162115,0.029827507432162115,0.031038794018721193,1.0310387940187211,-0.0004022261661679183,1.0003538705183406,373.4349530726499,7.566203037305466,0.00004528690000000012,0.00001626855725641333
2022-01-25T18:00:00.000Z,0.02102644502864377,1.03826482065672,0.0002666975612483933,0.001001997262332164,0.0009860587466896664,184279983.7475,101330798.4813,2323647.8118,0.03727876191003032,0.03727876191003032,0.03853151821796838,1.0385315182179684,-0.0006517506728387357,0.9998169937346989,379.0618724250429,7.688807453319128,0.00004616499999999988,0.000021435867313036864
2022-01-25T19:00:00.000Z,0.02102644502864377,1.0488357850608054,0.00027992636422438194,0.0010257166146390943,0.0010211177922487824,186151361.10390002,103807151.8443,2476353.363,0.047814667268556654,0.047814667268556654,0.049115711425029816,1.0491157114250298,-0.0010688022463669622,0.9997820226491394,386.81496653230084,7.85048675150486,0.000046167199999999906,0.000022614933848108198
2022-01-25T20:00:00.000Z,0.02102644502864377,1.0458414047138551,0.0002849371048916378,0.0010494098605118769,0.0010399722724085958,186444201.30089998,106291764.573,2484612.7287,0.04480143244144652,0.04480143244144652,0.04612634181874675,1.0461263418187468,-0.0009378306874185949,0.9998311364550612,384.57452055229794,7.780126604622361,0.00004596650000000008,0.000022654722481678013
2022-01-25T21:00:00.000Z,0.02102644502864377,1.0422394944246103,0.0002863709478350156,0.0010665372919383682,0.0010542334151042443,185803147.0797,108087857.6938,1796093.1208,0.041185261009506036,0.041185261009506036,0.04252586537244529,1.0425258653724454,-0.0007656786458337672,1.000544947257016,381.64455094843316,7.618228348296253,0.00004596679999999991,0.00001643329703156355
2022-01-25T22:00:00.000Z,0.02102644502864377,1.0379751556842374,0.00029003879751657335,0.0010768920928052664,0.0010605422857921099,185048014.5705,109173758.81390001,1085901.1201,0.03691461339844526,0.03691461339844526,0.038265194481753945,1.038265194481754,-0.0006287591051983288,1.0001089062754007,378.6852079806292,7.522392096280412,0.0000459656999999999,0.000009975961690022318
2022-01-25T23:00:00.000Z,0.02102644502864377,1.0412579498860357,0.00030022613827272856,0.0010907982560322135,0.001078797016152988,185593799.06579998,110631778.9705,1458020.1566,0.04017915286988272,0.04017915286988272,0.04155817602430843,1.0415581760243084,-0.0007486539998005082,1.0000159320070132,381.1088356962891,7.596149540769648,0.000045977299999999984,0.000013355156684632718
2022-01-26T00:00:00.000Z,0.02102644502864377,1.0463025415629776,0.00031068076097284905,0.0011015142449665245,0.0010927824877058345,186514582.8,111755449.2284,1123670.2579,0.045209759075271805,0.045209759075271805,0.04661322232395049,1.0466132223239506,-0.0009445941455817897,1.0000657945913445,384.7848680103625,7.6730064100181865,0.00004597220000000002,0.000010241769891410336
2022-01-26T01:00:00.000Z,0.02102644502864377,1.0381801574802663,0.00031338931410544285,0.001118789107517623,0.0011015933716826964,185740127.8513,113573469.49990001,1818020.2715,0.03707856410858357,0.03707856410858357,0.038493546794371704,1.0384935467943717,-0.0006457441713556555,0.9997908642273982,378.9254694175834,7.559452786780159,0.00004596679999999991,0.000016639562475289684
2022-01-26T02:00:00.000Z,0.02102644502864377,1.038698872698592,0.00032220292776396955,0.0011311049965515192,0.0011153762570563774,186029557.7587,114870974.80120002,1297505.3013,0.03758349644153558,0.03758349644153558,0.03902107562635593,1.0390210756263558,-0.0006220107884414849,1.000945171712032,378.8571322567929,7.595166904517796,0.00004591770000000014,0.000011857035187231386
2022-01-26T03:00:00.000Z,0.02102644502864377,1.0377012693093484,0.00032947416501425607,0.0011499925264596242,0.00113248560760848,185886530.9427,116861198.21260002,1990223.4114,0.03656878370173988,0.03656878370173988,0.03803074347436262,1.0380307434743625,-0.0005943566397523803,1.0007601496415193,378.1863888735181,7.593744603895243,0.0000459172000000001,0.000018201317665253193
2022-01-26T04:00:00.000Z,0.02102644502864377,1.039561432119295,0.0003395408406325341,0.0011677145731356585,0.0011534969689668273,186236648.27539998,118728781.33480002,1867583.1222,0.03840793515032814,0.03840793515032814,0.039900972959927505,1.0399009729599276,-0.0006860876374978897,0.9999653426510989,379.8312511119555,7.655413734286854,0.000045916499999999864,0.000017047618377694846
2022-01-26T05:00:00.000Z,0.02102644502864377,1.0427959403222347,0.0003490484777269824,0.0011841751508580663,0.00117372393557158,186862579.3922,120463860.02420002,1735078.6894,0.04162221638666308,0.04162221638666308,0.04314498879996164,1.0431449887999615,-0.000801291370618018,1.000063791390432,382.1487215046403,7.7021598906178,0.00004590519999999993,0.000015785042578209874
2022-01-26T06:00:00.000Z,0.02102644502864377,1.0430578017678307,0.00035729665560777857,0.0011979770607652722,0.0011869955147074673,187407566.3354,121922570.15630002,1458710.1321,0.04187080625312323,0.04187080625312323,0.04341509842343847,1.0434150984234385,-0.000831854674377519,0.9995454259461873,382.5294251766128,7.7201765456124125,0.000045781999999999956,0.000013232161716095994
2022-01-26T07:00:00.000Z,0.02102644502864377,1.0398575947384892,0.0003619105220044032,0.0012143484443078686,0.0011993402027647981,186842871.7727,123652940.73140003,1730370.5751,0.03865825453572436,0.03865825453572436,0.04021950526049356,1.0402195052604934,-0.0006877693353425363,1.0001609768196928,379.94006615398325,7.6605389589351445,0.000045779899999999877,0.000015743870503385228
2022-01-26T08:00:00.000Z,0.02102644502864377,1.039573404696945,0.0003687769061573983,0.0012281639835567421,0.0012138075632417422,186792437.6875,125113176.69310004,1460235.9617,0.03835959713370318,0.03835959713370318,0.039942181603102325,1.0399421816031023,-0.000689175947984122,0.9998354551391865,379.8452284140362,7.650009599497816,0.00004578000000000014,0.000013289623314638718
