query_ts,assumedLPToken,equityValue,totalDexYield,totalTradingfee,newTotalTradingFee,liquidity,totalVolume,volume,priceImpact,priceEffect,totalReturn,totalEquityVal,impermanentLoss,tokenPrice,quoteTokenPrice,rewardPrice,rewardTokenPerLP,feePerDollar
2021-06-24T10:00:00.000Z,0.025662358620116996,1,0.00001468433428755479,0.00004686805859799965,6.081801728896608e-13,124402802.04780002,3429716.4279,3429716.4279,-6.081801728896608e-13,-6.081801728896608e-13,0.00001468433428755479,1.0000146843342876,0,1.0011845914393682,303.71264690931594,13.627362799095401,0.00004199,0.00004686805949266083
2021-06-24T11:00:00.000Z,0.025662358620116996,0.9937245913946635,0.000029006119908559315,0.00009497003012058694,0.00004264690137045779,123354740.8889,6942114.79,3512398.3621,-0.006318055506706943,-0.006318055506706943,-0.006246402485427926,0.993753597514572,-0.000010237181638839132,0.9993708693453184,300.43127786318723,13.451015924860704,0.0000420407,0.0000484057375707017
2021-06-24T12:00:00.000Z,0.025662358620116996,1.002257924318149,0.000044342873622968614,0.00014047427293466393,0.0000874356754863026,124464569.75070001,10266177.6383,3324062.8483,0.0021704886426627823,0.0021704886426627823,0.0023022671917720533,1.002302267191772,-0.000006021112001319828,0.999881834403061,305.4299175896756,13.711578182388884,0.0000419894,0.000045401730415560434
2021-06-24T13:00:00.000Z,0.025662358620116996,1.0029250019433287,0.000059052710500729204,0.00018712300818471677,0.00013400155980458628,124551996.96190001,13673970.4739,3407792.8356,0.0027910003835240893,0.0027910003835240893,0.002984054653829405,1.0029840546538293,-0.000010519833115840704,0.9993842710782446,305.9605121699017,13.687402663009538,0.00004210100000000001,0.000046512685158248663
2021-06-24T14:00:00.000Z,0.025662358620116996,1.001492615333775,0.0000732238154853077,0.0002175053084153312,0.0001660790722413097,124377714.9208,15893528.706699999,2219558.2328,0.001326536261533784,0.001326536261533784,0.0015658391492604012,1.0015658391492603,-0.000001308242732367404,1.0008923892178878,304.60785481035344,13.57317807436296,0.00004209899999999998,0.00003033701815604742
2021-06-24T15:00:00.000Z,0.025662358620116996,1.0025250958702527,0.00008779260918109674,0.0002566031179039346,0.00020489511015209239,124539092.0797,18750553.0654,2857024.3587,0.0023202007601006436,0.0023202007601006436,0.0026128884794338328,1.0026128884794339,-0.0000018141952614625367,1.001597843906939,304.997738586426,13.55906832572645,0.000042088199999999954,0.00003899933208668129
2021-06-24T16:00:00.000Z,0.025662358620116996,1.00111961548154,0.00010274201963540501,0.00030203248822050155,0.0002482073199230328,124390767.40470001,22070949.8445,3320396.7791,0.0008714081616170155,0.0008714081616170155,0.0012223575011754532,1.0012223575011754,-0.0000064728500305255565,0.9984580859906903,305.07299191043836,13.62409475249686,0.000041554000000000036,0.000045378565003183025
2021-06-24T17:00:00.000Z,0.025662358620116996,1.0127317182645301,0.00012000502617710412,0.0003386102515263736,0.0002877309222935054,125874183.8963,24745252.0867,2674302.2422,0.012443987342236618,0.012443987342236618,0.012851723290707226,1.0128517232907073,-0.00008767023638434068,1.0003090327334927,311.59096372509464,13.920525419136277,0.000042066499999999994,0.00003611792085568101
2021-06-24T18:00:00.000Z,0.025662358620116996,1.0155294806522572,0.00013642554010116135,0.00036954435918945295,0.0003194383695215297,126224934.52979998,27006984.7678,2261732.6811,0.015210042282735703,0.015210042282735703,0.015665906192358393,1.0156659061923583,-0.0001327683277054792,0.9999832227659453,313.397934814468,14.075888389429858,0.00004175059999999997,0.000030461062009600493
2021-06-24T19:00:00.000Z,0.025662358620116996,1.01437511024837,0.00015180444320142916,0.00039882371177646164,0.00034874950798435833,126043776.3859,29147091.1101,2140106.3423,0.014026360740385657,0.014026360740385657,0.014526914691571444,1.0145269146915714,-0.00011847691631006185,0.999718766782128,312.7502598884485,14.092458313110129,0.00004208070000000001,0.000028864422236693536
2021-06-24T20:00:00.000Z,0.025662358620116996,1.0126860227447596,0.00016658898121019915,0.00041948372992688197,0.0003705788705861135,125791048.32,30656673.0201,1509581.91,0.012315443874173493,0.012315443874173493,0.012852611725969805,1.0128526117259697,-0.00010398738005157337,0.9990026588398813,311.91920458620393,14.055412074046595,0.00004209539999999998,0.00002040120725022987
2021-06-24T21:00:00.000Z,0.025662358620116996,1.0137296876582365,0.00018251694761774978,0.00044405449136461093,0.00039366388504880057,125937334.4315,32452241.746200003,1795568.7261,0.013336023773187655,0.013336023773187655,0.013912204605854206,1.0139122046058542,-0.00011141325771890642,0.9995038275738735,312.3917357195011,14.113106699167584,0.00004209049999999999,0.000024237981914968207
2021-06-24T22:00:00.000Z,0.025662358620116996,1.0116659328521465,0.00019651919492742441,0.0004569586492901133,0.00040572255146598124,125685634.4136,33395279.8586,943038.1124,0.011260210300680473,0.011260210300680473,0.011862452047073879,1.0118624520470738,-0.00009761863365465029,0.9984091418136446,311.4542948223026,14.024514823329016,0.00004208910000000001,0.000012755354249988392
2021-06-24T23:00:00.000Z,0.025662358620116996,1.0084791613396606,0.0002096063396319613,0.0004737460353220118,0.00042177078663696577,125198748.52819999,34621214.1371,1225934.2785,0.00805739055302368,0.00805739055302368,0.008688767679292607,1.0086887676792926,-0.00004467865102375512,0.9997559481357676,309.0676522245684,13.8955171952826,0.000041769699999999974,0.000016646238863806026
2021-06-25T00:00:00.000Z,0.025662358620116996,1.0055760071325954,0.00022297111149292015,0.0004901356522290626,0.0004365830564001527,124966771.8113,35819331.870000005,1198117.7329,0.005139424076195276,0.005139424076195276,0.005798978244088349,1.0057989782440884,-0.00003081984255026704,0.9984601441358962,307.6797507075117,13.794851599688712,0.00004204210000000006,0.00001629873378665467
2021-06-25T01:00:00.000Z,0.025662358620116996,1.008501294934069,0.00023825029974519922,0.0005237346829204631,0.0004747984704505104,126342635.23619999,38295335.6339,2476003.7639,0.008026496463618527,0.008026496463618527,0.008739545233814237,1.0087395452338141,-0.0000517955609898868,0.9990006534692303,309.28236477224374,13.832682872762081,0.000041319900000000004,0.00003331580341632741
2021-06-25T02:00:00.000Z,0.025662358620116996,1.0071446186030837,0.00025203925126284074,0.0005678074716720024,0.0005160952165312871,126130627.9644,41542096.7458,3246761.1119,0.0066285233865523985,0.0066285233865523985,0.007396657854346527,1.0073966578543465,-0.00003135972034773449,0.9998708859050568,308.1566721340745,13.776948917712499,0.000041716700000000176,0.000043760139621185904
2021-06-25T03:00:00.000Z,0.025662358620116996,1.0100160383679413,0.00026816243520638624,0.0006118856931448615,0.0005603798358277956,126492939.6601,44789327.605000004,3247230.8592,0.009455658532113498,0.009455658532113498,0.010284200803147679,1.0102842008031476,-0.00004993465132485664,1.0006016339646526,309.66371504810127,13.849190803198535,0.00004164729999999991,0.00004364111131794085
2021-06-25T04:00:00.000Z,0.025662358620116996,1.0084688652549405,0.00028379116275173687,0.0006748552547834481,0.0006202057534065997,118264789.34910001,49133176.56820001,4343848.9632,0.007848659501533906,0.007848659501533906,0.008752656417692243,1.0087526564176923,-0.00004159090936417531,0.9998813516219454,308.9009260220846,13.838048977371406,0.000044617599999999984,0.00006244075923258891
2021-06-25T05:00:00.000Z,0.025662358620116996,1.0017412093373355,0.0002952942473913722,0.0007152412428201772,0.0006561846342081346,118435699.1743,51941899.351600006,2808722.7834,0.0010850247031273241,0.0010850247031273241,0.002036503584726831,1.0020365035847267,-0.000006772442538105494,0.9985889752711101,305.1632253259777,13.643437014280913,0.00004425360000000008,0.000040315789623135144
2021-06-25T06:00:00.000Z,0.025662358620116996,0.9984486530506451,0.0003073732984423301,0.0007562678557125554,0.0006954011943015592,118045623.7712,54795156.379200004,2853257.0276,-0.0022467481436564407,-0.0022467481436564407,-0.0012439736509125515,0.9987560263490874,-2.430688632593103e-7,0.9996319181008496,302.81907114957437,13.493495962604777,0.000044254799999999893,0.00004109035804937143
2021-06-25T07:00:00.000Z,0.025662358620116996,0.999219474060726,0.00032299988262503857,0.0007789860104217243,0.0007183279857853053,118133855.748,56375085.5187,1579929.1395,-0.0014988539250593291,-0.0014988539250593291,-0.00045752605664898524,0.999542473943351,-8.376128812770389e-7,1.0009786962247986,302.86517214115815,13.511428155891794,0.00004388970000000006,0.000022735900052898018
2021-06-25T08:00:00.000Z,0.025662358620116996,0.988366683256319,0.0003316948863359986,0.0008288934392213789,0.0007612060446886559,119191453.5252,59915411.812800005,3540326.2941,-0.01239452278836961,-0.01239452278836961,-0.011301621857344957,0.988698378142655,-0.000056849008282733315,0.9993752898204594,296.7668633375621,13.258803103377488,0.00004330370000000002,0.00005049485111529016
2021-06-25T09:00:00.000Z,0.025662358620116996,0.9859640128166349,0.0003449843808258129,0.0008662347115871525,0.000798958621682555,119319098.45539999,62573620.5978,2658208.785,-0.014834945805047628,-0.014834945805047628,-0.01369100280253926,0.9863089971974608,-0.00009843428109412855,1.0002694038060482,295.0380610490376,13.204534332241678,0.00004322479999999996,0.00003787285516734883
2021-06-25T10:00:00.000Z,0.025662358620116996,0.9753050675601055,0.00035058705328297923,0.0008955271134835195,0.0008177107748238432,118023535.77660002,64658755.7733,2085135.1755,-0.025512643214718356,-0.025512643214718356,-0.024344345386611534,0.9756556546133884,-0.00029312018025628994,0.999555613629993,288.8833348923802,12.872410223575516,0.000043228100000000136,0.0000300340925648899
2021-06-25T11:00:00.000Z,0.025662358620116996,0.9796041472308751,0.0003673172069881127,0.000937684858987976,0.0008651917460423819,118333774.3768,67654374.6004,2995618.8271,-0.021261044515167304,-0.021261044515167304,-0.02002853556213681,0.9799714644378632,-0.00019952040982318398,0.9996712953404836,291.37585476860875,12.959773909375151,0.00004314999999999995,0.000043035490356744864
2021-06-25T12:00:00.000Z,0.025662358620116996,0.9766750585800325,0.0003799578344276873,0.0009786090328772145,0.000901591653503897,118106334.8816,70565454.3691,2911079.7687,-0.024226533073471446,-0.024226533073471446,-0.022944983585539862,0.9770550164144601,-0.00026722976457294045,0.9997800468310547,289.5813431311289,12.902215831364494,0.00004310459999999988,0.000041901525534181884
2021-06-25T13:00:00.000Z,0.025662358620116996,0.9758472413944692,0.00039435600354046653,0.0010347162077997804,0.0009597253521679283,118439402.6697,74571204.5274,4005750.1583,-0.025112483957698717,-0.025112483957698717,-0.023758402601990324,0.9762415973980096,-0.00028341034701029333,0.9995616120582346,289.11890017101257,12.908085417490803,0.000042944099999999954,0.00005749585961777334
2021-06-25T14:00:00.000Z,0.025662358620116996,0.976914306924854,0.0004044364980576885,0.0010860925936328602,0.0010094864785489266,118722275.76009999,78243946.135,3672741.6076,-0.02409517955369489,-0.02409517955369489,-0.022681256577088273,0.9773187434229117,-0.00025251469508691393,0.9992691640193154,289.8074024233751,12.777711164781426,0.00004288900000000005,0.00005259047380069141
2021-06-25T15:00:00.000Z,0.025662358620116996,0.9736401818009146,0.00041590520924741545,0.001124648593743917,0.0010454039630501955,118341838.71,81000604.0109,2756657.8759,-0.02740522216213559,-0.02740522216213559,-0.02594391298983798,0.974056087010162,-0.00032475693131217565,0.9988857724284742,287.9552979077371,12.698536279642985,0.00004288379999999994,0.00003959984431637871
2021-06-25T16:00:00.000Z,0.025662358620116996,0.9709145080349382,0.0004241351041879151,0.001168558644648267,0.0010855271044605264,118993050.74350001,84166200.9332,3165596.9223,-0.030171019069522353,-0.030171019069522353,-0.028661356860873913,0.9713386431391261,-0.0004022813867514685,0.998918515676736,286.3105071365685,12.533830229113697,0.00004235809999999991,0.0000452254542116945
2021-06-25T17:00:00.000Z,0.025662358620116996,0.9604470680064321,0.0004216253731373274,0.0012394405889357032,0.0011450948731259736,117915276.1156,89285179.8563,5118978.9231,-0.04069802686669388,-0.04069802686669388,-0.03913130662043058,0.9608686933795694,-0.0008099375616726912,0.9998957873968497,279.85493558731577,12.081010660360755,0.00004132970000000012,0.00007380099047335144
2021-06-25T18:00:00.000Z,0.025662358620116996,0.957523837145651,0.0004295166130883857,0.0012932841795888796,0.0011967823635247177,120663138.07699999,93276440.6884,3991260.8321,-0.04367294521787368,-0.04367294521787368,-0.04204664624126058,0.9579533537587395,-0.0009538945670859444,1.0002242149946752,278.0305724849277,11.947412079747512,0.0000409454,0.00005623211465161902
2021-06-25T19:00:00.000Z,0.025662358620116996,0.9665340432116983,0.00045431755971504686,0.0013317345277694974,0.0012463484792358814,121773015.30209999,96126049.6382,2849608.9498,-0.034712305267537547,-0.034712305267537547,-0.03301163922858662,0.9669883607714134,-0.0005911575786524681,1.0002481110482637,283.2584235559128,12.274858758712488,0.0000413618,0.00003978168071671671
2021-06-25T20:00:00.000Z,0.025662358620116996,0.9709710595869615,0.0004737334199518108,0.0013930395338772562,0.0013139783458877563,123417446.4719,100709761.3457,4583711.7075,-0.03034291875892625,-0.03034291875892625,-0.028555206993086685,0.9714447930069133,-0.00043180637227735463,0.999763701445427,285.96706356619177,12.445669547285412,0.000040996900000000075,0.00006313783120220504
2021-06-25T21:00:00.000Z,0.025662358620116996,0.9701675144196207,0.00048761466048478095,0.001412683674200633,0.001363845188081969,123310437.7415,102178475.2659,1468713.9202,-0.03119633076846129,-0.03119633076846129,-0.029344870919894538,0.9706551290801054,-0.0004565532408430384,0.999714033744906,285.4780983283872,12.465783063222979,0.00004099900000000004,0.00002024819398966175
2021-06-25T22:00:00.000Z,0.025662358620116996,0.9657184545300853,0.0004941612241734968,0.0014380771811206663,0.0013533967059861096,122757336.778,104077237.9555,1898762.6896,-0.0356349421759008,-0.0356349421759008,-0.03378738424574119,0.9662126157542588,-0.0006468009280751197,1.0008752819361968,282.54003983841153,12.302274499594109,0.00004099519999999991,0.000026294938103434715
2021-06-25T23:00:00.000Z,0.025662358620116996,0.9596248635867307,0.0005021113913632106,0.0014631856485247984,0.0013674969992437669,122152908.1925,105957306.0854,1880068.1299,-0.04174263341251305,-0.04174263341251305,-0.039873025021906074,0.960126974978094,-0.0008710472289099602,1.000298609702288,279.13333329401416,12.181595670951634,0.000040938200000000075,0.0000261648770227661
2021-06-26T00:00:00.000Z,0.025662358620116996,0.9638768581081795,0.0005172536946454156,0.0014864626395864583,0.0013974464950127219,123209667.02979998,107707560.43,1750254.3446,-0.037520588386833253,-0.037520588386833253,-0.03560588819717512,0.9643941118028249,-0.0006802816283490998,0.9998375736352753,281.72830152025864,12.23834712298883,0.000040765699999999656,0.000024149341991974943
2021-06-26T01:00:00.000Z,0.025662358620116996,0.9697077631873329,0.0005393731690610491,0.0015210557043052449,0.001439737604086,124001949.2943,110309682.996,2602122.566,-0.03173197441675313,-0.03173197441675313,-0.02975286364360608,0.9702471363563939,-0.00046939742807272644,0.9995833868835071,285.19977968529963,12.45406436376852,0.00004068260000000019,0.00003567370019080288
2021-06-26T02:00:00.000Z,0.025662358620116996,0.9649119133798926,0.0005453484481226714,0.0015437783807220027,0.0014567320713031462,123317539.60339999,112017918.54660001,1708235.5506,-0.036544818691410574,-0.036544818691410574,-0.034542738171984756,0.9654572618280153,-0.0006024674713162037,0.9986763483604024,282.628076291745,12.297394773278187,0.00004043500000000037,0.00002354896509741858
2021-06-26T03:00:00.000Z,0.025662358620116996,0.9652040838981163,0.0005571267833937485,0.001566902198297531,0.001479404177698762,123925785.0268,113764356.42390001,1746437.8773,-0.03627532027958247,-0.03627532027958247,-0.034238789318489955,0.96576121068151,-0.0006376099502931609,0.9999539766119456,282.4249000012521,12.274709506071787,0.000040585499999999356,0.000023957438645782557
2021-06-26T04:00:00.000Z,0.025662358620116996,0.9666347717878412,0.000571935770593003,0.0015880806602479743,0.0015039419621696304,124725673.8244,115371811.8814,1607455.4575,-0.034869170174328445,-0.034869170174328445,-0.03279329244156581,0.9672067075584342,-0.0005735881919290975,0.9995704608978848,283.3583389199664,12.322901180182365,0.000039912300000000326,0.00002190947696620428
2021-06-26T05:00:00.000Z,0.025662358620116996,0.9723708968692057,0.0005916730679543632,0.0016005876572465284,0.0015244519210002583,125455223.2292,116321018.9097,949207.0283,-0.02915355505179451,-0.02915355505179451,-0.02703743006283989,0.9729625699371601,-0.0003924826952886873,0.999618815450122,286.71056794747864,12.469700555390576,0.00004038720000000002,0.000012862373575008064
2021-06-26T06:00:00.000Z,0.025662358620116996,0.9730538328209158,0.000605658244412673,0.0016189930703868404,0.0015445229909502034,125538764.6345,117717829.78220001,1396810.8725,-0.02849069017003436,-0.02849069017003436,-0.026340508934671485,0.9736594910653286,-0.00038653144696709774,1.0000879546458585,286.96753732869274,12.491575594041128,0.00004038900000000033,0.000018915101563755782
2021-06-26T07:00:00.000Z,0.025662358620116996,0.9638985318125916,0.0006080815503699762,0.0016376435436545593,0.001547474146174399,125406011.1175,119145171.52100001,1427341.7388,-0.03764894233358285,-0.03764894233358285,-0.03549338663703847,0.9645066133629615,-0.0006425491332271438,0.9986666788186099,281.98339183829745,12.28123170009065,0.00004004849999999987,0.000019349000373566562
2021-06-26T08:00:00.000Z,0.025662358620116996,0.9434216586916891,0.0005891348728940639,0.0016952965908318067,0.0015730944923967316,121616864.59059998,123516981.72460002,4371810.2036,-0.058151435800707585,-0.058151435800707585,-0.05598920643541679,0.9440107935645832,-0.0017303814192847211,1.0001438342613305,269.6973828039824,11.654595274781315,0.00004038999999999945,0.00006111058175310366
