query_ts,assumedLPToken,equityValue,totalDexYield,totalTradingfee,newTotalTradingFee,liquidity,totalVolume,volume,priceImpact,priceEffect,totalReturn,totalEquityVal,impermanentLoss,tokenPrice,quoteTokenPrice,rewardPrice,rewardTokenPerLP,feePerDollar
2021-12-10T10:00:00.000Z,0.016819379347396673,1,0.000004838411362348001,0.000036077358457924015,2.319255898441952e-13,263763969.0305,5597592.4876,5597592.4876,-2.319255898441952e-13,-2.319255898441952e-13,0.000004838411362348001,1.0000048384113625,0,0.9998711268412,576.33603652011,11.302494949239374,0.0000254518,0.0000360773583438898
2021-12-10T11:00:00.000Z,0.016819379347396673,1.0001417345298182,0.0000048278840708837095,0.00007936844107391864,0.00006426457891595128,263801353.49289998,12314432.4657,6716839.9781,0.00007746995090229802,0.00007746995090229802,0.00014656241388913302,1.0001465624138892,-1.990296816245518e-12,0.9999505818986393,576.3795352564658,11.277903270340333,0,0.000043284948358224864
2021-12-10T12:00:00.000Z,0.016819379347396673,1.003915396312933,0.00002176471376640801,0.00011057624273155677,0.00006159087763180082,264810248.94700003,17156735.173100002,4842302.7074,0.0038538054353012274,0.0038538054353012274,0.003937161026699436,1.0039371610266994,-0.0000066263855101889035,1.0000770744525849,580.667167627817,11.296919472615606,0.00008909499999999999,0.00003108608762430324
2021-12-10T13:00:00.000Z,0.016819379347396673,1.007693508586238,0.00002911934801983349,0.00014252978371263772,0.00009522017275176431,265878166.07490003,22116079.8456,4959344.6725,0.007598288413486198,0.007598288413486198,0.007722627934257796,1.0077226279342577,-0.000029501285698119162,0.9997593067743934,585.1930903191732,11.345917757265752,0.000038045300000000007,0.00003170958363265884
2021-12-10T14:00:00.000Z,0.016819379347396673,1.0143680521547174,0.00003676212144766047,0.0001783383617608386,0.00013082574553124893,267749248.4334,27676029.4772,5559949.6316,0.014237226409186121,0.014237226409186121,0.01440481427616503,1.014404814276165,-0.00009654942863479565,1.0001113930998884,592.7212830362267,11.49326289002052,0.00003758020000000002,0.000035301366592149635
2021-12-10T15:00:00.000Z,0.016819379347396673,1.0050928015072138,0.000043152334533515475,0.0002475063588877554,0.00020137796330832458,265309437.94169998,38415993.313700005,10739963.8365,0.004891423543905482,0.004891423543905482,0.005135953841747322,1.0051359538417473,-0.0000026616873811668995,1.0024463588668278,580.492936588074,11.242830030120025,0.00003802930000000002,0.0000688175236572702
2021-12-10T16:00:00.000Z,0.016819379347396673,0.9939899026437177,0.000049481228617674856,0.000308144406096702,0.0002584371300865529,262842513.48839998,47848126.4874,9432133.1737,-0.006268534486368882,-0.006268534486368882,-0.005960616127664654,0.9940393838723354,-0.000023713880956011124,1.0004698143499258,568.792545846658,11.03836569606175,0.000038315900000000004,0.0000610046912977708
2021-12-10T17:00:00.000Z,0.016819379347396673,0.9887263010540547,0.00005610932079040258,0.00036848894840828484,0.000316750810190114,261467349.3442,57235205.0354,9387078.548,-0.011590449756135435,-0.011590449756135435,-0.011217589625154917,0.988782410374845,-0.0000777759085587304,1.0006856565185913,562.5951633851356,10.940258858952221,0.00003841059999999998,0.00006103260530091112
2021-12-10T18:00:00.000Z,0.016819379347396673,0.988599884096156,0.00006327727993625602,0.0004108470264131207,0.0003586072410168839,258424645.1722,63748499.2612,6513294.2258,-0.011758723144860928,-0.011758723144860928,-0.011336838623907788,0.9886631613760922,-0.00006421240001752704,0.9993756796505666,563.140815816165,10.941182463190627,0.000038925499999999944,0.000042846533373323694
2021-12-10T19:00:00.000Z,0.016819379347396673,0.9921443966972658,0.00007082050236301526,0.0004364901414594865,0.00038603543199211554,259384033.8585,67692075.35970001,3943576.0985,-0.008241638734726275,-0.008241638734726275,-0.007784782800371145,0.9922152171996289,-0.00003572916117389191,1.0000487592222136,566.7745866190988,11.004020872144585,0.00003879280000000005,0.000025846152778652637
2021-12-10T20:00:00.000Z,0.016819379347396673,0.9930996819520197,0.0000781809468590537,0.00044904803839201956,0.0003982503489592393,259610037.34279996,69623139.1296,1931063.7699,-0.007298568396939542,-0.007298568396939542,-0.006822137101121249,0.9931778628988788,-0.000025433958245391075,0.9996780874268192,568.063554248104,11.026111895591027,0.00003892249999999998,0.000012645152099782806
2021-12-10T21:00:00.000Z,0.016819379347396673,0.995226400063146,0.00008550868835033818,0.00046231872716579186,0.0004118434712409025,260172260.55170003,71663860.10880001,2040720.9792,-0.005185443408094903,-0.005185443408094903,-0.004688091248503662,0.9953119087514963,-0.000018303964891996927,1.0007229401248614,569.8889161982596,11.040262896543792,0.00003892180000000004,0.000013334341091104191
2021-12-10T22:00:00.000Z,0.016819379347396673,0.9909914482664729,0.0000921833956981864,0.00047527384906231033,0.0004229161841861062,259066949.56999996,73656068.194,1992208.0852,-0.00943146791771321,-0.00943146791771321,-0.008916368337828917,0.9910836316621711,-0.000039426725835789433,0.9992752479254194,565.8531368380436,10.974468636741337,0.00003892159999999997,0.000013072890040436818
2021-12-10T23:00:00.000Z,0.016819379347396673,0.9887331977127287,0.00009879072794167685,0.0004903937293609908,0.0004376471141673832,258478383.37510002,75981183.8577,2325115.6637,-0.011704449401438666,-0.011704449401438666,-0.011168011559329605,0.9888319884406704,-0.0000693001930406334,0.99987084766856,562.9237563954352,10.91074713079928,0.00003892159999999997,0.000015292174829776404
2021-12-11T00:00:00.000Z,0.016819379347396673,0.9799165382933136,0.0001041345080446562,0.0005163972315666952,0.0004584742391812169,256179930.5522,79980069.0424,3998885.1847,-0.020541935945867618,-0.020541935945867618,-0.019979327198641744,0.9800206728013583,-0.00022615706472139951,1.0003850189340622,552.6170956406967,10.725482782078394,0.00003892130000000002,0.000026536445690092015
2021-12-11T01:00:00.000Z,0.016819379347396673,0.9838666799808681,0.00011481034814716166,0.0005741844915286583,0.0005218574153863509,256296491.2199,88835089.8655,8855020.8231,-0.016655177434518276,-0.016655177434518276,-0.016018509670984764,0.9839814903290153,-0.00014663357675159805,1.0002017954959344,557.1137075333921,11.076763093142002,0.00003899659999999996,0.00005873484778359375
2021-12-11T02:00:00.000Z,0.016819379347396673,0.9860244821669335,0.00012265693635078208,0.000589622991421944,0.0005361491532777096,257145845.3051,91203451.4614,2368361.5959,-0.014511666986344207,-0.014511666986344207,-0.013852860896715715,0.9861471391032843,-0.000119081582166225,1.0006866647576633,559.2740450039121,11.129144865861054,0.00003901829999999998,0.00001565731971384936
2021-12-11T03:00:00.000Z,0.016819379347396673,0.9866878036756436,0.00012995673389784468,0.0006047260388857736,0.0005515999783475278,257300353.20039997,93520186.1261,2316734.6647,-0.013863796302703957,-0.013863796302703957,-0.013182239590458585,0.9868177604095414,-0.00009954773773901415,1.0000210273748007,560.3823878302712,11.128768259030373,0.00003902120000000002,0.000015306815093730225
2021-12-11T04:00:00.000Z,0.016819379347396673,0.9912072748500534,0.00013795362195228098,0.0006242837460640233,0.000576837940137076,258234701.7165,96517409.6329,2997223.5068,-0.009369563090083632,-0.009369563090083632,-0.008654771527994275,0.9913452284720057,-0.000050496516224685095,1.0005072539958375,565.2269960246313,11.184381271258813,0.00003905850000000004,0.000019731197734817972
2021-12-11T05:00:00.000Z,0.016819379347396673,0.9926106043340468,0.0001451844844095857,0.0006394287612432005,0.0005903572355505649,257909059.8497,98832182.9236,2314773.2907,-0.007979752901503767,-0.007979752901503767,-0.0072442111815436165,0.9927557888184564,-0.00002559731083118244,0.9990149604918585,567.6607719302806,11.17386965533376,0.00003916470000000003,0.000015257760221696907
2021-12-11T06:00:00.000Z,0.016819379347396673,0.9935176803178309,0.0001524272596270845,0.0006543353701298179,0.0006054823303716095,258146117.4909,101110530.24700001,2278347.3234,-0.007087802012540667,-0.007087802012540667,-0.006329892422541973,0.993670107577458,-0.00003525512797675212,1.0011559081535122,567.4659148662428,11.165250548811539,0.000039164299999999994,0.000015003868690438605
2021-12-11T07:00:00.000Z,0.016819379347396673,0.9877994085330273,0.00015829003474333012,0.000679400934600401,0.0006272954239860962,256664473.25970003,104941648.59740001,3831118.3504,-0.012827886890958817,-0.012827886890958817,-0.012042301432229391,0.9879576985677706,-0.00008636049033250437,1.0001030575134855,561.5142791684212,11.06099455079836,0.00003916420000000001,0.00002537515657295535
2021-12-11T08:00:00.000Z,0.016819379347396673,0.9742416332884246,0.00016245266667210418,0.0007105554692836459,0.000648060918713278,253150673.9999,109703597.8085,4761949.2111,-0.026406427630288665,-0.026406427630288665,-0.025595914044903283,0.9744040859550968,-0.0003694066017870812,1.0002951260373134,546.068401220955,10.852346497875304,0.00003916360000000011,0.00003197824256582148
2021-12-11T09:00:00.000Z,0.016819379347396673,0.9779933620576042,0.00017153152145335117,0.0007446111316162611,0.0006847702548531398,254130649.252,114909087.0837,5205489.2752,-0.022691408197248908,-0.022691408197248908,-0.021835106420942416,0.9781648935790576,-0.00023653295000070074,0.998671403669445,551.1383380807731,10.976252240960962,0.000039130699999999974,0.00003482197756896635
2021-12-11T10:00:00.000Z,0.016819379347396673,0.9814580572613113,0.00017978007059496587,0.0007619310691485398,0.000704421331708116,255031367.1025,117556485.1408,2647398.0571,-0.019246364070396815,-0.019246364070396815,-0.018362162668093734,0.9816378373319062,-0.00019738722906570416,1.0003077455808829,554.1228064165842,11.038781970334744,0.00003916379999999997,0.00001764714963575899
2021-12-11T11:00:00.000Z,0.016819379347396673,0.9811757287624727,0.00018734068990616194,0.0007801398166908041,0.0007229831119455188,254934589.4497,120339484.5346,2782999.3938,-0.019547254349472798,-0.019547254349472798,-0.018636930547621118,0.9813630694523788,-0.00020128382246265009,1.000196080514227,553.8446804729448,11.057431597531393,0.00003901990000000002,0.000018558089663989955
2021-12-11T12:00:00.000Z,0.016819379347396673,0.978285999556028,0.0001941311336185241,0.0007976554813405485,0.0007383824595433852,254072401.12,123015381.3451,2675896.8105,-0.022452382903515367,-0.022452382903515367,-0.02151986931035346,0.9784801306896466,-0.0002433193284269164,0.9992252684401863,551.1023181826292,11.029021586177304,0.00003920070000000006,0.000017904442032259408
2021-12-11T13:00:00.000Z,0.016819379347396673,0.9813276930776453,0.00020227841464453688,0.0008180775616525299,0.0007609079412853603,256358172.2751,126153607.0972,3138225.7521,-0.019433214863640025,-0.019433214863640025,-0.018470028507710127,0.9815299714922898,-0.00017934208432490717,0.9991873010476175,554.5328183896995,11.079302704360153,0.000038971599999999964,0.000020810663967618658
2021-12-11T14:00:00.000Z,0.016819379347396673,0.98011631486978,0.00020909260757818866,0.0008489847976373542,0.0007910399140214075,255859304.3812,130899684.88810001,4746077.7909,-0.020674725044241393,-0.020674725044241393,-0.019674592522641796,0.9803254074773582,-0.00021184410997265868,0.9995652790108606,552.9203411553973,11.058194000492776,0.00003870910000000001,0.000031534253812044854
2021-12-11T15:00:00.000Z,0.016819379347396673,0.9813172769386137,0.00021667007360961105,0.0008723609765520226,0.0008159709758680522,255948934.23239997,134486165.33200002,3586480.4439,-0.01949869403725435,-0.01949869403725435,-0.018466052987776687,0.9815339470122233,-0.00019315227655780642,0.9998360444206431,554.0990005071469,11.074725385987085,0.00003900189999999991,0.000023821223451916964
2021-12-11T16:00:00.000Z,0.016819379347396673,0.9853121167423732,0.00022572954398203176,0.0008947747253513639,0.000843951011507027,257015573.18899998,137925316.05420002,3439150.7222,-0.015531834269133848,-0.015531834269133848,-0.01446215371364479,0.9855378462863552,-0.0001232346098378745,0.9999175494232664,558.5460265056705,11.163527893954418,0.00003899639999999999,0.000022747867591045363
2021-12-11T17:00:00.000Z,0.016819379347396673,0.9894361080104992,0.00023505280888537272,0.000919640652198783,0.0008704089269810922,257945465.08679998,141738571.27550003,3813255.2213,-0.011434300916481899,-0.011434300916481899,-0.010328839180615433,0.9896711608193846,-0.00006941069233834529,1.0001535446376775,563.0723470706963,11.259178767916056,0.00003901929999999992,0.000025131412463594167
2021-12-11T18:00:00.000Z,0.016819379347396673,0.9856501951310688,0.00024131321712974672,0.0009395747602674482,0.0008870841006396457,256461359.5471,144789604.95480004,3051033.6793,-0.015236888969570872,-0.015236888969570872,-0.01410849165180148,0.9858915083481985,-0.00010380447616953337,0.9989267965098771,559.4350634949695,11.206660710459738,0.000039030399999999944,0.00002022432254110169
2021-12-11T19:00:00.000Z,0.016819379347396673,0.9866601605665171,0.0002498052476888715,0.0009617817417087203,0.0009094546413555005,256699537.6822,148188189.78340003,3398584.8286,-0.014249294074838437,-0.014249294074838437,-0.013090034185794065,0.986909965814206,-0.0000950711982449226,0.999309326380662,560.3431354274159,11.257229091397466,0.000039099800000000225,0.000022507224830972605
2021-12-11T20:00:00.000Z,0.016819379347396673,0.9856040335236641,0.00025602285721234387,0.0009741140201228115,0.0009236742233008632,256440262.81100002,150075651.45270002,1887461.6693,-0.01531964069963676,-0.01531964069963676,-0.014139943619123553,0.9858600563808765,-0.00012414565697760338,1.0001910153865101,558.6340519561533,11.205360966399853,0.00003909749999999959,0.00001251240660354043
2021-12-11T21:00:00.000Z,0.016819379347396673,0.9868619404639368,0.0002645475553183241,0.0009846570731451819,0.0009330844787683867,256770542.13970003,151689289.9203,1613638.4676,-0.01407114401483156,-0.01407114401483156,-0.012873511980744849,0.9871264880192552,-0.00010399305071118192,1.000122393058821,560.0899848081939,11.254546139699954,0.000039097300000000226,0.00001068341162526162
2021-12-11T22:00:00.000Z,0.016819379347396673,0.9849067295371049,0.0002710566406134773,0.0010010483757410561,0.0009483581675625574,256139406.6606,154196818.23880002,2507528.3185,-0.01604162863045766,-0.01604162863045766,-0.014822213822281625,0.9851777861777183,-0.000137062780163677,1.0002571464912333,557.7782688387966,11.21748925806424,0.00003911639999999977,0.0000166424924498184
2021-12-11T23:00:00.000Z,0.016819379347396673,0.987848587590909,0.00027985973490284467,0.0010111298511721201,0.0009616882202293509,256905633.3174,155739081.07310003,1542262.8343,-0.013113100629320362,-0.013113100629320362,-0.011871552674188168,0.9881284473258118,-0.0000855197435708499,0.9997499859938705,561.3880503691977,11.274816427176942,0.000039116400000000166,0.000010205485899450007
2021-12-12T00:00:00.000Z,0.016819379347396673,0.991202783793202,0.00028910381869206583,0.001023217404252831,0.0009771679018093504,256013625.5763,157575577.21820003,1836496.1451,-0.009774384108607315,-0.009774384108607315,-0.008508112388105898,0.9914918876118941,-0.0000519660028609481,1.0002436067627152,564.9139930158016,11.346428481701414,0.000039124700000000036,0.000012194833144689535
2021-12-12T01:00:00.000Z,0.016819379347396673,0.988043109690669,0.0002945759519644688,0.0010386252340078767,0.0009889753867844409,255176974.18150002,159916344.03290004,2340766.8147,-0.012945865696115444,-0.012945865696115444,-0.011662314357366534,0.9883376856426335,-0.00008506529861074252,0.9998846058195006,561.5027205034777,11.268221696473216,0.0000393871,0.000015594289405436854
2021-12-12T02:00:00.000Z,0.016819379347396673,0.9871507851586789,0.0003009132070421769,0.001053403011494507,0.0010016946712345653,254420965.2088,162156764.82050005,2240420.7876,-0.013850909512555631,-0.013850909512555631,-0.01254830163427889,0.9874516983657211,-0.00008925835091611045,0.9992851569288796,560.8097086500576,11.225578079092061,0.000039469100000000066,0.000014970131631228726
2021-12-12T03:00:00.000Z,0.016819379347396673,0.9874896611879388,0.0003087661813167043,0.0010659374908051748,0.0010140707381044445,254506477.24269998,164057071.22700006,1900306.4065,-0.01352440955016565,-0.01352440955016565,-0.0122015726307445,0.9877984273692555,-0.00007642915798955485,0.9986193571449414,561.5552732276803,11.240394650962882,0.00003943689999999982,0.000012693275731325857
2021-12-12T04:00:00.000Z,0.016819379347396673,0.9881528334902526,0.0003162965542660661,0.001078996280628239,0.0010291532638426748,254735202.3808,166037315.89230007,1980244.6653,-0.01287631977359005,-0.01287631977359005,-0.01153086995548131,0.9884691300445186,-0.00007770530995321323,0.9993781570383224,561.86643749166,11.245979530546508,0.000039000500000000136,0.00001321535421703355
2021-12-12T05:00:00.000Z,0.016819379347396673,0.9875694157531862,0.0003229841701343348,0.0010926187921333863,0.0010407945185528789,255488326.97779998,168110374.91400006,2073059.0217,-0.013471378765366637,-0.013471378765366637,-0.012107600076679423,0.9878923999233206,-0.00009524540199024045,1.0001105719867167,560.7782538324934,11.219926287856055,0.000039321100000000175,0.000013793977903327952
2021-12-12T06:00:00.000Z,0.016819379347396673,0.9885481523055668,0.0003309139489194276,0.001107623817936317,0.0010574011430265484,255745193.6939,170393856.29250008,2283481.3785,-0.012509248837459741,-0.012509248837459741,-0.011120933745513765,0.9888790662544862,-0.00008319896752373435,1.000182966670807,561.8319363896826,11.23722546952874,0.000039320999999999585,0.000015178851603742148
2021-12-12T07:00:00.000Z,0.016819379347396673,0.9892029293189596,0.00033859608101765085,0.0011213054815166913,0.001072022310514953,255907610.763,172475890.30720007,2082034.0147,-0.011869092991555363,-0.011869092991555363,-0.01045847460002276,0.9895415253999772,-0.00007684776563787743,1.00032887673091,562.478548368871,11.245532879931506,0.000039322100000000014,0.00001383099867345464
2021-12-12T08:00:00.000Z,0.016819379347396673,0.9926162241360823,0.00034965332675060515,0.0011345447264607736,0.001088691410184306,256791849.65129998,174490607.75590008,2014717.4487,-0.008472467274102002,-0.008472467274102002,-0.0070341225371670915,0.9929658774628329,-0.00004464542004511962,1.0008124445818902,566.078502644232,11.364392030552274,0.00003912520000000016,0.000013337727297189788
