query_ts,assumedLPToken,equityValue,totalDexYield,totalTradingfee,newTotalTradingFee,liquidity,totalVolume,volume,priceImpact,priceEffect,totalReturn,totalEquityVal,impermanentLoss,tokenPrice,quoteTokenPrice,rewardPrice,rewardTokenPerLP,feePerDollar
2021-12-30T10:00:00.000Z,0.01755754068177453,1,0.00000704887161337178,0.000012602126736061508,1.0369483049998962e-13,291861106.09550005,2163570.9335,2163570.9335,-1.0369483049998962e-13,-1.0369483049998962e-13,0.00000704887161337178,1.0000070488716133,0,1.0002343225587556,518.9932237081281,12.014310605387745,0.0000334162,0.00001260212652571287
2021-12-30T11:00:00.000Z,0.01755754068177453,1.001163195441603,0.000014136934789090288,0.000026684759730786356,0.000014712259859273047,292384264.67889994,4582839.3833,2419268.4498,0.0011484831817436536,0.0011484831817436536,0.0011773323763920168,1.001177332376392,-4.640994081261951e-7,1.00041877601169,520.0901083026512,12.05146098076522,0.00003339540000000001,0.000014066271210513605
2021-12-30T12:00:00.000Z,0.01755754068177453,1.0047566313942244,0.000021389549518597457,0.000041061980166086294,0.00003093623755079378,293435374.2608,7052729.3168,2469889.9335,0.004725695156673648,0.004725695156673648,0.0047780209437430395,1.0047780209437431,-0.00001360323151189391,0.9997328838389604,524.172800456185,12.15740154236477,0.0000333952,0.000014309157161188656
2021-12-30T13:00:00.000Z,0.01755754068177453,1.0073591661957286,0.000028609376547551566,0.00005804571408206941,0.00004590413289418116,294201286.5623,9970455.0585,2917725.7417,0.007313262062834447,0.007313262062834447,0.00738777557227618,1.0073877755722762,-0.000021826343595710007,1.000914284531599,526.2542992638146,12.189204116847433,0.000033474100000000005,0.000016859660332721363
2021-12-30T14:00:00.000Z,0.01755754068177453,1.0022929924552675,0.00003551897867006705,0.00007556920015793757,0.00006305318614696631,292740054.356,12981096.5845,3010641.526,0.0022299392691205178,0.0022299392691205178,0.002328511433937551,1.0023285114339375,-0.000006052485029273136,0.9989830406854974,521.9634215712043,12.096746307042306,0.00003355450000000001,0.000017483397020811885
2021-12-30T15:00:00.000Z,0.01755754068177453,1.00113943987837,0.00004244793586106568,0.00009341611193495062,0.00008122161013535134,292405476.27489996,16047329.2065,3066232.622,0.0010582182682346009,0.0010582182682346009,0.0011818878142310179,1.0011818878142311,-9.528320912277621e-7,0.9999114992667164,520.2601338545112,12.05578693614649,0.00003330289999999998,0.000017826599979610053
2021-12-30T16:00:00.000Z,0.01755754068177453,0.9989304793051965,0.00004948548620202215,0.00011360702737889738,0.00010470378677918113,291763357.876,19516315.4934,3468986.2869,-0.0011742244815826641,-0.0011742244815826641,-0.0010200352086014608,0.9989799647913985,-3.029947729382698e-7,0.9982824040436371,518.7875039072158,12.041362733415353,0.000033527800000000015,0.00002021253364597056
2021-12-30T17:00:00.000Z,0.01755754068177453,1.0028830909332878,0.00005693107507233414,0.00013538505495701907,0.0001236019605679317,292637815.40769994,23254405.6594,3738090.166,0.0027594889727198257,0.0027594889727198257,0.0029400220083600917,1.0029400220083602,-0.0000043640989748627845,1.0000356265710348,521.9651759723552,12.115920776113523,0.00003356050000000002,0.000021715420726971408
2021-12-30T18:00:00.000Z,0.01755754068177453,1.0018804587429677,0.00006384400187039099,0.00015027879892588208,0.00014069023235552258,290855254.768,25797813.2245,2543407.5651,0.001739768510612194,0.001739768510612194,0.0019443027448381076,1.001944302744838,-0.000005723957210101993,0.998590062127717,521.6581917116745,12.066192083477985,0.000033733799999999965,0.000014865789047266355
2021-12-30T19:00:00.000Z,0.01755754068177453,1.0027712708983534,0.00007099456717314393,0.00016462317798133675,0.0001534265981866234,290976610.17310005,28246250.629300002,2448437.4048,0.0026178443001667606,0.0026178443001667606,0.002842265465526528,1.0028422654655265,-0.000003408067214771826,1.0002379706621587,521.7121645162229,12.069319680977161,0.000033665700000000005,0.000014304735991266959
2021-12-30T20:00:00.000Z,0.01755754068177453,1.0013191827131962,0.00007799806700711177,0.0001740800345893867,0.0001617992168538862,290558031.6599,29860453.835,1614203.2057,0.0011573834963423124,0.0011573834963423124,0.0013971807802033104,1.0013971807802033,-0.0000021180569753642686,0.9993330478534398,520.6644190403023,12.046403040181088,0.000033750000000000075,0.000009444397162292315
2021-12-30T21:00:00.000Z,0.01755754068177453,0.9978527319351631,0.00008459683134896755,0.00018521422451015895,0.00017275193674126665,289477190.878,31760471.389200002,1900017.5542,-0.0023200200015781602,-0.0023200200015781602,-0.002062671233487926,0.9979373287665121,-0.0000020045524051770514,0.9999138599832723,516.7534292062128,11.969796453211945,0.00003375889999999994,0.0000111581497400301
2021-12-30T22:00:00.000Z,0.01755754068177453,0.9985579709565477,0.00009177410674462703,0.00019547405768374917,0.00018318630069424913,289685646.2935,33511305.688600004,1750834.2994,-0.0016252153441465023,-0.0016252153441465023,-0.0013502549367076261,0.9986497450632924,-7.960816292840178e-7,0.9998695761123321,517.4963537735041,11.980574397325054,0.00003375860000000002,0.000010274648906713142
2021-12-30T23:00:00.000Z,0.01755754068177453,0.9974083655465551,0.00009859473625588862,0.00020385429994322524,0.00019110989279624846,289382227.79529995,34941537.806600004,1430232.118,-0.0027827443462411505,-0.0027827443462411505,-0.0024930397171890133,0.9975069602828109,-0.000003265140394170807,1.0000031166216317,516.2281187453891,11.946673798173368,0.00003375529999999996,0.000008402017702068054
2021-12-31T00:00:00.000Z,0.01755754068177453,0.9984020006753865,0.00010592142051733095,0.00021219878627110286,0.00019933015119166786,289672991.8217,36365679.5212,1424141.7146,-0.0017973294758051317,-0.0017973294758051317,-0.0014920779040961329,0.9985079220959039,-0.0000011161209262366967,0.9999294205763658,517.2869815000116,11.974530701269309,0.00003375509999999995,0.00000835784137000319
2021-12-31T01:00:00.000Z,0.01755754068177453,0.9984554788865595,0.00011298682912343777,0.0002258101134225365,0.00021299657998075094,289686141.8041,38688686.6331,2323007.1119,-0.001757517693421251,-0.001757517693421251,-0.0014315342843170624,0.9985684657156829,-0.0000015446787180461996,1.0002329162247254,517.1712744083366,11.97119527875375,0.00003375560000000002,0.00001363238181031312
2021-12-31T02:00:00.000Z,0.01755754068177453,0.9956360980038755,0.00011951180044798708,0.00024903727544563133,0.00023772787505305093,288892724.53459996,42653138.8138,3964452.1807,-0.004601629871177515,-0.004601629871177515,-0.0042443901956764766,0.9957556098043235,-0.000008364961601947662,0.9997123236697462,514.4962875201669,11.914433001570247,0.00003375289999999998,0.000023328966549944452
2021-12-31T03:00:00.000Z,0.01755754068177453,0.9927670014260238,0.00012590677416296102,0.0002618133552717516,0.000248655119622021,288059241.72370005,44833774.8944,2180636.0806,-0.007481653693598211,-0.007481653693598211,-0.007107091799813229,0.9928929082001867,-0.000027983324318525682,1.0002057079053568,511.2710457058732,11.851760846720616,0.00003375320000000013,0.000012869163005628367
2021-12-31T04:00:00.000Z,0.01755754068177453,0.9946068879072617,0.00013329508977654277,0.0002736296732055515,0.0002602799095370312,288594920.6724,46850610.2265,2016835.3321,-0.005653392002275326,-0.005653392002275326,-0.005259817002961752,0.9947401829970383,-0.00001191589011706462,0.9994468199366048,513.5459909601375,11.884275513136329,0.000033753200000000035,0.000011880389497436843
2021-12-31T05:00:00.000Z,0.01755754068177453,0.9954652219711435,0.0001405541988189762,0.0002851330824050748,0.00027333888485303603,288845188.06200004,48814045.923599996,1963435.6971,-0.004808116913709526,-0.004808116913709526,-0.004394223830037514,0.9956057761699625,-0.000008126838864086494,0.99944633401208,514.4197234817468,11.90258503497731,0.00003375319999999994,0.000011555811981723368
2021-12-31T06:00:00.000Z,0.01755754068177453,0.996196794424114,0.00014810398635854846,0.0002935997639488354,0.00028601778670223066,289057461.85889995,50259164.01849999,1445118.0949,-0.004089223362588212,-0.004089223362588212,-0.0036551015895274334,0.9963448984104726,-0.000003731002690132712,0.9988689994634553,515.4609496196736,11.942583931296031,0.000033753200000000035,0.000008499004819080608
2021-12-31T07:00:00.000Z,0.01755754068177453,0.9973284078355923,0.00015532258567953173,0.0003060522354753877,0.0002933425544989765,289379411.2871,52384541.55179999,2125377.5333,-0.0029649347189066866,-0.0029649347189066866,-0.0025162695787281785,0.9974837304212718,-0.000003895679177023936,1.0000562628550842,516.0120834717666,11.953880952315544,0.000033726299999999955,0.000012485828865776902
2021-12-31T08:00:00.000Z,0.01755754068177453,0.9939541409883121,0.00016123295620851344,0.00032338719394667714,0.00031053754605414596,288147279.2873,55340661.56719999,2956120.0154,-0.006356396557742006,-0.006356396557742006,-0.005884626055479346,0.9941153739445207,-0.00002082740247921766,1.0003117686192071,512.3766672552324,11.867467215016019,0.000033754399999999976,0.00001744040075134415
2021-12-31T09:00:00.000Z,0.01755754068177453,1.0069385097751762,0.000171788115360038,0.0003468355177752159,0.00034117791284726806,291722398.45379996,59336700.51619999,3996038.949,0.0065973318623289146,0.0065973318623289146,0.007110297890536221,1.0071102978905362,-0.000023109946764243716,1.000011373000325,525.9809935986682,12.115531711072029,0.000033776600000000045,0.000023286748804020438
2021-12-31T10:00:00.000Z,0.01755754068177453,1.0061800400179104,0.00017784972575394584,0.0003635433208933524,0.0003551942984789669,288595541.64809996,62155631.02379999,2818930.5076,0.005824845719431426,0.005824845719431426,0.006357889743664339,1.0063578897436642,-0.000009802588813778712,1.0016157544082387,524.332783135686,12.034587501107307,0.000034119299999999855,0.000016605183280216312
2021-12-31T11:00:00.000Z,0.01755754068177453,1.00284592514873,0.0001841335893205998,0.00037490740047304145,0.0003642524737477171,287640241.0912,64072978.20779999,1917347.184,0.002481672674982338,0.002481672674982338,0.003030058738050655,1.0030300587380507,-0.000004380558829675252,0.9997530001046923,521.8234691478143,11.974395123128527,0.00003411990000000017,0.00001133182965093725
2021-12-31T12:00:00.000Z,0.01755754068177453,1.002784466759664,0.00019106743978598105,0.00038460175793389375,0.0003736442347532787,287624867.26060003,65708622.941599995,1635644.7338,0.0024108225249106496,0.0024108225249106496,0.0029755341994499094,1.00297553419945,-0.000003949230026223383,0.9998318058789678,521.7085884521703,11.959409021017699,0.000034119299999999956,0.000009667439654794051
2021-12-31T13:00:00.000Z,0.01755754068177453,1.0023208327908746,0.00019748706276500352,0.0003978810684795269,0.0003869964860352404,287173428.0216,67946643.6232,2238020.6816,0.0019338363048393425,0.0019338363048393425,0.0025183198536395863,1.0025183198536396,-0.0000021902094711201414,1.000073319697482,521.0863372120506,11.917594328639895,0.00003387280000000007,0.000013248562671452424
2021-12-31T14:00:00.000Z,0.01755754068177453,1.003446218834128,0.00020417222860361883,0.00041001019331386734,0.00039947037879950464,287498863.2022,69990839.9235,2044196.3003,0.003046748455328485,0.003046748455328485,0.0036503910627316088,1.0036503910627317,-0.000002430699139632786,1.001072125834191,521.7235256796768,11.891378122631458,0.00003410039999999995,0.000012087469396586495
2021-12-31T15:00:00.000Z,0.01755754068177453,1.0021898106408051,0.0002111799710648935,0.00042398236479714686,0.00041500540993588686,287140212.8622,72345666.8719,2354826.9484,0.0017748052308692586,0.0017748052308692586,0.002400990611870039,1.00240099061187,-0.000003997614765327562,0.9991802749919321,521.3865197257824,11.884416055549032,0.00003415719999999992,0.00001394164116678829
2021-12-31T16:00:00.000Z,0.01755754068177453,1.0023888148948714,0.00021802455906794579,0.00043587413099476446,0.0004251448392595947,287190233.0349,74349819.89750001,2004153.0256,0.0019636700556118214,0.0019636700556118214,0.002606839453939362,1.0026068394539394,-0.000005056294834937525,0.9990164871297521,521.6686455780758,11.871288032144927,0.00003395790000000006,0.00001186342622977003
2021-12-31T17:00:00.000Z,0.01755754068177453,0.9992464488701207,0.00022395512142588814,0.00045095737350020585,0.00043959330529186325,286291634.5784,76891856.6703,2542036.7728,-0.0011931444351711562,-0.0011931444351711562,-0.0005295960084534049,0.9994704039915466,-5.905568228881108e-7,1.0001272371975745,517.810931770689,11.808914774359106,0.00003412869999999998,0.000015094616788659892
2021-12-31T18:00:00.000Z,0.01755754068177453,0.9967218318057981,0.00022994084304860273,0.0004648611794315787,0.00045152323641273195,285569903.9019,79235131.7053,2343275.035,-0.0037296914306146345,-0.0037296914306146345,-0.0030482273511532997,0.9969517726488467,-0.000004198407793976067,0.999395544796997,515.5614141984013,11.752881094037463,0.00003415719999999992,0.000013949535665594683
2021-12-31T19:00:00.000Z,0.01755754068177453,0.9952514421160438,0.00023657492400089452,0.00047593850047808267,0.0004645455728652381,285149394.5576,81102050.671,1866918.9657,-0.005213103456821466,-0.005213103456821466,-0.004511982959955333,0.9954880170400446,-0.000008033167153920218,0.999016336761633,514.2223661763377,11.732334194750363,0.00003415719999999992,0.000011130173524001298
2021-12-31T20:00:00.000Z,0.01755754068177453,0.9896362762210532,0.00024042692729200449,0.0004919826320699562,0.00048266566104893105,283534576.3192,83805994.73560001,2703944.0646,-0.010846389439995718,-0.010846389439995718,-0.010123296851654784,0.9898767031483452,-0.00005861094321546467,1.0001558369888612,507.8357234287616,11.580931834429418,0.000033958800000000045,0.00001621214939459476
2021-12-31T21:00:00.000Z,0.01755754068177453,0.9901449060212745,0.0002494931844395337,0.0005025614067488012,0.00048721858103839555,283683679.28290004,85588874.31240001,1782879.5768,-0.010342312559763922,-0.010342312559763922,-0.009605600794285993,0.990394399205714,-0.000051452674247221,0.999982574186968,508.4415260713691,11.680218702741044,0.00003415810000000009,0.000010684066451131567
2021-12-31T22:00:00.000Z,0.01755754068177453,0.9932054736393683,0.0002581980137178679,0.0005111675847090326,0.0004962720507115659,284566802.9552,87039336.83220002,1450462.5198,-0.00729079841134328,-0.00729079841134328,-0.006536328346913846,0.9934636716530861,-0.000022556242064042387,0.9996335020091281,511.7604654084145,11.757629706670622,0.00003415749999999978,0.000008665052486983853
2021-12-31T23:00:00.000Z,0.01755754068177453,0.9941926349079057,0.00026615505854327934,0.0005207021562594023,0.0005077076283385162,284850791.26710004,88646274.87210003,1606938.0399,-0.006315072720432857,-0.006315072720432857,-0.005541210033551062,0.994458789966449,-0.000017074673220762726,0.9997430167847299,512.7108000991858,11.79777814563886,0.00003415750000000036,0.000009590265330414476
2022-01-01T00:00:00.000Z,0.01755754068177453,0.9937057900757584,0.0002723688895560128,0.0005269826992517613,0.0005131048009476835,284561324.4053,89704227.68710002,1057952.815,-0.006807314725189251,-0.006807314725189251,-0.006021841034685555,0.9939781589653145,-0.000021705983624276115,0.9999925404006688,512.0751548154113,11.760414135343526,0.000034175799999999863,0.000006320324061109487
2022-01-01T01:00:00.000Z,0.01755754068177453,0.9985240674385462,0.00028215422190614034,0.0005366060768428994,0.0005253809906516915,285944611.1447,91325298.46740003,1621070.7803,-0.0020013135521055325,-0.0020013135521055325,-0.0011937783395477007,0.9988062216604523,-0.0000027624043487106675,1.0005816392064697,516.738536213128,11.877006712704535,0.000033976099999999995,0.000009637601895968023
2022-01-01T02:00:00.000Z,0.01755754068177453,0.9996584756628616,0.0002903254044062417,0.0005447086606425257,0.0005344116406027499,286288488.5812,92690280.20710003,1364981.7397,-0.0008759359777411602,-0.0008759359777411602,-0.00005119893273216854,0.9999488010672678,-2.971037934562659e-7,1.0001288322842374,518.1390580659922,11.919892001380196,0.0000341755,0.000008105351944082255
2022-01-01T03:00:00.000Z,0.01755754068177453,0.9985466712429122,0.00029723593502466904,0.0005527189163587228,0.0005421718433126221,285970832.03480005,94039711.73560004,1349431.5285,-0.001995500600400435,-0.001995500600400435,-0.0011560928220631437,0.9988439071779368,-8.311438465247178e-7,0.9995262109292931,517.2902011671724,11.910200933005562,0.00003417550000000019,0.000008021914620197478
2022-01-01T04:00:00.000Z,0.01755754068177453,0.9993665103022829,0.0003062274662297573,0.000559644827141184,0.0005494428712053967,286206679.6282,95206475.43680003,1166763.7012,-0.0011829325689225456,-0.0011829325689225456,-0.00032726223148739163,0.9996727377685126,-9.528125002322696e-7,1.000431199581061,517.664189667446,11.982391707211049,0.00003417559999999976,0.000006930300489900116
2022-01-01T05:00:00.000Z,0.01755754068177453,0.9977698196605677,0.0003102454203211862,0.000568856238109273,0.0005566786739198415,285747829.9249,96758254.24360003,1551778.8068,-0.002786859013352183,-0.002786859013352183,-0.0019199349191111556,0.9980800650808889,-0.0000034385087458455033,1.0000659583198546,516.1914204414019,11.86112100545429,0.00003417590000000001,0.000009232000019924291
2022-01-01T06:00:00.000Z,0.01755754068177453,1.0002592238778727,0.000318649050874054,0.0005804090700300615,0.0005698194611813978,286488591.4407,98704664.10370003,1946409.8601,-0.00031059558330870374,-0.00031059558330870374,0.000577872928746748,1.0005778729287467,-2.0183796856088065e-9,0.9999871868612769,518.7990635012807,11.909224981353645,0.000034172700000000094,0.000011549837798182987
2022-01-01T07:00:00.000Z,0.01755754068177453,0.9972652453362081,0.00032451303490562983,0.00059318149788772,0.0005807463856182249,284907996.0296,100851102.66040003,2146438.5567,-0.003315501049410141,-0.003315501049410141,-0.0024102416288862864,0.9975897583711137,-0.000004934887497087814,1.0000549133794243,515.649974276123,11.86171748340705,0.000034260199999999974,0.000012807452220508754
2022-01-01T08:00:00.000Z,0.01755754068177453,0.9968437057713594,0.00033187417945868973,0.0006044419300375024,0.000592450169329628,283995101.53709996,102738180.95600003,1887078.2956,-0.0037487443979702384,-0.0037487443979702384,-0.0028244200491819205,0.9971755799508181,-0.000005365875032081746,0.9997544790197542,515.3566038884547,11.869083789356463,0.00003435649999999996,0.00001129608604217744
