query_ts,assumedLPToken,equityValue,totalDexYield,totalTradingfee,newTotalTradingFee,liquidity,totalVolume,volume,priceImpact,priceEffect,totalReturn,totalEquityVal,impermanentLoss,tokenPrice,quoteTokenPrice,rewardPrice,rewardTokenPerLP,feePerDollar
2021-12-25T10:00:00.000Z,0.017155811287541768,1,0.000007990873297958242,0.000016773305319074737,2.9887203822909214e-13,261826771.0639,2583353.1761,2583353.1761,-2.9887203822909214e-13,-2.9887203822909214e-13,0.000007990873297958242,1.000007990873298,0,1.0006752379620147,545.420557949435,12.24190115131608,0.0000380482,0.000016773305424517437
2021-12-25T11:00:00.000Z,0.017155811287541768,0.9978527216161788,0.000015927248990610914,0.000031793176927370465,0.000013550411686047426,261279343.0122,4896780.9658,2313427.7897,-0.0021608287955072747,-0.0021608287955072747,-0.0021313511348306164,0.9978686488651693,-0.000002093456250351622,1.0005581954941263,543.1295100454078,12.200028125075557,0.000038049,0.000015052193553266717
2021-12-25T12:00:00.000Z,0.017155811287541768,0.9980265093720592,0.00002391837085258189,0.0000479015778995362,0.000029748982670940727,261399082.4159,7378573.6933,2481792.7275,-0.0020032396106117734,-0.0020032396106117734,-0.0019495722570882508,0.9980504277429117,-6.562451686509263e-7,0.9998154183700864,543.704703076584,12.213770227965707,0.000038051400000000006,0.000016140254195832516
2021-12-25T13:00:00.000Z,0.017155811287541768,1.0001105313580285,0.00003202029569658627,0.00006374953650054577,0.000045085471156447454,262304348.2916,9823590.8575,2445017.1642,0.00006544588687207309,0.00006544588687207309,0.0001425516537251068,1.000142551653725,-2.4166527767821577e-7,1.000045235001179,545.8355973497888,12.283567600733987,0.000037797500000000005,0.000015846207682837365
2021-12-25T14:00:00.000Z,0.017155811287541768,1.0001856802980804,0.00003995690653237543,0.00008547985908885412,0.00006828616429488399,262653720.5245,13180349.963,3356759.1055,0.0001173941337855311,0.0001173941337855311,0.00022563720461279052,1.0002256372046128,-5.862961085512097e-7,0.9997095762796068,546.0755922603536,12.261680276823345,0.000038000099999999996,0.000021726288392011205
2021-12-25T15:00:00.000Z,0.017155811287541768,0.9989729257355576,0.00004782226968926768,0.00010157880377783816,0.00008390225460075396,262336425.227,15667221.4841,2486871.5211,-0.0011109765190431276,-0.0011109765190431276,-0.0009792519947531058,0.9990207480052469,-9.215184171296187e-10,0.9995206003262617,544.8379982386153,12.233964684906587,0.00003790520000000002,0.00001611549590268215
2021-12-25T16:00:00.000Z,0.017155811287541768,0.9985108048657029,0.000055850592921562856,0.00011503902857291557,0.00009762469027052578,262220283.8321,17746520.229199998,2079298.7451,-0.0015868198245676535,-0.0015868198245676535,-0.0014333445413755648,0.9985666554586244,-4.4098708573692136e-8,0.998790681246277,544.716820052798,12.247003846768045,0.000037968,0.000013480299140143338
2021-12-25T17:00:00.000Z,0.017155811287541768,0.9990572327993688,0.00006412445574443245,0.00013627635662132173,0.00011893595021139625,262368735.42339998,21027266.6271,3280746.3979,-0.001061703150842641,-0.001061703150842641,-0.0008786427448868124,0.9991213572551132,-1.8803360535279978e-8,0.9994189872610862,544.9471515971713,12.302625035833927,0.00003799939999999999,0.000021257368441516595
2021-12-25T18:00:00.000Z,0.017155811287541768,0.9992614913502333,0.00007215013345473795,0.0001573107262754529,0.00014380592763874045,262425725.57660002,24276701.6023,3249434.9752,-0.0008823145774053964,-0.0008823145774053964,-0.0006663585163119181,0.9993336414836881,-2.4710122836779647e-11,0.9997993561186201,544.9354945625369,12.303564478718968,0.000037999199999999966,0.000021049915916980387
2021-12-25T19:00:00.000Z,0.017155811287541768,1.0006597907468346,0.00008029937269272328,0.00017290408234346856,0.0001565084950094775,262799131.86029997,26685653.7341,2408952.1318,0.0005032822518251656,0.0005032822518251656,0.0007400901195273664,1.0007400901195274,-1.352876988214291e-7,1.0006582136137026,545.9789857385431,12.323294747253074,0.00003799870000000003,0.000015583075161134687
2021-12-25T20:00:00.000Z,0.017155811287541768,1.0008593722838572,0.00008817358122554049,0.0001829840444575466,0.00016647160909011305,262852552.68109998,28242870.762599997,1557217.0285,0.0006929006747671274,0.0006929006747671274,0.0009475458650827809,1.0009475458650827,-1.8096912302034696e-8,1.0011781175084344,545.9023264866412,12.312264703687902,0.00003761869999999997,0.000010071307740586183
2021-12-25T21:00:00.000Z,0.017155811287541768,1.0004063607809461,0.0000961129164763367,0.00019249338027006523,0.00017428726008339446,262736474.93229997,29711949.815199997,1469079.0526,0.00023207352086274113,0.00023207352086274113,0.0005024736974224723,1.0005024736974224,-0.000001852859448980837,0.9989825487674937,546.5983394436291,12.301131072507768,0.0000379986,0.000009505472698693704
2021-12-25T22:00:00.000Z,0.017155811287541768,1.0031314298360554,0.00010458915172387534,0.0002021634831901594,0.00018524945740261423,263453316.77449998,31205871.992299996,1493922.1771,0.0029461803786527963,0.0029461803786527963,0.0032360189877792857,1.0032360189877794,-0.00000666943411797849,0.9999646079275023,549.0290001071315,12.35513881638863,0.00003799849999999996,0.000009639915458888685
2021-12-25T23:00:00.000Z,0.017155811287541768,1.0020074359602205,0.00011229701555295375,0.0002139150046212278,0.00019791584870576528,263159127.6256,33021357.138599996,1815485.1463,0.0018095201115146953,0.0018095201115146953,0.0021197329757734144,1.0021197329757734,-0.000003774278360846317,0.9997354619808035,547.9108087558036,12.317145438217855,0.00003799849999999996,0.000011727979099782376
2021-12-26T00:00:00.000Z,0.017155811287541768,1.0024814828947304,0.00012036915975680635,0.00022378946584979806,0.00020604519342093397,263266124.09660003,34546755.0096,1525397.871,0.0022754377013094462,0.0022754377013094462,0.0026018520544871864,1.0026018520544873,-0.000004188814437755539,1.00005344589099,548.2461880323029,12.321561814897954,0.00003799620000000002,0.00000985001921382216
2021-12-26T01:00:00.000Z,0.017155811287541768,0.9991825364311903,0.00012748822102772665,0.00023682898726257672,0.00021992972610196393,262429711.1654,36561318.197,2014563.1874,-0.0010373932949117037,-0.0010373932949117037,-0.0006899753477820132,0.999310024652218,-1.77001553858247e-7,1.0002320869068169,544.53066016902,12.234050958901182,0.000037991999999999985,0.000013050189337828058
2021-12-26T02:00:00.000Z,0.017155811287541768,0.9992173995581997,0.00013457790837449228,0.00025107714415846836,0.000233325291458919,262433192.64760002,38762564.0227,2201245.8257,-0.0010159257332592597,-0.0010159257332592597,-0.0006480225334258485,0.9993519774665741,-2.800279585990495e-8,0.9998952284531107,544.7375210515252,12.158339901359122,0.00003777169999999996,0.00001425931630803647
2021-12-26T03:00:00.000Z,0.017155811287541768,0.9963241681291534,0.00014167769175313323,0.0002652143166799786,0.00024631446759026954,261662042.38230002,40946569.301699996,2184005.279,-0.003922146338436905,-0.003922146338436905,-0.003534154179093502,0.9964658458209065,-0.000005972623781103081,1.000201370585926,541.4068917365072,12.0879340114138,0.00003799380000000004,0.000014189329642529577
2021-12-26T04:00:00.000Z,0.017155811287541768,0.9938327507141305,0.0001486404896930695,0.000284325142460928,0.00026484608698451595,261010817.1663,43898972.9787,2952403.677,-0.006432095372854052,-0.006432095372854052,-0.006018608796176467,0.9939813912038236,-0.00001813257412919267,1.0002442701408192,538.658716840168,12.013879642316594,0.00003799350000000013,0.00001922941855586831
2021-12-26T05:00:00.000Z,0.017155811287541768,0.9945908486961353,0.00015756069601573355,0.0003008411311976632,0.0002813948977716807,261189725.6964,46450306.9093,2551333.9306,-0.005690546201636337,-0.005690546201636337,-0.005251590607848923,0.994748409392151,-0.000009479262530920352,0.9993225966260264,539.9606183713804,12.097474966665196,0.00003799679999999994,0.000016605812768690313
2021-12-26T06:00:00.000Z,0.017155811287541768,0.9946221172792341,0.00016583521153756538,0.0003125698851515719,0.00029447671671400943,261200384.0673,48262141.8892,1811834.9799,-0.005672359437479901,-0.005672359437479901,-0.005212047509228326,0.9947879524907717,-0.000009642634188011812,0.999378212319335,539.9503211609039,12.125891293751977,0.000037996599999999866,0.00001179217050858695
2021-12-26T07:00:00.000Z,0.017155811287541768,0.9938106628369856,0.00017361562262213203,0.00032497876751932616,0.0003082962697993352,260989275.03970003,50179056.5599,1916914.6707,-0.006497633432813732,-0.006497633432813732,-0.006015721540392265,0.9939842784596077,-0.000006477315669939365,0.9977579562817714,539.9297638273997,12.117238164615232,0.00003799650000000013,0.000012486164190824694
2021-12-26T08:00:00.000Z,0.017155811287541768,0.9957245972255908,0.00018194533072121426,0.0003360529843830869,0.0003186856350669842,261496616.9889,51889823.8461,1710767.2862,-0.004594088409476171,-0.004594088409476171,-0.004093457443687973,0.9959065425563121,-0.000008202714423810598,1.000120719125248,540.7202861347388,12.14601276299213,0.00003799609999999998,0.000011121766774762717
2021-12-26T09:00:00.000Z,0.017155811287541768,0.9964847894483602,0.0001904116379256314,0.00034772130527615413,0.00033038597893364496,261698798.50989997,53692387.1025,1802563.2564,-0.0038455965305734807,-0.0038455965305734807,-0.0033247989137142045,0.9966752010862858,-0.0000033106975929619864,0.9993953938195783,541.9268029800829,12.181548582520431,0.00003796449999999992,0.000011709482631667781
2021-12-26T10:00:00.000Z,0.017155811287541768,0.9983629753637276,0.00019818743148240978,0.0003604277740620832,0.0003425440125809365,262169681.50460002,55655159.6161,1962772.5136,-0.0019795686488532915,-0.0019795686488532915,-0.0014388372047899453,0.99856116279521,-6.543561609229087e-7,0.9998374826774944,543.7184960890307,12.174229178664172,0.00003777770000000006,0.000012727304141235927
2021-12-26T11:00:00.000Z,0.017155811287541768,0.9983610152024908,0.0002055287008277636,0.00037306988453754826,0.00035573169993774467,262226978.4881,57608421.157,1953261.5409,-0.00199471649744698,-0.00199471649744698,-0.0014334560966814717,0.9985665439033186,-0.0000014339720677547518,1.0003718721935853,543.4115505734021,12.141900010899732,0.0000377696,0.00001266286420518203
2021-12-26T12:00:00.000Z,0.017155811287541768,0.996587275156359,0.0002191685786794126,0.00039107259931162405,0.0003727589125103181,261763185.2131,60389942.011999995,2781520.855,-0.0037854837561512866,-0.0037854837561512866,-0.003193556264961556,0.9968064437350385,-0.000005339799281078861,1.0001503273356942,541.5831033371096,12.467638354821108,0.00003799120000000009,0.000018064363977121092
2021-12-26T13:00:00.000Z,0.017155811287541768,0.997537863410001,0.0002267751277431073,0.0004098093597832599,0.0003916483310320018,262045532.50439999,63285238.031399995,2895296.0194,-0.002853784921031055,-0.002853784921031055,-0.002235361462255946,0.9977646385377441,-0.000003723514055420374,1.000546223072615,542.3819020981804,12.442527431246264,0.00003770219999999993,0.000018783007616805505
2021-12-26T14:00:00.000Z,0.017155811287541768,0.996490040974295,0.00023496224412677803,0.00042574922892766134,0.0004082038645228936,262135761.0082,65751783.63769999,2466545.6063,-0.003918162890227839,-0.003918162890227839,-0.0032749967815781673,0.9967250032184218,-0.0000022485937335448014,0.9988704488218713,542.1326128885324,12.44727620557157,0.000037934100000000095,0.000015996014868718474
2021-12-26T15:00:00.000Z,0.017155811287541768,0.9963584632169575,0.0002421943226436038,0.00044701780457074663,0.00042934792206295036,262103964.0953,69042932.0235,3291148.3858,-0.004070884705105415,-0.004070884705105415,-0.003399342460398861,0.9966006575396011,-0.0000055451990207400215,0.9999260521312558,541.3942394986935,12.402801938451878,0.00003793399999999996,0.00002134630918373175
2021-12-26T16:00:00.000Z,0.017155811287541768,0.9985212063911969,0.00025277713105177884,0.0004648302082146286,0.0004498458263854088,262674911.7206,71799285.6018,2756353.5783,-0.0019286394351885061,-0.0019286394351885061,-0.0012260164777513185,0.9987739835222487,-0.0000018562748236305993,1.0006715330746856,543.3207591136277,12.528599985784407,0.0000378076000000001,0.0000178387842691812
2021-12-26T17:00:00.000Z,0.017155811287541768,1.0003760035917442,0.00026482538209588244,0.0004843459128575451,0.0004684003903159262,263156314.621,74819138.96059999,3019853.3588,-0.00009239679857175886,-0.00009239679857175886,0.0006408289738400498,1.00064082897384,-0.000001388491156717464,0.9989167671705393,546.2797411406692,12.71559247370306,0.0000379355,0.000019508369834688072
2021-12-26T18:00:00.000Z,0.017155811287541768,1.0005793146065645,0.00027250862369701637,0.0004958738117196426,0.00047927657662749645,263222736.7526,76603049.67789999,1783910.7173,0.00010003802993696631,0.00010003802993696631,0.0008518232302614792,1.0008518232302615,-0.0000015237051472771768,0.9990298295980908,546.4281798065639,12.689955478109795,0.00003774430000000004,0.000011521224407982468
2021-12-26T19:00:00.000Z,0.017155811287541768,1.0007916404375057,0.0002806547303524383,0.0005065300323881259,0.0004909202514826738,263265942.683,78251991.43219998,1648941.7543,0.0003007201860230069,0.0003007201860230069,0.001072295167858119,1.0010722951678581,-0.0000017238012002263048,0.9991192997434306,546.5985448985729,12.684857907506391,0.00003793589999999975,0.000010647791938987527
2021-12-26T20:00:00.000Z,0.017155811287541768,1.0013431950885794,0.0002900755199380894,0.0005189649143878864,0.0005029969839529524,263530803.90439996,80177037.76219998,1925046.33,0.0008401981046264329,0.0008401981046264329,0.0016332706085174747,1.0016332706085174,-0.000002282671710429618,0.9993783802538332,547.0464282768231,12.736181770562704,0.00003791880000000019,0.000012418202018566225
2021-12-26T21:00:00.000Z,0.017155811287541768,1.0011394174837283,0.00029851196251656396,0.0005289094588211473,0.0005127069148751495,263477390.5183,81716555.71399999,1539517.9518,0.000626710568853106,0.000626710568853106,0.0014379294462448194,1.0014379294462448,-0.0000010340929559315981,0.9998634141889485,546.5478149367832,12.743486371680273,0.000037827699999999956,0.000009933226197935272
2021-12-26T22:00:00.000Z,0.017155811287541768,1.00201206465472,0.00030609464860529396,0.000541618372310185,0.0005259783640045868,263684480.64120004,83683858.06429999,1967302.3503,0.0014860862907153383,0.0014860862907153383,0.002318159303325219,1.0023181593033252,-0.000004490149922320441,0.9991636227590014,547.8704569908797,12.714074733490483,0.00003792239999999991,0.000012683393377484362
2021-12-26T23:00:00.000Z,0.017155811287541768,1.003705606417817,0.0003179442134245855,0.000550174335671319,0.0005355151532628888,264132092.1993,85008305.76979999,1324447.7055,0.0031700912645540313,0.0031700912645540313,0.004023550631241506,1.0040235506312416,-0.000003874748321086585,1.0010568490141865,548.6748659278309,12.858778391841694,0.00003792240000000011,0.000008524375363108441
2021-12-27T00:00:00.000Z,0.017155811287541768,1.0006767714436096,0.0003254159122763323,0.0005618593182883087,0.0005465493614842387,263339269.07059997,86817149.16319999,1808843.3934,0.00013022208212531972,0.00013022208212531972,0.0010021873558858907,1.0010021873558859,-9.5811864986306e-7,0.9994211085327473,546.2472212465292,12.823549735191039,0.000037921899999999634,0.000011677080215315696
2021-12-27T01:00:00.000Z,0.017155811287541768,1.0004766262026554,0.0003334345015025029,0.0005728450060190824,0.0005568539360996105,263277556.6239,88517682.74939999,1700533.5862,-0.00008022773344418255,-0.00008022773344418255,0.0008100607041579309,1.000810060704158,-2.5554297122809544e-7,0.9998798835279037,545.766830910826,12.8110820050633,0.000037923400000000275,0.000010980453987841237
2021-12-27T02:00:00.000Z,0.017155811287541768,1.0004175419025325,0.000342720555006903,0.000584918197196211,0.0005686229013599498,263262099.87640002,90386557.39189999,1868874.6425,-0.0001510809988274353,-0.0001510809988274353,0.0007602624575394174,1.0007602624575394,-3.7964361632170096e-7,0.9996526070033126,545.813554231684,12.846731095355395,0.00003792359999999975,0.000012068151449607152
2021-12-27T03:00:00.000Z,0.017155811287541768,1.0015271099490275,0.0003507786448618901,0.0005958987484770852,0.0005824068240036784,263553025.9642,92086289.70189999,1699732.31,0.0009447031250238158,0.0009447031250238158,0.0018778885938893844,1.0018778885938895,-0.0000019784068319150805,0.9996301599176156,547.0228615508303,12.841861319233205,0.000037165400000000286,0.000010963808578667218
2021-12-27T04:00:00.000Z,0.017155811287541768,1.002615701008626,0.0003611846510083361,0.0006091593499676018,0.0005944862441709109,263843652.58919996,94138994.40769999,2052704.7058,0.0020212147644551592,0.0020212147644551592,0.0029768856596344064,1.0029768856596344,-0.000003915485247918404,0.9998957986897155,548.05449727874,12.915199352925368,0.00003792359999999995,0.000013226007014439131
2021-12-27T05:00:00.000Z,0.017155811287541768,1.0021245914737826,0.00036738431832286823,0.0006216825655241008,0.0006062638365222917,263710487.54130003,96077524.74319999,1938530.3355,0.0015183276372603416,0.0015183276372603416,0.0024919757921055014,1.0024919757921056,-0.000005378212888484946,0.9989130709835373,548.0431614273283,12.83820787473003,0.00003792420000000017,0.000012496664812520539
2021-12-27T06:00:00.000Z,0.017155811287541768,1.0023750381693255,0.00037056904047609617,0.0006357847178880298,0.0006208590439460426,263785772.41219997,98260544.28959998,2183019.5464,0.0017541791253794514,0.0017541791253794514,0.0027456072098015903,1.0027456072098015,-0.0000029786618882532423,0.9999868865488594,547.712531291562,12.661632846206153,0.00003792309999999987,0.000014068739170211445
2021-12-27T07:00:00.000Z,0.017155811287541768,1.0018684346757536,0.0003784124005699826,0.0006505029371508755,0.0006349327092727286,263655797.0603,100538960.10399999,2278415.8144,0.0012335019664808655,0.0012335019664808655,0.0022468470763235765,1.0022468470763235,-9.483448049074639e-7,1.000530688593836,546.8459353789503,12.648683405124617,0.00003789130000000003,0.00001469077079914972
2021-12-27T08:00:00.000Z,0.017155811287541768,1.0016534969651851,0.0003845757773570854,0.0006630003932567262,0.0006481999397003335,263717721.29779997,102474466.03879999,1935505.9348,0.001005297025484797,0.001005297025484797,0.002038072742542216,1.0020380727425422,-0.0000014534693133505527,0.9999748267585231,546.9005252691053,12.581221309377662,0.00003790590000000017,0.000012476825876424139
