query_ts,assumedLPToken,equityValue,totalDexYield,totalTradingfee,newTotalTradingFee,liquidity,totalVolume,volume,priceImpact,priceEffect,totalReturn,totalEquityVal,impermanentLoss,tokenPrice,quoteTokenPrice,rewardPrice,rewardTokenPerLP,feePerDollar
2021-10-22T10:00:00.000Z,0.018996389007529646,1,0.00001509672340813492,0.000021657467767427023,-7.895906151134113e-13,271990471.9816,3465073.4691,3465073.4691,7.895906151134113e-13,7.895906151134113e-13,0.00001509672340813492,1.000015096723408,-2.220446049250313e-16,0.9992624236673533,493.5371411388827,20.41805004201247,0.0000389222,0.00002165746783169852
2021-10-22T11:00:00.000Z,0.018996389007529646,0.9979555953650284,0.000029762301293309902,0.00003709084276245409,0.000015344459119659426,271444150.3122,5934415.6665,2469342.1974,-0.0020597490940912344,-0.0020597490940912344,-0.0020146423336782652,0.9979853576663217,-0.000001183376471258768,0.9987394995612836,491.7634544196585,20.372947524607547,0.00003798049999999999,0.000015464992451492613
2021-10-22T12:00:00.000Z,0.018996389007529646,0.9982973256905707,0.00004488333046222661,0.000051852100819089043,0.00002968352459120638,271639808.2961,8297112.3117,2362696.6452,-0.0017323578340204815,-0.0017323578340204815,-0.0016577909789670484,0.998342209021033,-0.0000016335868480155114,0.9993360456560643,491.7924229476698,20.424737877174426,0.000038777099999999985,0.0000147864347351539
2021-10-22T13:00:00.000Z,0.018996389007529646,0.9998976457292558,0.000060122486463473106,0.00006537933065012806,0.00004647186939477077,272076553.1864,10462299.949900001,2165187.6382,-0.0001488261401390023,-0.0001488261401390023,-0.00004223178428075843,0.9999577682157192,-1.1818798428819832e-7,0.999599579638685,493.22383350885303,20.482190509724802,0.0000388419,0.000013528615170371796
2021-10-22T14:00:00.000Z,0.018996389007529646,0.9936111857639334,0.00007403945104372184,0.00009323746674266985,0.00007075279105628329,270383519.76489997,14921601.826900002,4459301.877,-0.006459567027122914,-0.006459567027122914,-0.006314774785022909,0.993685225214977,-0.000025850300585994468,0.999972022060169,486.83594898809986,20.15679390483597,0.0000388401,0.000028037260545655894
2021-10-22T15:00:00.000Z,0.018996389007529646,0.9898585717599826,0.00008831667735718766,0.0001268443508651151,0.00010469423038306225,269318294.8731,20300236.422300003,5378634.5954,-0.010246122470400465,-0.010246122470400465,-0.010053111562660215,0.9899468884373398,-0.00005739173251295693,0.9996771890715591,483.27467660722516,20.015738993247997,0.00003891190000000002,0.00003395119821506522
2021-10-22T16:00:00.000Z,0.018996389007529646,0.9883485152235562,0.00010243599332379739,0.00015327364696351094,0.00013055956498375654,268972201.2274,24531148.098900005,4230911.6766,-0.0117820443414276,-0.0117820443414276,-0.011549048783120045,0.98845095121688,-0.00007514672122488353,0.9996700097854316,481.7793877758923,19.894766515470263,0.00003877210000000001,0.00002674086696468356
2021-10-22T17:00:00.000Z,0.018996389007529646,0.9893029557032287,0.00011735316449235001,0.0001834910490870374,0.00016122979422505956,269399009.0247,29371477.246700004,4840329.1478,-0.010858274090996378,-0.010858274090996378,-0.01057969113227897,0.989420308867721,-0.000058026091757090725,0.9991178977808557,482.94725700643903,19.98089909703788,0.00003813229999999999,0.00003054413444596435
2021-10-22T18:00:00.000Z,0.018996389007529646,0.9857799915668108,0.00013090643627729377,0.00020067519778035992,0.00017770665117855522,268690472.7531,32126666.078900002,2755188.8322,-0.014397715084367713,-0.014397715084367713,-0.014089101996911864,0.9859108980030882,-0.00009626076341762158,0.9986364832794193,479.7283372268504,19.802740807111675,0.00003881019999999999,0.0000174320323558475
2021-10-22T19:00:00.000Z,0.018996389007529646,0.9871345758028122,0.00014544918419993164,0.00021502994830934494,0.0001929928348192167,268963655.0678,34427387.0814,2300721.0025,-0.013058417032007053,-0.013058417032007053,-0.012719975012987904,0.9872800249870121,-0.00008548648705719586,0.9991941778181556,480.76450698491266,19.79597002768141,0.00003879120000000001,0.000014541837272638428
2021-10-22T20:00:00.000Z,0.018996389007529646,0.9849280656000223,0.00015926161060294506,0.00022770031372033802,0.00020493248115660556,268390393.4871,36458353.1884,2030966.107,-0.015276866881134277,-0.015276866881134277,-0.014912672789374725,0.9850873272106253,-0.0001246339599182411,0.9996564909683694,478.38426699341005,19.714571967117987,0.00003847870000000003,0.00001286425470390746
2021-10-22T21:00:00.000Z,0.018996389007529646,0.986819669560124,0.00017502001055892037,0.00023936812190579191,0.00021662766449670467,268793070.61730003,38327832.3219,1869479.1335,-0.013396958104372692,-0.013396958104372692,-0.013005310429317067,0.9869946895706829,-0.00010215483432751693,1.0000689486852856,480.0144981710977,19.856431313631024,0.000038739099999999996,0.000011823647535448967
2021-10-22T22:00:00.000Z,0.018996389007529646,0.9830892701025465,0.00018828990707407095,0.00025165861462616256,0.00023106451129983885,267780105.4832,40297104.3754,1969272.0535,-0.017141794408753297,-0.017141794408753297,-0.01672243999037939,0.9832775600096206,-0.0001531900502933503,0.999476706771868,476.65972271234926,19.71841411224545,0.000038673900000000036,0.000012501908926016281
2021-10-22T23:00:00.000Z,0.018996389007529646,0.9837502631677575,0.0002025371872107119,0.0002612572544364436,0.0002378496183772505,267962166.8103,41835079.8262,1537975.4508,-0.016487586450619762,-0.016487586450619762,-0.0160471996450318,0.9839528003549682,-0.00014258421570079172,0.9995251789963151,477.27133381175923,19.693988411144066,0.00003870609999999999,0.000009757191836006234
2021-10-23T00:00:00.000Z,0.018996389007529646,0.9852342537159249,0.00021739295875803448,0.0002738414180333983,0.0002511297929718159,268371520.58749998,43851459.8257,2016379.9995,-0.015016876077046937,-0.015016876077046937,-0.014548353325317086,0.9854516466746829,-0.00011690789298424153,0.999423327871317,478.7485753109495,19.761191628050195,0.00003773299999999998,0.000012772763636193592
2021-10-23T01:00:00.000Z,0.018996389007529646,0.9861258444810969,0.00023191327497107942,0.0002902712372159819,0.00026764987058214285,268679684.6852,46484675.0349,2633215.2092,-0.014141805389485285,-0.014141805389485285,-0.013642242243932063,0.9863577577560679,-0.00010902855720307247,0.9997868486186329,479.4252234219805,19.783491880457895,0.000037984100000000015,0.000016660976288121208
2021-10-23T02:00:00.000Z,0.018996389007529646,0.9867529761960564,0.0002465693117391752,0.00030252791826355805,0.0002803673185746147,268455084.6844,48446169.762,1961494.7271,-0.013527391122518218,-0.013527391122518218,-0.013000454492204428,0.9869995455077956,-0.00011882727635847967,1.001059804724214,479.4125906315552,19.789856880556624,0.000038787000000000007,0.000012421225099871504
2021-10-23T03:00:00.000Z,0.018996389007529646,0.9871686244992514,0.00026118398002767176,0.0003169685172737459,0.0002949488107796272,268516305.8873,50756721.0662,2310551.3042,-0.01312632431152827,-0.01312632431152827,-0.012570191520720971,0.9874298084792791,-0.00009751014646441902,1.0000144497800667,480.3040528313752,19.790282289127866,0.0000388605,0.000014628300520373646
2021-10-23T04:00:00.000Z,0.018996389007529646,0.98704345740036,0.0002746112856585135,0.00032745097168115786,0.0003063364281560288,268511572.3553,52434137.2348,1677416.1686,-0.013262879027795993,-0.013262879027795993,-0.01268193131398145,0.9873180686860186,-0.00009012365395388855,0.9993368804983891,480.49670680909725,19.75886505903737,0.000036877699999999974,0.0000106200543298994
2021-10-23T05:00:00.000Z,0.018996389007529646,0.9885238114887762,0.0002903647589711253,0.00033753593234750397,0.00031576643777553315,267791831.05810001,54041209.672400005,1607072.4376,-0.011791954948999317,-0.011791954948999317,-0.011185823752252659,0.9888141762477474,-0.00006760048908660554,0.9990285153058768,482.0790776684923,19.84540032532608,0.00003859720000000003,0.0000102020406415133
2021-10-23T06:00:00.000Z,0.018996389007529646,0.9865489081482173,0.00030443147785333923,0.0003483516119126915,0.0003265331778654623,267178484.1055,55764219.383200005,1723009.7108,-0.013777625029648188,-0.013777625029648188,-0.013146660373929387,0.9868533396260706,-0.00008160379478749924,0.9981661247329444,480.5585111293751,19.804827023064142,0.000038967499999999955,0.000010963145173034921
2021-10-23T07:00:00.000Z,0.018996389007529646,0.986828319427185,0.0003189471639400493,0.00035955703659186874,0.0003385521370218303,267135669.20839998,57548526.80500001,1784307.4218,-0.013510232709836867,-0.013510232709836867,-0.012852733408874988,0.9871472665911251,-0.00008899486854230254,0.9990020976228232,480.416778747119,19.79848539228997,0.00003885449999999996,0.000011354989118632526
2021-10-23T08:00:00.000Z,0.018996389007529646,0.9863401691732671,0.0003333989471268423,0.000372204946371416,0.0003499860565532309,266992898.57639998,59562449.673700005,2013922.8687,-0.014009816883286175,-0.014009816883286175,-0.013326431879606101,0.9866735681203939,-0.000090312562446071,0.9985944500051864,480.12622857949054,19.783042204589055,0.00003911739999999995,0.000012823070932017009
2021-10-23T09:00:00.000Z,0.018996389007529646,0.9871426475261715,0.000348382434143249,0.0003834616954944138,0.00032673938022509397,267135445.7954,61354357.36350001,1791907.6898,-0.013184091854053559,-0.013184091854053559,-0.012508970039685216,0.9874910299603148,-0.00009373508200649638,0.999682937511821,480.40708295396877,19.7995505885015,0.00003909729999999996,0.00001140336529878977
2021-10-23T10:00:00.000Z,0.018996389007529646,0.9840086320383421,0.00036138295439099537,0.00039861512830319246,0.00037576345457435156,268362443.448,63785357.0979,2430999.7344,-0.01636713141623225,-0.01636713141623225,-0.015629985007266905,0.9843700149927331,-0.0001317338693089809,0.9989926869740848,477.64270971085193,19.714430594364288,0.000038713299999999974,0.000015399694142674566
2021-10-23T11:00:00.000Z,0.018996389007529646,0.9824556042585488,0.00037414437449335573,0.0004117892171622204,0.00038985189146267807,267994476.76,65899257.833000004,2113900.7351,-0.017934247632913847,-0.017934247632913847,-0.017170251366957812,0.9828297486330422,-0.00016526669965055696,0.9993471790362866,475.953077096561,19.620955457061207,0.00003883509999999995,0.000013409348181784523
2021-10-23T12:00:00.000Z,0.018996389007529646,0.9868723032483724,0.00039216528101954036,0.0004306250676862474,0.0004085769697781405,269204410.623,68921696.7072,3022438.8742,-0.013536273721405756,-0.013536273721405756,-0.012735531470608075,0.9872644685293919,-0.00009363606581869188,0.9993189340153418,480.2391061183102,19.800612183437682,0.00003880230000000007,0.000019086411230221547
2021-10-23T13:00:00.000Z,0.018996389007529646,0.9887506140046576,0.0004074127518714585,0.0004435937143974367,0.0004227942592562872,269714532.427,71002654.7148,2080958.0076,-0.011672180254598707,-0.011672180254598707,-0.010841973243470962,0.9891580267565291,-0.0000730435769089599,0.9996084130657203,481.91621061562,19.833214196240785,0.000038756199999999925,0.000013116195783323177
2021-10-23T14:00:00.000Z,0.018996389007529646,0.9864193359918763,0.0004203730561156425,0.0004562774228720687,0.0004342313724838842,269110351.75420004,73038131.3971,2035476.6823,-0.014014895380607628,-0.014014895380607628,-0.0131602909520081,0.9868397090479919,-0.00009989863656967302,0.9992839313798858,479.79001076570637,19.765864938435136,0.000038201199999999955,0.000012858332417738346
2021-10-23T15:00:00.000Z,0.018996389007529646,0.9862281097404612,0.00043461773283651694,0.0004684278248220644,0.0004459624000042739,269129162.5736,74988537.8016,1950406.4045,-0.014217852659543118,-0.014217852659543118,-0.013337272526702327,0.9866627274732976,-0.00010006282100916142,0.9990898381698097,479.68567954442733,19.749918913151795,0.00003887180000000001,0.000012320072845109241
2021-10-23T16:00:00.000Z,0.018996389007529646,0.9876735256170248,0.00044982565805708517,0.0004905390954268534,0.00046936721545165483,269542613.81270003,78538132.717,3549594.9154,-0.012795841598426838,-0.012795841598426838,-0.011876648724918098,0.9881233512750819,-0.00008353319711507101,0.9993098427685722,480.96467982332763,19.783231496540132,0.00003851639999999999,0.000022387225792702024
2021-10-23T17:00:00.000Z,0.018996389007529646,0.988180036224753,0.0004646291771727812,0.0005062828828160969,0.0004866286994360536,269708365.75320005,81065792.60229999,2527659.8853,-0.01230659247468302,-0.01230659247468302,-0.011355334598074186,0.9886446654019259,-0.00008218849697450015,0.9997006489217248,481.2533144748791,19.794697897897887,0.00003867480000000005,0.000015932104267548167
2021-10-23T18:00:00.000Z,0.018996389007529646,0.9871926489493829,0.0004788522949000028,0.0005182400990884416,0.000496286258534262,269443233.10050005,82985550.65509999,1919758.0528,-0.013303637309151406,-0.013303637309151406,-0.012328498755717142,0.9876715012442828,-0.00009717013761390003,0.9998104085852734,480.2294596880487,19.779483257968312,0.00003880420000000008,0.000012112342374331253
2021-10-23T19:00:00.000Z,0.018996389007529646,0.987609055692907,0.0004933738780520052,0.000530823043117222,0.0005096760054200677,269554893.83250004,85005756.0085,2020205.3534,-0.012900620312513045,-0.012900620312513045,-0.011897570429040973,0.9881024295709591,-0.00008998892290801308,0.9996937277101569,480.67793665332545,19.779565868652753,0.000038642600000000185,0.000012740815245276482
2021-10-23T20:00:00.000Z,0.018996389007529646,0.987593619992754,0.0005074386499331636,0.0005407282998431957,0.0005196401367968395,269470774.6841,86595584.3263,1589828.3178,-0.012926020144042871,-0.012926020144042871,-0.011898941357312868,0.9881010586426872,-0.00010258935913232126,1.0005767028029917,480.2290393773628,19.76452788345965,0.000038459699999999736,0.000010029689280510583
2021-10-23T21:00:00.000Z,0.018996389007529646,0.9880691452845302,0.0005215703933885283,0.0005494744501018192,0.0005294931729036279,269784868.68109995,88000331.7788,1404747.4525,-0.012460347888373469,-0.012460347888373469,-0.011409284322081312,0.9885907156779187,-0.00008784237765047109,0.999978620540092,480.9697556042272,19.747246746769104,0.00003885470000000008,0.00000885175911060018
2021-10-23T22:00:00.000Z,0.018996389007529646,0.9887359599204284,0.0005368875606452822,0.0005570961699015868,0.0005372307605112647,269972605.147,89224506.4128,1224174.634,-0.011801270840082867,-0.011801270840082867,-0.01072715251892632,0.9892728474810737,-0.00007719669776296012,0.9998166233365088,481.68999562874427,19.779508535430473,0.000038497599999999995,0.000007708548342032123
2021-10-23T23:00:00.000Z,0.018996389007529646,0.9903997785484707,0.0005532722428156394,0.0005702904215279074,0.0005538136152606343,270472823.1482,91344082.1838,2119575.771,-0.010154035066789913,-0.010154035066789913,-0.009046949208713639,0.9909530507912864,-0.00005492670589790638,0.9995376572148721,483.43208518732337,19.845373038328308,0.00003871949999999987,0.000013322147374213853
2021-10-24T00:00:00.000Z,0.018996389007529646,0.9912001470161397,0.0005679399014227959,0.0005781364031981034,0.0005585058251440511,270693612.50909996,92604501.4847,1260419.3009,-0.009358358809004375,-0.009358358809004375,-0.008231913082437528,0.9917680869175625,-0.000046906765710952314,0.9995457592098547,484.2056753208212,19.846160085581307,0.00003884749999999992,0.00000791563861322353
2021-10-24T01:00:00.000Z,0.018996389007529646,0.991938233142057,0.0005826242573348992,0.0005867380536244633,0.0005688809851036591,270896648.4346,93986322.7597,1381821.275,-0.00863064784304668,-0.00863064784304668,-0.007479142600608121,0.9925208573993919,-0.0000486713919574111,1.0004605947527097,484.47390216053446,19.84706152039076,0.000038879800000000305,0.000008671558622354533
2021-10-24T02:00:00.000Z,0.018996389007529646,0.9901711136722025,0.0005959600264653693,0.000595044067047977,0.0005753283933481734,285496786.21720004,95395075.3492,1408752.5895,-0.010404214721145721,-0.010404214721145721,-0.009232926301332179,0.9907670736986678,-0.000051096232439595823,0.998913269623532,483.48976962421153,19.83010278746173,0.00003672309999999993,0.000008388463610683257
2021-10-24T03:00:00.000Z,0.018996389007529646,0.990317198135746,0.0006119782510290558,0.0006050220932413219,0.0005854075805203918,285540220.4014,97087419.37889999,1692344.0297,-0.010268209444774357,-0.010268209444774357,-0.009070823613224909,0.9909291763867751,-0.00006283658662598057,1.0001515700281933,483.0238963669739,19.900013041024565,0.000036815199999999715,0.000010075585311399074
2021-10-24T04:00:00.000Z,0.018996389007529646,0.9902112067384772,0.0006279698480395561,0.0006166504060343902,0.0005965648477184171,285524719.4918,99059767.84169999,1972348.4628,-0.010385358109241238,-0.010385358109241238,-0.009160823413483265,0.9908391765865168,-0.00004366638593378269,0.9981695371278146,483.86845566203135,19.966358406868434,0.00003678280000000008,0.000011743264795874512
2021-10-24T05:00:00.000Z,0.018996389007529646,0.9897516702856087,0.0006392786123837883,0.0006283061078211295,0.0006080282555787075,285390825.8952,101036752.52769999,1976984.686,-0.010856357969969976,-0.010856357969969976,-0.009609051102007481,0.9903909488979925,-0.00006451832190512707,0.9997062115632264,482.6649189702233,19.883800567713113,0.0000368138000000001,0.00001177639104430836
2021-10-24T06:00:00.000Z,0.018996389007529646,0.9893735217566433,0.0006557968469321838,0.0006386236982672619,0.0006183837212444532,285155903.8425,102786000.86369999,1749248.336,-0.011244861964601172,-0.011244861964601172,-0.009970681396424534,0.9900293186035755,-0.00006362498031908803,0.9992346925939968,482.51342382846116,19.975204159234753,0.00003578680000000013,0.000010428408218552873
2021-10-24T07:00:00.000Z,0.018996389007529646,0.9884293871371466,0.0006702912644997596,0.0006490898537729054,0.0006306793166626079,284884468.4677,104560440.97629999,1774440.1126,-0.012201292179516043,-0.012201292179516043,-0.010900321598353677,0.9890996784016464,-0.00008007085895944677,0.9996410104727284,481.3846526496299,19.99137553232983,0.00003676889999999998,0.000010588671989192748
2021-10-24T08:00:00.000Z,0.018996389007529646,0.9861059908819351,0.000682766989036959,0.0006627298746636766,0.000640456660251143,283869533.8136,106870171.43679999,2309730.4605,-0.014534465778316075,-0.014534465778316075,-0.013211242129027972,0.986788757870972,-0.00008214427031927318,0.9974422501364157,480.1694406436461,19.948583563853884,0.00003670790000000002,0.000013832205697101412
