query_ts,assumedLPToken,equityValue,totalDexYield,totalTradingfee,newTotalTradingFee,liquidity,totalVolume,volume,priceImpact,priceEffect,totalReturn,totalEquityVal,impermanentLoss,tokenPrice,quoteTokenPrice,rewardPrice,rewardTokenPerLP,feePerDollar
2022-02-28T10:00:00.000Z,0.020233861692394443,1,0.000004525522761119564,0.000024698936747184876,2.773337115513641e-13,244526193.7194,3552668.7113,3552668.7113,-2.773337115513641e-13,-2.773337115513641e-13,0.000004525522761119564,1.0000045255227612,0,1.000534829313294,366.567881012993,6.408106306036251,0.0000349028,0.00002469893600086264
2022-02-28T11:00:00.000Z,0.020233861692394443,1.0007991095374404,0.00000905656724897846,0.00004302833274566458,0.0000215264784964031,244639527.33789998,6188265.347200001,2635596.6359,0.0007775830589440424,0.0007775830589440424,0.000808166104689424,1.0008081661046895,-9.62351425659591e-7,0.9999246329217715,367.36221987761604,6.411565608399993,0.0000349077,0.000018314760209789986
2022-02-28T12:00:00.000Z,0.020233861692394443,1.0005228969862616,0.000013483220179685271,0.00006139815195303335,0.00003751613258895503,244585434.01740003,8829819.5259,2641554.1787,0.0004853808536726678,0.0004853808536726678,0.0005363802064413081,1.0005363802064413,-5.954133058816424e-7,0.999928701686412,367.1462359574049,6.399094815714091,0.000034324400000000006,0.00001836021888151578
2022-02-28T13:00:00.000Z,0.020233861692394443,1.0007943789131848,0.000017980447100692163,0.00008432143783999578,0.000059911175147586704,244650577.97219998,12126139.4536,3296319.9277,0.0007344677380372033,0.0007344677380372033,0.0008123593602854822,1.0008123593602856,-6.088866522091507e-7,1.000165370220517,367.2421517452839,6.391119719379103,0.00003490670000000001,0.000022905091512707407
2022-02-28T14:00:00.000Z,0.020233861692394443,0.9974956812342589,0.00002226595874248268,0.00010810660934637979,0.00008298675569751168,243871716.89490002,15546782.7764,3420643.3228,-0.0025873055214385987,-0.0025873055214385987,-0.0024820528069986044,0.9975179471930014,-0.000003069757716467336,1.0004219246760093,364.71464463172015,6.327378782087944,0.0000348741,0.000023844887479371368
2022-02-28T15:00:00.000Z,0.020233861692394443,1.0127721016988076,0.000027600928094244113,0.00013905484509577662,0.00011821046220306108,247627988.851,19997960.934100002,4451178.1577,0.012653891236604542,0.012653891236604542,0.012799702626901848,1.0127997026269018,-0.00008410287918736437,1.000139325062221,376.05224716941035,6.532516454606465,0.000034900599999999996,0.00003055794663277395
2022-02-28T16:00:00.000Z,0.020233861692394443,1.02110973942376,0.00003276281713882734,0.00017665248625187697,0.00015810657196246858,248477910.8496,25379754.6033,5381793.6692,0.020951632851797575,0.020951632851797575,0.02114250224089887,1.0211425022408989,-0.00023599769631166279,0.9995423652341514,382.46856837950673,6.640847625517328,0.000035009100000000024,0.00003682037250859608
2022-02-28T17:00:00.000Z,0.020233861692394443,1.0210779851438028,0.00003726814191694208,0.0002059899285525763,0.00018397416631876773,248477038.2271,29579284.3931,4199529.7898,0.020894010977484,0.020894010977484,0.021115253285719712,1.0211152532857197,-0.00023297974061275983,0.9996252909162289,382.3936722477714,6.614624432345905,0.00003462880000000002,0.000028731832500896927
2022-02-28T18:00:00.000Z,0.020233861692394443,1.0221348868083266,0.000041910198629045805,0.00022967079450193602,0.00021018494979463398,248790917.84530002,32969872.1004,3390587.7073,0.021924701858532014,0.021924701858532014,0.022176797006955695,1.0221767970069557,-0.0002428638228673119,1.0001810542866394,382.9532773538375,6.617183162747728,0.0000345627,0.00002316804468720235
2022-02-28T19:00:00.000Z,0.020233861692394443,1.0220318612150423,0.00004665976681576032,0.00023938305418444385,0.00021895536518523606,248767044.0355,34360464.2131,1390592.1127,0.021812905849857067,0.021812905849857067,0.022078520981858064,1.0220785209818581,-0.00024752898347768504,0.9998609110672826,382.9920837970329,6.626164370428492,0.00003500099999999999,0.000009502892960583025
2022-02-28T20:00:00.000Z,0.020233861692394443,1.022991356686959,0.0000514908043744886,0.00024596967391831586,0.00022640342428004168,249001209.9799,35303532.4792,943068.2661,0.022764953262679022,0.022764953262679022,0.023042847491333552,1.0230428474913336,-0.0002678110400512468,0.9998982963566184,383.69175553961855,6.647058605330488,0.00003482569999999999,0.000006438587396821949
2022-02-28T21:00:00.000Z,0.020233861692394443,1.02754647074687,0.00005678328145541097,0.0002549594754755521,0.0002367709890807035,250111043.51719996,36590692.638,1287160.1588,0.027309699757789296,0.027309699757789296,0.027603254028325412,1.0276032540283253,-0.0003682781100962096,1.0003344506407985,386.94048527835065,6.72424419571926,0.00003450429999999999,0.000008748803088375108
2022-02-28T22:00:00.000Z,0.020233861692394443,1.026169903287326,0.00006129320390273432,0.0002614286619229338,0.00024007990770824605,249780683.94349998,37516968.3371,926275.6991,0.02592982337961769,0.02592982337961769,0.02623119649122867,1.0262311964912287,-0.00036574414448753423,0.999084289224188,386.38459260268957,6.695828570764708,0.000035059000000000025,0.000006304205207581974
2022-02-28T23:00:00.000Z,0.020233861692394443,1.0357233639852235,0.00006696084075692736,0.0002868583688657735,0.0002680434877000426,252063095.60930002,41157442.372999996,3640474.0359,0.035455320497523424,0.035455320497523424,0.035790324825980394,1.0357903248259803,-0.0006532677973872802,0.9992203691436192,393.53926465856654,6.790822204806918,0.000034919299999999976,0.0000245526059499908
2022-03-01T00:00:00.000Z,0.020233861692394443,1.0381733476371593,0.00007206692212820781,0.0003085644969195608,0.0002900269102292796,252662137.7882,44264889.3968,3107447.0238,0.037883320726930014,0.037883320726930014,0.038245414559287504,1.0382454145592874,-0.0007065168151147994,1.0001166532432524,395.032681558032,6.818063039772363,0.00003506540000000001,0.00002090799985587201
2022-03-01T01:00:00.000Z,0.020233861692394443,1.0434001160090849,0.0000776302189064206,0.0003348088859058799,0.00032273918567260473,254012848.6622,48023197.1024,3758307.7056,0.04307737682341228,0.04307737682341228,0.04347774622799131,1.0434777462279914,-0.0008507682739251621,1.0014467760492551,398.4664860264109,6.882544000312192,0.000035054700000000015,0.000025152755591574818
2022-03-01T02:00:00.000Z,0.020233861692394443,1.0399636008625943,0.000081835614947331,0.00035517482008369907,0.0003384140375473077,254372092.0248,50953461.072399996,2930263.97,0.03962518682504701,0.03962518682504701,0.04004543647754165,1.0400454364775416,-0.0007706705366874456,1.000122414737973,396.357467318958,6.828038451443482,0.000034889,0.000019583314778550212
2022-03-01T03:00:00.000Z,0.020233861692394443,1.035103599379145,0.00008512197944857666,0.00037292377538535374,0.00035498288398971845,252693935.4371,53502255.89569999,2548794.8233,0.03474861649515537,0.03474861649515537,0.03518872135859367,1.0351887213585937,-0.000637155358627628,0.998986744771897,393.0941705435041,6.7137173189281345,0.00003427840000000003,0.000017147032801222676
2022-03-01T04:00:00.000Z,0.020233861692394443,1.0352479520643412,0.00008964340447696429,0.0003881324280297272,0.0003691605936064768,252771123.67650002,55686619.305099994,2184363.4094,0.034878791470734694,0.034878791470734694,0.035337595468818137,1.0353375954688182,-0.0006005685486102363,1.0001529074246898,392.7346250069911,6.699249223073906,0.00003470899999999997,0.00001469083074826412
2022-03-01T05:00:00.000Z,0.020233861692394443,1.0389947440792324,0.0000953366685974585,0.0004022715146982683,0.00038452848538095274,253687396.72140002,57717376.329299994,2030757.0242,0.03861021559385147,0.03861021559385147,0.03909008074782988,1.0390900807478298,-0.0007300003984249681,1.0001966095221144,395.5545843296967,6.771693142056231,0.000034476499999999926,0.00001360842905779552
2022-03-01T06:00:00.000Z,0.020233861692394443,1.0384734324929232,0.00009989501852320496,0.00041644776287719373,0.0003998621113163736,253630389.43820003,59754035.096099995,2036658.7668,0.03807357038160686,0.03807357038160686,0.03857332751144644,1.0385733275114464,-0.0007129705488010396,1.0001284955720564,395.17283888652804,6.757888278357727,0.000034757700000000035,0.000013651045173368842
2022-03-01T07:00:00.000Z,0.020233861692394443,1.0520675397539763,0.00010718202926909602,0.00044299528343907127,0.0004329692543048047,256873449.65240002,63566893.19059999,3812858.0945,0.05163457049967146,0.05163457049967146,0.052174721783245365,1.0521747217832453,-0.0012891189277918214,1.000076729122518,405.58604814238544,6.920396320133013,0.00003488500000000013,0.0000252336657191361
2022-03-01T08:00:00.000Z,0.020233861692394443,1.0608184556822373,0.00011336623185882179,0.0004760482636921865,0.00047289594288213443,259020381.489,68314279.3791,4747386.1885,0.06034555973935518,0.06034555973935518,0.060931821914096136,1.0609318219140962,-0.0017325617363986856,1.000221723826774,412.27327363623846,7.002416885222978,0.000034681500000000044,0.00003115799796933253
2022-03-01T09:00:00.000Z,0.020233861692394443,1.06750004308643,0.0001190227892017502,0.0005042690214233305,0.0004991696182352623,260784928.3671,72369685.26709999,4055405.888,0.06700087346819483,0.06700087346819483,0.06761906587563185,1.067619065875632,-0.0021407204199892504,0.9998953182830688,417.60110131781215,7.044813492007711,0.00003486769999999997,0.000026436305398351975
2022-03-01T10:00:00.000Z,0.020233861692394443,1.0531113643789047,0.00012046848388941947,0.0005495122578859253,0.0005372758994406368,256626439.8803,78855011.8086,6485326.5415,0.0525740884794641,0.0525740884794641,0.053231832862794155,1.053231832862794,-0.0013408051860853698,0.999960141176492,406.35843634664707,6.84432665560891,0.0000348981,0.000042961493467674225
2022-03-01T11:00:00.000Z,0.020233861692394443,1.055941772063727,0.00012573046422082652,0.0005882144392477933,0.0005779976457080949,257314407.9647,84402682.4259,5547670.6173,0.055363774418018874,0.055363774418018874,0.056067502527947795,1.0560675025279478,-0.0014651499954875247,1.000254912936293,408.39488389960246,6.86864048101042,0.00003478240000000023,0.00003665181489061354
2022-03-01T12:00:00.000Z,0.020233861692394443,1.0516681397662044,0.00012985839228122977,0.0006083545898331456,0.0005956044580039954,256275490.43670002,87289651.7458,2886969.3199,0.05107253530820044,0.05107253530820044,0.05179799815848567,1.0517979981584857,-0.0012596250973457845,1.0001273022273012,405.1321542537119,6.830223658791526,0.000034957199999999835,0.000019150671940835626
2022-03-01T13:00:00.000Z,0.020233861692394443,1.056452305486707,0.00013602171983462515,0.0006374111112682662,0.0006266004554786875,257446930.2172,91454819.778,4165168.0322,0.0558257050312283,0.0558257050312283,0.05658832720654161,1.0565883272065417,-0.0015030318455068192,0.9999958546541023,408.858360538911,6.897778934492481,0.000034957299999999964,0.000027503865160738793
2022-03-01T14:00:00.000Z,0.020233861692394443,1.0614502341133447,0.00014235166701096326,0.000668193890683832,0.0006615980158188872,258737352.2439,95868678.2304,4413858.4524,0.06078863609752583,0.06078863609752583,0.06159258578035568,1.0615925857803556,-0.001754956635887095,1.000259456196627,412.6023259119095,6.96928894166208,0.000034888300000000084,0.000029000680821711175
2022-03-01T15:00:00.000Z,0.020233861692394443,1.0508371264387792,0.0001440807026632504,0.0007053174362733903,0.0006914710253445033,255112960.27609998,101170164.6414,5301486.411,0.05014565541343474,0.05014565541343474,0.0509812071414425,1.0509812071414424,-0.0012259102065550476,0.9999223906109728,404.50082058027266,6.817547952659651,0.000035002500000000063,0.000035327593270628244
2022-03-01T16:00:00.000Z,0.020233861692394443,1.051219641485471,0.00014859817506249982,0.0007404372468201847,0.0007291297283713583,255363983.63340002,106188612.5088,5018447.8674,0.05049051175709973,0.05049051175709973,0.05136823966053359,1.0513682396605335,-0.0012014919187113282,1.0007473759448164,404.4328544192188,6.802893419110236,0.00003506879999999993,0.000033408632075647765
2022-03-01T17:00:00.000Z,0.020233861692394443,1.0483143470139087,0.00015222978608695143,0.0007646876777657098,0.0007500979481194214,254618725.4082,109653342.2063,3464729.6975,0.047564249065789266,0.047564249065789266,0.048466576799995637,1.0484665767999957,-0.001093572666789222,1.0002141655535335,402.39720592472014,6.752856566499613,0.000034577800000000054,0.000023132785997208947
2022-03-01T18:00:00.000Z,0.020233861692394443,1.0490892371045162,0.00015665864818127065,0.0007805973932500013,0.0007648218485549751,254074992.79779997,111919879.98470001,2266537.7784,0.048324415255961206,0.048324415255961206,0.04924589575269745,1.0492458957526976,-0.0011572137989031006,0.999596150344104,403.2305670603654,6.736620422180514,0.00003517680000000002,0.00001516526353440229
2022-03-01T19:00:00.000Z,0.020233861692394443,1.054949048896208,0.00016218998986579786,0.0007948135324872533,0.0007885396650610943,255494667.04790002,113945150.7343,2025270.7496,0.054160509231147014,0.054160509231147014,0.05511123888607391,1.055111238886074,-0.001447362606493141,0.9994444374689069,407.7945812559232,6.767349987863908,0.00003517670000000006,0.000013475663950647217
2022-03-01T20:00:00.000Z,0.020233861692394443,1.0546118487199194,0.00016647899025203035,0.0008047852408613118,0.0007942601664565618,255483402.8351,115366139.6786,1420988.9443,0.05381758855346286,0.05381758855346286,0.05477832771017145,1.0547783277101714,-0.0013949441139152752,1.000103940769852,407.2605725099077,6.747801241936816,0.000034844899999999996,0.000009455335174430823
2022-03-01T21:00:00.000Z,0.020233861692394443,1.0547048338481444,0.0001712783813217009,0.0008147883602822617,0.0008040741847537003,255508212.728,116791617.6196,1425477.941,0.053900759663390696,0.053900759663390696,0.0548761122294661,1.054876112229466,-0.0013967015869223998,1.0001495461626744,407.30628657989644,6.747717860992066,0.00003516710000000007,0.000009484284179466769
2022-03-01T22:00:00.000Z,0.020233861692394443,1.0514755388773247,0.0001748178928789544,0.0008260632891968178,0.0008123033272369184,254724773.06599998,118398325.3491,1606707.7295,0.05066323555008778,0.05066323555008778,0.05165035677020365,1.0516503567702036,-0.0012575177389156922,0.9997799005625475,404.95735438114434,6.707587147799899,0.00003358489999999994,0.00001072295838081789
2022-03-01T23:00:00.000Z,0.020233861692394443,1.055027400082256,0.00018035492988084252,0.0008375936281241308,0.0008272143539096444,253151012.7553,120025780.7586,1627455.4095,0.054200185728346284,0.054200185728346284,0.05520775501213677,1.0552077550121368,-0.0013828545001233206,1.0006969533026915,407.3148271233363,6.735295180721805,0.00003533059999999998,0.000010928947769307618
2022-03-02T00:00:00.000Z,0.020233861692394443,1.0558961799266937,0.00018607528406813315,0.0008508836109036815,0.0008402812978127727,234934549.4792,121765187.5975,1739406.8389,0.05505589862888094,0.05505589862888094,0.05608225521076184,1.0560822552107618,-0.001460181309584252,1.0000551487004121,408.23817142447933,6.753402583914456,0.000038313799999999985,0.000012586448577635867
2022-03-02T01:00:00.000Z,0.020233861692394443,1.05601155823184,0.00018907027601431476,0.000872474452483704,0.0008610857587640908,229897420.6514,124530129.9697,2764942.3722,0.05515047247307581,0.05515047247307581,0.05620062850785421,1.0562006285078542,-0.0014522886066845597,1.0002913407836151,408.214950763918,6.670259653969525,0.00003916429999999995,0.000020445649278803148
2022-03-02T02:00:00.000Z,0.020233861692394443,1.0568433330019718,0.00019468327811065838,0.0008946114950197957,0.0008828982677993036,210843907.5598,127128022.1443,2597892.1746,0.05596043473417245,0.05596043473417245,0.05703801628008241,1.0570380162800823,-0.0014998406500816852,1.0001818136358536,408.8866762974256,6.664664186759492,0.00004279959999999996,0.00002094638041920849
2022-03-02T03:00:00.000Z,0.020233861692394443,1.0582042154632993,0.000200658271989854,0.0009159172293482554,0.0009113679859791279,211049877.0094,129627580.0049,2499557.8606,0.05729284747732022,0.05729284747732022,0.0584048737352892,1.0584048737352891,-0.00158008633863016,0.9999939487703571,409.996205046106,6.673580398487746,0.000042319799999999974,0.000020133858513600276
2022-03-02T04:00:00.000Z,0.020233861692394443,1.0625940326645837,0.00020861572213501427,0.0009349977528306387,0.0009303484475648993,211965868.3329,131866506.8799,2238926.875,0.061663684217018844,0.061663684217018844,0.06280264838671876,1.0628026483867188,-0.0018782121544178576,0.999034645574309,413.7900037007334,6.743753330151969,0.00004285399999999986,0.000017956549879635642
2022-03-02T05:00:00.000Z,0.020233861692394443,1.060740795444122,0.0002136316797685496,0.0009562136022753022,0.000947128231115979,206138694.82700002,134291786.2319,2425279.352,0.05979366721300594,0.05979366721300594,0.06095442712389047,1.0609544271238904,-0.0017318539745685424,0.9997131719714829,412.0537265615794,6.712724113128501,0.000043996800000000026,0.000020000975080686175
2022-03-02T06:00:00.000Z,0.020233861692394443,1.0610404663110289,0.00021962961063873895,0.0009756071618085424,0.0009691446973618678,206170948.22739998,136508471.8779,2216685.646,0.06007132161366702,0.06007132161366702,0.061260095921667625,1.0612600959216676,-0.0017404187155883877,0.9998294366263439,412.2217214563438,6.714898331926672,0.00004363590000000013,0.000018277869072240057
2022-03-02T07:00:00.000Z,0.020233861692394443,1.057912188991831,0.00022459290142061154,0.0010001096925070516,0.0009884342812513935,205112423.7228,139302973.4469,2794501.569,0.056923754710579644,0.056923754710579644,0.05813678189325165,1.0581367818932517,-0.001556847193063149,1.0000605380602343,409.68272134698435,6.684285437610822,0.00004410070000000012,0.000023161213646035837
2022-03-02T08:00:00.000Z,0.020233861692394443,1.0589348534589955,0.00023003401355212397,0.0010395819240602779,0.0010312298943560005,205189503.352,143802104.6652,4499131.2183,0.05790362356463952,0.05790362356463952,0.05916488747254764,1.0591648874725477,-0.001509537346126688,1.0018449218537346,409.71166457539226,6.669147336574114,0.00004409100000000017,0.000037275411003793185
