query_ts,assumedLPToken,equityValue,totalDexYield,totalTradingfee,newTotalTradingFee,liquidity,totalVolume,volume,priceImpact,priceEffect,totalReturn,totalEquityVal,impermanentLoss,tokenPrice,quoteTokenPrice,rewardPrice,rewardTokenPerLP,feePerDollar
2021-08-27T10:00:00.000Z,0.01982397303916969,1,0.000032393248858168494,0.000018512976036540623,9.310330284506563e-13,271816943.6847,2960082.5501,2960082.5501,-9.310330284506563e-13,-9.310330284506563e-13,0.000032393248858168494,1.0000323932488582,0,1.0001869763672526,477.44105685912785,24.97996207146648,0.00006541419999999998,0.000018512975191889218
2021-08-27T11:00:00.000Z,0.01982397303916969,1.0019505814805085,0.00006514630705072065,0.000042229560632914026,0.0000237775738796131,272405933.94269997,6753000.847200001,3792918.2971,0.0019268039066289155,0.0019268039066289155,0.0020157277875592493,1.0020157277875592,-0.0000029126176102067802,0.9996983990460951,479.51693728584866,25.120903208469308,0.00006540270000000002,0.000023670413532277586
2021-08-27T12:00:00.000Z,0.01982397303916969,1.0062923991819306,0.00009814347050864062,0.00006955088890919476,0.00005114566638808604,272970658.8339,11112581.0874,4359580.2402,0.0062412535155425,0.0062412535155425,0.006390542652439227,1.0063905426524393,-0.000020747212819527405,0.999967144603515,483.5255905004425,25.211473364544126,0.0000655519,0.000027150487308783233
2021-08-27T13:00:00.000Z,0.01982397303916969,1.0053359340695214,0.0001253227516027696,0.0000895123451661857,0.00007138982212939737,272738183.9184,14298084.332,3185503.2446,0.005264544247391978,0.005264544247391978,0.005461256821124145,1.005461256821124,-0.000018631925051026954,0.9993334563707372,482.8933905965256,25.143491362636595,0.00005505919999999998,0.000019855509184735973
2021-08-27T14:00:00.000Z,0.01982397303916969,1.0031446054927597,0.00014487496794256632,0.00011248803057659048,0.00009461335491711687,271103934.49560004,17950597.7081,3652513.3761,0.0030499921378426276,0.0030499921378426276,0.003289480460702311,1.0032894804607022,-0.000005493997616068391,0.9999174905444835,480.4873414924952,25.07661112845076,0.00004000170000000003,0.000022903661471835904
2021-08-27T15:00:00.000Z,0.01982397303916969,1.015259342143419,0.0001760588727338886,0.00014480493463963094,0.00012765321908214666,274258041.9333,23085866.7687,5135269.0606,0.015131688924336917,0.015131688924336917,0.015435401016152952,1.015435401016153,-0.00009321180964816378,1.001552275466012,491.3286695053912,25.688593552406438,0.00005429219999999999,0.00003183118110769251
2021-08-27T16:00:00.000Z,0.01982397303916969,1.0123810220872298,0.0002065028576610642,0.00017560409153802493,0.0001583221337988494,273677912.7717,27983493.362800002,4897626.5941,0.012222699953430949,0.012222699953430949,0.012587524944890863,1.0125875249448908,-0.0000752233931610169,1.0000695076143993,489.24108124038145,25.71324153039882,0.000059393300000000006,0.000030422496012367116
2021-08-27T17:00:00.000Z,0.01982397303916969,1.0108507640805997,0.00023910731559485384,0.00019738155852842048,0.00018031893465986215,273023607.3536,31443457.463800002,3459964.101,0.010670445145939844,0.010670445145939844,0.011089871396194561,1.0110898713961947,-0.00006600161846437302,0.9993115315619169,488.1116696927676,25.751609582952224,0.00006326420000000002,0.000021543701032717462
2021-08-27T18:00:00.000Z,0.01982397303916969,1.0127962057500586,0.00026093010814637053,0.00021897947781260297,0.0002019019003913769,273915326.0912,34879490.0185,3436032.5547,0.012594303849667199,0.012594303849667199,0.013057135858204946,1.013057135858205,-0.00005953608984399228,1.0017919270768247,488.75857558557897,25.801834674622864,0.000041752999999999964,0.000021325040209853598
2021-08-27T19:00:00.000Z,0.01982397303916969,1.0117513627371817,0.00028357383761635596,0.00023471436191538044,0.0002177230257851548,275763198.5703,37402256.8589,2522766.8404,0.011533639711396537,0.011533639711396537,0.012034936574798047,1.012034936574798,-0.0000628710668824084,1.000440916625311,488.3938349776221,25.897216290774523,0.00004222779999999998,0.0000155521246160288
2021-08-27T20:00:00.000Z,0.01982397303916969,1.0112060152935933,0.00030375047179353066,0.0002542293267924048,0.0002370184723126112,275650250.6952,40531487.5926,3129230.7337,0.010968996821280719,0.010968996821280719,0.01150976576538686,1.0115097657653869,-0.00004427170594367702,1.0016877307448155,487.24150778012176,25.769961804218344,0.0000422228000000001,0.00001929870273607059
2021-08-27T21:00:00.000Z,0.01982397303916969,1.0148815632905948,0.00032694482513616287,0.00027311025955732005,0.00025790258287394785,276701522.9514,43559590.9503,3028103.3577,0.01462366070772081,0.01462366070772081,0.01520850811573092,1.015208508115731,-0.0001092396018674835,0.9999230130978631,491.6367801621191,25.898920913362332,0.00004221559999999982,0.000018604074358470946
2021-08-27T22:00:00.000Z,0.01982397303916969,1.017060854287046,0.000349825782032805,0.0002867160112901419,0.0002710166801456193,277332069.4728,45741952.8202,2182361.8699,0.01678983760690045,0.01678983760690045,0.017410680069078872,1.017410680069079,-0.00014299426694863726,0.9999252048476024,493.73718464263686,25.988765384903907,0.000042210300000000106,0.000013377519541402578
2021-08-27T23:00:00.000Z,0.01982397303916969,1.014668905626242,0.0003709286423575933,0.0002982740853758288,0.00028207861901208275,284095203.5175,47645554.4922,1903601.672,0.014386827007229819,0.014386827007229819,0.015039834268599495,1.0150398342685996,-0.0001040465184259931,1.0000452228975385,491.34723892562005,25.983538659007387,0.00004110529999999992,0.000011390980214844276
2021-08-28T00:00:00.000Z,0.01982397303916969,1.0171517224254467,0.00039455023823697466,0.00031798607675609484,0.0003034753124941947,284863263.01799995,50892928.418800004,3247373.9266,0.01684824711295252,0.01684824711295252,0.01754627266368369,1.0175462726636837,-0.00015062480768079922,0.9995373223941344,493.98553440401827,26.14615034865831,0.000041094700000000066,0.000019379598536969535
2021-08-28T01:00:00.000Z,0.01982397303916969,1.0167011469442553,0.0004147006058753898,0.00033645690306115955,0.00032121153433184446,284743748.5714,53935902.8281,3042974.4093,0.01637993540992344,0.01637993540992344,0.017115847550130674,1.0171158475501307,-0.0001342362988724366,1.0000481415116593,493.27853418440634,26.101709216518618,0.000040238500000000065,0.000018167410247859566
2021-08-28T02:00:00.000Z,0.01982397303916969,1.0135844930631708,0.00043294329081846814,0.0003476789786454083,0.000331278175856875,284928707.5612,55791571.763900004,1855668.9358,0.013253214887313902,0.013253214887313902,0.014017436353989245,1.0140174363539893,-0.00009013180792105668,0.9999263880648679,490.30792075452877,25.927578953116818,0.00004087500000000006,0.000011071671990729166
2021-08-28T03:00:00.000Z,0.01982397303916969,1.011345080184945,0.0004531759596485752,0.0003587577229397892,0.00034156990859246505,285634111.08210003,57632141.706300005,1840569.9424,0.011003510276352602,0.011003510276352602,0.011798256144593643,1.0117982561445937,-0.00006457930972025849,0.9997652953583352,488.21175039361776,25.889893608186963,0.00004064750000000002,0.000010954465103016488
2021-08-28T04:00:00.000Z,0.01982397303916969,1.0117134200056515,0.00047433839248634284,0.0003733939049672141,0.0003584833102041607,285765477.1857,60063959.9323,2431818.226,0.011354936695447293,0.011354936695447293,0.012187758398137797,1.0121877583981378,-0.0000734144636472811,0.9993604474313619,488.74913126011046,25.90735960533592,0.00004060990000000004,0.000014466726439154609
2021-08-28T05:00:00.000Z,0.01982397303916969,1.0118646742873167,0.000494098016129068,0.0003866102821511898,0.00037001579408491025,285907034.51879996,62260635.5094,2196675.5771,0.011494658493231835,0.011494658493231835,0.012358772303445814,1.0123587723034457,-0.00006989629621334537,0.9997923411866944,488.67299510052004,25.84667639672332,0.00004073250000000008,0.000013061408185899133
2021-08-28T06:00:00.000Z,0.01982397303916969,1.0112909661048977,0.0005133436296746862,0.0003977931340223832,0.0003807540832458933,285855412.6744,64120040.1406,1859404.6312,0.010910212021651766,0.010910212021651766,0.011804309734572346,1.0118043097345724,-0.000054895231220708496,1.0005599065341848,487.7339975688352,25.766400348477088,0.00004068229999999976,0.000011057995521115016
2021-08-28T07:00:00.000Z,0.01982397303916969,1.01104429372817,0.0005365306024575013,0.0004142610015986948,0.0003972801059217712,285777661.06130004,66858122.6149,2738082.4743,0.010647013622248291,0.010647013622248291,0.011580824330627564,1.0115808243306275,-0.0000549380739124361,1.000295313432496,487.6090056717434,25.884147382400172,0.000040615900000000026,0.000016287977825221077
2021-08-28T08:00:00.000Z,0.01982397303916969,1.01054912256829,0.0005548732508627985,0.0004258227847497373,0.00040906447869692997,286131315.9933,68783801.4651,1925678.8502,0.010140058089593174,0.010140058089593174,0.011103995819152902,1.011103995819153,-0.0000541672271521243,0.9998673415362294,487.32844584890717,25.808418984528345,0.000038919800000000034,0.000011441089675820925
2021-08-28T09:00:00.000Z,0.01982397303916969,1.0128823383080436,0.0005729003135555133,0.00043908217995520805,0.0004238935657330245,286290745.9633,70988367.4272,2204565.9621,0.012458444742310615,0.012458444742310615,0.013455238621599152,1.0134552386215991,-0.00006105324137994916,1.0015191271943695,488.7605268720952,25.698127626675085,0.000040040699999999964,0.000013090755424034665
2021-08-28T10:00:00.000Z,0.01982397303916969,1.0106068556117533,0.0005938873558576225,0.00045281908907605434,0.0004354834855933021,285686853.3188,73272641.12370001,2284273.6965,0.010171372126160039,0.010171372126160039,0.011200742967610963,1.0112007429676109,-0.000050811524201277436,1.0002259370298894,487.18393524382043,25.72072446532233,0.000040172199999999995,0.000013592733578526405
2021-08-28T11:00:00.000Z,0.01982397303916969,1.0106775231870462,0.0006166944563766785,0.00046500670316155964,0.0004488099092305742,286077641.7191,75301916.9158,2029275.7921,0.010228713277815604,0.010228713277815604,0.011294217643422857,1.0112942176434228,-0.000054762650045558914,0.9998980457055768,487.3990234344756,25.826664637642416,0.000039768500000000004,0.000012058855161974986
2021-08-28T12:00:00.000Z,0.01982397303916969,1.00853480143203,0.0006346857757500461,0.0004839495779126331,0.0004660436125605294,285502930.47110003,78456316.08960001,3154399.1738,0.008068757819469363,0.008068757819469363,0.00916948720777994,1.0091694872077799,-0.00003098140602109112,1.0003516524522469,485.0969841728781,25.71666764315594,0.000040442499999999984,0.000018782569364915204
2021-08-28T13:00:00.000Z,0.01982397303916969,1.0126879684689536,0.0006576578564754737,0.0004986912532125859,0.00048247978547477643,286820138.7397,80912336.26920001,2456020.1796,0.012205488683478816,0.012205488683478816,0.013345626325429065,1.013345626325429,-0.0000670882894249214,1.0007350459678095,488.89908533979946,25.82713826746185,0.00003954260000000001,0.000014556977496999192
2021-08-28T14:00:00.000Z,0.01982397303916969,1.0114154941283622,0.0006785857702740677,0.0005144591541424601,0.0004986423390866968,286512579.38269997,83539814.07980001,2627477.8106,0.010916851789275483,0.010916851789275483,0.012094079898636248,1.0120940798986362,-0.000058746545651078286,1.000204984671353,487.91347882458405,25.835421052887803,0.00004045019999999993,0.000015589934262724752
2021-08-28T15:00:00.000Z,0.01982397303916969,1.0071467343095002,0.0006962203605191035,0.0005503202872253085,0.0005350618101009896,285456163.8976,89518720.63010001,5978906.5503,0.0066116724993992015,0.0066116724993992015,0.007842954670019294,1.0078429546700194,-0.000024408135851805568,0.9997899569280473,483.9674041792791,25.753858681524896,0.00003873689999999982,0.00003560666197124446
2021-08-28T16:00:00.000Z,0.01982397303916969,1.0084102790425387,0.0007124816752731566,0.000569406005596513,0.0005514960502097654,285878215.77650005,92701476.80560002,3182756.1755,0.007858782992328894,0.007858782992328894,0.009122760717811816,1.0091227607178117,-0.000031846095380760886,1.00003417843579,485.0488557658825,25.616443233189372,0.00003933710000000022,0.0000189265400431213
2021-08-28T17:00:00.000Z,0.01982397303916969,1.0124722647183229,0.000735573684811029,0.0005913915648319007,0.0005755826716171697,287606354.56979996,96375179.02950002,3673702.2239,0.011896682046705687,0.011896682046705687,0.013207838403133885,1.0132078384031338,-0.00006880623667737673,1.0002823009154234,488.8219704675112,25.723695654073094,0.00003943350000000007,0.00002171472806980109
2021-08-28T18:00:00.000Z,0.01982397303916969,1.0106956819681563,0.0007529459357622895,0.0006022413759384334,0.0005875857578676591,287172230.4261,98188585.90700002,1813406.8775,0.01010809621028863,0.01010809621028863,0.01144862790391858,1.0114486279039185,-0.0000466171677717675,1.0005885026600805,486.9463937816622,25.640055483078367,0.00003888340000000008,0.000010734992332565789
2021-08-28T19:00:00.000Z,0.01982397303916969,1.0102900044019465,0.0007724770195905254,0.0006141101471887686,0.0005970476882926068,288195147.3036,100180164.54290003,1991578.6359,0.009692956713653889,0.009692956713653889,0.011062481421537021,1.011062481421537,-0.0000440367437117839,1.0004484209845732,486.6143461519225,25.607691222308667,0.000040346000000000044,0.00001174788580830385
2021-08-28T20:00:00.000Z,0.01982397303916969,1.0080719420873991,0.0007888811269844035,0.0006234501942445977,0.0006055553404138436,287602188.0368,101747640.19650003,1567475.6536,0.0074663867469852985,0.0074663867469852985,0.008860823214383546,1.0088608232143836,-0.000029214988577219714,0.9999815668979672,484.6967345793937,25.475592667401344,0.000040371999999999884,0.000009265258478419637
2021-08-28T21:00:00.000Z,0.01982397303916969,1.0095932223895525,0.0008128781199917606,0.0006298781769744676,0.0006130996062923,288057466.1506,102826483.77600004,1078843.5795,0.008980122783260214,0.008980122783260214,0.010406100509544275,1.0104061005095444,-0.000037992219051541376,1.0004100408958247,485.9461404926303,25.589317566031404,0.0000403628999999999,0.0000063669034851231525
2021-08-28T22:00:00.000Z,0.01982397303916969,1.0116575891061022,0.0008325531903121095,0.000638498804119116,0.0006224906928768981,288727880.8344,104273738.88860004,1447255.1126,0.011035098413225253,0.011035098413225253,0.01249014229641426,1.0124901422964143,-0.00004634921361701405,1.00153460296881,487.3797314703348,25.56492061121159,0.0000403515000000001,0.000008521288918513295
2021-08-28T23:00:00.000Z,0.01982397303916969,1.0094546574330296,0.0008492841396146013,0.0006492182626909296,0.0006326404327490209,288486772.707,106075773.16060004,1802034.272,0.008822017000280624,0.008822017000280624,0.010303941572644247,1.0103039415726442,-0.00003607926948201445,1.0004756564120127,485.7619977949207,25.454276399812752,0.00004029729999999985,0.000010619059701261881
2021-08-29T00:00:00.000Z,0.01982397303916969,1.009037372296238,0.0008693324843323726,0.000656757034172514,0.0006394910272340404,288673826.2944,107344452.44630003,1268679.2857,0.008397881269003982,0.008397881269003982,0.009906704780570395,1.0099067047805703,-0.00002965861813930548,1.0008482701507044,485.17293285991514,25.44653930026038,0.000040254600000000155,0.000007471251596916387
2021-08-29T01:00:00.000Z,0.01982397303916969,1.016615475176682,0.0009022676277873847,0.0006750361884294549,0.0006629503428563499,293255493.072,110446129.77790003,3101677.3316,0.0159525248338257,0.0159525248338257,0.017517742804469435,1.0175177428044695,-0.0001206644174064353,1.0004781504648594,492.65191748694144,25.812620132493063,0.00003992250000000004,0.000017980401350659135
2021-08-29T02:00:00.000Z,0.01982397303916969,1.0161149477339138,0.0009173269202656837,0.0006855164152594264,0.0006727422498868929,293136148.8898,112224606.90900002,1778477.1311,0.01544220548402686,0.01544220548402686,0.017032274654179436,1.0170322746541793,-0.0001179222158202986,1.000153176699632,492.31703112532983,25.667190073752614,0.00003958670000000008,0.000010314016658541162
2021-08-29T03:00:00.000Z,0.01982397303916969,1.0112530326648634,0.0009298892301919164,0.000701644424606749,0.0006860449531944646,291767409.5368,114961821.12890002,2737214.2199,0.010566987711668974,0.010566987711668974,0.012182921895055354,1.0121829218950553,-0.00004544612386536695,1.0011652614712128,487.10815450885576,25.455110998109472,0.00003991480000000009,0.000015948539904499147
2021-08-29T04:00:00.000Z,0.01982397303916969,1.005568455214109,0.0009423472673663644,0.0007203318734124047,0.0007015293715317839,290125052.1887001,118133394.09140003,3171572.9625,0.004866925842577308,0.004866925842577308,0.006510802481475456,1.0065108024814755,-0.00001183599396481494,1.0001766844299023,482.1046672899968,25.24922268445757,0.00003991539999999993,0.00001858396576088577
2021-08-29T05:00:00.000Z,0.01982397303916969,1.0054737680864223,0.000960746426939725,0.0007370450249895272,0.000717233714768728,290278078.15550005,120971658.94870003,2838264.8573,0.004756534371653576,0.004756534371653576,0.006434514513362029,1.006434514513362,-0.0000093462689098045,1.0006088983964472,481.7905483322052,25.20808598103624,0.00003989089999999987,0.00001662216550443486
2021-08-29T06:00:00.000Z,0.01982397303916969,1.0070857553065333,0.0009855368830880055,0.0007497304091260595,0.0007315417066382501,290772471.2566,123126134.26380002,2154475.3151,0.0063542135998950755,0.0063542135998950755,0.008071292189621332,1.0080712921896213,-0.00002147868522861529,0.9999668242357527,483.63431216842804,25.33295306151936,0.000039887400000000204,0.000012596130644148331
2021-08-29T07:00:00.000Z,0.01982397303916969,1.0084417348962975,0.0010060261795901133,0.0007610295860886495,0.0007438936690054021,291173035.47190005,125045237.08180003,1919102.818,0.007697841227292113,0.007697841227292113,0.009447761075887628,1.0094477610758876,-0.00002873749435594597,1.0002740436099986,484.7776790067405,25.344500260957005,0.000039886399999999666,0.000011204591061505928
2021-08-29T08:00:00.000Z,0.01982397303916969,1.0105015936691315,0.0010314647754420827,0.0007746213083957515,0.0007584468835171165,291929866.82809997,127354998.29930003,2309761.2175,0.009743146785614387,0.009743146785614387,0.011533058444573587,1.0115330584445736,-0.000044528669740029336,1.000445851925401,486.6639745595704,25.47811927159421,0.00003986459999999994,0.000013450470527094563
