query_ts,assumedLPToken,equityValue,totalDexYield,totalTradingfee,newTotalTradingFee,liquidity,totalVolume,volume,priceImpact,priceEffect,totalReturn,totalEquityVal,impermanentLoss,tokenPrice,quoteTokenPrice,rewardPrice,rewardTokenPerLP,feePerDollar
2021-09-11T10:00:00.000Z,0.021241398734413865,1,0.00001718259603095893,0.000011340415308105456,8.179013022413528e-13,255962618.0025,1707483.7519,1707483.7519,-8.179013022413528e-13,-8.179013022413528e-13,0.00001718259603095893,1.000017182596031,0,0.9997499318009683,409.65459727101535,19.629744480659298,0.0000412089,0.000011340415256268588
2021-09-11T11:00:00.000Z,0.021241398734413865,1.0036097857339674,0.000034528382179482016,0.000025698638617206558,0.000014346291889788532,256959291.7942,3869959.4452,2162475.6933,0.0035954394420776303,0.0035954394420776303,0.0036443141161469008,1.0036443141161469,-0.000008524075979399193,0.9992102484045127,412.8285219728763,19.8091499706468,0.00004085029999999999,0.00001430658005375534
2021-09-11T12:00:00.000Z,0.021241398734413865,1.0003086604345837,0.000051577687118600995,0.000041336637082797235,0.000030349684526198573,256020615.687,6224321.0889,2354361.6437,0.0002783107500574644,0.0002783107500574644,0.00036023812170226396,1.0003602381217023,-1.007256186236205e-7,0.999579427809424,409.9525675916068,19.686561971107967,0.000041282200000000016,0.000015633173850277677
2021-09-11T13:00:00.000Z,0.021241398734413865,1.0035628664515865,0.00006974410429853028,0.00005780967104301557,0.00004670637246784182,256679614.0283,8702721.617,2478400.5281,0.003516160079118702,0.003516160079118702,0.003632610555885074,1.003632610555885,-0.0000071455706079914805,0.999479654963955,412.6520424561226,19.899493604634163,0.00004165800000000003,0.000016414552101147656
2021-09-11T14:00:00.000Z,0.021241398734413865,1.0017431853684728,0.00008708550083366586,0.00007043813503241765,0.00005974836457278698,256287732.8887,10603244.225300001,1900522.6083,0.0016834370039000568,0.0016834370039000568,0.0018302708693065097,1.0018302708693065,-9.236312212834719e-7,1.000072783934976,410.90231975889674,19.85979597341321,0.00004143779999999998,0.000012606488799497485
2021-09-11T15:00:00.000Z,0.021241398734413865,1.0057109602737462,0.00010637814954713878,0.00008609609404039905,0.00007464767995579713,240908418.0327,12809546.5139,2206302.2886,0.005636312593790382,0.005636312593790382,0.005817338423293318,1.0058173384232934,-0.000015244524028679152,0.9998486760470403,414.2445794182967,19.973205804532114,0.000044301599999999996,0.00001556904454086321
2021-09-11T16:00:00.000Z,0.021241398734413865,1.002612280594191,0.00012462505736743272,0.00009749568151295897,0.00008539658990081023,240191091.98189998,14415984.9525,1606438.4386,0.002526884004290242,0.002526884004290242,0.0027369056515584847,1.0027369056515585,-0.0000017262661576866734,1.000415583211286,411.45355912415357,19.893408429832004,0.00004418719999999997,0.000011369886048171158
2021-09-11T17:00:00.000Z,0.021241398734413865,1.0052153051702906,0.00014455501727943509,0.00011221371712350205,0.00010067023165616362,240709838.6742,16489158.7201,2073173.7676,0.005114634938634399,0.005114634938634399,0.005359860187569998,1.00535986018757,-0.000010623195464409818,1.0002421283034701,413.6521320004332,20.055922744958078,0.00004439240000000005,0.000014641675738440661
2021-09-11T18:00:00.000Z,0.021241398734413865,1.0043401171658422,0.00016307227246396136,0.00011998787363942917,0.00010800930769128136,240593549.36450002,17584646.481,1095487.7609,0.004232107858150869,0.004232107858150869,0.004503189438306111,1.004503189438306,-0.000006219281299069124,1.0004463340011138,412.84176354187724,20.01614076837029,0.000044226900000000036,0.000007740561617088766
2021-09-11T19:00:00.000Z,0.021241398734413865,1.0020135768742688,0.00018077282971710226,0.000128600908219015,0.00011668526115093947,240059523.2424,18798461.697499998,1213815.2165,0.0018968916131179014,0.0018968916131179014,0.0021943497039859433,1.002194349703986,-0.0000017142659142210803,0.9997933858344296,411.1923395946211,19.917379326348836,0.0000437399,0.000008595725927383419
2021-09-11T20:00:00.000Z,0.021241398734413865,1.000670723347187,0.00019918125267919293,0.00013876859439955296,0.0001267779826572557,239935199.812,20232550.396599997,1434088.6991,0.0005439453645297299,0.0005439453645297299,0.0008699045998661786,1.0008699045998661,-2.3348464794903379e-7,1.0009775270613055,409.5974322801436,19.896697329384228,0.0000440006,0.000010160871728617743
2021-09-11T21:00:00.000Z,0.021241398734413865,0.9990894579899258,0.00021692939582823232,0.00015083669966964183,0.0001389032722751704,239044184.8079,21931044.189199995,1698493.7926,-0.0010494452823494038,-0.0010494452823494038,-0.0006936126142460011,0.999306387385754,-5.990518352483321e-7,0.9997945048048706,408.77700329334635,19.844193111226264,0.00004335219999999997,0.000012079103491851916
2021-09-11T22:00:00.000Z,0.021241398734413865,1.0002506985986566,0.00023573046550955665,0.00015725788741732035,0.00014684012724131001,239323162.6687,22834781.735399995,903737.5462,0.0001038584714152524,0.0001038584714152524,0.00048642906416611906,1.0004864290641662,-4.6441107737216214e-8,1.0001585320162456,409.5723007010685,19.8530005798388,0.0000443551,0.000006419578495487318
2021-09-11T23:00:00.000Z,0.021241398734413865,0.992903207113415,0.0002516851065582769,0.0001689546271891956,0.0001556909095181691,237567089.1497,24481029.703299996,1646247.9679,-0.007252483796103215,-0.007252483796103215,-0.006845107780026769,0.9931548922199732,-0.000021558144630895448,0.9990378113146919,404.02190207934717,19.64567064198685,0.00004413219999999997,0.000011780341946550025
2021-09-12T00:00:00.000Z,0.021241398734413865,0.9932933799606061,0.00026917336040946973,0.00018059582919993986,0.0001683567953992826,237667474.01430002,26119509.606099997,1638479.9028,-0.006874976834793212,-0.006874976834793212,-0.006437446678984459,0.9935625533210155,-0.000022322104909378027,0.9995329856670648,404.1289241264602,19.58606393709427,0.000043871000000000014,0.000011719802410120312
2021-09-12T01:00:00.000Z,0.021241398734413865,0.9903256893852194,0.00028623514557191284,0.0001959429203374431,0.0001827992921273891,234858878.5283,28260457.442799997,2140947.8367,-0.009857109906908024,-0.009857109906908024,-0.009388075469208721,0.9906119245307913,-0.00004803494661653751,0.9996456717030237,401.6602672191033,19.47803317893812,0.000044826300000000076,0.000015497013973654967
2021-09-12T02:00:00.000Z,0.021241398734413865,0.9884594672504431,0.0003036986326079016,0.00020889742492843935,0.00019547861567503766,233525218.22109997,30060765.338199995,1800307.8954,-0.011736011365231946,-0.011736011365231946,-0.011236834116949007,0.988763165883051,-0.00005933564000848435,0.9988390571707991,400.4604591165389,19.40033671174225,0.00004514849999999995,0.000013105751256732874
2021-09-12T03:00:00.000Z,0.021241398734413865,0.9915429692730019,0.00032376461926848077,0.00021809049413498607,0.00020501392109961714,234255349.54669997,31338349.556099996,1277584.2179,-0.008662044648097722,-0.008662044648097722,-0.008133266107729624,0.9918667338922704,-0.000030164842249491564,0.9988181374725581,402.9640147516931,19.48826436293081,0.00004514839999999994,0.00000927147736276999
2021-09-12T04:00:00.000Z,0.021241398734413865,0.9942048190225626,0.0003454106429860218,0.00022699995880633026,0.0002148489638603701,233939133.57469997,32571538.746099997,1233189.19,-0.006010029941297734,-0.006010029941297734,-0.005449770334451342,0.9945502296655486,-0.000012580773983805749,0.99873868886897,405.15513414064895,19.652163609237178,0.00004533139999999992,0.000008961397740368152
2021-09-12T05:00:00.000Z,0.021241398734413865,0.9963320244525452,0.00036396968930434023,0.0002330899825270399,0.00022089247197187856,235247013.2307,33417382.4449,845843.6988,-0.0038888680194266723,-0.0038888680194266723,-0.0033040058581504535,0.9966959941418495,-0.000011149477035288236,1.000575815693153,406.1390996339446,19.636030997059663,0.000045175600000000015,0.0000061124443971148705
2021-09-12T06:00:00.000Z,0.021241398734413865,0.9982719541092332,0.00038419053251101214,0.00024156599733994951,0.0002299710720700121,235728857.1808,34594735.3024,1177352.8575,-0.001958016962836817,-0.001958016962836817,-0.0013438553582557928,0.9986561446417442,-0.000004345498672231329,1.0007382916393346,407.6489418962583,19.706821463138876,0.00004517120000000001,0.000008490686637550208
2021-09-12T07:00:00.000Z,0.021241398734413865,0.9953095516841444,0.0004013460623590846,0.0002491292989871996,0.0002370737642933829,235270614.12999997,35646387.151,1051651.8486,-0.004927522080149016,-0.004927522080149016,-0.004289102253496549,0.9957108977465035,-0.000014483448646629427,1.0001923395788952,405.44796153432736,19.622054160759593,0.000045124999999999986,0.000007598943664218674
2021-09-12T08:00:00.000Z,0.021241398734413865,0.9965778782322614,0.00042116672167484613,0.0002574739060109786,0.00024531293925811326,236174125.4424,36809650.534,1163263.383,-0.0036674347069967084,-0.0036674347069967084,-0.0030009550460637488,0.9969990449539362,-0.00000838308163297885,1.0001704036826318,406.48438617598464,19.6715735122415,0.00004501070000000008,0.000008373261666135817
2021-09-12T09:00:00.000Z,0.021241398734413865,1.0060676673014797,0.0004552538264432142,0.0002751945429051634,0.00026533172660636595,238428391.5789,39280015.8707,2470365.3367,0.005802335574873307,0.005802335574873307,0.006522921127922888,1.006522921127923,-0.000017359280518713938,0.9996432425831112,414.46652620959645,20.354756920903164,0.000045008899999999955,0.00001761376254136359
2021-09-12T10:00:00.000Z,0.021241398734413865,1.0049256281482661,0.0004722512559450534,0.0002876074619250479,0.00027769662792453964,238156236.1559,41010442.0204,1730426.1497,0.004647931520341597,0.004647931520341597,0.00539787940421119,1.005397879404211,-0.000014129853574518236,0.9990714778163207,413.7523223061294,20.249148936249053,0.00004500939999999999,0.000012352078207031752
2021-09-12T11:00:00.000Z,0.021241398734413865,1.00609190152833,0.0004922962779552447,0.00029534421021366387,0.00028563624481114935,238348476.3398,42088604.5154,1078162.495,0.005806265283518908,0.005806265283518908,0.0065841978062853015,1.0065841978062853,-0.000018692716584278735,0.9994251292399592,414.56021827449706,20.278723053006008,0.00004493410000000007,0.000007689901230528412
2021-09-12T12:00:00.000Z,0.021241398734413865,1.0080197383611322,0.000515670050348171,0.0003072869338794431,0.0002996709038256551,238977151.581,43754093.583,1665489.0676,0.007720067457306579,0.007720067457306579,0.008535408411480405,1.0085354084114804,-0.000033295099573282805,0.9992801849300461,416.19969211291277,20.437256167969874,0.0000449768,0.000011847707599612657
2021-09-12T13:00:00.000Z,0.021241398734413865,1.0115777838351243,0.0005390254010881778,0.0003179874308092756,0.0003099757855495877,239807648.7456,45246265.247999996,1492171.665,0.011267808049574723,0.011267808049574723,0.01211680923621249,1.0121168092362125,-0.00005896856387066496,1.000094551157052,418.7940665482412,20.583470104279037,0.00004497970000000005,0.000010578027197085153
2021-09-12T14:00:00.000Z,0.021241398734413865,1.0087445800979458,0.0005556821240886887,0.00033892780706152475,0.0003302559094624513,239034096.61740002,48165131.4928,2918866.2448,0.008414324188483313,0.008414324188483313,0.009300262222034453,1.0093002622220344,-0.00004200548029831275,0.9989636492647352,416.90542178614083,20.472285346624158,0.00004499920000000004,0.0000207588485759098
2021-09-12T15:00:00.000Z,0.021241398734413865,1.0098945218735307,0.0005793457770276895,0.00035794165217275874,0.00034965590363067456,239107356.9991,50813253.2504,2648121.7576,0.009544865969900007,0.009544865969900007,0.01047386765055837,1.0104738676505585,-0.00005398592627492427,0.9988589692821569,417.8845276648783,20.618023090130816,0.000044999699999999914,0.000018827555305782353
2021-09-12T16:00:00.000Z,0.021241398734413865,1.0101278543648589,0.0005951655244775771,0.0003707633406698883,0.00036384400650679716,239183789.45090002,52599130.7823,1785877.5319,0.00976401035835206,0.00976401035835206,0.010723019889336435,1.0107230198893364,-0.000046180791780314756,0.9998558830174636,417.6491340207028,20.484259830993405,0.00004499590000000028,0.000012693133640870058
2021-09-12T17:00:00.000Z,0.021241398734413865,1.011309435879335,0.0006156500496953656,0.000385376131522122,0.0003776197995466468,239968197.19730002,54638772.4355,2039641.6532,0.010931816079788437,0.010931816079788437,0.011925085929030448,1.0119250859290305,-0.00005717890571044215,0.999928322840492,418.58539974652166,20.515826929766177,0.00004490139999999991,0.000014449376421281098
2021-09-12T18:00:00.000Z,0.021241398734413865,1.0096917590835086,0.0006339647255826827,0.0003943207825704698,0.00038715388138044204,239590824.83549997,55887293.4134,1248520.9779,0.009304605202128169,0.009304605202128169,0.010325723809091294,1.0103257238090912,-0.00004442972591045535,0.9995848670788892,417.38232432002326,20.47538293528936,0.000044900399999999995,0.0000088587935864709
2021-09-12T19:00:00.000Z,0.021241398734413865,1.0087425077807128,0.0006519795050738173,0.0004028321239536146,0.0003941478403064469,240121057.54140002,57079081.3611,1191787.9477,0.008348359940406391,0.008348359940406391,0.009394487285786655,1.0093944872857867,-0.00003481051178089167,0.9997196025920139,416.53567261135305,20.432417318380324,0.00004457259999999995,0.000008437575329022046
2021-09-12T20:00:00.000Z,0.021241398734413865,1.0095155138729905,0.0006732501669242002,0.0004117060453924565,0.0004039369349049249,240319622.1276,58321714.51360001,1242633.1525,0.00911157693808562,0.00911157693808562,0.010188764039914745,1.0101887640399148,-0.000038208909185044604,1.0000783528156345,417.0168145577398,20.488092616809,0.00004479389999999986,0.000008790278299157611
2021-09-12T21:00:00.000Z,0.021241398734413865,0.9991459993816574,0.000678186486856275,0.00044072573846727094,0.00043435043472817014,237496671.1783,62379344.871400006,4057630.3578,-0.001288351053070791,-0.001288351053070791,-0.00017581413148634573,0.9998241858685136,-0.000002246087918877926,1.0005803645371427,408.2606016016169,20.059519265450827,0.00004463699999999988,0.000029044498072486102
2021-09-12T22:00:00.000Z,0.021241398734413865,0.9998653952168011,0.0006970384654747264,0.00045769438736345997,0.0004455333435593456,237650732.3705,64751788.795700006,2372443.9243,-0.0005801381267582784,-0.0005801381267582784,0.0005624336822757937,1.0005624336822758,-7.611420849151784e-8,0.9995598555645472,409.2572321758889,20.05327841629384,0.000044753000000000064,0.000016970933062483768
2021-09-12T23:00:00.000Z,0.021241398734413865,1.006770939595893,0.0007290274875832925,0.0004743703850127255,0.00046582157485008935,239657639.98450002,67086878.12990001,2335089.3342,0.006305118021042944,0.006305118021042944,0.007499967083476325,1.0074999670834763,-0.000019288996608302078,0.9998240714946849,414.8059627786759,20.415172848371803,0.0000447594999999999,0.000016563844442416854
2021-09-13T00:00:00.000Z,0.021241398734413865,1.0092636130132895,0.0007508790612738654,0.0004918697948632311,0.0004838200922081537,240243784.1867,69537193.75930001,2450315.6294,0.00877979292108133,0.00877979292108133,0.01001449207456335,1.0100144920745633,-0.00004347942189242282,0.9991663813120062,417.1230136894649,20.4813152309272,0.00004479839999999987,0.000017338790196306797
2021-09-13T01:00:00.000Z,0.021241398734413865,1.0065311200429916,0.0007666478120675408,0.0005057310480351223,0.0004989377196162881,239577158.18680003,71477953.42940001,1940759.6701,0.0060321823233753236,0.0060321823233753236,0.007297767855059152,1.0072977678550592,-0.000017849982706930057,0.9997889950977752,414.59552638672477,20.382353850012354,0.00004480160000000011,0.000013771310521170464
2021-09-13T02:00:00.000Z,0.021241398734413865,0.9975864579597372,0.0007716703848460432,0.0005297317873065915,0.0005173930270377936,237382398.66050002,74837445.77530001,3359492.3459,-0.0029309350673005774,-0.0029309350673005774,-0.0016418716554167407,0.9983581283445833,-0.000006431829984276938,1.000401346471408,406.9915877055329,20.00948299035988,0.00004481450000000009,0.000024058805624413476
2021-09-13T03:00:00.000Z,0.021241398734413865,0.9909522824775415,0.0007809834928569576,0.000557083401835352,0.0005397661046117053,236005843.95020002,78669256.69630001,3831810.921,-0.009587483627070181,-0.009587483627070181,-0.008266734029601519,0.9917332659703985,-0.000053887778741157355,1.0004980189029753,401.53667962308486,19.763550676443213,0.000044776799999999886,0.000027601344342450037
2021-09-13T04:00:00.000Z,0.021241398734413865,0.986899161709562,0.0007912041235856252,0.0005784360927542949,0.0005597369638438154,234988497.35469997,81659988.86940001,2990732.1731,-0.01366057525428177,-0.01366057525428177,-0.01230963416685233,0.9876903658331476,-0.00010459459969147655,1.0004592712924802,398.25623900699236,19.551498082213346,0.00004478720000000001,0.00002163614283892228
2021-09-13T05:00:00.000Z,0.021241398734413865,0.9881821803023142,0.0008153599056729741,0.000601152955155179,0.0005833402647824615,236763153.22450003,84861658.60550001,3201669.7361,-0.012401159962468267,-0.012401159962468267,-0.011002459792012831,0.9889975402079871,-0.00008468419498330881,1.0002858657056417,399.3431381067469,19.68880736531968,0.00004447249999999997,0.000022988537182595604
2021-09-13T06:00:00.000Z,0.021241398734413865,0.9896064849754369,0.0008378270988616585,0.0006211881950486972,0.0006035480824188033,238099650.1136,87697238.29030001,2835579.6848,-0.010997063106981897,-0.010997063106981897,-0.009555687925701436,0.9904443120742986,-0.00006820062097290247,1.0003714178071752,400.4452107514589,19.781606491555365,0.00004432329999999991,0.000020245663787662403
2021-09-13T07:00:00.000Z,0.021241398734413865,0.9894872630623877,0.0008559222345000578,0.0006426521080555534,0.000624976841842706,238058524.50509998,90734858.71540001,3037620.4251,-0.01113771377945505,-0.01113771377945505,-0.009656814703112285,0.9903431852968877,-0.0000660227926111423,1.000041123932458,400.46354207260765,19.7707929713809,0.00004417839999999984,0.000021691954671252996
2021-09-13T08:00:00.000Z,0.021241398734413865,0.98061561645415,0.0008609540124072548,0.0006741900347986687,0.0006508645279649228,234426287.4617,95169839.3568,4434980.6414,-0.02003524807381496,-0.02003524807381496,-0.01852342953344278,0.9814765704665572,-0.00021063905006213357,1.000038087816267,393.2906168350618,19.461051859297427,0.00004461069999999987,0.00003216135516206466
