query_ts,assumedLPToken,equityValue,totalDexYield,totalTradingfee,newTotalTradingFee,liquidity,totalVolume,volume,priceImpact,priceEffect,totalReturn,totalEquityVal,impermanentLoss,tokenPrice,quoteTokenPrice,rewardPrice,rewardTokenPerLP,feePerDollar
2022-03-21T10:00:00.000Z,0.01935310636667908,0.9999999999999999,0.000004186736001225011,0.000023125895752020697,-1.417754802446325e-13,251776145.26520002,3425028.6373,3425028.6373,1.4166445794216997e-13,1.4166445794216997e-13,0.000004186736001113988,1.0000041867360012,-1.1102230246251565e-16,0.9995180772928448,394.33949930101636,6.525579570398705,0.0000331517,0.000023125894938446263
2022-03-21T11:00:00.000Z,0.01935310636667908,1.0003081495729211,0.000008655641760906752,0.00006262600387351022,0.00004254827328553645,250740346.9391,9249275.6022,5824246.9649,0.0002656012996355983,0.0002656012996355983,0.00031680521468204154,1.000316805214682,-2.7436784177936602e-8,0.9995493776423986,394.53664619709826,6.578165964929142,0.00003483810000000001,0.00003948794025851298
2022-03-21T12:00:00.000Z,0.01935310636667908,1.000930002806765,0.000013161711759043917,0.0000920016253588715,0.00006901308013418372,250535184.7631,13574445.2645,4325169.6623,0.0008609897266307343,0.0008609897266307343,0.0009431645185239619,1.000943164518524,-1.795052451125656e-8,1.0005682175159525,394.6042465498367,6.5896416116143,0.000035214999999999994,0.00002934832659477597
2022-03-21T13:00:00.000Z,0.01935310636667908,0.9992438781616353,0.000017570302393463954,0.00013167890923383735,0.00010905654982562574,249742761.5992,19407746.9244,5833301.6599,-0.0008651783881903352,-0.0008651783881903352,-0.0007385515359712455,0.9992614484640288,-4.498261887420085e-7,0.999600988131038,393.6247949552956,6.545153577340657,0.00003550550000000001,0.000039707308265232884
2022-03-21T14:00:00.000Z,0.01935310636667908,1.0032841743482526,0.000022113426867459027,0.00018068393364423224,0.00016640304257720118,249144797.37410003,26566205.942100003,7158459.0177,0.0031177713056753653,0.0031177713056753653,0.0033062877751200257,1.00330628777512,-8.629967532813865e-7,1.001317978844544,396.08898830519047,6.573635514655725,0.00003510970000000001,0.00004884460947349115
2022-03-21T15:00:00.000Z,0.01935310636667908,1.0033475857902068,0.00002666303515648634,0.0002188558651701255,0.00019664784241202327,249270707.1565,32144675.270800002,5578469.3287,0.003150937947794752,0.003150937947794752,0.0033742488253632615,1.0033742488253632,-0.000003458467140893262,1.000033935545224,396.6237927441341,6.575814969974612,0.000035692199999999977,0.000038044573977302614
2022-03-21T16:00:00.000Z,0.01935310636667908,1.0050267739510768,0.000031277523197088476,0.0002575906101882,0.00023551420191192385,249889725.03719997,37809970.5774,5665295.3066,0.0047912597491648334,0.0047912597491648334,0.005058051474273846,1.0050580514742737,-0.000014739991592960244,0.9988688389894287,398.38608998386763,6.638581355539661,0.00003393590000000001,0.000038541008518002393
2022-03-21T17:00:00.000Z,0.01935310636667908,1.0019597063652057,0.00003523392483008487,0.00027865203460697224,0.00025607967533125553,250622493.9352,40908878.0975,3098907.5201,0.001703626689874449,0.001703626689874449,0.0019949402900357894,1.0019949402900359,-8.650181955172087e-7,0.9999048338717574,395.53121034640617,6.535408246799737,0.00003512400000000001,0.000021020231270749827
2022-03-21T18:00:00.000Z,0.01935310636667908,1.0033795867786248,0.00003992397613508586,0.000289651715160457,0.00026754513261662005,251149308.46899998,42528441.326299995,1619563.2288,0.003112041646008201,0.003112041646008201,0.003419510754759907,1.0034195107547599,-0.000003206709367487015,1.000092698460804,396.56973305492176,6.568004155784457,0.000035514700000000014,0.000010962632171849446
2022-03-21T19:00:00.000Z,0.01935310636667908,1.0033548330466486,0.00004436123051623803,0.0002989349009744087,0.00027725720202309567,251157882.85660002,43895352.75179999,1366911.4255,0.0030775758446255352,0.0030775758446255352,0.003399194277164869,1.003399194277165,-0.000004467345247727295,0.9996017894120173,396.73722598497886,6.5588727749507445,0.000035394300000000055,0.000009252146088031636
2022-03-21T20:00:00.000Z,0.01935310636667908,1.0038864729866688,0.00004897879687211447,0.00030476795819829594,0.0002827584854336873,251292365.7043,44754251.682,858898.9302,0.003603714501235089,0.003603714501235089,0.0039354517835408906,1.0039354517835408,-0.000005119805899123087,0.999915255232736,397.02902723400314,6.580188355658273,0.00003512759999999998,0.00000581047568734403
2022-03-21T21:00:00.000Z,0.01935310636667908,1.0034729678024459,0.000053266726048570117,0.0003090127446888826,0.0002873471823747753,251343730.539,45379668.044599995,625416.3626,0.0031856206200711057,0.0031856206200711057,0.003526234528494451,1.0035262345284945,-0.0000055785398134222675,0.9993584950063819,396.9193050397525,6.582766192264241,0.00003350739999999997,0.000004230094835228151
2022-03-21T22:00:00.000Z,0.01935310636667908,1.004306790613352,0.0000574038468914343,0.00031480346118666086,0.00029271844977540873,251554648.71160004,46232865.066999994,853197.0224,0.004014072163576632,0.004014072163576632,0.004364194460243475,1.0043641944602435,-0.000003835314310141058,1.0007546886361223,397.02047088228,6.579783574284542,0.000032678500000000036,0.000005765884055447851
2022-03-21T23:00:00.000Z,0.01935310636667908,1.0035005051807349,0.00006173636921856091,0.0003204029806054001,0.00029974215280259564,251348064.9978,47057876.221499994,825011.1545,0.003200763027932263,0.003200763027932263,0.0035622415499534195,1.0035622415499534,-0.000005283612840578655,0.9994630227417436,396.8897749667169,6.598887555997477,0.0000326199,0.000005579987109358793
2022-03-22T00:00:00.000Z,0.01935310636667908,1.0031240660257392,0.00006599640064583088,0.0003273956295153235,0.00030492254161007537,251008487.3351,48087139.67829999,1029263.4568,0.0028191434841291496,0.0028191434841291496,0.0031900624263850558,1.003190062426385,-0.0000028942716382429623,0.9999271988638679,396.40377707099134,6.585972820400446,0.00003437069999999997,0.000006970871364297976
2022-03-22T01:00:00.000Z,0.01935310636667908,1.0034086041586288,0.00007034732994460318,0.00034919199201899164,0.0003288522322195675,251225226.1348,51297254.24779999,3210114.5695,0.003079751926409191,0.003079751926409191,0.0034789514885733615,1.0034789514885734,-0.0000026470424584479346,1.000292132606248,396.46514130998816,6.569666576874085,0.00003550579999999997,0.00002172232005563737
2022-03-22T02:00:00.000Z,0.01935310636667908,1.0034657337274047,0.00007508426045763333,0.0003644382182604318,0.00034465143217699,251400231.7144,53544117.141799994,2246862.894,0.003121082295227673,0.003121082295227673,0.0035408179878622962,1.0035408179878622,-0.0000024507403061369004,1.0004203402435135,396.44700077482196,6.592755340656113,0.00003518839999999996,0.00001519356960712464
2022-03-22T03:00:00.000Z,0.01935310636667908,1.0091796125927812,0.00008032664901459348,0.0003821333246515711,0.00036238348670436515,260884531.0883,56234933.84499999,2690816.7032,0.008817229106076852,0.008817229106076852,0.00925993924179581,1.0092599392417958,-0.0000336476942000008,1.0000930581364895,401.09338785744904,6.67017489216362,0.0000337803999999999,0.000017534149596212488
2022-03-22T04:00:00.000Z,0.01935310636667908,1.0146019523216223,0.00008557262502920862,0.0003989815062078237,0.00038129060359315403,262818454.1933,58802160.72029999,2567226.8753,0.01422066171802916,0.01422066171802916,0.014687524946651521,1.0146875249466516,-0.00009039412899258803,1.0001922173352509,405.36138062769095,6.738849189832805,0.00003388310000000007,0.000016605704882504624
2022-03-22T05:00:00.000Z,0.01935310636667908,1.0183852080352591,0.00009019665773237608,0.0004254145149644804,0.00040988008921249985,264032976.13369998,62833448.12409999,4031287.4038,0.017975327946046615,0.017975327946046615,0.01847540469299149,1.0184754046929916,-0.0001411867850861226,1.0005288194677362,408.2308638366486,6.757574928257111,0.00003353909999999998,0.000025955805546765148
2022-03-22T06:00:00.000Z,0.01935310636667908,1.0184540246682203,0.00009450232166865365,0.00046256148662408793,0.0004485270781289241,264242294.28269997,68502825.8781,5669377.754,0.0180054975900914,0.0180054975900914,0.01854852698988898,1.018548526989889,-0.00012006672294273546,1.0018680071466022,407.7093508419205,6.751250111347608,0.00003359990000000005,0.000036473881699985674
2022-03-22T07:00:00.000Z,0.01935310636667908,1.0123887080821679,0.0000980444006653694,0.00048239443778064374,0.0004637536153502264,262619863.2159,71529172.84549999,3026346.9674,0.011924954466817628,0.011924954466817628,0.012486752482833223,1.0124867524828332,-0.00006038634381178021,1.0003825074348867,403.4516134250427,6.688062321520553,0.00003419920000000002,0.000019590254071339848
2022-03-22T08:00:00.000Z,0.01935310636667908,1.013395226574669,0.00010297759770143304,0.0004947584194380688,0.0004767230004707468,264667843.5119,73428639.9353,1899467.0898,0.012918503574198326,0.012918503574198326,0.013498204172370505,1.0134982041723706,-0.00007625953844203615,1.0000034787531826,404.3974724205789,6.723823066962637,0.00003388199999999992,0.000012200553001879176
2022-03-22T09:00:00.000Z,0.01935310636667908,1.0154678728671251,0.00010768936414118408,0.0005202761501234622,0.0005034020488794422,266248765.32540002,77364272.56609999,3935632.6308,0.014964470818245701,0.014964470818245701,0.015575562231266327,1.0155755622312663,-0.0000934677175996601,1.000698847063787,405.75064063819974,6.746870667299323,0.000033382000000000054,0.00002512903849218985
2022-03-22T10:00:00.000Z,0.01935310636667908,1.0139847268761146,0.00011182855718892553,0.0005357747370013026,0.0005190379381398991,265818856.7125,79754270.53179999,2389997.9657,0.013465688937974729,0.013465688937974729,0.014096555433303553,1.0140965554333035,-0.00008281706165669256,1.0000234574583653,404.82641900303645,6.732498005736224,0.00003352860000000003,0.000015284831903721523
2022-03-22T11:00:00.000Z,0.01935310636667908,1.0154105215078797,0.00011671527845662803,0.0005503578116352927,0.0005333334926209687,266201783.801,82003167.15389998,2248896.6221,0.014877188015258724,0.014877188015258724,0.01552723678633632,1.0155272367863364,-0.00010390708543495109,0.9998691924673385,406.01747686064255,6.761024557532164,0.000033725599999999994,0.000014361752964164914
2022-03-22T12:00:00.000Z,0.01935310636667908,1.0161649684703602,0.00012176410315900279,0.0005664777183811715,0.0005498793036933236,266722397.45900002,84492075.40809998,2488908.2542,0.015615089166666873,0.015615089166666873,0.0162867325735192,1.0162867325735192,-0.00011973597967318561,0.9995368428874365,406.7433079260189,6.7978322266525595,0.00003354699999999999,0.000015863474805449742
2022-03-22T13:00:00.000Z,0.01935310636667908,1.0155546068033623,0.0001275166076660579,0.0005846542952231223,0.00056827204417087,267238868.0903,87305657.07749999,2813581.6694,0.014986334759191422,0.014986334759191422,0.01568212341102835,1.0156821234110283,-0.00011840941325191867,0.999003928394532,406.4565515387104,6.8691965983900385,0.00003365580000000002,0.000017898178031362544
2022-03-22T14:00:00.000Z,0.01935310636667908,1.0177917609832257,0.00013270991595743892,0.0006023853461387164,0.0005869141799985655,267712075.73270002,90049091.61479999,2743434.5373,0.017204846803227092,0.017204846803227092,0.017924470899183097,1.017924470899183,-0.0001325325287975243,1.0002948061437293,407.7084961636624,6.9078902820870445,0.0000334733000000002,0.000017421099517627508
2022-03-22T15:00:00.000Z,0.01935310636667908,1.018506251127498,0.0001379081601778071,0.0006200028427027041,0.0006090545967514238,267747154.588,92773401.05849999,2724309.4437,0.017897196530746617,0.017897196530746617,0.01864415928767585,1.0186441592876758,-0.00014429159046236428,1.00026816676861,408.27456297379575,6.949525595763583,0.00003270289999999981,0.000017297386638586406
2022-03-22T16:00:00.000Z,0.01935310636667908,1.0168720445963437,0.00014046401711110363,0.0006392242415040047,0.000624695850267365,267317608.0619,95745733.14199999,2972332.0835,0.016247348746076362,0.016247348746076362,0.01701250861345483,1.017012508613455,-0.00011456884678517909,1.0004968400782221,406.8591277618928,6.856255340015082,0.000033210800000000045,0.00001890247551811079
2022-03-22T17:00:00.000Z,0.01935310636667908,1.0151022783104358,0.00014461041224384213,0.0006585271188184197,0.0006421911525624768,266897397.4992,98731168.3156,2985435.1736,0.01446008715787328,0.01446008715787328,0.015246888722679599,1.0152468887226795,-0.0000827845746501632,1.001007193663346,405.22260587124543,6.8406123398292005,0.00003374100000000005,0.000019015696078996845
2022-03-22T18:00:00.000Z,0.01935310636667908,1.0142278670946308,0.0001505591494270097,0.0006718231209194258,0.0006552154585097725,266666151.8249,100787553.84549999,2056385.5299,0.01357265163612098,0.01357265163612098,0.014378426244057763,1.0143784262440578,-0.00009442010101712306,0.9992571507006812,405.2223928687759,6.909644827225288,0.000033572300000000024,0.000013109483063022825
2022-03-22T19:00:00.000Z,0.01935310636667908,1.0141390735775904,0.00015454315341613287,0.0006816447469234006,0.0006652114385201635,266638234.53149998,102306559.55219999,1519005.7067,0.013473862139070203,0.013473862139070203,0.014293616731006499,1.0142936167310066,-0.00008485417684533925,0.9998741894244926,404.89338478199113,6.885779191407112,0.000033798500000000005,0.000009684693967192211
2022-03-22T20:00:00.000Z,0.01935310636667908,1.0129247833767818,0.00015891187341552857,0.0006959013114292572,0.0006787870300148935,269328776.5083,104536388.43869999,2229828.8865,0.01224599634676693,0.01224599634676693,0.013083695250197352,1.0130836952501974,-0.00006413205332622685,1.0003639709669447,403.71513160147043,6.884845215514253,0.000032944900000000004,0.000014074653129140026
2022-03-22T21:00:00.000Z,0.01935310636667908,1.014379796124776,0.00016435685682243526,0.0007045973956025374,0.0006902547111644619,269715884.02680004,105896519.3396,1360130.9009,0.013689541413611561,0.013689541413611561,0.014544152981598458,1.0145441529815984,-0.00009474480749560588,0.9993487932236004,405.27869403989047,6.926501103809491,0.00003344669999999994,0.000008572808160235192
2022-03-22T22:00:00.000Z,0.01935310636667908,1.0155434315011098,0.00016934127380758602,0.0007128624222317807,0.0006972865400540762,270027260.2968,107189239.3161,1292719.9765,0.01484614496105574,0.01484614496105574,0.015712772774917404,1.0157127727749173,-0.00011197035576859804,0.9992898861225423,406.2279999675773,6.955670314416568,0.00003188580000000005,0.000008138526301509283
2022-03-22T23:00:00.000Z,0.01935310636667908,1.016365444709767,0.0001742374238947228,0.0007184904468408874,0.0007028088161959989,269837862.6738,108068180.8835,878941.5674,0.015662635893570975,0.015662635893570975,0.016539682133661696,1.0165396821336616,-0.00010746689789531416,1.000398005946252,406.4312270188877,6.972506579019991,0.000033246400000000035,0.000005537401792965951
2022-03-23T00:00:00.000Z,0.01935310636667908,1.0132595423291237,0.0001773591585426344,0.000726637978826068,0.0007102277532571311,269018230.3731,109340623.3962,1272442.5127,0.01254931457586661,0.01254931457586661,0.013436901487666375,1.0134369014876663,-0.00007383115868397905,0.9998371866497952,404.1699462293316,6.9179632860573745,0.00003349709999999975,0.00000804091331873656
2022-03-23T01:00:00.000Z,0.01935310636667908,1.0143424966216086,0.00018186098718837802,0.0007376372336112127,0.0007201876695324128,269736464.2596,111061181.5368,1720558.1406,0.013622308952076168,0.013622308952076168,0.014524357608796959,1.014524357608797,-0.0000816407456651902,1.000269757584317,404.85183892320407,6.918874145565858,0.000033446000000000106,0.000010843727958875328
2022-03-23T02:00:00.000Z,0.01935310636667908,1.0121426397444644,0.00018414028063859226,0.0007515127935120285,0.0007326641069334006,269572612.9206,113235061.9092,2173880.3724,0.011409975637530989,0.011409975637530989,0.012326780025102981,1.012326780025103,-0.00006099560144212646,0.9998181069871385,403.26859466137194,6.838033591187696,0.00003327990000000002,0.00001370909527136758
2022-03-23T03:00:00.000Z,0.01935310636667908,1.0141734275921572,0.00018913172768805092,0.0007663534599270697,0.0007497947157526497,270103608.0797,115560060.247,2324998.3378,0.013423632876404579,0.013423632876404579,0.01436255931984528,1.0143625593198453,-0.00006945342847808345,1.0010666473642105,404.3709954702131,6.859058294390938,0.00003333690000000006,0.000014633263148020329
2022-03-23T04:00:00.000Z,0.01935310636667908,1.011195525364236,0.0001923358860008926,0.000786357486737975,0.0007667969150548792,269889712.6666,118700711.3521,3140651.1051,0.01042872844918108,0.01042872844918108,0.011387861250236851,1.011387861250237,-0.0000438554977757466,1.000527238467558,402.2012245746647,6.815860929163391,0.0000333208,0.000019782550531170125
2022-03-23T06:00:00.000Z,0.01935310636667908,1.0082409708535012,0.00019671979832772802,0.000802508728098372,-0.0021877575956799067,269799112.9907,121243048.5928,2542337.2407,0.01042872844918108,0.01042872844918108,0.008437690651828901,1.0084376906518289,-0.0000438554977757466,1.000527238467558,402.2012245746647,6.815860929163391,0.000033234600000000124,0.00001601922727351212
2022-03-23T07:00:00.000Z,0.01935310636667908,1.0111211206766362,0.00020032191733490722,0.0008165882929640203,0.0008166462457663837,270774779.852,123460966.0035,2217917.4107,0.010304474430869792,0.010304474430869792,0.011321442593971083,1.0113214425939712,-0.00004950999671748946,0.9998186385213165,402.3872933770739,6.789475959450661,0.00003320949999999981,0.000013924707464450184
2022-03-23T08:00:00.000Z,0.01935310636667908,1.0095980951366301,0.00020394149911092709,0.0008293204190873055,0.0008277724997771685,270615001.9303,125468465.0571,2007499.0536,0.008770322636852956,0.008770322636852956,0.009802036635741052,1.009802036635741,-0.00004288002321795048,0.998989721070294,401.49903739814556,6.765167409754809,0.00003312380000000004,0.000012611083520044437
