query_ts,assumedLPToken,equityValue,totalDexYield,totalTradingfee,newTotalTradingFee,liquidity,totalVolume,volume,priceImpact,priceEffect,totalReturn,totalEquityVal,impermanentLoss,tokenPrice,quoteTokenPrice,rewardPrice,rewardTokenPerLP,feePerDollar
2021-09-23T10:00:00.000Z,0.02205309459292473,1,0.000016256495682759197,0.000012235123039438419,1.0011991236069662e-12,275858615.6496,1985390.5094,1985390.5094,-1.0011991236069662e-12,-1.0011991236069662e-12,0.000016256495682759197,1.0000162564956827,0,0.9996323334993582,376.39600645680804,20.141826620338755,0.0000365981,0.000012235122176742838
2021-09-23T11:00:00.000Z,0.02205309459292473,0.9970685432294505,0.0000324125121057615,0.00003075112620122287,0.000018751913045567115,277475140.8975,5016470.6006000005,3031080.0912,-0.002950208683595079,-0.002950208683595079,-0.0028990442584437507,0.9971009557415562,-0.0000068204013924377804,1.0003711218555917,373.902052891244,19.969550426048517,0.00003700140000000001,0.000018570442520987746
2021-09-23T12:00:00.000Z,0.02205309459292473,0.9920146815575772,0.00004818202879856267,0.000051472976917807864,0.00004210583167207904,268752299.5761,8318749.2718,3302278.6712,-0.008027424274094863,-0.008027424274094863,-0.00793713641362422,0.9920628635863757,-0.000033752984311075096,0.9997887878322872,370.3193209933793,19.62540137085463,0.000037726600000000006,0.000020888653789733893
2021-09-23T13:00:00.000Z,0.02205309459292473,0.9950320388541285,0.00006442178071450971,0.00007545000553611394,0.00006342329254083179,269725632.1976,12141989.6424,3823240.3706,-0.005031384438412334,-0.005031384438412334,-0.0049035393651569925,0.995096460634843,-0.000014942568372977583,1.000054946956956,372.46048413158206,19.68091570186848,0.000037102600000000027,0.00002409674074008096
2021-09-23T14:00:00.000Z,0.02205309459292473,1.0026232877705805,0.00008236336513308006,0.00009532388168595909,0.00008372216032714874,272206644.431,15315899.4221,3173909.7797,0.0025395656102533692,0.0025395656102533692,0.0027056511357135982,1.0027056511357135,-0.0000010157991819914614,1.0007435464572756,377.8901278384841,20.04400742850756,0.000037900099999999986,0.000019821877003658923
2021-09-23T15:00:00.000Z,0.02205309459292473,1.003314630658599,0.00009854510156276053,0.00011196797848312582,0.00010064922635666385,272370713.8697,17973774.5772,2657875.1551,0.0032139814322422744,0.0032139814322422744,0.003413175760161699,1.0034131757601616,-0.00000417352482517952,0.9999519635529517,378.69826619137837,20.047431809147387,0.000036569500000000016,0.00001658911011200551
2021-09-23T16:00:00.000Z,0.02205309459292473,0.9962357659860849,0.00011331410085780211,0.00013250477286174374,0.00012130273093624577,270645089.7858,21255647.579,3281873.0018,-0.00388553674485137,-0.00388553674485137,-0.0036509199130573223,0.9963490800869427,-0.000004696870387288499,0.9988048026631093,373.78612133946734,19.701675703439616,0.000037903900000000015,0.000020614392477896435
2021-09-23T17:00:00.000Z,0.02205309459292473,0.9982051510402612,0.00013023388594304378,0.00014639006060497748,0.00013622504676913394,271181739.736,23474592.7759,2218945.1969,-0.001931074006507938,-0.001931074006507938,-0.0016646150737957602,0.9983353849262042,-0.0000029559361806041906,1.0001307707240992,374.7568514997289,19.768077088663773,0.000037935499999999996,0.000013910253833470892
2021-09-23T18:00:00.000Z,0.02205309459292473,1.0082165714265185,0.0001502818327164412,0.00016785427802891572,0.00015793360299332093,273888870.3059,26904534.072699998,3429941.2968,0.008058637823525228,0.008058637823525228,0.00836685325923499,1.008366853259235,-0.00003041157889926982,0.9998595970302505,382.39999088521864,20.25990366305499,0.00003761859999999999,0.000021289292252173687
2021-09-23T19:00:00.000Z,0.02205309459292473,1.0079207118641071,0.00016648724865544388,0.0001797902795092241,0.00017173470890252673,273155068.0572,28807332.595399998,1902798.5227,0.007748977155204617,0.007748977155204617,0.008087199112762587,1.0080871991127627,-0.00002665106351174007,1.0000504635585628,382.0921529103032,20.17002073726892,0.00003793100000000003,0.000011842201982914063
2021-09-23T20:00:00.000Z,0.02205309459292473,1.0076598714073997,0.00018334921936770263,0.00019103304196100388,0.00018058512649044012,273106378.2708,30599761.709,1792429.1136,0.007479286280909214,0.007479286280909214,0.007843220626767356,1.0078432206267673,-0.000022205997368129893,1.0004195148150457,381.7467944507923,20.162831955532162,0.000038055099999999974,0.00001115729889727659
2021-09-23T21:00:00.000Z,0.02205309459292473,1.0067055903326205,0.0001991733271066913,0.00019795915373025917,0.00018734050207691588,272852345.4451,31704007.7044,1104245.9954,0.00651824983054361,0.00651824983054361,0.006904763659727217,1.0069047636597273,-0.00001761372867048472,1.000194066763692,381.1047270828396,20.053806167316583,0.000038022799999999964,0.000006879978213556205
2021-09-23T22:00:00.000Z,0.02205309459292473,1.0079326672237938,0.00021636570119486993,0.00020460195821451698,0.00019461956062882813,274023854.481,32766337.476,1062329.7716,0.007738047663164993,0.007738047663164993,0.00814903292498869,1.0081490329249887,-0.000022446385077201647,1.0006404640398205,381.8585796548208,20.092292120614275,0.00003793779999999997,0.0000065905233511165724
2021-09-23T23:00:00.000Z,0.02205309459292473,1.00669606791223,0.00023314662360138594,0.00021416745050393727,0.0002042119388747654,273522603.824,34295146.5838,1528809.1078,0.006491855973355332,0.006491855973355332,0.006929214535831483,1.0069292145358315,-0.000016643161698248754,1.0003337261163314,381.03153568763537,20.09009954667948,0.000037929300000000044,0.000009501867293323694
2021-09-24T00:00:00.000Z,0.02205309459292473,1.0094740874212735,0.0002501746394757952,0.00022216897922570708,0.00021244081473770215,274275987.721,35573987.9627,1278841.3789,0.009261646606535834,0.009261646606535834,0.009724262060749332,1.0097242620607494,-0.000040602835533976034,0.9998397279022901,383.32085874252914,20.106921709966286,0.000037961299999999985,0.000007926433379000258
2021-09-24T01:00:00.000Z,0.02205309459292473,1.0056612444107027,0.0002642854897968409,0.00023219909052263002,0.0002215870304025369,273242299.028,37177060.117800005,1603072.1551,0.005439657380300167,0.005439657380300167,0.005925529900499544,1.0059255299004994,-0.000014623162999272132,0.999649223118079,380.49564580622183,19.901953109998477,0.000037961100000000046,0.00000997364856526382
2021-09-24T02:00:00.000Z,0.02205309459292473,1.002281983422605,0.00027916495577515063,0.0002418021215896664,0.00023024036618179977,272331708.74439996,38711916.182100005,1534856.0643,0.0020517430564233052,0.0020517430564233052,0.0025611483783802556,1.0025611483783803,-0.0000014527069360781297,0.9999773787618507,377.81171664791276,19.78946029659144,0.000037517399999999926,0.000009581166002813672
2021-09-24T03:00:00.000Z,0.02205309459292473,0.9999294076207887,0.0002944324406307878,0.0002525545665628144,0.00024118935151584697,271695104.4432,40430500.2511,1718584.069,-0.0003117817307271009,-0.0003117817307271009,0.00022384006141953385,1.0002238400614196,-4.5618860800011873e-8,0.9996225626280932,376.1650130613007,19.70253101258761,0.00003796019999999999,0.000010753204123009076
2021-09-24T04:00:00.000Z,0.02205309459292473,0.9994966896606146,0.00030935603098506596,0.00026564500343887316,0.00025392259110035287,268585903.9293,42499722.121300004,2069221.8702,-0.0007572329304857961,-0.0007572329304857961,-0.00019395430840037726,0.9998060456915996,-0.0000012973884847555794,1.000485696043692,375.5056230884782,19.59141089106096,0.00003838470000000003,0.00001309702827988307
2021-09-24T05:00:00.000Z,0.02205309459292473,0.9984120505891093,0.00032546206415384147,0.0002754286868408864,0.0002638713635200185,268295275.8598,44046246.0719,1546523.9506,-0.0018518207744107062,-0.0018518207744107062,-0.0012624873467368463,0.9987375126532632,-0.0000026795944131352556,1.0000937275441508,374.8302532656129,19.562674704788822,0.00003838460000000006,0.000009799243417889526
2021-09-24T06:00:00.000Z,0.02205309459292473,0.9949067871830908,0.0003400218939858781,0.0002893495131460566,0.0002761992923109302,267336821.81730002,46246599.812400006,2200353.7405,-0.005369412109220151,-0.005369412109220151,-0.004753190922923343,0.9952468090770766,-0.00001899385703107992,1.000411937685078,372.07462999773617,19.448218974314248,0.00003838719999999994,0.000013992091824172109
2021-09-24T07:00:00.000Z,0.02205309459292473,0.9948447058076031,0.0003568178892088398,0.0003037026881654117,0.00029062315067185374,267316759.5142,48515262.535900004,2268662.7235,-0.005445917343068762,-0.005445917343068762,-0.004798476303188069,0.9952015236968119,-0.000017373897717720688,1.0000662364205806,372.1459919134931,19.467063236532997,0.000038355899999999956,0.000014427552679296669
2021-09-24T08:00:00.000Z,0.02205309459292473,1.0020964499085985,0.00037874117559323725,0.0003281270990924866,0.00031740414586889365,269186004.49590003,52374647.699,3859385.1631,0.0017790457627295808,0.0017790457627295808,0.0024751910841917116,1.0024751910841918,-3.100850596293725e-7,1.00062241574249,377.36269167478906,19.75064213640568,0.00003839969999999998,0.00002437331312806023
2021-09-24T09:00:00.000Z,0.02205309459292473,0.9986540240764759,0.00039337029427127996,0.0003435167100143537,0.00033438068148006206,269087372.9697,54813901.6062,2439253.9072,-0.0016803566050042074,-0.0016803566050042074,-0.0009526056292528653,0.9990473943707472,-0.000003713264506099989,1.000675894305573,374.7409014659887,19.651952850160967,0.00003812210000000002,0.000015410353880510524
2021-09-24T10:00:00.000Z,0.02205309459292473,0.9610281861004043,0.0003715319782897498,0.00044883889581890437,0.00042241838911782903,256826565.1292,71370638.88430001,16556737.2781,-0.03939423228871353,-0.03939423228871353,-0.03860028192130595,0.9613997180786941,-0.0007818646364667892,0.9989984881863025,347.54484477631365,17.805012921040355,0.00003853660000000003,0.00010959323214329698
2021-09-24T11:00:00.000Z,0.02205309459292473,0.9588385698636029,0.00038808595268323935,0.0005094131760539745,0.0004828981370074148,254291338.98119998,80820499.78320001,9449860.8989,-0.041644328273404474,-0.041644328273404474,-0.04077334418371382,0.9592266558162862,-0.0009020589581101301,0.9995869292489116,345.71495625525245,17.86452289733495,0.000038866600000000046,0.00006317463894953058
2021-09-24T12:00:00.000Z,0.02205309459292473,0.9586451606227526,0.0004066534243438177,0.0005759450600977529,0.0005485886029592546,254384802.14439997,91205683.215,10385183.4318,-0.04190342798020663,-0.04190342798020663,-0.04094818595290356,0.9590518140470965,-0.0009251320828747023,0.9998568638530204,345.434764166235,18.01361067891725,0.00003858650000000002,0.00006940199133452302
2021-09-24T13:00:00.000Z,0.02205309459292473,0.9515906275837968,0.00041833341175554747,0.0006021737670120425,0.0005715056804395102,252509065.2561,95299748.5293,4094065.3143,-0.048980878096642755,-0.048980878096642755,-0.0479910390044477,0.9520089609955523,-0.0013033521953926819,1.0004949235335225,340.13311090088314,17.853478597011417,0.00003884680000000006,0.00002756301452880954
2021-09-24T14:00:00.000Z,0.02205309459292473,0.959381195200797,0.0004440282465516018,0.0006345171531065881,0.0006096757604960867,254632147.2384,100349367.48210001,5049618.9528,-0.04122848055969908,-0.04122848055969908,-0.040174776552651385,0.9598252234473487,-0.0008159119075781263,0.9979414857201956,346.5855678336409,18.2903885685666,0.00003832160000000004,0.00003371275902458175
2021-09-24T15:00:00.000Z,0.02205309459292473,0.9693796706498804,0.00046606811304428594,0.0006599299153687247,0.0006400710659905107,257489953.2008,104320088.21740001,3970720.7353,-0.03126040041611011,-0.03126040041611011,-0.030154261237075316,0.9698457387629247,-0.0005342710804644435,1.0005688358925728,352.90063179487186,18.544484181556392,0.00003880860000000001,0.00002621548983212533
2021-09-24T16:00:00.000Z,0.02205309459292473,0.9624868978757282,0.00047552275175220555,0.0006890975389604877,0.0006516991534193384,255672359.54729998,108877739.21100001,4557650.9936,-0.038164801277691174,-0.038164801277691174,-0.03703757937251963,0.9629624206274804,-0.0008122714747228477,1.0010399199185152,347.7244570138364,18.29709884864557,0.00003883949999999996,0.000030304436126137445
2021-09-24T17:00:00.000Z,0.02205309459292473,0.9665303421705751,0.0004962919437963742,0.0007021246966869216,0.0006804039662577921,256704169.7335,110912991.21490002,2035252.0039,-0.034150061795682696,-0.034150061795682696,-0.032973365885628526,0.9670266341143715,-0.0006503100624839497,1.0009598133492235,350.6614086132142,18.486968897573465,0.00003883949999999996,0.000013478271156335165
2021-09-24T18:00:00.000Z,0.02205309459292473,0.9620418607128862,0.0005078909992750797,0.0007151214983286483,0.0006902731480540325,255493651.26729998,112943354.32990001,2030363.115,-0.03864841243516781,-0.03864841243516781,-0.0374502482878387,0.9625497517121613,-0.0007921377984883016,1.000033289103574,347.7245395154387,18.334024776669544,0.00003884260000000016,0.000013509601034621731
2021-09-24T19:00:00.000Z,0.02205309459292473,0.9658131958828036,0.0005280885104185902,0.0007272248938234643,0.0007051637083343998,256305664.9488,114832752.13360001,1889397.8037,-0.034891967825530834,-0.034891967825530834,-0.03365871560677784,0.9663412843932222,-0.0006689723200061781,1.0007054067677417,350.21191359912615,18.49878660606686,0.000038320999999999906,0.000012531819251562891
2021-09-24T20:00:00.000Z,0.02205309459292473,0.9669796958958873,0.0005479529013764714,0.0007384024298373666,0.0007184687329316874,256626559.44579998,116577695.6756,1744943.542,-0.033738772837044406,-0.033738772837044406,-0.03247235120273625,0.9675276487972637,-0.0006117674561195718,1.0002992345280566,351.19188474618926,18.639590782331258,0.000038546199999999946,0.00001155922453157663
2021-09-24T21:00:00.000Z,0.02205309459292473,0.9729866133395245,0.0005729036381121398,0.0007485582768531112,0.0007325122284227437,258056784.37949997,118162135.17650001,1584439.5009,-0.027745898888898224,-0.027745898888898224,-0.02644048302236334,0.9735595169776367,-0.00042340476016267115,1.000599484665504,355.45497303270173,18.93805861230445,0.00003873309999999996,0.000010437807934430635
2021-09-24T22:00:00.000Z,0.02205309459292473,0.9767650161734095,0.0005914154166919374,0.0007563481267411213,0.0007424038914719544,259064483.81820002,119377475.63080001,1215340.4543,-0.02397738771806246,-0.02397738771806246,-0.02264356840989857,0.9773564315901014,-0.00032100047469807436,1.000704116435094,358.1783855719056,19.011392404255872,0.000038862100000000076,0.00000797515252519092
2021-09-24T23:00:00.000Z,0.02205309459292473,0.9763539195545476,0.0006078265841441067,0.0007679426536941338,0.0007560077168342616,258973081.99420002,121186529.4685,1809053.8377,-0.024402088162286617,-0.024402088162286617,-0.02303825386130825,0.9769617461386918,-0.0003525481690191956,1.0014861677889215,357.5872874806179,19.014688017221278,0.00003889190000000002,0.00001187533275817012
2021-09-25T00:00:00.000Z,0.02205309459292473,0.9718174131499495,0.0006179899709960457,0.0007853649578879863,0.0007690984374888465,258538967.37880003,123912982.2942,2726452.8257,-0.02895168528753933,-0.02895168528753933,-0.027564596879054437,0.9724354031209456,-0.0004657450680392028,1.0007797634045625,354.5099792112484,18.83138576657641,0.00003858230000000013,0.000017927548217128306
2021-09-25T01:00:00.000Z,0.02205309459292473,0.976092957991066,0.000640170661747302,0.0008037491585246267,0.0007913684090302686,259578725.0975,126788882.10090001,2875899.8067,-0.02469841041796428,-0.02469841041796428,-0.023266871347186708,0.9767331286528133,-0.0003572216288756369,1.0013577043067952,357.4159443964015,19.012085907281797,0.00003875890000000011,0.000018834477554174126
2021-09-25T02:00:00.000Z,0.02205309459292473,0.9722864230586988,0.0006492871279914923,0.0008275919521614551,0.0008113705149191963,258797974.9689,130522027.18,3733145.0791,-0.028524947456220362,-0.028524947456220362,-0.027064289813309675,0.9729357101866903,-0.00043662760840335046,1.000248876682142,355.0099574980262,18.812079958537222,0.000038207700000000004,0.00002452239680481521
2021-09-25T03:00:00.000Z,0.02205309459292473,0.9713547919499285,0.0006622015972309455,0.0008380705440112576,0.0008203362206014031,258475681.27960002,132162223.2856,1640196.1056,-0.02946554427067294,-0.02946554427067294,-0.02798300645284059,0.9720169935471594,-0.00047187039361673566,1.0004503995855218,354.25146627505916,18.72361260486576,0.00003867119999999995,0.000010787604333669538
2021-09-25T04:00:00.000Z,0.02205309459292473,0.9760938067771866,0.0006847913781282548,0.0008481759225200262,0.0008341637704433191,259795271.3485,133744357.7272,1582134.4416,-0.024740356993256718,-0.024740356993256718,-0.023221401844685144,0.9767785981553149,-0.00034024923920261685,1.0006710128530054,357.63044977612265,18.90802151970761,0.000038533600000000095,0.00001035287723582937
2021-09-25T05:00:00.000Z,0.02205309459292473,0.9776372066148088,0.0007027862981944261,0.0008598296664426398,0.0008472910722508997,260278450.4265,135569417.4273,1825059.7001,-0.023210084457442104,-0.023210084457442104,-0.02166000708699678,0.9783399929130032,-0.0002763452061657068,0.9996607192997671,359.11621025611936,18.96049604958708,0.00003849080000000011,0.000011920316434518436
2021-09-25T06:00:00.000Z,0.02205309459292473,0.9718696418621606,0.0007104690326426497,0.0008747887855208868,0.0008570338003508482,256548798.69869998,137892256.13140002,2322838.7041,-0.02898739193819022,-0.02898739193819022,-0.027419889105196722,0.9725801108948032,-0.0004397142748741034,0.9998770426774589,354.80394747000776,18.73255043265432,0.000039049399999999986,0.000015392104024652408
2021-09-25T07:00:00.000Z,0.02205309459292473,0.9743629350269076,0.0007209195727366127,0.0008847688384983932,0.0008696159580906526,257208080.2033,139441956.48850003,1549700.3571,-0.026506680931183024,-0.026506680931183024,-0.02491614540035576,0.9750838545996442,-0.00037623614669701766,1.0002034993449203,356.5027490671199,18.590559630688603,0.00003862589999999989,0.000010242643252061406
2021-09-25T08:00:00.000Z,0.02205309459292473,0.9690904962603586,0.0007282885336414999,0.000896373915651859,0.0008760915291721183,255894942.55490002,141244544.58240002,1802588.0939,-0.03178559526881353,-0.03178559526881353,-0.03018121520599991,0.9698187847940001,-0.0005606176822358089,1.000823558433534,352.42837028408667,18.37237387311017,0.00003907009999999987,0.00001197522596200806
