query_ts,assumedLPToken,equityValue,totalDexYield,totalTradingfee,newTotalTradingFee,liquidity,totalVolume,volume,priceImpact,priceEffect,totalReturn,totalEquityVal,impermanentLoss,tokenPrice,quoteTokenPrice,rewardPrice,rewardTokenPerLP,feePerDollar
2022-04-16T10:00:00.000Z,0.018667685896470578,0.9999999999999999,0.000004145551721104394,0.000013450775193702528,-7.572831250968193e-13,334903863.48899996,2649833.3833,2649833.3833,7.571721027943568e-13,7.571721027943568e-13,0.000004145551720993371,1.000004145551721,0,0.9994478142156782,414.8356162898007,8.082509962876166,0.000027475499999999998,0.000013450775708229353
2022-04-16T11:00:00.000Z,0.018667685896470578,1.0007008078935407,0.00000832243275131573,0.0000224594811899104,0.000008660831075424369,335125683.97910005,4424500.6707,1774667.2874,0.0006921470624652315,0.0006921470624652315,0.0007091303262919716,1.000709130326292,-4.6351142612977014e-7,0.999177087676077,415.5226246835609,8.111294512828064,0.000027487400000000004,0.000009002396810529598
2022-04-16T12:00:00.000Z,0.018667685896470578,1.001496444084575,0.000012623179736881744,0.00003402666074189879,0.000021291258799349677,335407488.7552999,6703277.8718,2278777.2011,0.0014751528257757052,0.0014751528257757052,0.0015090672643119365,1.0015090672643119,-3.5743237969398933e-7,1.000076233587649,415.79897037459386,8.201472540112139,0.000027486300000000005,0.000011549894894255804
2022-04-16T13:00:00.000Z,0.018667685896470578,1.0010594795437162,0.000016771888504915742,0.00005526240978439491,0.00004191230848937799,335653010.59430003,10891689.2154,4188411.3436,0.001017567235226835,0.001017567235226835,0.0010762514322211288,1.0010762514322211,-2.6226628535575003e-8,1.0002357125824313,415.3528554478292,8.183371304794152,0.000027339900000000002,0.000021213274004344396
2022-04-16T14:00:00.000Z,0.018667685896470578,1.000590836447652,0.000020970162222071,0.00007463203053887022,0.00006110315339413752,335499893.1623,14712082.5045,3820393.2891,0.0005297332942577615,0.0005297332942577615,0.00061180660987397,1.000611806609874,-1.7766173054933887e-7,0.9993813559891136,415.30285271442125,8.184979984143826,0.000027455000000000007,0.000019358183784363135
2022-04-16T15:00:00.000Z,0.018667685896470578,1.001173473136675,0.000025158815439840382,0.00008859617642856864,0.00007539249514620927,335706123.716,17466408.8546,2754326.3501,0.0010980806415288313,0.0010980806415288313,0.001198631952114881,1.001198631952115,-3.1386082843809504e-7,0.9997528814593667,415.62030021853695,8.198902996251125,0.000027134000000000008,0.00001394777891847802
2022-04-16T16:00:00.000Z,0.018667685896470578,0.9971502545915795,0.000029136423441829852,0.00010389067868721622,0.00008998645209479239,334363086.2438,20483192.5368,3016783.6822,-0.0029397318605153266,-0.0029397318605153266,-0.0028206089849787046,0.9971793910150213,-0.0000041204412164486115,0.999374494703312,412.4304462582029,8.136253553828622,0.000027454000000000012,0.000015338213070567677
2022-04-16T17:00:00.000Z,0.018667685896470578,0.9986316194533832,0.00003349272454334776,0.0001142630180692523,0.00010028589430366441,334863974.5541,22529123.2435,2045930.7067,-0.0014686664409204742,-0.0014686664409204742,-0.001334887822073462,0.9986651121779265,-0.0000016015663814039627,0.999767673703478,413.48567039977326,8.18180802687907,0.000027453799999999988,0.000010386552348670422
2022-04-16T18:00:00.000Z,0.018667685896470578,0.9989119699462653,0.00003771834448135838,0.00012947890136874688,0.0001162137624520776,334960546.0982,25530459.764900003,3001336.5214,-0.0012042438161867786,-0.0012042438161867786,-0.0010503117092533426,0.9989496882907467,-8.867221366060107e-7,0.9995744905283543,413.7846457608752,8.188853572634008,0.000027453799999999988,0.000015232456914147052
2022-04-16T19:00:00.000Z,0.018667685896470578,0.9987024908599306,0.00004192648322127475,0.00014346892627140358,0.00012971113252768784,334460327.05249995,28286452.1986,2755992.4337,-0.0014272202725971184,-0.0014272202725971184,-0.0012555826568481558,0.9987444173431519,-0.000001173188047820517,0.9995513119504458,413.6095063912281,8.199287413956414,0.000027179099999999992,0.000014008199951782532
2022-04-16T20:00:00.000Z,0.018667685896470578,0.9991491022168257,0.00004603979676266618,0.0001473759067871304,0.0001337058754038445,334609735.66830003,29056115.057800002,769662.8592,-0.0009846036585781093,-0.0009846036585781093,-0.0008048579864115986,0.9991951420135884,-0.0000010255472545628308,0.9998947434314291,413.83406439866684,8.183503872196589,0.00002745370000000002,0.000003910307206174804
2022-04-16T21:00:00.000Z,0.018667685896470578,0.9998785857965524,0.000050265364954956874,0.00015103769471568144,0.00013749795239770268,334856137.1529,29777480.3766,721365.3188,-0.00025891215584528116,-0.00025891215584528116,-0.0000711488384926216,0.9999288511615074,-2.8732980994483626e-8,0.9994285999302633,414.62880332816815,8.188648056531484,0.0000274535,0.000003662232540776294
2022-04-16T22:00:00.000Z,0.018667685896470578,1.0024405920476132,0.00005475644720941702,0.0001572961838871918,0.00014397752633987793,335716101.1337,31010398.2892,1232917.9126,0.002296614521273277,0.002296614521273277,0.002495348494822572,1.0024953484948225,-0.0000020092458496989707,0.9997370583399154,416.62266707788916,8.232920900466516,0.0000274535,0.000006243252689823407
2022-04-16T23:00:00.000Z,0.018667685896470578,1.0042137171273877,0.00005889176367031556,0.0001675120563263494,0.0001567318895132619,336318140.33820003,33022966.997500002,2012568.7083,0.004056985237874455,0.004056985237874455,0.004272608891058033,1.004272608891058,-0.000005539152424738347,1.0001680372465198,417.90725534274,8.232004450781824,0.000026949600000000017,0.000010173007024448603
2022-04-17T00:00:00.000Z,0.018667685896470578,1.0044160744654183,0.00006319248365948808,0.000183669569437528,0.00017189621343804973,336387742.6168,36206080.1995,3183113.202,0.004244178251980202,0.004244178251980202,0.00447926694907774,1.0044792669490776,-0.000008632953181098024,0.9995277290514728,418.3309120286931,8.242693780147238,0.00002745299999999999,0.000016086473309951533
2022-04-17T01:00:00.000Z,0.018667685896470578,1.0036543678911605,0.00006723022658734885,0.00021108940012231971,0.0001988849929321912,336145742.0871,41608138.5221,5402058.3226,0.0034554828982282793,0.0034554828982282793,0.0037215981177478193,1.0037215981177479,-0.000001963292706852471,1.0009160444732206,417.0947548521085,8.221191058601038,0.000027383700000000024,0.000027319992487188564
2022-04-17T02:00:00.000Z,0.018667685896470578,1.0035117208172277,0.00007154991534519256,0.00023282286700618753,0.00022680555094667376,336099281.985,45889927.0068,4281788.4847,0.003284915266281052,0.003284915266281052,0.0035832707325729185,1.003583270732573,-0.0000042397818947881305,0.9998152362924408,417.4120412080202,8.23345408269049,0.000027452300000000005,0.0000216574114083197
2022-04-17T03:00:00.000Z,0.018667685896470578,1.0015092473057465,0.00007528330154164669,0.00024893285032230513,0.0002400204024723962,335432483.58849996,49063849.6916,3173922.6848,0.0012692269032741343,0.0012692269032741343,0.0015845306072881772,1.0015845306072881,-7.52189421859839e-9,1.0008390887806449,415.3111944752338,8.181017607114315,0.000027429599999999982,0.000016085706746217426
2022-04-17T04:00:00.000Z,0.018667685896470578,1.0013890753901262,0.00007974576420842379,0.00026770296954482683,0.0002543263122980477,335402367.7431,52761972.9648,3698123.2732,0.0011347490778281788,0.0011347490778281788,0.0014688211543346502,1.0014688211543346,-6.711140987381015e-8,1.0002154263052827,415.4585319333417,8.20880807717627,0.000027452000000000014,0.000018744082239918338
2022-04-17T05:00:00.000Z,0.018667685896470578,1.0018800042626963,0.00008421658900711761,0.0002790344359605377,0.00026711609790619484,336542380.5186,55001009.7936,2239036.8288,0.001612888164790105,0.001612888164790105,0.0019642208517034175,1.0019642208517034,-0.0000015779988018493896,0.9992829938007862,416.24350568882755,8.235830744964787,0.000027372199999999975,0.000011310202902512688
2022-04-17T06:00:00.000Z,0.018667685896470578,1.0011350315028817,0.00008811256719883175,0.0002884063404535473,0.00027553385057466073,336295315.4306,56852865.1883,1851855.3947,0.0008594976523070841,0.0008594976523070841,0.0012231440700805766,1.0012231440700805,-1.3020345690506474e-8,1.0001454294879495,415.2591720277881,8.20674335103579,0.000027372000000000042,0.000009361278693278952
2022-04-17T07:00:00.000Z,0.018667685896470578,1.0011307123715967,0.00009230800409939735,0.00029545277957936756,0.0002823710634143328,336294084.3014,58245217.8927,1392352.7044,0.0008483413081823432,0.0008483413081823432,0.0012230203756960734,1.001223020375696,-9.00148906524123e-8,0.9998713524698368,415.36373958946655,8.207545624856841,0.000027326300000000017,0.000007038481222163283
2022-04-17T08:00:00.000Z,0.018667685896470578,1.0002964965832362,0.00009631359188852743,0.0003090260763959144,0.00029539544030443565,335230593.4864,60921003.5242,2675785.6315,0.000001101142931725363,0.000001101142931725363,0.00039281017512468846,1.0003928101751247,-7.52521069125045e-7,1.0006757930653392,414.3274634151184,8.1906984276739,0.00002743640000000001,0.000013569273395491996
2022-04-17T09:00:00.000Z,0.018667685896470578,0.9999645907619045,0.00010043697182014209,0.000320833606137357,0.0003069883747935931,335124719.4069,63248730.071,2327726.5468,-0.0003423976128891226,-0.0003423976128891226,0.00006502773372461255,1.0000650277337246,-2.3494569989512826e-7,0.9997907136810652,414.40940819947843,8.187423794190078,0.000027230299999999996,0.000011807947609962326
2022-04-17T10:00:00.000Z,0.018667685896470578,1.0000879729296002,0.0001047560890196518,0.00033034315867909285,0.00031662817231137286,335136136.56,65123268.0387,1874537.9677,-0.00022865524271120652,-0.00022865524271120652,0.00019272901861981813,1.0001927290186199,-4.530672736979824e-8,0.9995201161909655,414.61593518763596,8.197540160388575,0.00002741319999999998,0.000009508716600364213
2022-04-17T11:00:00.000Z,0.018667685896470578,0.9999174883149761,0.00010944911333778875,0.0003405062482363782,0.00032719582798568236,335083601.24950004,67126659.7048,2003391.6661,-0.00040970751300961616,-0.00040970751300961616,0.000026937428313854954,1.000026937428314,-1.1285116785497706e-7,0.9985638211104724,414.8627017724004,8.234749068546195,0.000027435800000000036,0.000010163928702181099
2022-04-17T12:00:00.000Z,0.018667685896470578,1.0007457898257586,0.00011347966290465676,0.00035195244064930296,0.00033855597920262603,335364288.47630006,69383002.7719,2256343.0671,0.0004072338465559433,0.0004072338465559433,0.0008592694886632261,1.0008592694886633,-2.5975952833157123e-8,0.9996269526439293,415.0991539993319,8.22120389235257,0.00002743569999999998,0.00001143766150980942
2022-04-17T13:00:00.000Z,0.018667685896470578,1.0008361480805275,0.00011782174621295885,0.00036249084403153686,0.0003490903043739113,335447360.7021,71460724.0267,2077721.2548,0.0004870577761535433,0.0004870577761535433,0.0009539698267404135,1.0009539698267405,-5.189670956307069e-7,0.9989163976542439,415.4607172103232,8.230436135139126,0.000027431400000000003,0.000010529598819222094
2022-04-17T14:00:00.000Z,0.018667685896470578,1.0022029978656999,0.00012209568241571163,0.00037429105604010806,0.0003613266955388994,335925257.0674,73787356.706,2326632.6793,0.0018416711701609856,0.0018416711701609856,0.0023250935481155966,1.0023250935481156,-4.800041252250864e-7,1.0003078861612342,416.00701126020766,8.236583305247988,0.00002722420000000009,0.000011774272614507264
2022-04-17T15:00:00.000Z,0.018667685896470578,1.0013927284583788,0.0001266947370080807,0.00038611465865910757,0.0003734753696789106,335924414.99649996,76120481.807,2333125.101,0.0010192530886998785,0.0010192530886998785,0.0015194231953868699,1.0015194231953868,-6.062221471481166e-7,0.9993654863356295,415.71593613943645,8.261680560360382,0.000027407899999999894,0.000011807158082693468
2022-04-17T16:00:00.000Z,0.018667685896470578,1.00258618792708,0.00013233755699508366,0.00039635214267822757,0.0003841756743161451,336333878.4635,78140676.5784,2020194.7714,0.002202012252763952,0.002202012252763952,0.0027185254840751804,1.0027185254840751,-0.0000027458353384357537,0.9993040612884299,416.7245124537466,8.352376791170856,0.000027270299999999982,0.000010211076942558744
2022-04-17T17:00:00.000Z,0.018667685896470578,1.0021864111246201,0.0001360225658208643,0.00040608091732252,0.0003931523482652022,336204127.4412,80060510.85,1919834.2716,0.0017932587763549446,0.0017932587763549446,0.0023224336904410113,1.002322433690441,-0.0000011833232388402948,0.999700967599438,416.2193399785415,8.31770914552012,0.00002727010000000005,0.000009707549656096366
2022-04-17T18:00:00.000Z,0.018667685896470578,1.0015501588647944,0.00013989051568486177,0.0004126807301964986,0.00039969943380557815,335972282.151,81362818.1891,1302307.3391,0.0011504594309887928,0.0011504594309887928,0.0016900493804792326,1.0016900493804792,-2.0530865496581896e-7,0.9999566664678636,415.5790832550479,8.311100749279026,0.000025627099999999933,0.000006589598589192457
2022-04-17T19:00:00.000Z,0.018667685896470578,0.9985591199390101,0.00014346464259341196,0.0004194425655166784,0.00040516581371807803,335020395.9802,82697301.52329999,1334483.3342,-0.0018460458747079356,-0.0018460458747079356,-0.0012974154183964456,0.9987025845816035,-0.0000021497205098253147,0.9996734743141075,413.2121218397692,8.273857987411434,0.000027199000000000022,0.000006771592701102524
2022-04-17T20:00:00.000Z,0.018667685896470578,0.9995095228742278,0.00014826941329184834,0.00042442895456661675,0.00041084118625211996,335395472.98270005,83681556.1477,984254.6244,-0.0009013183120243351,-0.0009013183120243351,-0.0003422077124803668,0.9996577922875196,-9.267157343728627e-7,0.9999073496779949,413.89784959241416,8.306339258579508,0.000027354300000000034,0.0000049888355576173995
2022-04-17T21:00:00.000Z,0.018667685896470578,0.9986246166443729,0.00015291999690817104,0.00042760496450569547,0.0004134487837166301,335103774.30520004,84308473.229,626917.0813,-0.0017888321393437767,-0.0017888321393437767,-0.0012224633587189756,0.998777536641281,-5.533784057654145e-7,0.9987100856925862,413.6581371730132,8.329005734599969,0.000027308300000000018,0.000003180385062566757
2022-04-17T22:00:00.000Z,0.018667685896470578,0.9990479174752122,0.00015728415563637038,0.0004305561259016884,0.0004164838340755539,335256962.68700004,84891026.4716,582553.2426,-0.001368566358863399,-0.001368566358863399,-0.0007947983691514747,0.9992052016308485,-8.369745921887883e-7,0.9993721675050823,413.7322479028174,8.33470443210244,0.000027376699999999975,0.0000029539744811939787
2022-04-17T23:00:00.000Z,0.018667685896470578,1.0004583843364834,0.00016248276364249864,0.0004355594558765777,0.0004225439512024476,335733326.1401,85878682.3301,987655.8585,0.00003584038528092748,0.00003584038528092748,0.0006208671001258737,1.0006208671001258,-2.861048917779385e-7,1.0002399758198888,414.5367910022896,8.383716476200787,0.00002730719999999994,0.000005001037516154576
2022-04-18T00:00:00.000Z,0.018667685896470578,0.9907846071589764,0.00016649630963691623,0.0004523160206284798,0.0004355284085386657,333223597.3401,89193751.1543,3315068.8242,-0.009650921249562239,-0.009650921249562239,-0.009048896531386658,0.9909511034686134,-0.00005390854287923297,1.0001336113155335,406.58817142270186,8.385095884960434,0.000025469899999999937,0.000016912418706614245
2022-04-18T01:00:00.000Z,0.018667685896470578,0.9923028792379964,0.00016852699673651936,0.0004622435911934209,0.00044699950195004057,333445583.02860004,91156093.48900001,1962342.3347,-0.008144120263953614,-0.008144120263953614,-0.007528593765267054,0.992471406234733,-0.00004056131010465869,1.0002771972219633,407.76780612791595,8.331799645124347,0.000019860100000000007,0.000010004576874853577
2022-04-18T02:00:00.000Z,0.018667685896470578,0.9917302266378241,0.00017064205760582501,0.0004752165800339834,0.0004591804232885188,333254089.75,93720418.60110001,2564325.1121,-0.008728953785464455,-0.008728953785464455,-0.008099131304570111,0.9919008686954299,-0.00003987948377248696,0.9996113989887281,407.5583555150528,8.262150903902432,0.000022847199999999922,0.00001308116786755803
2022-04-18T03:00:00.000Z,0.018667685896470578,0.9947283300151841,0.00017572027858159494,0.0004853565627296661,0.0004703131136774008,334316002.7829,95725079.77920002,2004661.1781,-0.005741983098493275,-0.005741983098493275,-0.005095949706234279,0.9949040502937657,-0.000025659326532201376,1.0008532743303609,409.5094681683374,8.302724904432091,0.000027357600000000082,0.000010193720834186502
2022-04-18T04:00:00.000Z,0.018667685896470578,0.9936961117873647,0.00018172297079697264,0.0004957592016326807,0.000479994416349383,333971254.08529997,97781680.90190002,2056601.1227,-0.006783882628984661,-0.006783882628984661,-0.006122165241838305,0.9938778347581617,-0.0000288627880410397,1.000238518689284,408.9028152855933,8.384038646106305,0.000027357600000000082,0.000010468631254404385
2022-04-18T05:00:00.000Z,0.018667685896470578,0.978452607455,0.00017539551613929936,0.0005249691196537626,0.000501735976103701,329565772.6213,103569083.76330002,5787402.8614,-0.022049128521103745,-0.022049128521103745,-0.021371997028860744,0.9786280029711393,-0.0002394485224955778,0.999038180793419,396.90644279461844,7.906232133456317,0.000027298000000000012,0.00002985317554710209
2022-04-18T06:00:00.000Z,0.018667685896470578,0.9809593962909997,0.0001801901079116201,0.000536072610689,0.0005137936930310616,330409092.68329996,105769027.53690001,2199943.7736,-0.019554397402031354,-0.019554397402031354,-0.01886041360108867,0.9811395863989113,-0.00020578641403745657,0.9999885451622573,398.5548878085537,7.939968133704075,0.0000272983,0.000011319011788530683
2022-04-18T07:00:00.000Z,0.018667685896470578,0.9816363257557447,0.00018553764942947813,0.0005456728919177299,0.0005248432973752326,330638992.5401,107671150.10310002,1902122.5662,-0.018888517541630567,-0.018888517541630567,-0.018178136594825856,0.9818218634051742,-0.0001883968907068212,0.9997911999333888,399.1752132924231,7.996053250730342,0.00002729819999999994,0.000009779876044558861
2022-04-18T08:00:00.000Z,0.018667685896470578,0.9797529229661599,0.00018899361309441016,0.000559484196129151,0.0005404879428549947,329988763.236,110407479.25790001,2736329.1548,-0.020787564976695094,-0.020787564976695094,-0.02005808342074569,0.9799419165792543,-0.00023307300620900584,1.0000335059956031,397.53506992382205,7.969952121775438,0.000027299300000000018,0.000014096721105115854
