query_ts,assumedLPToken,equityValue,totalDexYield,totalTradingfee,newTotalTradingFee,liquidity,totalVolume,volume,priceImpact,priceEffect,totalReturn,totalEquityVal,impermanentLoss,tokenPrice,quoteTokenPrice,rewardPrice,rewardTokenPerLP,feePerDollar
2022-05-01T10:00:00.000Z,0.019321504100674822,1,0,0.000013013635842732433,2.7911006839076435e-13,270728989.89350003,2072452.0286,2072452.0286,-2.7911006839076435e-13,-2.7911006839076435e-13,0,1,0,0.9991376420907591,383.6423079154791,7.439995645828782,0,0.000013013635702648439
2022-05-01T11:00:00.000Z,0.019321504100674822,1.0015062247372306,0,0.000022528688294947474,0.000009052610413062823,271142464.19320005,3587778.3474000003,1515326.3188,0.0014971721268175475,0.0014971721268175475,0.0015062247372306103,1.0015062247372306,-2.8590857192867247e-7,0.9998771440671025,384.5073356469288,7.449068080294297,0,0.00000950074253262099
2022-05-01T12:00:00.000Z,0.019321504100674822,1.0011358025812611,0,0.0000344719089462017,0.000021256019877125,271008827.9598,5489570.2154,1901791.868,0.0011145465613839889,0.0011145465613839889,0.0011358025812611139,1.0011358025812611,-2.8447801803110906e-7,0.9994970306598066,384.35970520309957,7.472593618003601,0,0.000011929671073591641
2022-05-01T13:00:00.000Z,0.019321504100674822,1.0021353284629382,0,0.00005376981762606878,0.00004035318846584701,271238740.5812,8562033.2652,3072463.0498,0.0020949752744723327,0.0020949752744723327,0.0021353284629381797,1.0021353284629382,-0.0000019574300885727425,0.9992517318387133,385.207447837838,7.5009797067691055,0,0.000019256788958199532
2022-05-01T14:00:00.000Z,0.019321504100674822,0.9999091519435716,0,0.00007822417976290919,0.00006459451693030527,270568907.09459996,12454498.8241,3892465.5589,-0.000155442573358755,-0.000155442573358755,-0.00009084805642844973,0.9999091519435716,-1.01039557942606e-7,0.9994315091694761,383.4102795842567,7.4614831452701775,0,0.000024456584909131513
2022-05-01T15:00:00.000Z,0.019321504100674822,1.000092901592256,0,0.00009769777115096207,0.00008640842268858862,270608525.7675,15554046.020100001,3099547.196,0.0000064931695673564604,0.0000064931695673564604,0.00009290159225594508,1.000092901592256,-5.066779659168574e-7,1.0001504305370925,383.2587949396912,7.462943799196261,0,0.000019471782044765247
2022-05-01T16:00:00.000Z,0.019321504100674822,1.0073843931544004,0,0.00011806226163589377,0.0001069613152206994,272584909.2801,18795435.421,3241389.4009,0.007277431839179727,0.007277431839179727,0.007384393154400426,1.0073843931544004,-0.000021318101128819933,0.9998586608581136,388.9657937987481,7.590767587484554,0,0.000020215212926067446
2022-05-01T17:00:00.000Z,0.019321504100674822,1.0085449860871616,0,0.00013235062211876576,0.00011904000241425017,272902576.89849997,21069725.272,2274289.851,0.008425946084747338,0.008425946084747338,0.008544986087161588,1.0085449860871616,-0.000027629845355425786,1.0000941486378159,389.7615127958935,7.615265017964239,0,0.00001416730025285903
2022-05-01T18:00:00.000Z,0.019321504100674822,1.007411883255229,0,0.00014533600412605177,0.0001324301657932292,272311383.43160003,23134461.3484,2064736.0764,0.007279453089435783,0.007279453089435783,0.007411883255229013,1.007411883255229,-0.000022349391944453956,0.9997046222602208,389.0272885234581,7.644566470576957,0,0.000012889844286519386
2022-05-01T19:00:00.000Z,0.019321504100674822,1.0020766757128639,0,0.00015741377586756227,0.00014585959830104578,270870099.9901,25054889.256500002,1920427.9081,0.0019308161145628056,0.0019308161145628056,0.0020766757128638513,1.0020766757128639,-5.241447645909503e-7,1.0000423650932226,384.77680676648066,7.512958526197503,0,0.00001205274204827082
2022-05-01T20:00:00.000Z,0.019321504100674822,1.001841635294069,0,0.00016745947410839825,0.000154622254553205,270808493.4555,26652218.3913,1597329.1348,0.0016870130395159055,0.0016870130395159055,0.0018416352940691105,1.001841635294069,-7.490675535404279e-8,1.0004358991387983,384.4382884270578,7.5120305815805875,0,0.000010027231769989562
2022-05-01T21:00:00.000Z,0.019321504100674822,1.0053121992924066,0,0.0001752414514037463,0.00016291017471226077,271376107.8438,27887914.475,1235696.0837,0.0051492891176943,0.0051492891176943,0.005312199292406561,1.0053121992924066,-0.000010192295506805671,0.9997584271302431,387.36277401810867,7.57841810674127,0,0.000007740855888091378
2022-05-01T22:00:00.000Z,0.019321504100674822,1.0053663284185195,0,0.000181736732455014,0.00016925531940348293,271239453.5092,28918721.8801,1030807.4051,0.00519707309911599,0.00519707309911599,0.005366328418519473,1.0053663284185195,-0.000010588357849394825,0.99971908756559,387.41484913146394,7.623325587213207,0,0.000006460610969379359
2022-05-01T23:00:00.000Z,0.019321504100674822,1.0064344362243849,0,0.00018939158198198126,0.00017615965205908246,271533031.8047,30133578.3384,1214856.4583,0.006258276572325805,0.006258276572325805,0.006434436224384887,1.0064344362243849,-0.00001750080089080175,0.9994599325190492,388.33394865840654,7.655096707404659,0,0.000007605910652503722
2022-05-02T00:00:00.000Z,0.019321504100674822,1.0091485437277865,0,0.0001979518700376631,0.00018542768864504566,272267419.24700004,31492142.226099998,1358563.8877,0.008963116039141461,0.008963116039141461,0.009148543727786507,1.0091485437277865,-0.000025178433217809548,1.0009645890394434,389.83756254922935,7.71732608716266,0,0.00000848268447057478
2022-05-02T01:00:00.000Z,0.019321504100674822,1.0106071104835326,0,0.00020899138336697015,0.00019773379966969706,272699765.5369,33244421.996699996,1752279.7706,0.010409376683862881,0.010409376683862881,0.010607110483532578,1.0106071104835326,-0.000029630746792075335,1.0017962097275164,390.63141572636215,7.746688341954412,0,0.000010923645659009258
2022-05-02T02:00:00.000Z,0.019321504100674822,1.0072782289242819,0,0.00021741248896786278,0.00020500113011778787,271803291.7029,34581095.7772,1336673.7805,0.007073227794164083,0.007073227794164083,0.007278228924281871,1.0072782289242819,-0.00001920315605563605,0.9999882677444154,388.75770792630124,7.694965039746586,0,0.000008360257201497885
2022-05-02T03:00:00.000Z,0.019321504100674822,1.0093887833314765,0,0.00022646171734556426,0.00021452818502853965,272373813.6158,36017476.3471,1436380.5699,0.009174255146447985,0.009174255146447985,0.009388783331476525,1.0093887833314765,-0.00002566866796749334,1.0011052232809894,389.94595022478256,7.711489462779108,0,0.000008965057750648434
2022-05-02T04:00:00.000Z,0.019321504100674822,1.0088357065498819,0,0.00023427514038883615,0.0002212575364606284,272226069.9741,37257704.9349,1240228.5878,0.008614449013421233,0.008614449013421233,0.008835706549881861,1.0088357065498819,-0.00002896153156850545,1.0001040197057889,389.9033926043973,7.718931607454218,0,0.000007744991504526349
2022-05-02T05:00:00.000Z,0.019321504100674822,1.0097314007996838,0,0.0002452042409829599,0.00023251286076164668,272252645.6487,38991116.6281,1733411.6932,0.009498887938922174,0.009498887938922174,0.00973140079968382,1.0097314007996838,-0.00003665813316489075,1.0000287050148038,390.6169094509215,7.742195608427342,0,0.00001082376948594428
2022-05-02T06:00:00.000Z,0.019321504100674822,1.0099070052461172,0,0.0002594146855683955,0.00024865876071866744,272301305.82060003,41244977.3645,2253860.7364,0.009658346485398539,0.009658346485398539,0.009907005246117206,1.0099070052461172,-0.00003698254359185693,1.0001488556547087,390.6933807101588,7.749034203512547,0,0.000014071042517895025
2022-05-02T07:00:00.000Z,0.019321504100674822,1.0107897262825953,0,0.0002735290539746905,0.0002644461905556561,272540659.5144,43483611.0188,2238633.6543,0.01052528009203968,0.01052528009203968,0.010789726282595336,1.0107897262825953,-0.00004566281239437586,1.0000509203230585,391.40292558970907,7.73939180553267,0,0.000013963704421537597
2022-05-02T08:00:00.000Z,0.019321504100674822,1.0096572449654853,0,0.0002874415609668937,0.00027944534610213623,272236700.46919996,45690239.3209,2206628.3021,0.00937779961938312,0.00937779961938312,0.009657244965485257,1.0096572449654853,-0.000035641756278348424,1.000028289714259,390.52336908401026,7.700063068120315,0,0.000013779435715701407
2022-05-02T09:00:00.000Z,0.019321504100674822,1.007866547111113,0,0.0003006841894797761,0.0002888371862994621,271755276.0212,47790630.8524,2100391.5315,0.007577709924813547,0.007577709924813547,0.00786654711111301,1.007866547111113,-0.000026834607620207507,0.9993606083318526,389.3917014134805,7.666971648464374,0,0.000013139268741451951
2022-05-02T10:00:00.000Z,0.019321504100674822,1.0061416814932413,0,0.000312959405739541,0.00029972744682216224,270737968.1297,49733619.386999995,1942988.5346,0.005841954046419184,0.005841954046419184,0.006141681493241347,1.0061416814932413,-0.000016080986781408235,0.9992912865508417,388.0781649669247,7.63917041730239,0,0.000012200285507194257
2022-05-02T11:00:00.000Z,0.019321504100674822,1.005773785148624,0,0.0003281004879593393,0.00031475016572302117,270477908.4999,52128806.72219999,2395187.3352,0.005459034982900901,0.005459034982900901,0.005773785148623922,1.005773785148624,-0.000011211928992338471,0.9998460646169884,387.56757584803256,7.621607732667417,0,0.000015054162805468105
2022-05-02T12:00:00.000Z,0.019321504100674822,1.0038615251546847,0,0.000342855959328898,0.00032977250052690366,269966128.5361,54463015.09659999,2334208.3744,0.003531752654157838,0.003531752654157838,0.0038615251546847418,1.0038615251546847,-0.000004196873534145773,0.9997656266958418,386.1142695740696,7.53724366497685,0,0.000014698711493910159
2022-05-02T13:00:00.000Z,0.019321504100674822,1.0038448588406599,0,0.0003605155571009102,0.0003466565079692785,269960171.9197,57256620.12579999,2793605.0292,0.003498202332690603,0.003498202332690603,0.0038448588406598816,1.0038448588406599,-0.000003620043558472119,0.9999386247289728,386.02165602775455,7.597421884627571,0,0.000017591960013466856
2022-05-02T14:00:00.000Z,0.019321504100674822,1.007714578826811,0,0.0003883731104303726,0.0003828021803404802,270846651.0995,61660951.46459999,4404331.3388,0.007331776646470445,0.007331776646470445,0.007714578826810925,1.007714578826811,-0.00002311203055804789,0.9996434700494375,389.09150678319486,7.7418990351736,0,0.00002764428965824426
2022-05-02T15:00:00.000Z,0.019321504100674822,1.0080935900173698,0,0.00041372530228761273,0.00040580012696933565,270952704.5457,65669242.41489999,4008290.9503,0.0076877898904004205,0.0076877898904004205,0.008093590017369756,1.0080935900173698,-0.000020833896796190743,1.0003406018887309,389.09523498552295,7.739131456599755,0,0.000025148649565742595
2022-05-02T16:00:00.000Z,0.019321504100674822,1.0069968424541313,0,0.00042622339402932934,0.00041333430017331807,270542803.5605,67644404.30269998,1975161.8878,0.006583508153958029,0.006583508153958029,0.006996842454131347,1.0069968424541313,-0.000017170982184344652,0.9998389708633224,388.43770282186745,7.681191806435108,0,0.000012411253099582517
2022-05-02T17:00:00.000Z,0.019321504100674822,1.0061132472046073,0,0.0004431161985896022,0.0004309379303089056,270300382.52349997,70314043.89459999,2669639.5919,0.005682309274298358,0.005682309274298358,0.006113247204607264,1.0061132472046073,-0.000011554428329119126,0.9999963055456996,387.6814684667035,7.680827447165966,0,0.00001679016235145517
2022-05-02T18:00:00.000Z,0.019321504100674822,1.0013619434186596,0,0.0004556677664582182,0.0004402617476428894,269026468.6028,72297638.73409998,1983594.8395,0.0009216816710166942,0.0009216816710166942,0.0013619434186595836,1.0013619434186596,-4.1578667098196576e-7,0.9991469846638129,384.34623210362315,7.607819236114652,0,0.000012534496121006968
2022-05-02T19:00:00.000Z,0.019321504100674822,1.001261797589753,0,0.00046664699089827996,0.00045299724572855915,269006886.1205,74032794.61169998,1735155.8776,0.0008088003440245295,0.0008088003440245295,0.0012617975897530886,1.001261797589753,-9.079025420355435e-9,1.0000804985405416,383.90086312333733,7.584311351430627,0,0.000010965388412394284
2022-05-02T20:00:00.000Z,0.019321504100674822,1.0046824637283969,0,0.00048051117287657697,0.0004667245831515565,265670510.0777,76189346.30619998,2156551.6945,0.004215739145245312,0.004215739145245312,0.004682463728396868,1.0046824637283969,-0.000017095400086764023,0.9974999465748866,387.51898383212995,7.671460200826703,0,0.00001379956653667648
2022-05-02T21:00:00.000Z,0.019321504100674822,1.0037813790861627,0,0.0004897803649855622,0.0004778366562063763,264863241.18780002,77628063.78039998,1438717.4742,0.003303542429956341,0.003303542429956341,0.0037813790861627172,1.0037813790861627,-0.000005543598018076246,0.999106015779446,386.19347645600004,7.6170555963044455,0,0.000009234273865907286
2022-05-02T22:00:00.000Z,0.019321504100674822,1.0073515209635897,0,0.000500046979507834,0.00048713776913422713,265815294.5314,79221656.33709998,1593592.5567,0.006864383194455481,0.006864383194455481,0.007351520963589708,1.0073515209635897,-0.000023228672660358107,0.9991625229983179,388.91763569449944,7.640642350913377,0,0.00001019169100546237
2022-05-02T23:00:00.000Z,0.019321504100674822,1.0077325078764825,0,0.0005056755964248164,0.000493339884590549,265939944.7537,80095414.09469998,873757.7576,0.007239167991891948,0.007239167991891948,0.007732507876482497,1.0077325078764825,-0.00002770699733511961,0.9989068153836845,389.30685511453447,7.6481810535782175,0,0.000005585427150839226
2022-05-03T00:00:00.000Z,0.019321504100674822,1.007838334183155,0,0.0005137542534834798,0.0005013523859944691,265970859.0896,81349517.69539998,1254103.6007,0.007336981797160469,0.007336981797160469,0.007838334183154938,1.007838334183155,-0.000025545067160903656,0.9992998999224281,389.2293031277836,7.652025797002814,0,0.000008015825976152455
2022-05-03T01:00:00.000Z,0.019321504100674822,1.0081359406347894,0,0.0005338429043794191,0.0005252045697097252,266060514.5914,84468142.98699999,3118625.2916,0.007610736065079671,0.007610736065079671,0.008135940634789396,1.0081359406347894,-0.00002475086571640528,0.9996834214480356,389.29147980880055,7.637886282860472,0,0.000019926530638572886
2022-05-03T02:00:00.000Z,0.019321504100674822,1.009623982754657,0,0.0005481924174227697,0.0005365276472251157,266456780.5437,86695836.18499999,2227693.198,0.009087455107431808,0.009087455107431808,0.009623982754656923,1.009623982754657,-0.00004030272993016393,0.9992057931256814,390.6200101697651,7.659711617547597,0,0.000014212730593203662
2022-05-03T03:00:00.000Z,0.019321504100674822,1.0101634261090646,0,0.000565034242194473,0.0005539584245846108,266601656.1263,89310473.40949999,2614637.2245,0.009609467684480011,0.009609467684480011,0.010163426109064622,1.0101634261090646,-0.0000293036573066896,1.0010457719983665,390.30553442226244,7.672401190165765,0,0.000016672376857045023
2022-05-03T04:00:00.000Z,0.019321504100674822,1.0101141418810196,0,0.0005773613985215613,0.0005681540775732685,268850969.5306,91240463.71139999,1929990.3019,0.009545987803446288,0.009545987803446288,0.010114141881019556,1.0101141418810196,-0.000036633006931241496,1.000078298348464,390.63398779032707,7.679048820635744,0,0.00001220372580005357
2022-05-03T05:00:00.000Z,0.019321504100674822,1.0096049748308393,0,0.0005905625959332007,0.0005793241542042527,268717871.79510003,93307316.18299998,2066852.4716,0.009025650676635077,0.009025650676635077,0.00960497483083933,1.0096049748308393,-0.00004219645760072943,0.9989362759456227,390.6775403693133,7.672887380373154,0,0.000013075606688338137
2022-05-03T06:00:00.000Z,0.019321504100674822,1.0086761338490426,0,0.0006023746911968757,0.0005910573053771184,268473413.1759,95156702.11189999,1849385.9289,0.008085076543665526,0.008085076543665526,0.008676133849042644,1.0086761338490426,-0.000028868792379066477,0.9995913044342142,389.6939987932432,7.652614539364876,0,0.00001171049319907936
2022-05-03T07:00:00.000Z,0.019321504100674822,1.00791052475375,0,0.0006156176095323196,0.0006034469847207014,268262393.8866,97230051.8552,2073349.7433,0.007307077769029391,0.007307077769029391,0.007910524753750092,1.00791052475375,-0.000018786410017179733,1.0002881067730898,388.82168852809394,7.642721108346691,0,0.000013138981250946267
2022-05-03T08:00:00.000Z,0.019321504100674822,1.0084017722256597,0,0.0006282644691270098,0.0006206969325901479,268397300.97939998,99210111.82759999,1980059.9724,0.007781075293069595,0.007781075293069595,0.008401772225659743,1.0084017722256597,-0.000020549246455447978,1.000477477334466,389.1140362802941,7.656968787107637,0,0.000012541489578311203
