query_ts,assumedLPToken,equityValue,totalDexYield,totalTradingfee,newTotalTradingFee,liquidity,totalVolume,volume,priceImpact,priceEffect,totalReturn,totalEquityVal,impermanentLoss,tokenPrice,quoteTokenPrice,rewardPrice,rewardTokenPerLP,feePerDollar
2021-09-05T10:00:00.000Z,0.019384889976081576,1,0.000019485387130702153,0.000012601894047215908,-7.671641100159832e-13,276412938.71750003,2049015.5517,2049015.5517,7.671641100159832e-13,7.671641100159832e-13,0.000019485387130702153,1.0000194853871307,0,1.0009038639168089,495.3089517826903,23.673174699221484,0.0000424609,0.000012601893580133868
2021-09-05T11:00:00.000Z,0.019384889976081576,0.9997629586111152,0.00003893799009791501,0.000023208691341115505,0.000010897116243246963,276398566.8321,3773955.7896999996,1724940.238,-0.0002479385051280536,-0.0002479385051280536,-0.00019810339878689162,0.9998018966012131,-4.307119205737564e-8,1.0003620517213925,495.33150420098144,23.6652146128194,0.000042418000000000006,0.000010609311177728729
2021-09-05T12:00:00.000Z,0.019384889976081576,0.9972912834266471,0.00005817649862131957,0.00003386958992444935,0.000021592590943586565,275745145.0741,5507882.366099999,1733926.5764,-0.002730309164296507,-0.002730309164296507,-0.002650540074731601,0.9973494599252684,-5.216035222632698e-7,0.9991911150415776,493.45234769951117,23.655482090625426,0.00004198920000000001,0.000010689853411881037
2021-09-05T13:00:00.000Z,0.019384889976081576,0.9977058890817864,0.00007783601626666089,0.00004692223694130109,0.00003445234944232656,275822319.96999997,7630523.280199999,2122640.9141,-0.0023285632676559587,-0.0023285632676559587,-0.0022162749019469714,0.997783725098053,-6.43053816862249e-8,0.9989313719180865,493.9784095462104,23.719201504785712,0.00004241640000000001,0.000013082659715002326
2021-09-05T14:00:00.000Z,0.019384889976081576,1.0007830610882114,0.00009785310992787472,0.00005973164429722195,0.000047564185407855675,276789091.2474,9714482.055499999,2083958.7753,0.0007354969028035008,0.0007354969028035008,0.0008809141981392312,1.0008809141981392,-0.000001062411203900382,1.0001810209127664,496.3963086925332,23.842008751643846,0.00004243869999999998,0.000012799384188314822
2021-09-05T15:00:00.000Z,0.019384889976081576,1.0007777658341257,0.00011771790300832213,0.00007580629873689493,0.00006394568071277362,276790002.9938,12329685.4991,2615203.4436,0.0007138201534129252,0.0007138201534129252,0.0008954837371340209,1.000895483737134,-8.360650826100269e-7,1.0003239644754434,496.3038736213709,23.90552421396856,0.000042304400000000015,0.000016062161949611978
2021-09-05T16:00:00.000Z,0.019384889976081576,0.9983863010558259,0.0001370683179303918,0.00009464237727739667,0.00008477686414198882,276136754.5888,15394238.616999999,3064553.1179,-0.0016984758083160578,-0.0016984758083160578,-0.0014766306262436772,0.9985233693737563,-2.828507336127828e-7,0.9999556681778936,494.0959166799417,23.859507998853676,0.000042327399999999984,0.000018866522525000026
2021-09-05T17:00:00.000Z,0.019384889976081576,1.0016014911139242,0.0001578694887268051,0.00011009462748518461,0.00009785190959177292,276721636.8752,17905494.3417,2511255.7247,0.0015036392043323854,0.0015036392043323854,0.0017593606026509634,1.001759360602651,-0.000004280465567774172,0.9994801885870931,497.5072527410547,24.057693842735237,0.0000421623,0.000015427542205221046
2021-09-05T18:00:00.000Z,0.019384889976081576,1.002820208624602,0.00017821940514926792,0.00012989231287783984,0.00011824838139418148,277045217.2815,21122805.523599997,3217311.1819,0.0027019602432079015,0.0027019602432079015,0.0029984280297513507,1.0029984280297513,-0.000006591681092293911,0.9999708726404798,498.4538111130669,24.130462602606013,0.000042483600000000015,0.000019742008408947284
2021-09-05T19:00:00.000Z,0.019384889976081576,1.0021333490093531,0.0001974380152883673,0.00014118095429175814,0.00012900923578795798,276896967.3483,22957591.597499996,1834786.0739,0.002004339773565178,0.002004339773565178,0.002330787024641503,1.0023307870246414,-0.0000036767009918836635,1.0001940884300307,497.6493768444972,24.05118508470518,0.000042477200000000034,0.00001126460992151834
2021-09-05T20:00:00.000Z,0.019384889976081576,1.002513111532439,0.00021752109556783184,0.00015082458424986114,0.00013878102091280375,276952284.3142,24524727.094299998,1567135.4968,0.002374330511526246,0.002374330511526246,0.0027306326280068815,1.002730632628007,-0.000006016714776069243,0.9998060586326784,498.2102422984432,24.081660109565288,0.0000424851,0.000009619456113738232
2021-09-05T21:00:00.000Z,0.019384889976081576,1.007068599370997,0.00023964130052625283,0.00016308748697210933,0.00015296053870073045,278206711.7506,26517477.604099996,1992750.5098,0.006915638832296178,0.006915638832296178,0.007308240671523161,1.0073082406715232,-0.000029003555649609325,1.0001789751600147,502.54735805718985,24.313683502845198,0.00004248600000000005,0.00001217683011794806
2021-09-05T22:00:00.000Z,0.019384889976081576,1.0073406335549167,0.00026034933020324083,0.0001726967843515757,0.00016150100278489177,278288421.82,28079047.846699998,1561570.2426,0.007179132552131762,0.007179132552131762,0.007600982885119894,1.0076009828851198,-0.000034835863071069895,0.9997099027666226,503.0463326072503,24.38868468813849,0.000042237700000000065,0.000009539273660968437
2021-09-05T23:00:00.000Z,0.019384889976081576,1.0082848395528292,0.00028069477150071857,0.0001798627849980998,0.00016961254245417834,278526967.4124,29243473.873499997,1164426.0268,0.008115227010375037,0.008115227010375037,0.008565534324329934,1.0085655343243298,-0.0000382120472811609,1.0002437342691863,503.71287599237576,24.41255626999844,0.00004245379999999996,0.00000710711879697101
2021-09-06T00:00:00.000Z,0.019384889976081576,1.007962106590965,0.00030101231469152146,0.0001897795461174768,0.000179113412369869,278378922.799,30854538.947699998,1611065.0742,0.007782993178595099,0.007782993178595099,0.008263118905656489,1.0082631189056566,-0.000033838712483746924,1.0004296648740085,503.2873703685824,24.429364170943888,0.00004249569999999993,0.000009838426697690483
2021-09-06T01:00:00.000Z,0.019384889976081576,1.0073112467615075,0.00032076454893249047,0.00020769484819958164,0.00019702730244897104,278190126.6854,33764942.598699994,2910403.651,0.007114219459058546,0.007114219459058546,0.007632011310440008,1.00763201131044,-0.000027535032335990195,1.0005716459051257,502.5482984109315,24.401007599168487,0.000042497199999999956,0.000017785268893799547
2021-09-06T02:00:00.000Z,0.019384889976081576,1.00603901559495,0.00034126460041966947,0.00022247467728236825,0.00021085308011081771,277769932.1628,36165382.93829999,2400440.3396,0.005828162514839086,0.005828162514839086,0.006380280195369573,1.0063802801953696,-0.00002079602232818445,1.000265490050827,501.41906207613084,24.42916213155484,0.00004250800000000003,0.000014691109817200398
2021-09-06T03:00:00.000Z,0.019384889976081576,1.0033765454973969,0.0003595744183393079,0.00023326365958773005,0.00022099488098192843,271562131.63379997,37883041.58579999,1717658.6475,0.003155550616414926,0.003155550616414926,0.0037361199157361622,1.0037361199157362,-0.000006140752159766727,1.0005496823187343,498.61626998535775,24.27881802853372,0.00004336639999999997,0.000010752676314559314
2021-09-06T04:00:00.000Z,0.019384889976081576,1.0020897534734738,0.000379401704016506,0.00024487186672837106,0.0002326943739656695,271248089.4032,39731357.968399994,1848316.3826,0.0018570590995081737,0.0018570590995081737,0.002469155177490349,1.0024691551774902,-0.000007609048223389259,0.9988583944661058,498.16836390502596,24.241747336960195,0.0000433609,0.000011583999936491097
2021-09-06T05:00:00.000Z,0.019384889976081576,1.0030005580401242,0.00039958255976909067,0.0002648642151861661,0.00025254477213443316,271943298.79399997,42919899.39999999,3188541.4316,0.0027480132679897906,0.0027480132679897906,0.0034001405998933146,1.0034001405998934,-0.000009327155290894673,0.9993288449763789,498.8198645425216,24.237043419226776,0.00004311000000000007,0.00001993253909090109
2021-09-06T06:00:00.000Z,0.019384889976081576,1.004088873574274,0.00042145426367888947,0.0002750159366799652,0.0002643263193922163,272233044.5635,44538946.489099994,1619047.0891,0.003824547254881683,0.003824547254881683,0.0045103278379527885,1.0045103278379528,-0.00000949626488744304,1.0003627145005263,499.3748541042134,24.325472769336113,0.0000432912,0.000010110381918856256
2021-09-06T07:00:00.000Z,0.019384889976081576,1.0084340027938534,0.00044722838259833185,0.00029592060203017156,0.0002883330385463623,273596714.5623,47875189.53119999,3336243.0421,0.008145669755307061,0.008145669755307061,0.008881231176451756,1.0088812311764517,-0.00003482955428224521,1.000670028532236,503.5286992854611,24.62321897854599,0.00004319019999999998,0.000020729829232940337
2021-09-06T08:00:00.000Z,0.019384889976081576,1.0084357391178334,0.00047040645035002386,0.0003109693227987944,0.0003002894094585873,273648529.92,50277314.233399995,2402124.7022,0.008135449708374765,0.008135449708374765,0.008906145568183376,1.0089061455681834,-0.000037621689637501454,1.000331615837012,503.6888308843699,24.757386691176766,0.000043218099999999945,0.00001492283548877031
2021-09-06T09:00:00.000Z,0.019384889976081576,1.007253356162243,0.0004913500126980972,0.0003262326847001664,0.0003155983531104578,273248963.3728,52712998.860199995,2435684.6268,0.006937757809132528,0.006937757809132528,0.007744706174941083,1.0077447061749412,-0.00003194735943867766,0.9998237498855427,502.74799411317235,24.76637495094997,0.000043268200000000034,0.000015153447663443812
2021-09-06T10:00:00.000Z,0.019384889976081576,1.0093636242111719,0.0005151438429431983,0.00033766478593084167,0.00032880038168792147,272433224.8923,54528052.9175,1815054.0573,0.009034823829483951,0.009034823829483951,0.009878768054115071,1.009878768054115,-0.0000518955867836457,0.9997097361743372,504.90181392288935,24.907346081818442,0.00004348779999999993,0.000011326048423902097
2021-09-06T11:00:00.000Z,0.019384889976081576,1.0101233883796539,0.0005411810684083327,0.00035073985738841773,0.00034093057233297586,272858195.0834,56605632.6311,2077579.7136,0.009782457807320899,0.009782457807320899,0.010664569448062208,1.0106645694480623,-0.0000551978798853936,1.0001312033198735,505.4372076964135,25.153964199615448,0.00004293740000000001,0.000012944033115957786
2021-09-06T12:00:00.000Z,0.019384889976081576,1.003013438807137,0.0005549784145886683,0.00037544690380023445,0.00036291055753823187,270876900.8369,60530609.7944,3924977.1633,0.0026505282495987714,0.0026505282495987714,0.0035684172217256716,1.0035684172217256,-0.0000048391118047108606,1.000439583439755,498.1691735693239,24.824110627648142,0.00004341959999999987,0.00002463281718372735
2021-09-06T13:00:00.000Z,0.019384889976081576,0.9973490345012276,0.0005694918420848202,0.0004130215451922133,0.00039845390653270307,269370206.9044,66500252.184,5969642.3896,-0.0030494194053051205,-0.0030494194053051205,-0.002081473656687597,0.9979185263433124,-0.0000020053726815794093,0.99985207447313,492.81061310222896,24.551354584888625,0.00004330780000000012,0.00003767451560046387
2021-09-06T14:00:00.000Z,0.019384889976081576,0.9994775950628128,0.0005909513317130131,0.00043351051126932756,0.00042016014486812026,269919722.6762,69755114.7777,3254862.5937,-0.0009425650820553688,-0.0009425650820553688,0.00006854639452576455,1.0000685463945258,-4.205913395338712e-11,0.9999512756821434,494.84662937708225,24.59387454412804,0.000042943299999999904,0.00002049967432697682
2021-09-06T15:00:00.000Z,0.019384889976081576,1.0023048056608763,0.0006178956333923241,0.0004529655125154746,0.00044071008820445456,270458982.1505,72843161.93090001,3088047.1532,0.0018640955726718644,0.0018640955726718644,0.002922701294268643,1.0029227012942687,-0.000003903744207556237,0.9999716235088499,497.6207626125802,24.845749860269006,0.000043377800000000105,0.00001941026368840934
2021-09-06T16:00:00.000Z,0.019384889976081576,1.0019256174830031,0.0006393672071329195,0.00046989262524580177,0.00045730513341069035,270353443.6688,75529931.4027,2686769.4718,0.0014683123495924377,0.0014683123495924377,0.0025649846901360475,1.002564984690136,-0.000005776656873179853,0.9989721948974701,497.72512812420285,24.868952592271356,0.00004334229999999999,0.00001689458081272116
2021-09-06T17:00:00.000Z,0.019384889976081576,1.0016404834265977,0.0006501877292714007,0.0004971396951145634,0.0004885953643325447,268423136.2034,79825087.47620001,4295156.0735,0.0011518880622651828,0.0011518880622651828,0.002290671155869128,1.0022906711558692,-0.0000014358196768204934,1.0003601534455362,496.7205181770687,24.508931333716337,0.00004225710000000001,0.000027202443977917847
2021-09-06T18:00:00.000Z,0.019384889976081576,1.0025698216229197,0.0006723024669843026,0.000511414627291522,0.0004990236846806884,268045408.65379998,82070100.61710002,2245013.1409,0.002070797938239055,0.002070797938239055,0.003242124089904046,1.003242124089904,-0.000004341845104560704,1.000025297282151,497.79940027607245,24.557550471603463,0.00004374569999999995,0.000014238342520760407
2021-09-06T19:00:00.000Z,0.019384889976081576,1.0020695044458108,0.0006924328425869464,0.0005262504883987844,0.0005144293138683587,267908244.9554,84403301.22690001,2333200.6098,0.0015550751319424183,0.0015550751319424183,0.002761937288397723,1.0027619372883978,-0.000003696264828878526,0.9997384322802102,497.4298317819093,24.531681741362238,0.00004382049999999991,0.000014805221979339654
2021-09-06T20:00:00.000Z,0.019384889976081576,1.002458129170678,0.0007169101799605772,0.000540952584072767,0.0005286133862145714,268026221.17139998,86715586.35350001,2312285.1266,0.0019295157844634314,0.0019295157844634314,0.00317503935063858,1.0031750393506387,-0.000005531248000179012,0.9995051940556736,497.9180027145142,24.65807493159979,0.000043744800000000076,0.00001466604535198159
2021-09-06T21:00:00.000Z,0.019384889976081576,1.002222362832624,0.0007338875340166796,0.0005491896754915405,0.0005366807503515147,265737161.5703,88000320.10470001,1284733.7512,0.0016856820822723773,0.0016856820822723773,0.0029562503666405717,1.0029562503666405,-0.0000011239743762381238,1.0010889943189352,496.8883200007423,24.54131067598392,0.00004282289999999993,0.000008218825564832476
2021-09-06T22:00:00.000Z,0.019384889976081576,1.0026182998326403,0.0007586920535108512,0.0005563752335535615,0.0005442147917127382,265840893.93010002,89121041.73880002,1120721.6341,0.0020740850409275424,0.0020740850409275424,0.003376991886151132,1.003376991886151,-0.000004384079773434024,1.0000142796416691,497.80815068645046,24.674040846993282,0.00004356090000000017,0.000007166793452293155
2021-09-06T23:00:00.000Z,0.019384889976081576,1.0032606886415807,0.0007784927610626995,0.0005661478408771203,0.0005542798771278612,266350644.2466,90647206.62330002,1526164.8845,0.002706408764452828,0.002706408764452828,0.0040391814026433884,1.0040391814026435,-0.0000059954215555491075,1.0001434306666783,498.3722333034833,24.64489122368246,0.00004332289999999987,0.000009740844858809155
2021-09-07T00:00:00.000Z,0.019384889976081576,1.0008699130348893,0.0007949667169788229,0.0005777803624852583,0.0005665082431325352,264918472.12050003,92458378.05720001,1811171.4339,0.00030340479175672286,0.00030340479175672286,0.001664879751868081,1.0016648797518681,-0.0000012101293819233305,0.9996511564403314,496.23062604820973,24.504655458208433,0.000044006100000000066,0.000011622411276135923
2021-09-07T01:00:00.000Z,0.019384889976081576,1.000466908238079,0.0008224327386585677,0.0005904082322850422,0.0005770110610798795,264647790.51640004,94423306.32970001,1964928.2725,-0.00011010282300083496,-0.00011010282300083496,0.0012893409767376122,1.0012893409767376,-5.074939600779871e-7,0.9997859034124611,495.753620427408,24.705607242826296,0.00004373809999999998,0.000012621976010954072
2021-09-07T02:00:00.000Z,0.019384889976081576,1.002537339909701,0.0008411660299465401,0.0006019768050796381,0.0005900332738120184,267520177.27,96239185.18290001,1815878.8532,0.0019473066358890456,0.0019473066358890456,0.003378505939647604,1.0033785059396476,-0.0000028738773957259767,1.0004515202453101,497.46468860764554,24.64968183226087,0.00004310099999999992,0.000011539294276574848
2021-09-07T03:00:00.000Z,0.019384889976081576,1.0071694590989293,0.0008680650717439053,0.0006204834703693093,0.0006123279418590588,268736030.97389996,99143893.9096,2904708.7267,0.0065571311570702395,0.0065571311570702395,0.008037524170673204,1.0080375241706732,-0.000023592718365494925,1.0005701116412191,501.9932496820305,24.824912490549167,0.00004347070000000004,0.000018374926568256068
2021-09-07T04:00:00.000Z,0.019384889976081576,1.0017856066181168,0.0008805771787767254,0.000635918051249884,0.0006231784848214073,267275350.57650003,101566205.598,2422311.6884,0.0011624281332953679,0.0011624281332953679,0.0026661837968935008,1.0026661837968935,-7.987611621018686e-7,1.0008015981039873,496.5118735202336,24.588621948475343,0.00004358480000000001,0.00001540706938143687
2021-09-07T05:00:00.000Z,0.019384889976081576,1.0016063780349946,0.0009002657441878892,0.0006522330511864144,0.0006400191614046591,266216427.3359,104117002.7341,2550797.1361,0.0009663588735899786,0.0009663588735899786,0.002506643779182527,1.0025066437791825,-0.000003177165791456993,0.9993487767720103,497.0389476045999,24.565428260296947,0.00004308959999999987,0.000016288833768693695
2021-09-07T06:00:00.000Z,0.019384889976081576,1.0004522211967106,0.000920126183650216,0.0006703753638995621,0.0006576595692089349,265836760.8872,106952716.6245,2835713.8904,-0.0002054383724983122,-0.0002054383724983122,0.0013723473803608386,1.0013723473803608,-7.273242478289532e-7,0.9994920367945779,495.8048203242239,24.54915501847458,0.000042987099999999994,0.000018134112067839735
2021-09-07T07:00:00.000Z,0.019384889976081576,0.9971870780973852,0.0009301666842515198,0.0006884133510118366,0.0006735369200417951,264972908.41709998,109772163.8117,2819447.1872,-0.003486458822656635,-0.003486458822656635,-0.0018827552183633203,0.9981172447816367,-0.000004753380466682167,1.000494336818904,492.06255490247884,24.270843027611384,0.00004351209999999988,0.000018088868959747135
2021-09-07T08:00:00.000Z,0.019384889976081576,0.9966514911035327,0.0009496824540791237,0.0007113064136973835,0.0006952422477886078,264652564.9127,113348083.5907,3575919.779,-0.004043751144255925,-0.004043751144255925,-0.0023988264423881935,0.9976011735576118,-0.000006785061821390492,1.0005354250397522,491.4921600461737,24.2453363160977,0.000043603400000000105,0.00002296997811566753
