query_ts,assumedLPToken,equityValue,totalDexYield,totalTradingfee,newTotalTradingFee,liquidity,totalVolume,volume,priceImpact,priceEffect,totalReturn,totalEquityVal,impermanentLoss,tokenPrice,quoteTokenPrice,rewardPrice,rewardTokenPerLP,feePerDollar
2021-12-16T10:00:00.000Z,0.01737275691310109,1,0.000007684034409149208,0.000014122340153795247,-1.8207657603852567e-13,285346579.1755,2370447.9175,2370447.9175,1.8207657603852567e-13,1.8207657603852567e-13,0.000007684034409149208,1.0000076840344092,0,0.9995557252359349,536.8100742844298,12.807292406706104,0.0000345353,0.000014122340178017446
2021-12-16T11:00:00.000Z,0.01737275691310109,1.0040060441541274,0.00001550649311027395,0.000036090771520492474,0.00002315192479951378,286480766.5112,6057754.752599999,3687306.8351,0.003982892229327906,0.003982892229327906,0.004021550647237694,1.0040215506472376,-0.0000043083393259646385,1.000595361947821,540.5324960791651,12.92744246904581,0.000034509700000000006,0.00002188077648635073
2021-12-16T12:00:00.000Z,0.01737275691310109,1.0066122206312431,0.000023517507820034818,0.0000624419724675401,0.00004846481255871282,287169003.4651,10479837.4092,4422082.6566,0.0065637558186844025,0.0065637558186844025,0.00663573813906315,1.0066357381390632,-0.00002346730417535081,0.9992472673821774,544.0480726014022,13.071413238419662,0.00003451690000000001,0.0000261781056642961
2021-12-16T13:00:00.000Z,0.01737275691310109,1.0008318198123103,0.00003139845299219978,0.00012185597069256538,0.00011138298092139287,268150722.67719996,19843758.0384,9363920.6292,0.0007204368313888931,0.0007204368313888931,0.0008632182653024858,1.0008632182653026,-1.1500113727969108e-7,1.0007556748829682,536.9392419749335,12.902188270457941,0.0000365181,0.000059364617446147626
2021-12-16T14:00:00.000Z,0.01737275691310109,1.005730581314863,0.00004003657339108577,0.00016308825131610671,0.0001517062147586845,269581808.8441,26345015.4642,6501257.4258,0.005578875100104241,0.005578875100104241,0.005770617888254012,1.005770617888254,-0.00001856902006747152,0.9990253266862927,543.104564501698,13.032796495505892,0.0000367478,0.000040997342035980946
2021-12-16T15:00:00.000Z,0.01737275691310109,1.003057766107545,0.000048032273796759736,0.00019029967821991206,0.0001757497129024621,268871566.70739996,30635648.0163,4290632.5521,0.0028820163946425836,0.0028820163946425836,0.0031057983813418057,1.0031057983813418,-0.000004500755203862283,0.999433401091349,539.974805222842,12.947174342317995,0.00003671719999999999,0.000027128474118305683
2021-12-16T16:00:00.000Z,0.01737275691310109,1.0029599710403492,0.00005593842102649224,0.00021943877406986528,0.00020490874747736143,268856841.88280004,35230427.3104,4594779.2941,0.0027550622928718127,0.0027550622928718127,0.003015909461375666,1.0030159094613758,-0.000003229264704862622,0.9997655609562554,539.6587492442907,12.897701619846064,0.00003610360000000001,0.000029053100323833386
2021-12-16T17:00:00.000Z,0.01737275691310109,1.0060811532907563,0.00006350805218746992,0.0002446455377061596,0.0002320775801269992,298599445.6334,39631151.518,4400724.2076,0.0058490757106293145,0.0058490757106293145,0.006144661342943784,1.006144661342944,-0.000015289102382243236,0.9998578813646863,542.9439982217151,12.92540769503316,0.000033175099999999993,0.00002505440402627185
2021-12-16T18:00:00.000Z,0.01737275691310109,1.0002535428075336,0.00007019698598495171,0.000267771908490283,0.00025420264871567344,296872299.2214,43668703.644999996,4037552.127,-6.598411820268879e-7,-6.598411820268879e-7,0.00032373979351859824,1.0003237397935185,-1.863038918692439e-7,0.9989451073444495,537.1374974123532,12.787992134212823,0.0000331474,0.000023120508831243693
2021-12-16T19:00:00.000Z,0.01737275691310109,0.9998871361022693,0.00007709873144294785,0.0002807047811474062,0.0002678263890060206,296792683.3289,45926830.15579999,2258126.5108,-0.0003806902867367068,-0.0003806902867367068,-0.00003576516628773832,0.9999642348337122,-0.0000010598958753993415,1.0006310138603773,535.8250126884161,12.710862649455784,0.000033172,0.000012934331888855554
2021-12-16T20:00:00.000Z,0.01737275691310109,0.9952775355442324,0.00008371076415938834,0.00029542032103510205,0.00028089229955574613,293425001.992,48478827.36429999,2551997.2085,-0.005003356755323374,-0.005003356755323374,-0.004638753691608239,0.9953612463083917,-0.000018343206982573967,1.00059686647966,530.8988216012607,12.596012961882561,0.00003339919999999998,0.000014785363295552719
2021-12-16T21:00:00.000Z,0.01737275691310109,0.9978630065876716,0.00009165590178081281,0.0003075877743444937,0.00029278875412297456,294196649.3126,50588997.83659999,2110170.4723,-0.0024297821664513997,-0.0024297821664513997,-0.0020453375105476124,0.9979546624894524,-0.000003373040983856157,0.9997202525021497,534.1166646217803,12.684121045197076,0.000033398299999999995,0.000012193510059655058
2021-12-16T22:00:00.000Z,0.01737275691310109,0.9979620452593491,0.00009912216776340038,0.00032366902139864225,0.0003115144280212423,294225577.311,53377925.19809999,2788927.3615,-0.0023494691686721803,-0.0023494691686721803,-0.0019388325728875375,0.9980611674271125,-0.0000051429167247096785,1.0004106376563955,533.8340158613497,12.69777831666168,0.000033398600000000036,0.00001611408687810482
2021-12-16T23:00:00.000Z,0.01737275691310109,0.9968994638014489,0.00010691901984387501,0.0003385584834303465,0.0003232061053658475,293910779.8406,55960151.14529999,2582225.9472,-0.0034237423039169546,-0.0034237423039169546,-0.0029936171787072322,0.9970063828212927,-0.0000066166908216924725,0.9997638192405729,533.0295984923156,12.776206311043648,0.00003236930000000001,0.000014935771027591303
2021-12-17T00:00:00.000Z,0.01737275691310109,0.9908752773024644,0.00011262350775300029,0.000353398823991879,0.00033610639572578815,292136747.80489993,58533876.089899994,2573724.9446,-0.009460829093261403,-0.009460829093261403,-0.009012099189782614,0.9909879008102174,-0.00005259101223986651,1.0003058598039167,526.3058103016455,12.589346070660248,0.000033232100000000044,0.000014977001143115393
2021-12-17T01:00:00.000Z,0.01737275691310109,0.9938009630611142,0.00012091882831225922,0.00036771052719602706,0.00035203156736574037,292944342.6842,61015455.1662,2481579.0763,-0.006551068506251534,-0.006551068506251534,-0.006078118110573534,0.9939218818894264,-0.00002268012725770152,0.9997181111581271,529.7136968702599,12.693177383022501,0.00003340559999999996,0.00001440097593643523
2021-12-17T02:00:00.000Z,0.01737275691310109,0.9939744942121183,0.0001282572937825304,0.00038876267419395936,0.0003737404048023141,292820719.79169995,64663616.5819,3648161.4157,-0.0063992461926840605,-0.0063992461926840605,-0.005897248494099216,0.9941027515059008,-0.000011185627639243023,0.9978679416287294,530.858068979467,12.694218139249779,0.00003323099999999997,0.000021179766278498823
2021-12-17T03:00:00.000Z,0.01737275691310109,0.9948541422839482,0.0001356501413058156,0.00041149870345210505,0.0003965815806107331,293052585.3048,68603213.99,3939597.4081,-0.005542439296662538,-0.005542439296662538,-0.0050102075747459895,0.994989792425254,-0.000014331189461258553,0.9993517388002573,530.9844516230598,12.696138766897256,0.000033429500000000016,0.000022853630814429476
2021-12-17T04:00:00.000Z,0.01737275691310109,0.9956157367117476,0.00014324854519403896,0.0004228402472114694,0.00040894868747953783,293278249.523,70568434.77219999,1965220.7822,-0.004793211975731904,-0.004793211975731904,-0.004241014743058327,0.9957589852569416,-0.0000144769369282427,1.0001318118023097,531.3700672611187,12.716110468852126,0.00003342940000000012,0.00001139148687355349
2021-12-17T05:00:00.000Z,0.01737275691310109,0.9959323481479377,0.00015138847857192907,0.000440800486484171,0.00042552790756944514,293398794.4706,73680807.95749998,3112373.1853,-0.004493179759631705,-0.004493179759631705,-0.00391626337349033,0.9960837366265096,-0.000003974056132949322,0.9978738299230521,532.8936130793594,12.779889066303689,0.000033426699999999874,0.000018033592893784664
2021-12-17T06:00:00.000Z,0.01737275691310109,0.9945151853980329,0.00015756987359848696,0.00045984458078971856,0.0004441572000893901,292988737.2547,76981089.02769998,3300281.0702,-0.005928971802056537,-0.005928971802056537,-0.005327244728368661,0.9946727552716313,-0.000015443231723533124,0.9991669506442084,530.6698836911789,12.680104617112109,0.00003342630000000008,0.000019149124542841103
2021-12-17T07:00:00.000Z,0.01737275691310109,0.9943449890797511,0.0001648131582903931,0.00047582490254985616,0.000463095344430009,292929493.7299,79750341.89389998,2769252.8662,-0.006118106264678902,-0.006118106264678902,-0.0054901977619585,0.9945098022380415,-0.000024293091586025106,1.0003892532305023,529.8198296379146,12.670851258876212,0.00003342729999999977,0.00001607120475509657
2021-12-17T08:00:00.000Z,0.01737275691310109,0.9890997558759597,0.0001699373861072809,0.0004980844891614871,0.00048088064737283887,291388169.39100003,83607789.13059998,3857447.2367,-0.011381124771413176,-0.011381124771413176,-0.010730306737933057,0.9892696932620669,-0.00006965030353422996,0.999912155324958,524.4735811717148,12.506436546150091,0.000033427400000000154,0.00002250489550106128
2021-12-17T09:00:00.000Z,0.01737275691310109,0.9941305868850698,0.00017841401073042293,0.0005189152655417299,0.0005033509628068478,292932618.56,87218401.37749998,3610612.2469,-0.006372764077737014,-0.006372764077737014,-0.005690999104199744,0.9943090008958002,-0.00002305085741427515,0.9999523604007736,529.7797246994656,12.613746658280819,0.000032028099999999884,0.000020953763530682995
2021-12-17T10:00:00.000Z,0.01737275691310109,0.9943305317511494,0.0001847789345485368,0.0005395013987591224,0.0005245121415748955,293008895.3219,90786820.77639998,3568419.3989,-0.006193980390425513,-0.006193980390425513,-0.005484689314302081,0.9945153106856979,-0.000024470997966874464,1.0003383680399551,529.7658853228328,12.551976506874098,0.000033195200000000024,0.00002070351130966703
2021-12-17T11:00:00.000Z,0.01737275691310109,0.9923224482499176,0.00019172165204048644,0.0005761416532080193,0.0005623570790622701,292334609.0827,97136283.57989998,6349462.8035,-0.008239908829144715,-0.008239908829144715,-0.007485830098041959,0.9925141699019581,-0.000034605813004850994,0.9996011340203441,527.9760040473956,12.528911155459266,0.00003345679999999992,0.00003692373886150581
2021-12-17T12:00:00.000Z,0.01737275691310109,0.9912711867014825,0.00019574304520050782,0.0006388847858911994,0.0006223571039088993,292033958.3226,108009502.87169999,10873219.2918,-0.00935117040242639,-0.00935117040242639,-0.008533070253316982,0.991466929746683,-0.00006378035481968691,1.0014560964035155,525.8177173879693,12.323612823050587,0.000033456800000000015,0.00006329562802296036
2021-12-17T13:00:00.000Z,0.01737275691310109,0.9935279014730144,0.00020013885070358718,0.0006695295021426806,0.0006588639700902954,292701625.5443,113320202.6845,5310699.8128,-0.007130962497075899,-0.007130962497075899,-0.006271959676282016,0.993728040323718,-0.0000387705971096608,1.0012057335475208,528.3093241681025,12.156660247136184,0.00003337020000000001,0.000030844344184872306
2021-12-17T14:00:00.000Z,0.01737275691310109,0.9993956353754816,0.00020787670808276193,0.0007240161730355358,0.0007136563123180117,294408005.3328,122761975.01589999,9441772.3314,-0.001318020936836417,-0.001318020936836417,-0.0003964879164356434,0.9996035120835643,-0.000003816524446031977,1.0010000376188017,534.6234465163976,12.20407850815996,0.00003281410000000003,0.00005451962131680445
2021-12-17T15:00:00.000Z,0.01737275691310109,0.9795815904033895,0.0002079362981388272,0.0008083359935779525,0.0007892571539578341,288525228.0329,137371090.88849998,14609115.8726,-0.021207666750568288,-0.021207666750568288,-0.020210473298471626,0.9797895267015284,-0.0002394224229390618,1.000004553354627,514.0517109976352,11.807947059370406,0.00003318300000000005,0.00008607738447255661
2021-12-17T16:00:00.000Z,0.01737275691310109,0.9891627573328519,0.00021706747905146192,0.0008606825875122619,0.0008452994419014814,291161222.8215,146434785.94239998,9063695.0539,-0.01168254210904962,-0.01168254210904962,-0.010620175188096678,0.9893798248119033,-0.00007118288618734869,0.9997364088635944,524.2459617256135,11.931984620470672,0.00003351269999999999,0.000052920101936363405
2021-12-17T17:00:00.000Z,0.01737275691310109,0.991909269991759,0.00022592028896043967,0.0008947714927791064,0.0008815724899668975,292005927.3578,152337936.464,5903150.5216,-0.008972302498207907,-0.008972302498207907,-0.00786480971928057,0.9921351902807194,-0.00003845440519811838,0.9993129739842102,527.3485153526678,12.034475176392597,0.00003342529999999999,0.000034366959525528744
2021-12-17T18:00:00.000Z,0.01737275691310109,0.9873505466225038,0.00023252946803572214,0.0009180498769234951,0.000898531206594555,290666517.7145,156369073.244,4031136.78,-0.013547984584090789,-0.013547984584090789,-0.012416923909460512,0.9875830760905395,-0.00009971990503454542,1.000037934142672,522.1113367765083,12.01790028064639,0.000033145899999999936,0.000023576614808903182
2021-12-17T19:00:00.000Z,0.01737275691310109,0.9907943535049687,0.00024164546686253742,0.0009324503514409176,0.0009154646673169564,291690546.33779997,158862902.6264,2493829.3824,-0.010121111162348262,-0.010121111162348262,-0.008964001028168769,0.9910359989718313,-0.00005417594296008854,0.9997924263938686,525.8743041871544,12.123971749562056,0.00003353639999999995,0.000014534272719179328
2021-12-17T20:00:00.000Z,0.01737275691310109,0.9909609312551875,0.00025085029519210107,0.0009464419685480445,0.0009317754772472098,291795742.6265,161286393.6072,2423490.9808,-0.009970844222059738,-0.009970844222059738,-0.008788218449620428,0.9912117815503796,-0.000053756716459796294,0.9999038458390287,525.9753592272326,12.22841665533524,0.00003352980000000007,0.000014119241871988297
2021-12-17T21:00:00.000Z,0.01737275691310109,0.9890251526366216,0.00025606547267583037,0.0009587502523740765,0.0009407174107660676,291240639.25390005,163418423.2843,2132029.6771,-0.01191556477414446,-0.01191556477414446,-0.010718781890702562,0.9892812181092975,-0.00007761852370902211,1.0000283217717323,523.8458227644963,12.137991899761344,0.00003352829999999991,0.000012444865044779167
2021-12-17T22:00:00.000Z,0.01737275691310109,0.9927377850140552,0.0002727714437579503,0.0009735539729013119,0.0009596395435886862,292335978.74729997,165982728.2155,2564304.9312,-0.008221854529533501,-0.008221854529533501,-0.0069894435421868645,0.9930105564578131,-0.000044452683083950895,1.0007291907214986,527.4000525326471,12.582476861277536,0.00003352829999999991,0.000014912014599503901
2021-12-17T23:00:00.000Z,0.01737275691310109,0.9923210370487126,0.00027848243927367124,0.000994500338919676,0.0009816136347795545,292216949.3168,169611110.0286,3628381.8131,-0.008660576586067004,-0.008660576586067004,-0.007400480512013778,0.9925995194879862,-0.00004258413299285113,1.0000861621040933,527.2723595067104,12.509794666593153,0.00003352809999999991,0.00002110845759183818
2021-12-18T00:00:00.000Z,0.01737275691310109,0.9912436015987385,0.0002848435678881645,0.0010046668363078819,0.000988947155924902,291898302.84809995,171372167.6611,1761057.6325,-0.009745345557186424,-0.009745345557186424,-0.008471554833373357,0.9915284451666266,-0.00005044243330765141,0.9998068599490272,526.2660343242113,12.469275386958214,0.0000335285000000001,0.000010256304836441386
2021-12-18T01:00:00.000Z,0.01737275691310109,0.9916501386723499,0.00029143533957199253,0.001026953616495909,0.0010143876374207883,292020345.2835,175232751.8925,3860584.2314,-0.009364248965070932,-0.009364248965070932,-0.008058425988078152,0.9919415740119218,-0.00004692425392371913,0.999835004301834,526.6563508743901,12.440616656470999,0.0000335285000000001,0.00002247443816631508
2021-12-18T02:00:00.000Z,0.01737275691310109,0.9862703204580283,0.0002950710091388688,0.0010439788922116126,0.0010236249792083818,290424347.27320004,178181802.8736,2949050.9811,-0.014753304521180066,-0.014753304521180066,-0.013434608532832815,0.9865653914671672,-0.00011669142872761107,0.9999700261877209,520.8715778635313,12.290703758239488,0.000033474300000000094,0.000017262280917356917
2021-12-18T03:00:00.000Z,0.01737275691310109,0.9854762653223247,0.0003023839920417218,0.0010657931681571171,0.0010457096342612049,289772482.53249997,181954942.3835,3773139.5099,-0.01556944431193652,-0.01556944431193652,-0.014221350685633594,0.9857786493143664,-0.00013787614735860654,1.000470561219722,519.7488357313283,12.297190231532904,0.000033502099999999985,0.000022135770487146195
2021-12-18T04:00:00.000Z,0.01737275691310109,0.9912231106786525,0.0003201876220419836,0.0010807526510855597,0.0010654953036194348,290257638.5564,184531737.4695,2576795.086,-0.009842384624966893,-0.009842384624966893,-0.008456701699305475,0.9915432983006945,-0.000051662434784272016,0.9998296029157722,526.1509289491195,12.718667249040536,0.000033669900000000096,0.000015091942689214755
2021-12-18T05:00:00.000Z,0.01737275691310109,0.9912868518258394,0.00032651613288771386,0.0010983383458801448,0.0010824424144079137,290249517.4106,187560622.3145,3028884.845,-0.009795590588568492,-0.009795590588568492,-0.008386632041272865,0.9916133679587271,-0.00005297683549376764,1.0000053506973021,526.1081829425503,12.675503381659825,0.00003367330000000023,0.000017740268037089776
2021-12-18T06:00:00.000Z,0.01737275691310109,0.9928569729045374,0.00033515972345839185,0.0011129042420516182,0.0010985794030572427,290712123.8533,190069414.8233,2508792.5088,-0.008241606498519793,-0.008241606498519793,-0.006807867372004159,0.9931921326279959,-0.000034925664298190995,0.9996377681928192,527.9548475909315,12.722132400981234,0.00003367339999999984,0.000014670689369364553
2021-12-18T07:00:00.000Z,0.01737275691310109,0.990712928016999,0.0003395188058216891,0.0011264776760525385,0.0011125386452300878,290113792.0206,192407505.5409,2338090.7176,-0.010399610628231137,-0.010399610628231137,-0.00894755317717936,0.9910524468228207,-0.00008007991578118379,1.001758956480316,524.5466884779194,12.60766216855735,0.000033670100000000096,0.000013700673078092631
2021-12-18T08:00:00.000Z,0.01737275691310109,0.99019970084745,0.00034689909596957936,0.0011388770869376825,0.0011250704566340142,289962914.5435,194543360.6807,2135855.1398,-0.010925369609183999,-0.010925369609183999,-0.009453400056580406,0.9905465999434196,-0.00004981610908083578,0.9985529858626048,525.6717990754545,12.607860881290312,0.00003367040000000009,0.000012522131471110203
