query_ts,assumedLPToken,equityValue,totalDexYield,totalTradingfee,newTotalTradingFee,liquidity,totalVolume,volume,priceImpact,priceEffect,totalReturn,totalEquityVal,impermanentLoss,tokenPrice,quoteTokenPrice,rewardPrice,rewardTokenPerLP,feePerDollar
2022-01-31T10:00:00.000Z,0.02040450067192687,1,0.000006206552125402551,0.0000072697705915459195,2.879918525877656e-13,203150444.99859998,868739.5313,868739.5313,-2.879918525877656e-13,-2.879918525877656e-13,0.000006206552125402551,1.0000062065521254,0,0.9995423196541465,371.43948742106613,7.297529956766853,0.000041682,0.000007269770948422869
2022-01-31T11:00:00.000Z,0.02040450067192687,1.0006302027015115,0.000012432792472936418,0.000015385621965253557,0.000008113834310874424,203332656.1239,1838844.5233,970104.992,0.0006220888672006097,0.0006220888672006097,0.0006426354939844206,1.0006426354939844,-3.2692737461648136e-7,0.9993557050188787,371.9712149634313,7.3100777941429635,0.0000416709,0.00000811074088067329
2022-01-31T12:00:00.000Z,0.02040450067192687,1.0010754522876903,0.000018632079266178433,0.00003607689973232409,0.000028745565590515554,203424774.2262,4312136.584100001,2473292.0608,0.0010467067220998327,0.0010467067220998327,0.0010940843669565267,1.0010940843669565,-7.310872640609034e-8,1.0002060114913636,371.9704839702779,7.303695471162552,0.000041670899999999994,0.000020669048395672105
2022-01-31T13:00:00.000Z,0.02040450067192687,0.9995777725813585,0.000024717098688159215,0.00005303732881673656,0.0000458852050825298,203122094.687,6339485.4844,2027348.9003,-0.0004681126237240374,-0.0004681126237240374,-0.0003975103199533484,0.9996024896800466,-2.9806790069475397e-7,0.9998461029141097,370.97906895470925,7.266909110494565,0.0000416709,0.000016967593485193507
2022-01-31T14:00:00.000Z,0.02040450067192687,1.0035484194102156,0.00003105343204199194,0.00007222527643050195,0.00006574436603945522,203949985.6129,8633335.148,2293849.6636,0.003482675044176098,0.003482675044176098,0.003579472842257545,1.0035794728422576,-0.0000027537514791786677,1.000672255661161,373.6088512930918,7.304087218750821,0.00004166690000000002,0.000019120101511168486
2022-01-31T15:00:00.000Z,0.02040450067192687,1.0076798156989444,0.000037591878040615136,0.00009047894276750115,0.00008394557535673641,204799202.1858,10815597.0481,2182261.9001,0.007595870123587645,0.007595870123587645,0.007717407576984996,1.007717407576985,-0.000024181541102175075,1.0001549665178116,376.8727350447873,7.368537793514419,0.0000416653,0.000018114549229563488
2022-01-31T16:00:00.000Z,0.02040450067192687,1.0113000841388409,0.00004409932849836915,0.00011037309218997199,0.00010547843625619002,205558324.5638,13194252.2438,2378655.1957,0.011194605702584681,0.011194605702584681,0.011344183467339241,1.0113441834673393,-0.00004620405004518435,1.0010620900861447,379.2256732639137,7.40948017205121,0.000041660900000000006,0.00001967185635157741
2022-01-31T17:00:00.000Z,0.02040450067192687,1.0177531595429194,0.000051304573329808795,0.0001362188610560816,0.00013070685652816216,208021646.3736,16301719.8619,3107467.6181,0.017622452686391288,0.017622452686391288,0.01780446411624926,1.0178044641162494,-0.00013328573213378103,1.000683502879911,384.20753589394303,7.548040551452913,0.000041428499999999985,0.00002539492905119333
2022-01-31T18:00:00.000Z,0.02040450067192687,1.016706121018244,0.000057669385127943804,0.00015979801228865073,0.00015587885702883497,207811807.6412,19136726.0975,2835006.2356,0.016550242161215145,0.016550242161215145,0.016763790403371923,1.016763790403372,-0.00012926006121061206,0.9998775748748712,383.70735673542544,7.546683959509857,0.00004139349999999999,0.00002319170722407258
2022-01-31T19:00:00.000Z,0.02040450067192687,1.0167530070675377,0.0000640943105107092,0.00016871593601747086,0.00016369308653940706,207822799.9932,20208967.3703,1072241.2728,0.016589313980998277,0.016589313980998277,0.016817101378048392,1.0168171013780485,-0.00013117565074127757,0.999797302359542,383.76766319122464,7.55205636397558,0.000041427900000000024,0.00000877098260546794
2022-01-31T20:00:00.000Z,0.02040450067192687,1.0170968517109336,0.00007038582418045084,0.00018051870722433997,0.0001764643190871329,207893611.7017,21628070.3309,1419102.9606,0.016920387391846425,0.016920387391846425,0.01716723753511401,1.017167237535114,-0.00012019986153199991,1.0008157740177226,383.62687539191194,7.542158191812904,0.00004142800000000003,0.00001160437308906627
2022-01-31T21:00:00.000Z,0.02040450067192687,1.0163923754129083,0.00007655223423082904,0.00019292167477802375,0.0001873843200028702,207753009.8698,23119362.054399997,1491291.7235,0.016204991092905408,0.016204991092905408,0.016468927647139107,1.016468927647139,-0.00012373329433090774,0.9998854312486897,383.44375100739273,7.521618253137687,0.0000414276,0.00001220293237406679
2022-01-31T22:00:00.000Z,0.02040450067192687,1.0092098346208183,0.0000816205667333617,0.0002917882242209815,0.00033120546033305054,206285046.8455,35006757.940299995,11887395.8859,0.008878629160485207,0.008878629160485207,0.009291455187551619,1.0092914551875516,-0.0000342190167426093,1.0001088204461848,377.8503644023365,7.425490165876584,0.00003990859999999997,0.00009796431353148677
2022-01-31T23:00:00.000Z,0.02040450067192687,1.0064137180829755,0.00008766035243906961,0.0003561632260967213,0.0003505492904376517,204587815.4111,42704645.31909999,7697887.3788,0.006063168792537876,0.006063168792537876,0.006501378435414598,1.0065013784354147,-0.000018025526266285397,0.9995828656912825,375.9420929608251,7.404689501983502,0.000041488299999999973,0.00006396475038195256
2022-02-01T00:00:00.000Z,0.02040450067192687,1.0054808485038311,0.00009382765484805422,0.0003823026708196518,0.000376450766891967,204170663.7662,45826890.17389999,3122244.8548,0.005104397736939159,0.005104397736939159,0.005574676158679181,1.0055746761586792,-0.000010755222411451548,0.9999956731679208,375.0709973751046,7.394096283861686,0.00004170870000000001,0.000025996958403574022
2022-02-01T01:00:00.000Z,0.02040450067192687,1.007397101386779,0.00010044821241514141,0.0003937563903953265,0.0003882913580259828,204572941.78489998,47195076.1939,1368186.02,0.0070088100287530875,0.0070088100287530875,0.007497549599194212,1.0074975495991942,-0.00001831183947620385,1.0004748938500647,376.3133306138726,7.418336443012009,0.000041706199999999984,0.000011369618160184669
2022-02-01T02:00:00.000Z,0.02040450067192687,1.0074068266717096,0.00010687167837629866,0.0004019382340051073,0.00039753445098988927,204575487.144,48172428.1689,977351.975,0.007009292220719665,0.007009292220719665,0.007513698350085853,1.0075136983500859,-0.000026543874807494205,0.9992411296450928,376.77832595811276,7.426014905144237,0.000041706199999999984,0.000008121688383567074
2022-02-01T03:00:00.000Z,0.02040450067192687,1.0100678650253783,0.00011374699852879505,0.00041212124085648704,0.000409613060083025,205133968.238,49388933.8539,1216505.685,0.00965825196529524,0.00965825196529524,0.01018161202390706,1.010181612023907,-0.00003940340264318998,1.0002766968993024,378.3710539707309,7.4625152750525725,0.000041702699999999976,0.000010081507622865274
2022-02-01T04:00:00.000Z,0.02040450067192687,1.016851293321143,0.00012215661545376206,0.00042500798891885184,0.00042901185670118913,206512032.7141,50928443.1078,1539509.2539,0.016422281464441912,0.016422281464441912,0.016973449936596864,1.0169734499365968,-0.00011875203597488948,1.0004192672013497,383.4030507303063,7.591496889339445,0.000041598400000000066,0.000012673187597031036
2022-02-01T05:00:00.000Z,0.02040450067192687,1.0149715926464875,0.00012898699230689848,0.00043539166383208965,0.0004333149513786605,206134670.8393,52168950.4199,1240507.3121,0.014538277695108848,0.014538277695108848,0.015100579638794407,1.0151005796387944,-0.00012496363383340814,0.9981675946166078,382.8447234826055,7.613375850117671,0.000041702199999999934,0.000010230508152672884
2022-02-01T06:00:00.000Z,0.02040450067192687,1.015721983770181,0.00013541430261096543,0.00044512561251358173,0.0004440446522004926,206289286.6385,53331849.2656,1162898.8457,0.015277939117980477,0.015277939117980477,0.015857398072791934,1.0158573980727919,-0.00010926425978918797,0.9999212414271751,382.7307554543437,7.610510923442862,0.00004170199999999976,0.000009583280207635579
2022-02-01T07:00:00.000Z,0.02040450067192687,1.0116261199482977,0.0001409727484482539,0.00045476742059138964,0.00045258952748694625,205657345.2972,54484861.07390001,1153011.8083,0.011173530420810707,0.011173530420810707,0.011767092696745907,1.011767092696746,-0.00007419538721897823,0.9984729977954877,380.19317667079554,7.561642183784663,0.00004166120000000019,0.000009530999591954213
2022-02-01T08:00:00.000Z,0.02040450067192687,1.0147906930504895,0.00014828843936757975,0.0004695535746505025,0.00047045273607304594,206374598.03939998,56253690.914500006,1768829.8406,0.014320240314416477,0.014320240314416477,0.014938981489857103,1.014938981489857,-0.00007828727649217271,1.0012482839296317,381.5027356482657,7.6072912491896,0.0000416475,0.00001457064366248174
2022-02-01T09:00:00.000Z,0.02040450067192687,1.0164002554576297,0.00015479931158264416,0.0004796387725279114,0.00047978306244811364,206711237.50140002,57460211.64570001,1206520.7312,0.015920472395181573,0.015920472395181573,0.016555054769212332,1.0165550547692124,-0.0001039477933567623,1.0009184980374248,382.83352875635455,7.609575682334227,0.00004164590000000005,0.000009922466082793919
2022-02-01T10:00:00.000Z,0.02040450067192687,1.0141169277827133,0.00016035668206161737,0.0005021144218382918,0.0004995967336069995,206232895.8338,60148855.34040001,2688643.6947,0.01361733104910634,0.01361733104910634,0.014277284464774958,1.014277284464775,-0.00008027511354702366,1.0003964764054751,381.2985551438175,7.566659653488365,0.00004164929999999997,0.00002216277991205367
2022-02-01T11:00:00.000Z,0.02040450067192687,1.0140704100244546,0.00016708339978955205,0.0005182244423459501,0.0005155222724140263,206225125.81,62076028.12650001,1927172.7861,0.013554887752040612,0.013554887752040612,0.01423749342424419,1.0142374934242442,-0.000082530444214024,1.0001580251906943,381.34247278422055,7.5818083087534465,0.00004140630000000007,0.000015886491636273423
2022-02-01T12:00:00.000Z,0.02040450067192687,1.0161943856049995,0.00017507093927515734,0.0005332125642336139,0.0005382851088782115,206659440.1508,63869013.42200001,1792985.2955,0.015656100496121317,0.015656100496121317,0.016369456544274685,1.0163694565442747,-0.00010919489013871964,1.0002983782801005,382.87151427635155,7.650467934778397,0.00004147530000000008,0.000014749265749127215
2022-02-01T13:00:00.000Z,0.02040450067192687,1.0173713273121459,0.0001824171002622132,0.0005541637504493433,0.0005534731589769137,206901014.0007,66375369.865700014,2506356.4437,0.016817854153168943,0.016817854153168943,0.01755374441240807,1.017553744412408,-0.00014622236072270312,0.999118546282573,384.20106443075866,7.68605350371103,0.00004164909999999995,0.000020593451292972323
2022-02-01T14:00:00.000Z,0.02040450067192687,1.0186738198972844,0.00018858389460660942,0.0005782401920104884,0.0005829787507165562,207112121.2417,69254847.78680001,2879477.9211,0.018090841146567893,0.018090841146567893,0.01886240379189106,1.018862403791891,-0.00015176079771062057,1.0000483921859926,384.80552843966643,7.671128124112075,0.00004166110000000002,0.000023635084400286737
2022-02-01T15:00:00.000Z,0.02040450067192687,1.014772678422878,0.00019360389734671637,0.0006061876509716573,0.0006059222665801833,206286182.128,72596757.91000001,3341910.1232,0.014166756156297922,0.014166756156297922,0.014966282320224822,1.0149662823202248,-0.00009776752163248581,0.9996256762023056,382.0063621826984,7.612914696699412,0.00004152949999999998,0.000027540609607650797
2022-02-01T16:00:00.000Z,0.02040450067192687,1.0151997769773582,0.0002011923047054227,0.0006222093893667084,0.0006206417936136521,206383027.05699998,74512703.54030001,1915945.6303,0.01457913518374454,0.01457913518374454,0.015400969282063616,1.0154009692820636,-0.00010763014539194593,0.9993439021093453,382.4248848743521,7.655369531665325,0.00004166820000000005,0.000015781857732954148
2022-02-01T17:00:00.000Z,0.02040450067192687,1.02132401581553,0.00020978848293459434,0.0006419143870275005,0.0006485063449652717,207630284.2873,76869133.95960002,2356430.4193,0.020675509470564624,0.020675509470564624,0.02153380429846449,1.0215338042984645,-0.00019897271555857632,1.0000566650697846,386.75865179800826,7.732309344312735,0.00004166790000000003,0.00001929358102340675
2022-02-01T18:00:00.000Z,0.02040450067192687,1.020651178375087,0.00021565215598411737,0.0006598740796019691,0.0006627190260266591,207495686.86499998,79016873.92640002,2147739.9668,0.01998845934906024,0.01998845934906024,0.020866830531071016,1.020866830531071,-0.00016027212115388156,1.0014296035362356,385.7086230049659,7.706919460841363,0.000041668000000000035,0.000017596307656917716
2022-02-01T19:00:00.000Z,0.02040450067192687,1.019210511249323,0.00022218069304723762,0.0006717896734144035,0.0006743593011162563,207186883.3173,80441710.75600003,1424836.8296,0.01853615194820679,0.01853615194820679,0.019432691942370284,1.0194326919423702,-0.00015527003441517806,1.0002854196457176,385.05096508819963,7.70606852574873,0.00004167139999999996,0.00001169100365591409
2022-02-01T20:00:00.000Z,0.02040450067192687,1.0165779080446264,0.00022755854586394678,0.00068386293892488,0.0006857134262308051,206645217.1034,81885356.17630003,1443645.4203,0.01589219461839564,0.01589219461839564,0.01680546659049039,1.0168054665904904,-0.00012958016953046325,0.9992104357070061,383.46660079449316,7.666490567755518,0.00004167309999999992,0.000011876380440404688
2022-02-01T21:00:00.000Z,0.02040450067192687,1.0186572871914241,0.00023446964780936215,0.0006917637595087067,0.0006928389613936048,207067352.5875,82830084.23850003,944728.0622,0.017964448230030516,0.017964448230030516,0.018891756839233484,1.0188917568392335,-0.00014762735089690615,1.0001631884228837,384.66583341864595,7.679331887307966,0.000041673500000000115,0.00000775611261587623
2022-02-01T22:00:00.000Z,0.02040450067192687,1.0202912211014477,0.00024251683750619994,0.0007007108147431361,0.0007019746041794228,207405732.669,83899946.41190003,1069862.1734,0.01958924649726823,0.01958924649726823,0.020533737938953855,1.0205337379389539,-0.00018917285195241273,0.9994895479188316,386.1548498303823,7.7276781996383805,0.00004167349999999995,0.000008769119692957467
2022-02-01T23:00:00.000Z,0.02040450067192687,1.0191121942991868,0.0002487105756170297,0.0007087071834822592,0.0007108722755320152,207166500.2196,84856130.35630003,956183.9444,0.018401322023654743,0.018401322023654743,0.019360904874803787,1.0193609048748038,-0.00016149046189228855,0.9998034211776547,385.1346100076895,7.715972416501758,0.00004167349999999995,0.000007846407135115615
2022-02-02T00:00:00.000Z,0.02040450067192687,1.0193096411025235,0.0002549418923760637,0.0007173434924546056,0.000723713227300804,207206637.47190002,85888836.62680003,1032706.2705,0.01858592787522273,0.01858592787522273,0.019564582994899597,1.0195645829948996,-0.00015681796038513607,1.0002466391423306,385.1035311858976,7.706002812885514,0.000041673800000000136,0.00000847270474184536
2022-02-02T01:00:00.000Z,0.02040450067192687,1.015670241247723,0.0002601670922416028,0.0007295700426954799,0.0007287797273041186,193281903.3988,87257489.92610003,1368653.2993,0.014941461520418864,0.014941461520418864,0.015930408339964584,1.0159304083399645,-0.00010552534153973614,0.9998449420308856,382.50629992200305,7.653650490241261,0.000044549199999999834,0.000012037912333723663
2022-02-02T02:00:00.000Z,0.02040450067192687,1.0149651523718999,0.0002664569647883405,0.0007415520572385015,0.0007391814436095157,193123385.9607,88598600.76430003,1341110.8382,0.014225970928290366,0.014225970928290366,0.015231609336688223,1.0152316093366882,-0.0000982847354249472,0.9996471108329619,382.0427803488455,7.634530648705528,0.0000445491,0.00001180534617078405
2022-02-02T03:00:00.000Z,0.02040450067192687,1.016709911042019,0.0002741636584560414,0.0007514601909804296,0.0007500143207088694,193310451.4022,89706757.50810003,1108156.7438,0.01595989672131015,0.01595989672131015,0.01698407470047506,1.016984074700475,-0.00011255263329912335,1.0003719485429177,383.0724181066304,7.655793138201431,0.00004458409999999995,0.000009745290287178752
2022-02-02T04:00:00.000Z,0.02040450067192687,1.0190758131887538,0.000282577257656294,0.0007652094984996989,0.0007656282834853645,193761517.9435,91244532.90880004,1537775.4007,0.01831018490526848,0.01831018490526848,0.019358390446410138,1.01935839044641,-0.00014664050029677966,1.0005604485118926,384.7743394449198,7.695257124742594,0.00004458309999999988,0.000013491936938439419
2022-02-02T05:00:00.000Z,0.02040450067192687,1.0166352341709541,0.0002881787556822125,0.0007763686954317748,0.0007756103471032727,193304834.76270002,92492667.93950003,1248135.0307,0.015859623823850866,0.015859623823850866,0.01692341292663635,1.0169234129266365,-0.00011244754821371217,1.000280222733869,383.0319259609396,7.658707008867439,0.00004443309999999996,0.000010976598463223884
2022-02-02T06:00:00.000Z,0.02040450067192687,1.014946836431027,0.00029449252349566125,0.0007866962498063645,0.0007841983362537608,193050345.2532,93648183.74620004,1155515.8067,0.01416263809477325,0.01416263809477325,0.015241328954522671,1.0152413289545226,-0.00008936674069359718,1.0002359055889667,381.77020525105394,7.641821482315894,0.00004456640000000012,0.000010175464171346457
2022-02-02T07:00:00.000Z,0.02040450067192687,1.0140706820266507,0.0003011300728708607,0.0008005582615850951,0.0007971455827113783,193059848.2218,95200574.60670003,1552390.8605,0.01327353644393936,0.01327353644393936,0.014371812099521599,1.0143718120995215,-0.0000807175362849133,1.000022292476553,381.182520266344,7.6340833582657766,0.000044525699999999905,0.000013669670245560677
2022-02-02T08:00:00.000Z,0.02040450067192687,1.0131999963651293,0.00030724353976597097,0.0008114618084878025,0.0008105306089793984,192881504.6052,96421570.63060004,1220996.0239,0.012389465756149853,0.012389465756149853,0.013507239904895222,1.0135072399048952,-0.00006620959671077564,1.0003479484672164,380.3937800668413,7.61369614519349,0.000044528399999999945,0.000010761494446440772
