query_ts,assumedLPToken,equityValue,totalDexYield,totalTradingfee,newTotalTradingFee,liquidity,totalVolume,volume,priceImpact,priceEffect,totalReturn,totalEquityVal,impermanentLoss,tokenPrice,quoteTokenPrice,rewardPrice,rewardTokenPerLP,feePerDollar
2022-01-04T10:00:00.000Z,0.017669319445090148,0.9999999999999999,0.000007253080947508627,0.000014249431501152672,-7.932543510946743e-13,284248535.48050004,2382576.6028,2382576.6028,7.931433287922118e-13,7.931433287922118e-13,0.0000072530809473976046,1.0000072530809474,0,0.9991499785108316,511.4526650259089,11.988858232243265,0.0000342393,0.000014249432166512827
2022-01-04T11:00:00.000Z,0.017669319445090148,1.0021821271447597,0.000014586246895796243,0.00002756571443763513,0.000013719110058429962,284864358.5145,4609091.2594,2226514.6566,0.002168408034701308,0.002168408034701308,0.0021967133916555343,1.0021967133916556,-0.0000010384111532868445,0.999874566289803,513.3008980321467,12.059677469075856,0.000034213,0.000013287288504459689
2022-01-04T12:00:00.000Z,0.017669319445090148,1.0031774590361398,0.000022051540020804088,0.000041004822114376246,0.0000262258234942081,285144937.1103,6856123.9274,2247032.668,0.0031512332126455433,0.0031512332126455433,0.0031995105761605555,1.0031995105761606,-0.0000023130092043910366,1.0001450858925485,514.1690684161392,12.156617887916402,0.00003420889999999999,0.000013396539929174199
2022-01-04T13:00:00.000Z,0.017669319445090148,1.0041350940105038,0.00002955829570827312,0.00006422671989429014,0.00004936256611398626,284966545.1399,10732719.6952,3876595.7678,0.00408573144438984,0.00408573144438984,0.004164652306212099,1.004164652306212,-0.000008818010624689343,0.9990279555450268,515.7035004850632,12.242925592598386,0.0000339777,0.000023126268390644363
2022-01-04T14:00:00.000Z,0.017669319445090148,1.005520742963629,0.000036827732615975,0.00008392072071436262,0.0000695090089304351,285362796.3915,14020413.4548,3287693.7596,0.005451233954698598,0.005451233954698598,0.005557570696245008,1.005557570696245,-0.000013605664157312347,0.9993697680356985,516.9302470838893,12.238674672213609,0.00003366349999999998,0.000019585872657527965
2022-01-04T15:00:00.000Z,0.017669319445090148,1.007047166531679,0.00004429383441182074,0.00010088440351888948,0.0000866501349880977,285798508.33959997,16852335.8645,2831922.4097,0.006960516396690819,0.006960516396690819,0.0070914603660907375,1.0070914603660908,-0.000023923309702023055,0.99916917216048,518.5874315557414,12.2543721045069,0.000034263100000000014,0.000016844972790303887
2022-01-04T16:00:00.000Z,0.017669319445090148,1.0041897144426608,0.00005163821024908339,0.00011905696991882303,0.00010365402226941711,285005059.0883,19886256.0471,3033920.1826,0.004086060420391391,0.004086060420391391,0.004241352652909891,1.00424135265291,-0.000009848894821362641,0.9987898475982508,515.8267803732068,12.238272759242198,0.0000342328,0.000018096746517127812
2022-01-04T17:00:00.000Z,0.017669319445090148,1.0035635171752393,0.0000588208380128207,0.0001363146984698273,0.00012067521375214163,284808648.8503,22767254.5739,2880998.5268,0.003442841961487142,0.003442841961487142,0.0036223380132521044,1.003622338013252,-0.0000034658713952140374,0.9999537229434973,514.5664969406046,12.191133148774941,0.00003426750000000002,0.00001719644931897524
2022-01-04T18:00:00.000Z,0.017669319445090148,1.0039878771369724,0.0000662913812477726,0.00015173851422017008,0.0001398820571578696,284925345.82930005,25342066.6747,2574812.1008,0.0038479950798144813,0.0038479950798144813,0.004054168518220123,1.00405416851822,-0.00000513786760625301,0.999784665082931,515.0691872040608,12.207509224967575,0.000034267900000000004,0.00001536255245604716
2022-01-04T19:00:00.000Z,0.017669319445090148,0.9960312422081052,0.00007248969113599214,0.0001748785076367282,0.00015813156444544063,282735870.8027,29205934.5225,3863867.8478,-0.004126889356340202,-0.004126889356340202,-0.0038962681007587694,0.9961037318992413,-0.000006803273508326768,0.9987037452233472,507.46659970557204,12.01019357356528,0.000034257299999999954,0.000023232196617328803
2022-01-04T20:00:00.000Z,0.017669319445090148,0.9979996704846108,0.00007994087642480492,0.00018967001442220485,0.00017345516505062886,283325386.1203,31676057.5062,2470122.9837,-0.0021737846804398275,-0.0021737846804398275,-0.0019203886389643939,0.9980796113610356,-0.000003718969221799817,0.9997007736718052,508.9509396747002,12.037617432545618,0.00003425380000000006,0.000014821153620547844
2022-01-04T21:00:00.000Z,0.017669319445090148,1.0002909892598926,0.00008851489552031974,0.0001975609928987585,0.00018176480309572973,284009052.9457,32993973.6584,1317916.1522,0.00010922445679684145,0.00010922445679684145,0.0003795041554128909,1.0003795041554129,-1.6112473755214296e-7,0.9998265208335879,511.218242389404,12.215528917572879,0.00003424999999999999,0.000007888683249714422
2022-01-04T22:00:00.000Z,0.017669319445090148,0.9993109397484283,0.00009569345484761906,0.0002051334871931102,0.0001891178536940208,283715289.3032,34258628.8471,1264655.1887,-0.0008781781052656923,-0.0008781781052656923,-0.0005933667967240524,0.9994066332032759,-3.2390806381510373e-7,0.9990763502982329,510.59239237925436,12.188216484862153,0.00003425219999999997,0.000007577715765936169
2022-01-04T23:00:00.000Z,0.017669319445090148,0.9982228639599018,0.00010238465042308384,0.00021351089143239552,0.00019735944118082216,283500794.4619,35658175.262899995,1399546.4158,-0.001974495481279037,-0.001974495481279037,-0.001674751389675131,0.9983252486103249,-0.0000026556197534333137,0.9994779212091272,509.2677843043146,12.135677537942742,0.00003312840000000004,0.000008392318305054157
2022-01-05T00:00:00.000Z,0.017669319445090148,0.9955284191066637,0.00010886045630790635,0.00022334291002647425,0.00020853559011713152,282744405.1423,37300784.04179999,1642608.7789,-0.004680116483453456,-0.004680116483453456,-0.004362720437028418,0.9956372795629715,-0.000009631901374262952,0.9988482507861549,506.8296061710086,12.039859430091418,0.000034240500000000046,0.000009876181007806749
2022-01-05T01:00:00.000Z,0.017669319445090148,0.9982446099800679,0.00011615874024877507,0.00023481784844653665,0.0002211818118138531,283522548.87079996,39217916.26539999,1917132.2236,-0.0019765718317459324,-0.0019765718317459324,-0.0016392312796833042,0.9983607687203166,-0.000004036243615557211,1.0000123063451276,508.9935246329712,12.04447949164982,0.00003409730000000002,0.000011495116678021858
2022-01-05T02:00:00.000Z,0.017669319445090148,0.9987928677133255,0.00012304133519887018,0.0002455928220775776,0.000230523250444592,283778133.4929,41018738.31369999,1800822.0483,-0.0014376555371190536,-0.0014376555371190536,-0.0010840909514755915,0.9989159090485245,-0.000001617856634106296,0.9995098573003656,509.79951449617863,12.00821771895294,0.00003408619999999989,0.000010787996398554768
2022-01-05T03:00:00.000Z,0.017669319445090148,1.0003667155474714,0.00013074597981816986,0.00025740082010145216,0.00024235181085496826,284229291.2476,42992237.34669999,1973499.033,0.00012436373661639522,0.00012436373661639522,0.0004974615272895334,1.0004974615272895,-1.7391829942869919e-7,0.9998637591017951,511.2146797156865,12.048969520868086,0.00003422820000000015,0.000011803668585224776
2022-01-05T04:00:00.000Z,0.017669319445090148,1.0001336100610432,0.00013783962077143605,0.0002711440680068697,0.00025853176232915054,284163951.544,45289186.71679999,2296949.3701,-0.0001249217012859738,-0.0001249217012859738,0.0002714496818146128,1.0002714496818146,-7.924957468041782e-9,0.9991509446288604,511.3243955124679,12.03208376883853,0.000034228200000000046,0.000013741411984008734
2022-01-05T05:00:00.000Z,0.017669319445090148,1.0000878941778348,0.00014555915454316778,0.00028844642925879223,0.0002732377483967152,284871186.1566,48188310.92099999,2899124.2042,-0.00018534357056188,-0.00018534357056188,0.000233453332378003,1.000233453332378,-2.6925128793209296e-10,0.9989879743913859,511.34600430340413,12.070317685207696,0.00003414159999999988,0.000017300841175388964
2022-01-05T06:00:00.000Z,0.017669319445090148,1.0003101944566595,0.00015260544205254154,0.000300483108915721,0.0002869995066085984,284935649.9992,50205143.52589999,2016832.6049,0.000023194950050875462,0.000023194950050875462,0.0004627998987120154,1.0004627998987121,-4.686494525785179e-10,0.999142564191492,511.4801870420016,12.05174016404191,0.00003414160000000007,0.00001203294648577539
2022-01-05T07:00:00.000Z,0.017669319445090148,1.0012461848221494,0.0001603498447331633,0.00031632599851693467,0.0003013623679215538,285238433.1165,52860070.74079999,2654927.2149,0.0009448224542278894,0.0009448224542278894,0.0014065346668826065,1.0014065346668826,-2.639615858113231e-7,0.9993676101727328,512.3079962239655,12.08753869576435,0.000034137800000000004,0.000015823170166856864
2022-01-05T08:00:00.000Z,0.017669319445090148,1.0016777537743355,0.00016754363640408045,0.0003299475878571769,0.00031557134553028554,285374612.6774,55142861.87489999,2282791.1341,0.0013621824288052586,0.0013621824288052586,0.0018452974107396247,1.0018452974107397,-4.81735135782202e-7,0.9995294178830951,512.6523117547868,12.080542198248951,0.00003413649999999995,0.000013598774227183847
2022-01-05T09:00:00.000Z,0.017669319445090148,1.001976655581643,0.00017531729866755233,0.0003480826405249966,0.0003339401900739336,285469387.0854,58182149.71419999,3039287.8393,0.0016427153915690162,0.0016427153915690162,0.0021519728803105023,1.0021519728803105,-5.544808208135521e-7,0.9997379462693832,512.8326019572972,12.114209039055568,0.00003413569999999997,0.000018099276351703244
2022-01-05T10:00:00.000Z,0.017669319445090148,1.0031710464602228,0.00018263518850715664,0.00036760768907946704,0.00035386578876916985,285806035.5697,61454348.06719999,3272198.353,0.002817180671453645,0.002817180671453645,0.0033536816487299715,1.00335368164873,-0.0000024290966313955664,0.9997587328167503,514.0252520009266,12.118577708439028,0.0000338802000000001,0.000019463330048337645
2022-01-05T11:00:00.000Z,0.017669319445090148,1.0023989523994263,0.00019028091991764686,0.00038259140625573125,0.0003678142351224434,285596571.26019996,63965557.91579999,2511209.8486,0.0020311381643038917,0.0020311381643038917,0.002589233319343982,1.002589233319344,-0.000002854348308711785,0.998790136973264,513.7174512323023,12.143548780947016,0.000033879199999999945,0.00001494785712511432
2022-01-05T12:00:00.000Z,0.017669319445090148,0.9996040419585481,0.00019602758364361137,0.0003984030918388049,0.00038276707290407774,284797611.4894,66615507.22219999,2649949.3064,-0.0007787251143559493,-0.0007787251143559493,-0.00019993045780826015,0.9998000695421917,-0.0000013429946541521076,1.0000094883304165,510.2175030694479,12.047703595974285,0.00003405050000000005,0.00001581794804149075
2022-01-05T13:00:00.000Z,0.017669319445090148,0.9988306300333277,0.00020110464147511122,0.00042216542519019827,0.00040871669318243153,284568384.8392,70597816.307,3982309.0848,-0.001578086659854705,-0.001578086659854705,-0.0009682653251971622,0.9990317346748029,-0.000002945261912246089,0.9999973270053625,509.40769240778405,11.918930392460169,0.00003405670000000004,0.000023790153104974947
2022-01-05T14:00:00.000Z,0.017669319445090148,1.0005288464274131,0.00020829599356438685,0.0004442693550909783,0.00042902119031085206,284851880.10370004,74299591.5269,3701775.2199,0.00009982523710228008,0.00009982523710228008,0.000737142420977519,1.0007371424209774,-4.0709671189631536e-9,0.9993398879297534,511.45756864585826,11.919725433880819,0.00003408110000000005,0.00002209224622824688
2022-01-05T15:00:00.000Z,0.017669319445090148,1.0010940279267158,0.00021608436993581135,0.00046137993708350773,0.00044778611670581725,285012918.9559,77165125.31269999,2865533.7858,0.0006462418100099399,0.0006462418100099399,0.0013101122966515685,1.0013101122966517,-1.1205629757427005e-9,0.9997483412571407,511.8074157858039,11.95980435408613,0.000033541300000000065,0.000017091882900275662
2022-01-05T16:00:00.000Z,0.017669319445090148,1.0008641033595205,0.00022284223461948728,0.00047774248136960154,0.0004629792236114927,284947376.585,79905383.3922,2740258.0795,0.0004011241359089812,0.0004011241359089812,0.0010869455941399612,1.00108694559414,-2.610430617222548e-7,1.0002732534231764,511.2882534693208,11.93664517634927,0.00003402500000000008,0.000016348417700769338
2022-01-05T17:00:00.000Z,0.017669319445090148,1.0000807706185413,0.00022963652723075685,0.0004943029361689358,0.0004791329373472486,284824423.0155,82679760.54069999,2774377.1485,-0.00039836231880596706,-0.00039836231880596706,0.0003104071457720384,1.000310407145772,-7.767321756890766e-7,0.9999975562573191,510.6121076019216,11.916645553499992,0.00003404109999999996,0.000016559117727742518
2022-01-05T18:00:00.000Z,0.017669319445090148,0.9972877521430126,0.00023594930403789263,0.0005110599109060704,0.0004979333794437046,284031096.4631,85487081.81799999,2807321.2773,-0.003210181236431131,-0.003210181236431131,-0.002476298552949534,0.9975237014470505,-0.000007386634186978824,0.9997779095747648,507.85505491674974,11.873326650612485,0.00003406940000000003,0.000016802548139407734
2022-01-05T19:00:00.000Z,0.017669319445090148,0.9962556130890992,0.0002421758170026591,0.0005374096934567722,0.000521940815166877,283094314.1249,89891499.22819999,4404417.4102,-0.00426632772606772,-0.00426632772606772,-0.0035022110938981842,0.9964977889061019,-0.000005840890127117859,0.9982934905729683,507.53299058647485,11.82754153445923,0.00003414780000000007,0.00002644881660899958
2022-01-05T20:00:00.000Z,0.017669319445090148,0.9815937168382312,0.0002425953040191408,0.000568920901550014,0.0005438422825336797,278785822.8423,95155973.9478,5264474.7196,-0.018950125444302524,-0.018950125444302524,-0.018163687857749702,0.9818363121422503,-0.0002001206157895563,1.0000253354448654,491.82126165171724,11.512664448380281,0.00003375650000000004,0.00003210208801895389
2022-01-05T21:00:00.000Z,0.017669319445090148,0.9738332304433704,0.0002443319133988622,0.0006221475565859202,0.0005957960910729643,275349228.4583,104008750.8537,8852776.9059,-0.02676256564770252,-0.02676256564770252,-0.02592243764323069,0.9740775623567693,-0.00039602547773953667,1.0001704729762009,483.9491266765449,11.271613155088902,0.000034223699999999806,0.00005465684732183366
2022-01-05T22:00:00.000Z,0.017669319445090148,0.971562297417464,0.00025140877252548255,0.0006556359155848371,0.0006246941501795167,274569898.81149995,109575827.722,5567076.8683,-0.02906239673271549,-0.02906239673271549,-0.02818629381001049,0.9718137061899895,-0.0004419218968916283,0.999391715345642,482.0399431936056,11.282904930894976,0.00003426990000000028,0.000034468565990211936
2022-01-05T23:00:00.000Z,0.017669319445090148,0.964679859503771,0.00025703658201180803,0.0007262149130765803,0.0006931790020822115,270203335.1666,121204605.1124,11628777.3904,-0.036013319498311214,-0.036013319498311214,-0.03506310391421719,0.9649368960857828,-0.0007067407360900058,1.0000791910187063,474.83618269830265,11.22760037538492,0.00003457999999999997,0.00007316312935771508
2022-01-06T00:00:00.000Z,0.017669319445090148,0.9639095468284223,0.00026540436040032304,0.0007556791075419931,0.0007212249562823514,269221954.68850005,126045435.09629999,4840829.9839,-0.036811678127860015,-0.036811678127860015,-0.03582504881117734,0.9641749511888227,-0.0007113553792796878,0.9993735077303096,474.3847435222036,11.290406691075138,0.000034737600000000025,0.000030567384380489095
2022-01-06T01:00:00.000Z,0.017669319445090148,0.9623985625509126,0.0002731472985565745,0.0007817904267243959,0.0007467714936515435,268753749.048,130334666.35599999,4289231.2597,-0.03834820894273894,-0.03834820894273894,-0.03732829015053082,0.9626717098494691,-0.0008198438558079113,1.000553810319876,472.31459804006727,11.324076383177616,0.00003474190000000008,0.000027131502973704334
2022-01-06T02:00:00.000Z,0.017669319445090148,0.9588007261416644,0.0002770434521201535,0.0008045943355496529,0.0007678730591459404,267545401.06360003,134077749.7807,3743083.4247,-0.04196714691748149,-0.04196714691748149,-0.0409222304062154,0.9590777695937847,-0.0009533200528119012,0.9999588551041828,469.0453158249002,11.200337673124737,0.000034768900000000005,0.000023783783225925643
2022-01-06T03:00:00.000Z,0.017669319445090148,0.9561813364987863,0.0002863719641603163,0.000827405274997117,0.0007867528006693103,263401403.06770003,137774091.0626,3696341.2819,-0.04460541630188297,-0.04460541630188297,-0.04353229153705335,0.9564677084629467,-0.0010729430152145447,0.9998632121677185,466.5101414361562,11.29355392051859,0.00003519319999999996,0.000023856289700988906
2022-01-06T04:00:00.000Z,0.017669319445090148,0.9565456318442347,0.0002919741807504065,0.0008570722814449845,0.0008155602700599118,251193079.66770002,142356847.65069997,4582756.5881,-0.04426992842582522,-0.04426992842582522,-0.0431623939750149,0.9568376060249851,-0.0011448898697525856,1.0017458684986966,465.96046664033565,11.225373389545219,0.000036961299999999866,0.00003101473261156794
2022-01-06T05:00:00.000Z,0.017669319445090148,0.9557659114065542,0.000298245368282308,0.0009060409768132851,0.0008639615618594165,233560009.67650002,149395938.35469997,7039090.704,-0.045098050155305214,-0.045098050155305214,-0.04393584322516349,0.9560641567748365,-0.0011040706200482475,1.0000154990197587,465.95819955100615,11.165088209350975,0.000039736600000000097,0.000051235030403426216
2022-01-06T06:00:00.000Z,0.017669319445090148,0.9582863917083055,0.0003070166782225297,0.0009245244437235147,0.0008830738538727623,233540561.3255,152045667.63869998,2649729.284,-0.04259668214556722,-0.04259668214556722,-0.04140659161347193,0.9585934083865281,-0.0009417501783169913,0.9990358984593234,468.86184436970296,11.2007003231329,0.000039513300000000176,0.00001928804040391828
2022-01-06T07:00:00.000Z,0.017669319445090148,0.9580735119243243,0.00031330950306401173,0.0009408984624656561,0.0008996949399486809,233478848.12530002,154392894.41099998,2347226.7723,-0.04282618301562435,-0.04282618301562435,-0.04161317857261166,0.9583868214273883,-0.0009978916640602797,1.0000721203747254,468.1515108796944,11.144307221875362,0.00003980749999999979,0.00001709056535506185
2022-01-06T08:00:00.000Z,0.017669319445090148,0.9606707148724425,0.0003214196093965487,0.000959108524928384,0.0009208286639184049,233978689.67110002,157001835.4518,2608941.0408,-0.04025011379147592,-0.04025011379147592,-0.03900786551816096,0.9609921344818391,-0.0008658288217302523,0.9996953113852687,470.85220942531083,11.15357134981171,0.00003983060000000041,0.000018955571447957446
