query_ts,assumedLPToken,equityValue,totalDexYield,totalTradingfee,newTotalTradingFee,liquidity,totalVolume,volume,priceImpact,priceEffect,totalReturn,totalEquityVal,impermanentLoss,tokenPrice,quoteTokenPrice,rewardPrice,rewardTokenPerLP,feePerDollar
2022-01-23T10:00:00.000Z,0.02005595528802566,1,0.000007857652491769248,0.00003448173862853984,-4.1300296516055823e-14,181663466.8644,3684748.3642,3684748.3642,4.1300296516055823e-14,4.1300296516055823e-14,0.000007857652491769248,1.0000078576524918,0,1.0015744821346755,386.99967077237403,8.311002981939117,0.0000471407,0.00003448173882873062
2022-01-23T11:00:00.000Z,0.02005595528802566,0.9989103441912374,0.00001564764121594757,0.00006307656902592617,0.000028304465074069363,181506116.0916,6741100.353800001,3056351.9896,-0.0011179602738367045,-0.0011179602738367045,-0.0010740081675466875,0.9989259918324533,-2.751434602377145e-7,0.9997128861545581,386.85388747868615,8.276096961728419,0.00004713069999999999,0.0000286260237076411
2022-01-23T12:00:00.000Z,0.02005595528802566,0.9927029694437213,0.000023112301571975747,0.00008235425898578657,0.000046722517017649956,180298478.97190002,8800681.0502,2059580.6964,-0.007343753073296377,-0.007343753073296377,-0.007273918254706752,0.9927260817452932,-0.000011880696099364485,0.9990774085871981,382.2895864635695,8.148511104547662,0.00004715210000000002,0.000019419393906399423
2022-01-23T13:00:00.000Z,0.02005595528802566,0.9945648999510395,0.00003087834566294625,0.00010530735918862893,0.00006963895067435555,180642005.6888,11253006.1952,2452325.145,-0.005504738999634884,-0.005504738999634884,-0.005404221703297582,0.9945957782967024,-0.000008226845789049975,1.0001096329676633,383.31134396537607,8.163642000428135,0.000047170000000000024,0.00002307853442284094
2022-01-23T14:00:00.000Z,0.02005595528802566,1.0003298220699712,0.00003893975861222235,0.00012635369559913705,0.00009592577640438193,181688979.4443,13501610.018,2248603.8228,0.0002338962935668487,0.0002338962935668487,0.000368761828583453,1.0003687618285835,-4.904783261761025e-7,1.00081701369455,387.4737652871824,8.23517399443925,0.0000471703,0.000021039396613111005
2022-01-23T15:00:00.000Z,0.02005595528802566,0.9823860052110456,0.000044896518508665696,0.0001771389944883475,0.0001424563878018592,177236607.4575,18891257.3622,5389647.3442,-0.017756451176756283,-0.017756451176756283,-0.017569098270445758,0.9824309017295543,-0.00012835960286405879,0.9996806230478449,374.0855586045814,7.915139621086087,0.00004705660000000002,0.000051695869248327125
2022-01-23T16:00:00.000Z,0.02005595528802566,0.9783075457694237,0.00005188463502034529,0.00021365186990474918,0.00017827845676476883,176512480.6315,22766484.0979,3875226.7357,-0.021870732687341077,-0.021870732687341077,-0.021640569595555964,0.9783594304044441,-0.00020995020553205013,0.9999530670111987,370.85721945395875,7.832023002144074,0.00004748940000000001,0.000037322490891980256
2022-01-23T17:00:00.000Z,0.02005595528802566,0.9820475112428358,0.00006017535227161301,0.000244203198852393,0.00020851392997822682,177642337.7984,26017320.7949,3250836.697,-0.01816100268714238,-0.01816100268714238,-0.01789231340489254,0.9821076865951075,-0.00015219722977244388,1.000693556933769,373.399127273718,7.944275394922728,0.00004736759999999999,0.00003110982693310274
2022-01-23T18:00:00.000Z,0.02005595528802566,0.9837915248508686,0.00006785862438334208,0.00025977056115111504,0.00023182205701877123,177957812.00019997,27673777.5558,1656456.7609,-0.016440297206150145,-0.016440297206150145,-0.016140616524748033,0.9838593834752519,-0.00011805942937237468,1.0003632868034056,374.83277315646086,7.960251458105538,0.00004736759999999999,0.000015823843088871175
2022-01-23T19:00:00.000Z,0.02005595528802566,0.9758139423407087,0.00007406551677811836,0.0002793696618336348,0.00024249569904921664,176509643.9108,29759174.1472,2085396.5914,-0.024428553358340488,-0.024428553358340488,-0.024111992142513153,0.9758880078574869,-0.000282703696195874,1.0006226552526727,368.6732917562817,7.8171654100955905,0.000047369699999999995,0.00002008487540302087
2022-01-23T20:00:00.000Z,0.02005595528802566,0.9699035681525028,0.0000805918542033353,0.0003029420097119502,0.0002632659028809492,175443611.67180002,32267378.620899998,2508204.4737,-0.030359697750378167,-0.030359697750378167,-0.030015839993293884,0.9699841600067061,-0.0004363632950628027,1.0002905064995355,364.32503576209365,7.730805039302812,0.00004736949999999998,0.00002430380658867482
2022-01-23T21:00:00.000Z,0.02005595528802566,0.9744103264663128,0.00008875748812026704,0.0003284631325921417,0.00028994693104744673,176261707.69550002,34982985.778699994,2715607.1578,-0.025879620464734687,-0.025879620464734687,-0.025500916045566972,0.9744990839544331,-0.00030764183427944847,1.0001609592775695,367.74705815646064,7.802989701139362,0.000047369299999999974,0.000026191350512927433
2022-01-23T22:00:00.000Z,0.02005595528802566,0.9741507524595401,0.00009671086574242415,0.0003473477859962227,0.00031338843202222133,175295727.57009998,36981951.139199995,1998965.3605,-0.02616263597248214,-0.02616263597248214,-0.025752536674717493,0.9742474633252826,-0.00030041338890396396,0.999577203611449,367.7480432909467,7.84362550623849,0.00004761990000000003,0.000019385761193130383
2022-01-23T23:00:00.000Z,0.02005595528802566,0.9777790639629813,0.0001049365380272869,0.00035989447072912694,0.00032236569877741594,175951088.9017,38310052.6504,1328101.5112,-0.022543301735796106,-0.022543301735796106,-0.022115999498991405,0.9778840005010085,-0.00023065700000535205,1.0002522752429235,370.2366033255007,7.8989127621574795,0.00004762010000000004,0.000012831819246662166
2022-01-24T00:00:00.000Z,0.02005595528802566,0.9953723405108977,0.00011644191147408613,0.0003943824467597613,0.0003642555769350908,179118671.7746,41960735.250599995,3650682.6002,-0.004991915066037356,-0.004991915066037356,-0.0045112175776281785,0.9954887824223718,-0.000004489025967280291,0.9995652675265422,383.91573202601,8.17709648669107,0.000047620399999999975,0.00003464831644212799
2022-01-24T01:00:00.000Z,0.02005595528802566,0.9859636220083478,0.00012159733750269946,0.0004131428134089224,0.0003793015420613388,176471948.0188,43935917.5347,1975182.2841,-0.014415679533713588,-0.014415679533713588,-0.01391478065414955,0.9860852193458505,-0.00008539325093681605,1.0001216523758292,376.46845217974465,8.009791437385292,0.00004692269999999996,0.000019027442722014288
2022-01-24T02:00:00.000Z,0.02005595528802566,0.98197774555344,0.0001284071873543734,0.0004282582267888019,0.0003916709191710277,175763610.3968,45527387.429,1591469.8943,-0.018413925365731054,-0.018413925365731054,-0.017893847259205654,0.9821061527407944,-0.00014299000537798534,0.9998996280467454,373.5031054802257,7.9551694119075895,0.000047879299999999953,0.000015392826843975986
2022-01-24T03:00:00.000Z,0.02005595528802566,0.9793303702856364,0.00013294347420501489,0.00044518201144996817,0.00041062834535221526,175210893.8524,47308455.1971,1781067.7681,-0.021080258059715806,-0.021080258059715806,-0.020536686240158575,0.9794633137598414,-0.00019099709286207744,0.9998138689586432,371.5085934772607,7.773536607175828,0.000047901299999999975,0.00001728097573841882
2022-01-24T04:00:00.000Z,0.02005595528802566,0.9813229464870526,0.0001408140945420155,0.0004681388520884717,0.00043461674830613806,175569296.43809998,49724471.1851,2416015.988,-0.01911167026125349,-0.01911167026125349,-0.018536239418405334,0.9814637605815947,-0.00016561673347681438,1.000477775617866,372.75676663407694,7.795821928278257,0.000047901299999999975,0.000023393766808469692
2022-01-24T05:00:00.000Z,0.02005595528802566,0.9756746991880559,0.00014685560419772434,0.000483494654142838,0.00044438983259897924,174561477.7049,51340566.392,1616095.2069,-0.02476969064454304,-0.02476969064454304,-0.024178445207746337,0.9758215547922536,-0.00028512483638687414,1.0003744313872684,368.5069171800153,7.719706987594405,0.00004790119999999997,0.000015738649144426215
2022-01-24T06:00:00.000Z,0.02005595528802566,0.9728536195061017,0.00015478193332436985,0.0004993952501498616,0.00045893901859594965,174222871.76929998,53015594.599,1675028.207,-0.02760531951249423,-0.02760531951249423,-0.026991598560573912,0.9730084014394261,-0.00034620345580849143,0.9998971647665613,366.54192682300794,7.7455810880545055,0.000047855499999999996,0.000016344283175808433
2022-01-24T07:00:00.000Z,0.02005595528802566,0.9776801207835919,0.0001630842620549842,0.0005130856658449761,0.0004752535050966955,175085820.7777,54457782.7397,1442188.1407,-0.022795132721504796,-0.022795132721504796,-0.022156794954353118,0.9778432050456469,-0.000260112025671555,1.0013260566197555,369.6490309727907,7.787031863360185,0.00004785620000000004,0.00001400296053843708
2022-01-24T08:00:00.000Z,0.02005595528802566,0.9674326007794496,0.00016714190464907596,0.0005312468768746716,0.0004899299652111333,173256882.4408,56371006.0677,1913223.328,-0.03305732918576154,-0.03305732918576154,-0.032400257315901335,0.9675997426840987,-0.000528064373340853,1.0004625673997087,362.23837297789566,7.632457212095615,0.00004765540000000004,0.000018772585606873868
2022-01-24T09:00:00.000Z,0.02005595528802566,0.9664081515363157,0.0001738315351426886,0.0005644156724462361,0.0005272141303129807,173064342.4621,59865045.3306,3494039.2629,-0.03411906259399733,-0.03411906259399733,-0.03341801692854166,0.9665819830714584,-0.0005519673347981202,1.0000916990397288,361.5773471052339,7.60462266412563,0.00004785779999999997,0.00003432172487079938
2022-01-24T10:00:00.000Z,0.02005595528802566,0.9538443260714763,0.00017413606900132546,0.0006026552593163738,0.0005590184361384809,170805232.98209998,63893031.1419,4027985.8113,-0.04671469236466219,-0.04671469236466219,-0.04598153785952239,0.9540184621404776,-0.0010386848263046478,0.9993303361306975,352.4768305021961,7.311181328301028,0.000047821600000000084,0.000040089965393083774
2022-01-24T11:00:00.000Z,0.02005595528802566,0.9393864539586108,0.00017307083801242952,0.0006751960451167396,0.0006154456943059383,166663103.0579,71463599.8193,7570568.6774,-0.06122899173569518,-0.06122899173569518,-0.060440475203376816,0.9395595247966232,-0.0018859411019280792,0.9998535283650184,341.6463624821349,6.98239333278425,0.000048313599999999794,0.00007722145163173205
2022-01-24T12:00:00.000Z,0.02005595528802566,0.9437811624821273,0.0001823284079417418,0.0007311531511345224,0.0006757926946574511,168481937.9772,77339688.9213,5876089.102,-0.05689463021253016,-0.05689463021253016,-0.05603650910993097,0.943963490890069,-0.0016244646826559794,1.0000339823118407,344.74622861744905,7.059331525228816,0.00005191720000000009,0.00005929034051562144
2022-01-24T13:00:00.000Z,0.02005595528802566,0.9367967639944251,0.00018524872819656124,0.0007932785684865095,0.0007338835355265028,167217163.9289,83862816.38579999,6523127.4645,-0.06393711954110137,-0.06393711954110137,-0.06301798727737831,0.9369820127226217,-0.00207848026728108,1.0000310269002766,339.6177805039201,6.892843698027132,0.00005222970000000012,0.00006631685664974636
2022-01-24T14:00:00.000Z,0.02005595528802566,0.9395847428043117,0.00019287085192556264,0.0008435721013688442,0.0007854989683531155,167675306.7284,89142359.917,5279543.5312,-0.061200756164041414,-0.061200756164041414,-0.060222386343762736,0.9397776136562372,-0.0019134864786785055,1.0003315942739088,341.50362914056427,6.907589397604954,0.000052157599999999854,0.00005352740470949633
2022-01-24T15:00:00.000Z,0.02005595528802566,0.9451866885338392,0.0002026356963224016,0.0008984783274750182,0.0008445714224586398,168942669.7322,94915265.2606,5772905.3436,-0.05565788288861939,-0.05565788288861939,-0.05461067576983835,0.9453893242301616,-0.001529441582784563,0.9996489905329631,345.7841113701386,6.995257450352488,0.00005215389999999996,0.00005809035159487296
2022-01-24T16:00:00.000Z,0.02005595528802566,0.953586744052267,0.00021226479392056374,0.0009491678752224926,0.000905571572712649,170526172.018,100247390.4557,5332125.1951,-0.047318827520445694,-0.047318827520445694,-0.04620099115381248,0.9537990088461875,-0.0010981669450598197,0.9999847809795315,351.79982677386243,7.0734425333368405,0.00005191050000000002,0.00005315672500238367
2022-01-24T17:00:00.000Z,0.02005595528802566,0.9518052783905491,0.00021947729739383602,0.0009879138348517424,0.0009403680050070751,170317107.4627,104325770.2893,4078379.8336,-0.049135089614458005,-0.049135089614458005,-0.047975244312057096,0.9520247556879429,-0.0011613991005698932,0.9994088989513191,350.66165365886667,7.069707452240273,0.000051658099999999843,0.00004070786440897255
2022-01-24T18:00:00.000Z,0.02005595528802566,0.9610880863258098,0.00023342784538203776,0.0010308971405016162,0.0009944764284033347,171984410.8023,108850334.6857,4524564.3964,-0.03990639010259356,-0.03990639010259356,-0.03867848582880819,0.9613215141711918,-0.000757999339856319,0.9997969065494733,357.36269641770724,7.277836893195033,0.00005130870000000006,0.00004472358534124266
2022-01-24T19:00:00.000Z,0.02005595528802566,0.9713532869160582,0.0002471004831138695,0.0010641592764890912,0.0010379324095475262,173833418.5434,112351860.0204,3501525.3347,-0.02968464549348937,-0.02968464549348937,-0.028399612600827975,0.971600387399172,-0.00041597037073570764,1.0002875161607143,364.83358067372967,7.461112756684143,0.00005208700000000002,0.00003424308811774216
2022-01-24T20:00:00.000Z,0.02005595528802566,0.9704640297753138,0.00025551588471882765,0.001089180843629373,0.001069624419606341,173675389.37870002,114985912.5871,2634052.5667,-0.030605594644292577,-0.030605594644292577,-0.02928045433996741,0.9707195456600326,-0.0004475835697740349,1.0004145282649055,364.0951338477376,7.479294543515987,0.00005208680000000001,0.00002578309672665216
2022-01-24T21:00:00.000Z,0.02005595528802566,0.9844474572672558,0.0002731971757961551,0.001118599749162398,0.0011063773522906883,176166660.259,118082681.3661,3096768.779,-0.01665892008503489,-0.01665892008503489,-0.015279345556948046,0.9847206544430519,-0.00011789952309804175,1.0001305160049738,374.75335809072243,7.759745118367482,0.00005204830000000014,0.000029883673315712113
2022-01-24T22:00:00.000Z,0.02005595528802566,0.9799492754836114,0.0002783273581031189,0.0011360015554842812,0.001118008637649659,175372129.1775,119914584.0956,1831902.7295,-0.021168733154038222,-0.021168733154038222,-0.019772397158285444,0.9802276028417145,-0.00019553048871756573,0.9999541141943503,371.3893470865477,7.677642668286931,0.00005208880000000013,0.000017757865259182537
2022-01-24T23:00:00.000Z,0.02005595528802566,0.9762492455747772,0.0002845283259799386,0.0011526755271775708,0.0011300855857857561,174757267.6747,121670342.12889999,1755758.0333,-0.024880840011008543,-0.024880840011008543,-0.023466226099242846,0.9765337739007571,-0.00028076941038035486,1.000077229917427,368.5324100889068,7.628911000017314,0.00005207390000000005,0.000017079625335903065
2022-01-25T00:00:00.000Z,0.02005595528802566,0.9811491418151869,0.0002934548677409661,0.0011677426538394989,0.0011518409673266783,175615660.4406,123256731.2928,1586389.1639,-0.020002699152139813,-0.020002699152139813,-0.01855740331707217,0.9814425966829279,-0.00020106822545407077,1.0014238154416923,371.72835549192047,7.6538973289734775,0.00005208030000000011,0.000015356612114568122
2022-01-25T01:00:00.000Z,0.02005595528802566,0.9702229156307954,0.00029403766884430853,0.0011852921702664829,0.0011588920757964472,173661045.5727,125104497.98429999,1847766.6915,-0.030935976445001012,-0.030935976445001012,-0.029483046700360255,0.9705169532996397,-0.00044894330330735865,1.000119016422088,363.95450804255796,7.465708169362944,0.00005208030000000011,0.00001808812889033881
2022-01-25T02:00:00.000Z,0.02005595528802566,0.9689137084287012,0.00029920291314692384,0.0012022725327775167,0.0011706465663234855,173412161.8598,126892189.1035,1787691.1192,-0.032256938137622315,-0.032256938137622315,-0.030787088658151905,0.9692129113418481,-0.0005055116511406554,1.0005880499883804,362.79280685566454,7.400568658494497,0.000052085199999999906,0.00001752515434930698
2022-01-25T03:00:00.000Z,0.02005595528802566,0.9704801007486665,0.00030908444592075995,0.0012159770879211092,0.00118841225859323,173687280.0857,128334960.18499999,1442771.0815,-0.0307083115099267,-0.0307083115099267,-0.02921081480541271,0.9707891851945873,-0.00043626135702767854,0.9999274206442524,364.19530782125406,7.453827385833262,0.000051696499999999873,0.00001412141889342613
2022-01-25T04:00:00.000Z,0.02005595528802566,0.9707954961307738,0.00031672064383316727,0.0012320797496832552,0.0012087918932385255,173744209.26790002,130030200.77979998,1695240.5948,-0.030413295762464765,-0.030413295762464765,-0.028887783225393072,0.9711122167746069,-0.00043016660239347804,1.0000245637040128,364.38163641037187,7.450439536230568,0.00005204380000000003,0.00001658707949636653
2022-01-25T05:00:00.000Z,0.02005595528802566,0.9649167224687326,0.00032053312407001177,0.0012448813014847686,0.0012089932063389375,172694403.30670002,131377928.48609999,1347727.7063,-0.036292270737606325,-0.036292270737606325,-0.03476274440719738,0.9652372555928026,-0.0005923620395328344,0.9990348139573711,360.3328929718895,7.359274998625845,0.000052087099999999856,0.00001326700261757186
2022-01-25T06:00:00.000Z,0.02005595528802566,0.9652185165176813,0.00032632287466799264,0.001264672911259716,0.0012285166113136237,172750205.13529998,133461580.28519998,2083651.7991,-0.03601000009363231,-0.03601000009363231,-0.03445516060765069,0.9655448393923493,-0.0006175524925023934,1.000051994419833,360.1772881271597,7.31842921182053,0.00005156620000000004,0.000020504797986756086
2022-01-25T07:00:00.000Z,0.02005595528802566,0.964613380886229,0.0003339577249417052,0.0012754270448488648,0.001240149412292335,172478618.92940003,134592699.80119997,1131119.516,-0.03662676852606328,-0.03662676852606328,-0.03505266138882924,0.9649473386111708,-0.0006433196773987238,1.0001382571545858,359.6855211638231,7.318165725265205,0.00005209820000000004,0.000011148646650441318
2022-01-25T08:00:00.000Z,0.02005595528802566,0.9669762481303813,0.0003423793757375341,0.0012913614371461444,0.0012584840305061018,172689458.5272,136266627.06929997,1673927.2681,-0.0342822359001248,-0.0342822359001248,-0.032681372493881165,0.9673186275061189,-0.0005405664294988455,0.9995776693240935,361.6410668417029,7.334410361371085,0.00005221220000000004,0.00001647857593647954
