query_ts,assumedLPToken,equityValue,totalDexYield,totalTradingfee,newTotalTradingFee,liquidity,totalVolume,volume,priceImpact,priceEffect,totalReturn,totalEquityVal,impermanentLoss,tokenPrice,quoteTokenPrice,rewardPrice,rewardTokenPerLP,feePerDollar
2022-05-25T10:00:00.000Z,0.020505077066328387,0.9999999999999999,0,0.000014525296269906612,5.985212325754219e-13,241810247.6977,2066097.3806,2066097.3806,-5.986322548778844e-13,-5.986322548778844e-13,-1.1102230246251565e-16,0.9999999999999999,0,0.99924231243618,331.93488043215854,4.8926915067477,0,0.000014525296510224814
2022-05-25T11:00:00.000Z,0.020505077066328387,0.9973467756831627,0,0.00002960018601940661,0.00001202988274262573,241160348.08339998,4210295.6085,2144198.2279,-0.0026652541995799695,-0.0026652541995799695,-0.0026532243168373437,0.9973467756831627,-0.000003843287084248637,0.9993458985534845,330.13363349862425,4.85926491045563,0,0.0000151149930591799
2022-05-25T12:00:00.000Z,0.020505077066328387,0.989390452768071,0,0.00005646628247700477,0.000038886749131994414,239240984.77949998,8031704.5066,3821408.8981,-0.010648433981060967,-0.010648433981060967,-0.010609547231928973,0.989390452768071,-0.00006182394704190575,0.9996565438914616,324.7687134992841,4.752532967790657,0,0.000027154189875775253
2022-05-25T13:00:00.000Z,0.020505077066328387,0.9910978246601214,0,0.00007331028260903326,0.00005653384874615419,243632939.37479997,10467359.594999999,2435655.0884,-0.008958709188624736,-0.008958709188624736,-0.008902175339878582,0.9910978246601214,-0.000040515073457925155,0.9992450572793244,326.01320935793757,4.776413270531439,0,0.000016995294892823023
2022-05-25T14:00:00.000Z,0.020505077066328387,0.9950380897199771,0,0.00009354935346210329,0.00007735385283846874,244603630.05949998,13393969.6045,2926610.0095,-0.005039264132861376,-0.005039264132861376,-0.004961910280022908,0.9950380897199771,-0.000012679378716407008,0.9992260953791344,328.60322759088376,4.818405030829695,0,0.000020339996650662017
2022-05-25T15:00:00.000Z,0.020505077066328387,0.993878550179764,0,0.00011038129660881678,0.0000937849726826423,244311098.74220002,15827827.3938,2433857.7893,-0.0062152347929186336,-0.0062152347929186336,-0.006121449820235991,0.993878550179764,-0.000018912825528016874,0.9991580547569178,327.8492411192969,4.8067400075113484,0,0.00001693561308966974
2022-05-25T16:00:00.000Z,0.020505077066328387,0.9924518141024679,0,0.00012236203994626986,0.0001058468958539116,243945756.1487,17560109.621,1732282.2272,-0.007654032793386056,-0.007654032793386056,-0.007548185897532145,0.9924518141024679,-0.00003005465143313124,0.9993119029026648,326.8502827469334,4.7832931941143135,0,0.000012071863158156004
2022-05-25T17:00:00.000Z,0.020505077066328387,0.9894466593824541,0,0.0001353627017159867,0.00011764219737708803,243219550.8776,19439957.3054,1879847.6844,-0.010670982814922958,-0.010670982814922958,-0.01055334061754587,0.9894466593824541,-0.000059142051950455965,0.9993900029044029,324.84052277893244,4.7564096506621745,0,0.000013139326390287816
2022-05-25T18:00:00.000Z,0.020505077066328387,0.9913575007756447,0,0.00014275581750478993,0.00012546560244108829,243689453.7586,20508975.222799998,1069017.9174,-0.008767964826796426,-0.008767964826796426,-0.008642499224355338,0.9913575007756447,-0.00003675898886168483,0.9990102795855814,326.215362021547,4.780058756891302,0,0.000007457567127136559
2022-05-25T19:00:00.000Z,0.020505077066328387,0.9945871688857753,0,0.00015953802148606364,0.00014246707748077903,244484953.85810003,22935637.663599998,2426662.4408,-0.005555298191705527,-0.005555298191705527,-0.005412831114224748,0.9945871688857753,-0.000019447709673325875,0.9999079130002989,328.0386216524224,4.805071490794237,0,0.000016873537959126734
2022-05-25T20:00:00.000Z,0.020505077066328387,0.9919323979632475,0,0.00016537995895241474,0.00014848040477333235,243834277.98259997,23780373.0349,844735.3713,-0.00821608244152583,-0.00821608244152583,-0.008067602036752497,0.9919323979632475,-0.00003555001852761919,0.9994243792072605,326.4433991200247,4.7812838239807025,0,0.000005889451405648867
2022-05-25T21:00:00.000Z,0.020505077066328387,0.9928870502382314,0,0.00016942517594996753,0.00015287807544073218,244069949.3445,24365307.572699998,584934.5378,-0.007265827837209304,-0.007265827837209304,-0.007112949761768572,0.9928870502382314,-0.00002668230017333073,0.9992551393107496,327.1246414659507,4.794184994254504,0,0.000004074195602246959
2022-05-25T22:00:00.000Z,0.020505077066328387,0.9946417364821867,0,0.00017297793481466453,0.00015607032382147779,244502439.10829997,24879035.6828,513728.1101,-0.0055143338416348,-0.0055143338416348,-0.005358263517813322,0.9946417364821867,-0.000016099551746084906,0.9993870827053197,328.23661944351204,4.819660725353625,0,0.000003571898056948068
2022-05-25T23:00:00.000Z,0.020505077066328387,0.9944417987447628,0,0.00017643394662474719,0.000160751322100805,244453370.25190002,25378774.281,499738.5982,-0.00571895257733801,-0.00571895257733801,-0.005558201255237205,0.9944417987447628,-0.000014912544958112228,0.998968458382222,328.23905490950807,4.81896539676397,0,0.0000034753278961323578
2022-05-26T00:00:00.000Z,0.020505077066328387,0.9914121370271552,0,0.0001849442118202473,0.00016828099603938274,243625890.89810002,26608939.2816,1230165.0006,-0.008756143968884134,-0.008756143968884134,-0.00858786297284475,0.9914121370271552,-0.000041022256816347635,0.9995054408108711,326.0615295998854,4.786843123321968,0,0.00000858398298026012
2022-05-26T01:00:00.000Z,0.020505077066328387,0.9945674101032919,0,0.00019636564637259298,0.00017949990289545248,244485434.97910002,28260484.515199997,1651545.2336,-0.005612089799603592,-0.005612089799603592,-0.00543258989670814,0.9945674101032919,-0.000019908280258995603,0.9999242202087875,327.9958057072157,4.813817454832694,0,0.00001148382069205886
2022-05-26T02:00:00.000Z,0.020505077066328387,0.9937340677096892,0,0.00020618401860598556,0.00019059171937796382,244477703.96460003,29681371.895299997,1420887.3801,-0.006456524009688769,-0.006456524009688769,-0.006265932290310805,0.9937340677096892,-0.000021100185753075706,0.999261079283711,327.65627291483645,4.80798971112848,0,0.0000098802815430554
2022-05-26T03:00:00.000Z,0.020505077066328387,0.9977465231612186,0,0.00021933632772365414,0.00020672438639390833,245544299.7526,31585353.387499996,1903981.4922,-0.002460201225175318,-0.002460201225175318,-0.0022534768387814097,0.9977465231612186,-0.00000434199204191188,0.9997256957512237,330.1439292242648,4.833859047889522,0,0.000013182014569270109
2022-05-26T04:00:00.000Z,0.020505077066328387,0.9932235771393438,0,0.0002325946357867094,0.00021562503139094247,244441035.3491,33504756.755399995,1919403.3679,-0.006992047892047104,-0.006992047892047104,-0.006776422860656162,0.9932235771393438,-0.000021464983703034513,0.99877832031568,327.4613538443943,4.785271707640957,0,0.000013348764133525887
2022-05-26T05:00:00.000Z,0.020505077066328387,0.9921705135008121,0,0.0002473260101316403,0.00023163689814054145,244211700.74050003,35637676.50349999,2132919.7481,-0.008061123397328451,-0.008061123397328451,-0.00782948649918791,0.9921705135008121,-0.00003659140334044686,0.9997031048445939,326.45437230667636,4.766361569645275,0,0.000014847624257049657
2022-05-26T06:00:00.000Z,0.020505077066328387,0.9785665682867424,0,0.00027294903550427723,0.00025237854880488797,241030745.6606,39350151.556099996,3712475.0526,-0.02168581026206251,-0.02168581026206251,-0.021433431713257622,0.9785665682867424,-0.0002447029335489459,0.9994425529538801,317.6307764468862,4.61672355287398,0,0.00002618424289450165
2022-05-26T07:00:00.000Z,0.020505077066328387,0.9836221908269132,0,0.0002922548608353352,0.00027457916074324906,242278622.37240002,42147368.877399996,2797217.3213,-0.016652388333830093,-0.016652388333830093,-0.016377809173086844,0.9836221908269132,-0.0001425961787200336,0.9993382888540832,320.9410834579865,4.662649168569513,0,0.00001962727623116827
2022-05-26T08:00:00.000Z,0.020505077066328387,0.9842292336967015,0,0.0003074958847697343,0.00029290086841415874,242429635.60290003,44355651.69939999,2208282.822,-0.016063667171712703,-0.016063667171712703,-0.015770766303298545,0.9842292336967015,-0.0001309653345076267,0.999233388315679,321.35922051389565,4.67226286928224,0,0.00001548523879130515
2022-05-26T09:00:00.000Z,0.020505077066328387,0.9673716142544757,0,0.000361575337316572,0.00033978916250521074,238345521.81570002,52193502.976399995,7837851.277,-0.0329681749080295,-0.0329681749080295,-0.03262838574552429,0.9673716142544757,-0.000558074232135386,0.9991351061355164,310.4423928630727,4.508360349807041,0,0.000055903492834251826
2022-05-26T10:00:00.000Z,0.020505077066328387,0.9697691553356285,0,0.000387142250545817,0.00036633137795161197,239194813.81639996,55902980.61229999,3709477.6359,-0.03059717604232315,-0.03059717604232315,-0.030230844664371537,0.9697691553356285,-0.0004718751426390222,0.9988941555715556,312.04181554778,4.516665864279731,0,0.000026363916008105493
2022-05-26T11:00:00.000Z,0.020505077066328387,0.9698579220910672,0,0.00040025718095850133,0.00038002338923781576,239213481.3087,57805786.88329999,1902806.271,-0.030522101298170567,-0.030522101298170567,-0.030142077908932752,0.9698579220910672,-0.0004944214919800904,0.9996968241364013,311.83956823057116,4.524287036257955,0,0.000013522526585889177
2022-05-26T12:00:00.000Z,0.020505077066328387,0.9685069461630181,0,0.00043237635212976745,0.000409512952245783,238930882.544,62466849.66159999,4661062.7783,-0.03190256678922765,-0.03190256678922765,-0.031493053836981866,0.9685069461630181,-0.0005367165462526469,0.9995901848625218,310.9853004188697,4.491503587025399,0,0.00003316359375038429
2022-05-26T13:00:00.000Z,0.020505077066328387,0.9634781325408975,0,0.0004567893072884738,0.0004342076441022913,237699434.09799996,66009740.2049,3542890.5433,-0.036956075103204755,-0.036956075103204755,-0.036521867459102464,0.9634781325408975,-0.0007512454181127781,1.000359950146109,307.51025458776104,4.442004330187248,0,0.000025338360381316017
2022-05-26T14:00:00.000Z,0.020505077066328387,0.9638538379432245,0,0.0005399425190111942,0.0005215492067202065,239907225.92220002,78184552.0484,12174811.8435,-0.03666771126349566,-0.03666771126349566,-0.036146162056775455,0.9638538379432245,-0.0007236679252065059,0.9999405002239118,307.8235075799213,4.450910611032198,0,0.00008627159959184358
2022-05-26T15:00:00.000Z,0.020505077066328387,0.9707664914157917,0,0.0005651729234207037,0.0005452866908092213,240278965.75000003,81858020.1454,3673468.097,-0.029778795275017478,-0.029778795275017478,-0.029233508584208256,0.9707664914157917,-0.00044612143794808823,0.9988874460637421,312.57099587769034,4.5237510214759435,0,0.000025990189134564303
2022-05-26T16:00:00.000Z,0.020505077066328387,0.9706226290192475,0,0.0005820524096391031,0.0005630695271301445,240232001.9051,84315504.54630001,2457484.4009,-0.029940440507882693,-0.029940440507882693,-0.02937737098075255,0.9706226290192475,-0.0004402528501242786,0.998524068754981,312.58056298079174,4.523218303487969,0,0.000017390370343666142
2022-05-26T17:00:00.000Z,0.020505077066328387,0.9749495480771074,0,0.0006012587443362352,0.0005831332501143871,241096020.16210002,87109357.0081,2793852.4618,-0.025633585173006956,-0.025633585173006956,-0.02505045192289257,0.9749495480771074,-0.00032993747541743,0.9989662732106516,315.22270618448886,4.558443498670279,0,0.000019699824086132398
2022-05-26T18:00:00.000Z,0.020505077066328387,0.9771047968697804,0,0.0006153485968400691,0.0006013404572748904,241093662.47529998,89154398.7331,2045041.725,-0.023496543587494534,-0.023496543587494534,-0.022895203130219643,0.9771047968697804,-0.00028364225503418883,0.9992858418971625,316.5057050088133,4.577588907521685,0,0.000014420001325651495
2022-05-26T19:00:00.000Z,0.020505077066328387,0.9705265215528454,0,0.0006398984541458087,0.0006199717149459882,239470564.4567,92717636.2048,3563237.4717,-0.030093450162100632,-0.030093450162100632,-0.029473478447154644,0.9705265215528454,-0.0004645309197444103,0.9991732318547718,312.27894309158506,4.51306371289226,0,0.00002529539994041853
2022-05-26T20:00:00.000Z,0.020505077066328387,0.9661787782174349,0,0.0006503366641013008,0.0006274035374489451,238521961.94050002,94233457.5499,1515821.3451,-0.034448625320014026,-0.034448625320014026,-0.03382122178256508,0.9661787782174349,-0.0006183771007364225,0.9993628412886029,309.4220669209423,4.464445294222607,0,0.00001080360175518267
2022-05-26T21:00:00.000Z,0.020505077066328387,0.9678016836603545,0,0.0006595007644366764,0.000637273014604478,238923718.4394,95564260.6899,1330803.14,-0.03283558935425002,-0.03283558935425002,-0.03219831633964554,0.9678016836603545,-0.0005669352780552916,0.9995363078642476,310.4028835525422,4.481348096504781,0,0.000009468985970824911
2022-05-26T22:00:00.000Z,0.020505077066328387,0.96886175125907,0,0.0006671634379180859,0.0006476844047862418,239190600.2995,96677051.9905,1112791.3006,-0.031785933145716205,-0.031785933145716205,-0.031138248740929964,0.96886175125907,-0.0005305848310771522,0.999522869764767,311.0811872391947,4.48000008441255,0,0.000007908944618439316
2022-05-26T23:00:00.000Z,0.020505077066328387,0.9680421056294926,0,0.000677483831852278,0.0006567633631829883,239012878.0082,98175958.0256,1498906.0351,-0.03261465773369043,-0.03261465773369043,-0.031957894370507445,0.9680421056294926,-0.0006145639146100113,1.001152218588515,310.0434768601372,4.460174540259005,0,0.00001066110027587124
2022-05-27T00:00:00.000Z,0.020505077066328387,0.9568862915406934,0,0.0006927365621351742,0.000671493432257031,236258469.68649998,100391223.2832,2215265.2576,-0.04378520189156365,-0.04378520189156365,-0.04311370845930662,0.9568862915406934,-0.0010203615413431066,0.9996629567759608,303.37586575103387,4.365609429566368,0,0.000015939961614570592
2022-05-27T01:00:00.000Z,0.020505077066328387,0.9561441938488202,0,0.0007119497414270311,0.0006816610879705198,236085601.841,103181815.6628,2790592.3796,-0.04453746723915031,-0.04453746723915031,-0.04385580615117979,0.9561441938488202,-0.0010474139187840459,0.9994717140782351,302.95667262829795,4.358927341839406,0,0.000020094436121161745
2022-05-27T02:00:00.000Z,0.020505077066328387,0.9521733249081298,0,0.0007399221626611429,0.0007088319190375891,235174774.9793,107245835.9987,4064020.3359,-0.04853550701090781,-0.04853550701090781,-0.04782667509187022,0.9521733249081298,-0.0012301074895888497,0.9991155037392787,300.53370166890653,4.323851344044503,0,0.00002937744735436916
2022-05-27T03:00:00.000Z,0.020505077066328387,0.9519387420959697,0,0.0007633289685468355,0.0007316230875746843,234559707.36120003,110638474.8503,3392638.8516,-0.04879288099160495,-0.04879288099160495,-0.04806125790403026,0.9519387420959697,-0.0012866331186220936,0.9999731652773647,300.1135094544445,4.303982242972628,0,0.000024588562599281427
2022-05-27T04:00:00.000Z,0.020505077066328387,0.9559802281783462,0,0.0007816638784788028,0.0007513845454872881,235734452.0336,113297999.32519999,2659524.4749,-0.04477115636714113,-0.04477115636714113,-0.04401977182165384,0.9559802281783462,-0.0011178808575564858,1.00074384333854,302.4235699096304,4.3592374285860815,0,0.000019179172023127016
2022-05-27T05:00:00.000Z,0.020505077066328387,0.9477586459269233,0,0.0008000788361306216,0.0007633200576521171,233784949.807,115970024.78109999,2672025.4559,-0.053004674130728846,-0.053004674130728846,-0.05224135407307673,0.9477586459269233,-0.0014786646971228778,0.9991960970475325,297.6930180694838,4.281133928060198,0,0.00001943000727283767
2022-05-27T06:00:00.000Z,0.020505077066328387,0.9405337686791088,0,0.0008281454084765911,0.0007856168643919359,232137891.1546,120044879.28629999,4074854.5052,-0.060251848185283174,-0.060251848185283174,-0.05946623132089124,0.9405337686791088,-0.0019560451593335637,0.9996964543557305,293.0073508527828,4.20655677875446,0,0.00002984111135147068
2022-05-27T07:00:00.000Z,0.020505077066328387,0.9473736682702318,0,0.000860932831907418,0.0008261038354957506,233827953.1943,124805170.13719998,4760290.8509,-0.05345243556526391,-0.05345243556526391,-0.05262633172976816,0.9473736682702318,-0.0015017826775295395,0.999147452380066,297.42605207658954,4.263244336183532,0,0.00003460875543740281
