query_ts,assumedLPToken,equityValue,totalDexYield,totalTradingfee,newTotalTradingFee,liquidity,totalVolume,volume,priceImpact,priceEffect,totalReturn,totalEquityVal,impermanentLoss,tokenPrice,quoteTokenPrice,rewardPrice,rewardTokenPerLP,feePerDollar
2021-08-18T10:00:00.000Z,0.02179353369277735,1,0.000022809234074998298,0.000019800621824887954,8.808509477375992e-13,220980655.70209998,2573855.6336,2573855.6336,-8.808509477375992e-13,-8.808509477375992e-13,0.000022809234074998298,1.000022809234075,0,0.9992745587184173,400.4768025585996,21.400351383922835,0.00004890600000000001,0.000019800622652774664
2021-08-18T11:00:00.000Z,0.02179353369277735,0.9976869789099717,0.000045303756032803856,0.00004097148156976212,0.000022614268168519303,220577685.5652,5327176.7048,2753321.0712,-0.002335635358196808,-0.002335635358196808,-0.002267717333995485,0.9977322826660046,-0.000005296194103387997,1.0001905485220057,398.2432001428432,21.25784398295317,0.000048882399999999985,0.000021219942575090893
2021-08-18T12:00:00.000Z,0.02179353369277735,0.9885476540076898,0.00006607097579533553,0.00008442532072514613,0.00006838749657811505,220567718.7707,11030441.906,5703265.2012,-0.011520733488888268,-0.011520733488888268,-0.011386275016514819,0.9886137249834852,-0.00007646542329597938,1.0000536008307734,390.99755904579075,20.739064736453788,0.00004839359999999999,0.00004395725220388845
2021-08-18T13:00:00.000Z,0.02179353369277735,0.9954419586423221,0.00009209530726301579,0.00010857984381441029,0.00008901727182875074,222006737.7295,14199277.8366,3168835.9306,-0.004647058629506651,-0.004647058629506651,-0.004465946050414884,0.9955340539495852,-0.000009805985077382395,0.9990454200896275,396.85437323755593,21.710940819612958,0.00004845760000000003,0.0000242651242800735
2021-08-18T14:00:00.000Z,0.02179353369277735,0.9985642830527991,0.00011464857314260539,0.0001286929195318516,0.00010982711757556718,223066396.396,16842220.1477,2642942.3111,-0.0015455440647764718,-0.0015455440647764718,-0.0013210683740582992,0.9986789316259417,-0.0000030913661079878807,1.000214091974025,398.8648312626739,21.65448562261479,0.00004829710000000002,0.00002014199360128529
2021-08-18T15:00:00.000Z,0.02179353369277735,1.004191350126655,0.00013893176534231864,0.00015051694891632524,0.00013324186261454152,224367804.14220002,19710556.3693,2868336.2216,0.004058108264040516,0.004058108264040516,0.004330281891997376,1.0043302818919975,-0.00000688395299419664,0.9996137428837404,403.59676114158304,21.902127444988515,0.00004812669999999998,0.000021732938000452038
2021-08-18T16:00:00.000Z,0.02179353369277735,1.008846543115085,0.00016438450229396155,0.00018261719606881943,0.00016426821819459647,225435141.7863,23930007.5771,4219451.2078,0.00868227489689044,0.00868227489689044,0.009010927617378999,1.009010927617379,-0.00004707758343402979,0.9982171384690716,407.89271777932163,22.222175610083557,0.00004836380000000004,0.000031818761690933124
2021-08-18T17:00:00.000Z,0.02179353369277735,1.0117869437626863,0.000188125422494663,0.0002151081162856437,0.00019924781163593863,226151534.46649998,28201931.8792,4271924.3021,0.011587695951050359,0.011587695951050359,0.01197506918518096,1.011975069185181,-0.00007266636647429436,0.9987403945382222,410.0309661670097,22.262846103198573,0.00004831149999999996,0.000032112412284541746
2021-08-18T18:00:00.000Z,0.02179353369277735,1.0119548214797704,0.00020976320569579676,0.00023700221623964638,0.00022025803659531107,226413207.0983,31083433.197300002,2881501.3181,0.011734563443175139,0.011734563443175139,0.012164584685466247,1.0121645846854663,-0.00005313645736904071,1.0006316384522813,409.37483149901595,22.100080360443283,0.000047781000000000036,0.000021635452735066086
2021-08-18T19:00:00.000Z,0.02179353369277735,1.005213008743692,0.00022987281913868423,0.0002588971290924558,0.00024119875884176523,224911152.60860002,33965122.8672,2881689.6699,0.00497180998485014,0.00497180998485014,0.005442881562830589,1.0054428815628307,-0.000009585233938902427,0.9998553704975507,404.2339367569517,21.800847048227762,0.000048303400000000016,0.000021781367362227813
2021-08-18T20:00:00.000Z,0.02179353369277735,0.9961263276257991,0.0002480994704427601,0.0002782541936641548,0.0002594629285014305,222873535.33699998,36512743.069000006,2547620.2018,-0.004133135302702318,-0.004133135302702318,-0.003625572903758127,0.9963744270962419,-0.000018930985095311215,1.0012866788649102,396.375060961729,21.39351534933792,0.00004830479999999998,0.00001943234012289212
2021-08-18T21:00:00.000Z,0.02179353369277735,0.9899229652596399,0.00026766789341611314,0.000293616989505769,0.00027120484025433544,221556969.2676,38535321.30540001,2022578.2364,-0.010348239580614482,-0.010348239580614482,-0.009809366846944034,0.990190633153056,-0.00006532537435555152,1.0003027533717372,391.8280602531792,21.16207303881002,0.000048249400000000006,0.00001551918232699359
2021-08-18T22:00:00.000Z,0.02179353369277735,0.9919468534211274,0.00029127605421945096,0.0003101961129737243,0.00029009733715290587,222132109.1254,40719235.48820001,2183914.1828,-0.008343243916025478,-0.008343243916025478,-0.007761870524653121,0.9922381294753468,-0.00004335555279699754,1.0002081215603624,393.4545471403056,21.260560145583614,0.000048263299999999975,0.0000167137210616593
2021-08-18T23:00:00.000Z,0.02179353369277735,0.9971514110879384,0.00031672068284989646,0.0003252423141513835,0.00030506409715636007,223027660.9249,42698826.788200006,1979591.3,-0.0031536530092179937,-0.0031536530092179937,-0.0025318682292117373,0.9974681317707883,-0.00000645106130681139,0.9997076640796598,397.78244898299283,21.4765602267093,0.00004804050000000002,0.000015089183090761094
2021-08-19T00:00:00.000Z,0.02179353369277735,0.9964388291132507,0.00033822342068714806,0.0003429799775117401,0.00032240252855197937,222904179.7888,45032903.079,2334076.2908,-0.0038835734153013224,-0.0038835734153013224,-0.003222947466062195,0.9967770525339378,-0.000009960919606477603,0.9998465804454322,397.1449400231501,21.406220443677014,0.00004831559999999998,0.000017801055584150924
2021-08-19T01:00:00.000Z,0.02179353369277735,1.001808690656844,0.0003609125248594081,0.00037386861097923093,0.0003558897253446158,225342303.8956,49119931.89300001,4087028.814,0.001452800931499354,0.001452800931499354,0.002169603181703378,1.0021696031817033,-4.769559929229672e-7,0.9997493891316866,401.4505146630274,21.422430251149766,0.000048049699999999934,0.00003083286566120736
2021-08-19T02:00:00.000Z,0.02179353369277735,1.0025470441367499,0.00038526970163298434,0.00038949802673268925,0.00037344660260996143,226298321.5626,51195181.759600006,2075249.8666,0.002173597534139926,0.002173597534139926,0.002932313838382872,1.0029323138383828,-0.000001613225522945072,0.999649361969692,402.0688392943328,21.534365535389934,0.00004788170000000003,0.000015589708084706604
2021-08-19T03:00:00.000Z,0.02179353369277735,1.000867896525959,0.00040518539057597094,0.00040684681499524543,0.00038810099251951335,226339563.6182,53503012.29090001,2307830.5313,0.00047979553343946435,0.00047979553343946435,0.0012730819165349488,1.001273081916535,-4.833144773286335e-8,1.000064884609636,400.5443982913949,21.401578364005232,0.00004779290000000004,0.00001733374333895961
2021-08-19T04:00:00.000Z,0.02179353369277735,0.9929773419149927,0.0004184339968374847,0.000517674781674501,0.000495883092659466,224588186.5823,68248122.208,14745109.9171,-0.007518541177666815,-0.007518541177666815,-0.006604224088169864,0.9933957759118301,-0.00003262886232602291,0.999805701624405,394.2678736243569,20.953505612842587,0.00004758939999999994,0.0001116117781639612
2021-08-19T05:00:00.000Z,0.02179353369277735,0.993556003788913,0.0004385886277169274,0.0005733202548393368,0.0005594383636798872,224799555.5039,75654127.5186,7406005.3106,-0.007003434574766931,-0.007003434574766931,-0.006005407583370117,0.9939945924166299,-0.000027588726113414452,0.9996745127823619,394.7290309218706,20.884818845547493,0.00004729450000000005,0.000056006378659416775
2021-08-19T06:00:00.000Z,0.02179353369277735,0.9967970204585939,0.0004632474798176097,0.0006012759494121076,0.0005843079890672787,226055486.183,79383447.7253,3729320.2067,-0.0037872875304734155,-0.0037872875304734155,-0.002739732061588527,0.9972602679384115,-0.000005627942889385729,0.9988354836912088,397.623818649256,21.02928550992044,0.000047185,0.000028045523063561787
2021-08-19T07:00:00.000Z,0.02179353369277735,0.9965811784058326,0.00048324007974182015,0.0006328787155709968,0.0006178459535589598,225975379.537,83598710.0731,4215262.3478,-0.004036667547726358,-0.004036667547726358,-0.002935581514425578,0.9970644184855744,-0.000008487829021297522,0.9993498372683505,397.2202209073473,20.948994439704926,0.000047664399999999957,0.00003171118024424729
2021-08-19T08:00:00.000Z,0.02179353369277735,0.9950237031260154,0.0005023491759390106,0.0006685716703398127,0.0006499698200750359,225611369.5917,88359303.9536,4760593.8805,-0.005626266694059634,-0.005626266694059634,-0.004473947698045587,0.9955260523019545,-0.00001673857398576395,0.9994182953188403,395.9261506181561,20.854649700407773,0.0000468329,0.00003587146167099786
2021-08-19T09:00:00.000Z,0.02179353369277735,1.0044868642868559,0.0005355863363156611,0.0007179815471335238,0.0007038034897823842,227301403.8456,94936226.25410001,6576922.3005,0.0037830607970734675,0.0037830607970734675,0.005022450623171513,1.0050224506231715,-0.000007937072871277984,0.9990664042142948,403.59666163835567,21.32144456508252,0.000047330299999999976,0.00004918917226945421
2021-08-19T10:00:00.000Z,0.02179353369277735,1.0063635587191024,0.0005591650825790708,0.0007624914115781717,0.0007492563267321728,228776001.1527,100888226.0689,5951999.8148,0.005614302392370263,0.005614302392370263,0.006922723801681506,1.0069227238016816,-0.000016540868071679427,0.9991215703366189,405.0482341466807,21.392313751519687,0.00004675649999999986,0.00004422841396902606
2021-08-19T11:00:00.000Z,0.02179353369277735,1.0014163146131008,0.0005718625312128381,0.000841824322280108,0.0008266208752418791,227654930.5711,111497040.8216,10608814.7527,0.0005896937378588873,0.0005896937378588873,0.0019881771443136043,1.0019881771443135,-4.6977864376351874e-8,0.9995573913828512,400.835807383849,21.043864736019213,0.00004754569999999993,0.00007922070931803256
2021-08-19T12:00:00.000Z,0.02179353369277735,1.0017491265341523,0.0005902354825203662,0.0008729522008017715,0.0008566181149651797,228783767.5072,115678875.20390001,4181834.3823,0.000892508419187088,0.000892508419187088,0.002339362016672634,1.0023393620166727,-2.511160100970855e-7,0.9994578694613437,401.11839671234566,20.938880288252392,0.00004651410000000034,0.000031073526445385907
2021-08-19T13:00:00.000Z,0.02179353369277735,1.008283920569314,0.0006156053770316877,0.0009091456549686088,0.0008985883507810488,230420914.2055,120544293.23410001,4865418.0302,0.007385332218532881,0.007385332218532881,0.008899525946345617,1.0088995259463456,-0.000023931916205310877,0.9997140923348942,406.2352706016864,21.11115917635863,0.00004458639999999983,0.0000358960933726847
2021-08-19T14:00:00.000Z,0.02179353369277735,1.0172565635199387,0.0006454513521153639,0.0009379961201161439,0.0009355194323104055,232652395.63629997,124425626.39260001,3881333.1585,0.016321044087628245,0.016321044087628245,0.017902014872054013,1.0179020148720541,-0.00011700499882483228,1.0001654655087144,413.2874113986642,21.402651863569957,0.00004576369999999995,0.000028361050619762002
2021-08-19T15:00:00.000Z,0.02179353369277735,1.0255170070661042,0.0006709254060732077,0.0009790527468426903,0.0009840184628957527,233575690.53890002,129926340.95820001,5500714.5656,0.024532988603208405,0.024532988603208405,0.026187932472177367,1.0261879324721774,-0.00029227198580084046,0.9993311180973997,420.3438305638218,21.522741192106235,0.000046588099999999867,0.00004003505133580087
2021-08-19T16:00:00.000Z,0.02179353369277735,1.0275732041500085,0.0006994743845921287,0.0010128259789678174,0.001024570724594609,234090409.19689998,134452132.6901,4525791.7319,0.026548633425413914,0.026548633425413914,0.02827267853460065,1.0282726785346006,-0.00032840749486984233,0.9998447321243522,421.78263042535497,21.73018678948932,0.00004662870000000007,0.0000328669848996611
2021-08-19T17:00:00.000Z,0.02179353369277735,1.0241374586913607,0.0007156418292965196,0.0010520116940280866,0.0010560449362275737,233419566.64509997,139705742.95880002,5253610.2687,0.023081413755133173,0.023081413755133173,0.024853100520657267,1.0248531005206574,-0.00024143315583435854,1.0001169392989837,418.82423327035553,21.54567191880995,0.00004708019999999987,0.00003826216278761773
2021-08-19T18:00:00.000Z,0.02179353369277735,1.026469343342287,0.0007411836268945689,0.001069658914223618,0.0010768195508428224,233954444.8372,142071731.8846,2365988.9258,0.025392523791444077,0.025392523791444077,0.02721052696918147,1.0272105269691814,-0.0002909079304124207,1.000226026591652,420.67270843115233,21.64054486106837,0.00004747550000000004,0.00001719215540725838
2021-08-19T19:00:00.000Z,0.02179353369277735,1.0334663387066785,0.0007758568222412229,0.0010871314984749628,0.0011008804345589152,235249373.7304,144411325.0681,2339593.1835,0.03236545827211956,0.03236545827211956,0.0342421955289197,1.0342421955289196,-0.0004891710959123996,0.9998421991790292,426.5772233816855,21.987816661919535,0.00004753670000000007,0.0000169067757710933
2021-08-19T20:00:00.000Z,0.02179353369277735,1.0362064696770565,0.0008077552594921223,0.0011085781357745388,0.00113097127125239,235939555.1163,147283856.3003,2872531.2322,0.03507549840580415,0.03507549840580415,0.03701422493654866,1.0370142249365486,-0.0005732847946108288,0.9998795472659966,428.8037426148097,22.239060537211568,0.00004752350000000001,0.000020697263298360073
2021-08-19T21:00:00.000Z,0.02179353369277735,1.0347903703775303,0.000828594568433786,0.0011250853209671275,0.00114126420663907,235692537.0418,149495512.131,2211655.8307,0.03364910617089123,0.03364910617089123,0.03561896494596409,1.0356189649459642,-0.0005358817219052181,0.9996246179390973,427.7317801060865,22.18103825066886,0.00004746920000000004,0.000015952201793827683
2021-08-19T22:00:00.000Z,0.02179353369277735,1.0359914889962796,0.0008544872082649048,0.001134295137544493,0.0011505877035098422,236223239.17549998,150730800.93440002,1235288.8034,0.03484090129276973,0.03484090129276973,0.03684597620454448,1.0368459762045446,-0.0005769010166927213,0.9995462651588973,428.75230286806374,22.25811138137685,0.00004744239999999997,0.000008889857632592322
2021-08-19T23:00:00.000Z,0.02179353369277735,1.0357576267575048,0.0008797197159157746,0.0011485655521239371,0.0011649330607896857,235847425.64409998,152642240.89970002,1911439.9653,0.03459269369671514,0.03459269369671514,0.036637346473420596,1.0366373464734207,-0.000557622172738359,0.9998790831389976,428.40400894028795,22.31358695344166,0.00004750810000000009,0.000013777754546761527
2021-08-20T00:00:00.000Z,0.02179353369277735,1.0380232496751713,0.0009049774011728284,0.0011619307897162787,0.0011810900110187372,235652495.23900002,154427053.97770002,1784813.078,0.03684215966415261,0.03684215966415261,0.03892822707634417,1.0389282270763442,-0.0006274606087184331,1.0000198721887221,430.2083753679648,22.365103668772893,0.00004765270000000007,0.000012875663504104703
2021-08-20T01:00:00.000Z,0.02179353369277735,1.04028569582135,0.0009312533815466096,0.0011858288377836327,0.0012074587151416072,226578419.5156,157488872.2526,3061818.2749,0.03907823710620839,0.03907823710620839,0.041216949202896605,1.0412169492028966,-0.0007259745805234807,0.9994924517135703,432.2939668177161,22.41475130902168,0.000049677000000000134,0.000022972580877110528
2021-08-20T02:00:00.000Z,0.02179353369277735,1.0399234778460587,0.0009549328744432574,0.0012142314850421417,0.001237757353139468,228920124.0122,161166709.4742,3677837.2216,0.038685720492919184,0.038685720492919184,0.04087841072050191,1.0408784107205018,-0.0007317128062495071,0.9989646006317059,432.19567721599236,22.407000704671194,0.000049150400000000105,0.000027312248338581147
2021-08-20T03:00:00.000Z,0.02179353369277735,1.0396491684737759,0.0009766531367523595,0.0012335470786985767,0.0012546081574249524,228717621.3495,163666317.69840002,2499608.2242,0.03839456031635091,0.03839456031635091,0.040625821610528225,1.0406258216105282,-0.0006617051234684146,1.0005615412667896,431.26399167673725,22.354444874492824,0.000049180899999999745,0.000018578953191571786
2021-08-20T04:00:00.000Z,0.02179353369277735,1.0375549563079356,0.0009974649992290552,0.0012568529158194235,0.00127541482761373,229319944.1882,166696344.77440003,3030027.076,0.036279541480321864,0.036279541480321864,0.03855242130716465,1.0385524213071646,-0.0006461304948872648,0.9989540641615878,430.2001186124974,22.29249408527258,0.000048408600000000253,0.00002246226793502357
2021-08-20T05:00:00.000Z,0.02179353369277735,1.037002317619678,0.0010174338204676306,0.0012844162199974092,0.001301829834687629,229509354.1067,170284762.61530003,3588417.8409,0.035700487784990464,0.035700487784990464,0.03801975144014572,1.0380197514401457,-0.0006068512950797578,0.999505368351161,429.4824539314109,22.21008207593881,0.00004887300000000023,0.000026579789539619096
2021-08-20T06:00:00.000Z,0.02179353369277735,1.0354574470964537,0.0010406589779037492,0.0013128519716335977,0.0013284165998004305,229220180.93,173987614.87460002,3702852.2593,0.03412903049665328,0.03412903049665328,0.03649810607435746,1.0364981060743574,-0.0005879594136334321,0.9985348489348004,428.596311282345,22.20099681465824,0.00004886209999999978,0.00002746201846307913
2021-08-20T07:00:00.000Z,0.02179353369277735,1.0348176733100025,0.0010595066715139848,0.0013349060143313717,0.0013501607065022903,228963642.6972,176858012.07350004,2870397.1989,0.03346751260350023,0.03346751260350023,0.0358771799815165,1.0358771799815165,-0.0005391473796323432,0.9993493943900237,427.69926085011383,22.1047216663593,0.000048491999999999894,0.00002131200910610632
2021-08-20T08:00:00.000Z,0.02179353369277735,1.031036189660246,0.0010759189294910858,0.0013620640219839195,0.001372214316643916,228637317.1954,180400612.63800004,3542600.5645,0.0296639753436021,0.0296639753436021,0.0321121085897371,1.0321121085897371,-0.0004273490042009387,0.9992666502256279,424.5920310100135,21.963939797055293,0.000048384100000000105,0.000026340498714403066
