query_ts,assumedLPToken,equityValue,totalDexYield,totalTradingfee,newTotalTradingFee,liquidity,totalVolume,volume,priceImpact,priceEffect,totalReturn,totalEquityVal,impermanentLoss,tokenPrice,quoteTokenPrice,rewardPrice,rewardTokenPerLP,feePerDollar
2022-05-22T10:00:00.000Z,0.020843412812786923,1,0,0.000019565801234038183,-7.429612480791548e-13,235984846.939,2716019.0775,2716019.0775,7.429612480791548e-13,7.429612480791548e-13,0,1,-1.1102230246251565e-16,0.9993923076603005,321.8402512436392,4.818736616048569,0,0.00001956580048100933
2022-05-22T11:00:00.000Z,0.020843412812786923,0.9971521459171491,0,0.00003359269687496046,0.000014121921209975241,235306279.803,4663103.1607,1947084.0832,-0.0028619760040609066,-0.0028619760040609066,-0.0028478540828509313,0.9971521459171491,-0.000005098935455860598,0.9997195003289027,319.895957997662,4.746952830890727,0,0.000014066955391973346
2022-05-22T12:00:00.000Z,0.020843412812786923,0.9926871852613702,0,0.0000463032913942709,0.000026290281055496578,234254373.55539998,6427483.5176,1764380.3569,-0.007339105019685266,-0.007339105019685266,-0.007312814738629769,0.9926871852613702,-0.000021112858821670244,0.9985252317558098,317.4089325313653,4.723439115861467,0,0.00001280422884408024
2022-05-22T13:00:00.000Z,0.020843412812786923,0.9969429517068765,0,0.00006011580002836598,0.000042525566450013486,235274230.73149997,8344949.634,1917466.1164,-0.00309957385957349,-0.00309957385957349,-0.0030570482931234766,0.9969429517068765,-0.000009533098729197498,1.000654452567069,319.44477725789284,4.7822482073549555,0,0.000013854863695633674
2022-05-22T14:00:00.000Z,0.020843412812786923,0.9945136614127086,0,0.00007141117058885509,0.000051571596720201285,234647964.88230002,9912630.207,1567680.573,-0.0055379101840116185,-0.0055379101840116185,-0.005486338587291417,0.9945136614127086,-0.000012578605617541427,0.9988552002391322,318.45662619803466,4.756770260625031,0,0.000011357682029915746
2022-05-22T15:00:00.000Z,0.020843412812786923,0.9950961818481356,0,0.00008391713698721728,0.00006417932383129266,234665261.0279,11647440.7747,1734810.5677,-0.004967997475695651,-0.004967997475695651,-0.004903818151864359,0.9950961818481356,-0.000009000517344315284,0.9986554272249774,318.88551485022504,4.774240411536721,0,0.000012567595016713462
2022-05-22T16:00:00.000Z,0.020843412812786923,0.9911641903302989,0,0.00009900481852076201,0.00008017304982288476,233742119.505,13740420.286700001,2092979.512,-0.008915982719523985,-0.008915982719523985,-0.0088358096697011,0.9911641903302989,-0.00003492947273942004,0.9987951694305884,316.31579072032923,4.747793643078624,0,0.000015222182368907155
2022-05-22T17:00:00.000Z,0.020843412812786923,0.9918575174559917,0,0.00010942345260810686,0.00009043521250129416,233910036.98520002,15185731.7407,1445311.454,-0.008232917756509583,-0.008232917756509583,-0.00814248254400829,0.9918575174559917,-0.000035861652808555355,0.9995942977234767,316.49872876643434,4.761197247125017,0,0.00001050416435082459
2022-05-22T18:00:00.000Z,0.020843412812786923,0.9922911275624556,0,0.00012000968440919678,0.00009985918110910763,234012174.01900002,16654292.0778,1468560.3371,-0.007808731618653475,-0.007808731618653475,-0.007708872437544367,0.9922911275624556,-0.00002308252437388525,0.9983486604809828,317.16475695278945,4.783583501933219,0,0.000010668473055027037
2022-05-22T19:00:00.000Z,0.020843412812786923,0.9930758953592075,0,0.0001248235623093263,0.00010470350274283113,234203131.12489998,17322107.3163,667815.2385,-0.007028808143535348,-0.007028808143535348,-0.006924104640792517,0.9930758953592075,-0.00002513212811250387,0.9994284629169191,317.32036495214464,4.81657859934231,0,0.000004847441193450802
2022-05-22T20:00:00.000Z,0.020843412812786923,0.9929094283818485,0,0.00012828388148744112,0.00010978083777923864,234163872.2049,17802147.2931,480039.9768,-0.0072003524559307586,-0.0072003524559307586,-0.00709057161815152,0.9929094283818485,-0.000026071661073823194,0.999387022543955,317.22388817298196,4.813309226367249,0,0.000003485029321030007
2022-05-22T21:00:00.000Z,0.020843412812786923,0.9931400612657073,0,0.0001316101587620982,0.0001117662181903123,234219055.3667,18263593.7977,461446.5046,-0.006971704952483004,-0.006971704952483004,-0.006859938734292692,0.9931400612657073,-0.00002368133533081629,0.9992783847505192,317.40452526974536,4.732725979412632,0,0.0000033492537854865334
2022-05-22T22:00:00.000Z,0.020843412812786923,0.9918529900853911,0,0.00013491682030095716,0.00011475349344192143,233915882.1675,18722319.7804,458725.9827,-0.008261763408050848,-0.008261763408050848,-0.008147009914608927,0.9918529900853911,-0.000030597292113521135,0.9989194227315111,316.6941339321044,4.76894115819131,0,0.000003333823096422263
2022-05-22T23:00:00.000Z,0.020843412812786923,0.9954075846929004,0,0.00014149973909240507,0.00012185411304954652,234757649.9177,19635566.9135,913247.1331,-0.004714269420149186,-0.004714269420149186,-0.00459241530709964,0.9954075846929004,-0.000012261970145033274,0.9996189694281935,318.7406303748705,4.826985876523311,0,0.000006613288754655167
2022-05-23T00:00:00.000Z,0.020843412812786923,0.9965869157992417,0,0.00014694995387966127,0.00012771721862148144,235039011.1928,20391684.8347,756117.9212,-0.0035408014193797355,-0.0035408014193797355,-0.003413084200758254,0.9965869157992417,-0.00000685262801436437,0.9995472122075008,319.5156168883394,4.848536850610595,0,0.000005468881355127892
2022-05-23T01:00:00.000Z,0.020843412812786923,0.9977713697474757,0,0.00015765087655975356,0.00013923511998958915,235285458.3904,21876034.859,1484350.0243,-0.0023678653725138776,-0.0023678653725138776,-0.0022286302525242885,0.9977713697474757,-0.0000027977432840442518,0.9993871184714215,320.319570169383,4.872213170479057,0,0.000010724823618818926
2022-05-23T02:00:00.000Z,0.020843412812786923,0.9984491866164523,0,0.00016471704779292464,0.00014771379215861025,235464375.457,22856279.449100003,980244.5901,-0.001698527175706288,-0.001698527175706288,-0.0015508133835476778,0.9984491866164523,-0.00000427225231069972,1.0006154446055362,320.3557936553985,4.890294282293884,0,0.000007077146170989748
2022-05-23T03:00:00.000Z,0.020843412812786923,0.9940391486473272,0,0.00017610256611382905,0.00015717072133125676,234425930.7467,24435729.915700004,1579450.4666,-0.006118022074004026,-0.006118022074004026,-0.005960851352672769,0.9940391486473272,-0.000021436275878250477,0.9998031004300552,317.78362367011675,4.857687846473311,0,0.000011453791757027278
2022-05-23T04:00:00.000Z,0.020843412812786923,0.9967726953908149,0,0.0001887014461934868,0.00016944139647101508,234993053.35309997,26182927.163500004,1747197.2478,-0.0033967460056560927,-0.0033967460056560927,-0.0032273046091850777,0.9967726953908149,-0.000006923269725622738,0.9997107413243261,319.5557262472205,4.953705366087168,0,0.000012639672870656868
2022-05-23T05:00:00.000Z,0.020843412812786923,0.9991057478003322,0,0.00020226137226677523,0.00018443414678448455,235689309.2184,28064568.317600004,1881641.1541,-0.0010786863464522511,-0.0010786863464522511,-0.0008942521996677666,0.9991057478003322,-9.910840809146393e-7,0.9997207889003455,321.04077635944,4.958142298357586,0,0.000013572062188895726
2022-05-23T06:00:00.000Z,0.020843412812786923,1.0024226014512367,0,0.00021184121948268408,0.00019519601101336548,236478441.63549998,29393952.069700003,1329383.7521,0.0022274054402233734,0.0022274054402233734,0.002422601451236739,1.0024226014512367,-0.000002772529432926163,0.9992625258704504,323.31757170133255,4.970854668435097,0,0.000009556695159778731
2022-05-23T07:00:00.000Z,0.020843412812786923,1.0066402822396576,0,0.0002513401099809584,0.00023380791425275937,235727067.23810002,34834856.7621,5440904.6924,0.006406474325404865,0.006406474325404865,0.006640282239657624,1.0066402822396576,-0.00002017291846323488,0.9994264369087626,325.9660513765942,4.9970390296192795,0,0.00003923833646026466
2022-05-23T08:00:00.000Z,0.020843412812786923,1.0094600170808263,0,0.00026660170269798914,0.00025156369411716284,240355489.93949997,36972404.768400006,2137548.0063,0.00920845338670917,0.00920845338670917,0.009460017080826333,1.0094600170808263,-0.00004420238988345204,0.9991562384054927,327.87229141972165,5.038440711456094,0,0.000015118571294646416
2022-05-23T09:00:00.000Z,0.020843412812786923,1.0070191786813802,0,0.0002819724461148966,0.00026649207853179924,239753463.3891,39125053.071100004,2152648.3027,0.006752686602848446,0.006752686602848446,0.007019178681380245,1.0070191786813802,-0.00002544045034824638,0.9989894626638464,326.3330410400187,5.005135041088933,0,0.0000152636047999479
2022-05-23T10:00:00.000Z,0.020843412812786923,1.010498922915584,0,0.0002921288846594456,0.00027589094518587487,240645997.6578,40547824.9328,1422771.8617,0.0102230319703982,0.0102230319703982,0.010498922915584075,1.010498922915584,-0.000046960690112562986,0.999871767374048,328.2967524676366,5.019651590036225,0,0.000010050913742307165
2022-05-23T11:00:00.000Z,0.020843412812786923,1.0125932334136205,0,0.0003056530976292206,0.0002917297670423924,241166335.06119996,42442543.5739,1894718.6411,0.012301503646578116,0.012301503646578116,0.012593233413620508,1.0125932334136205,-0.00007348970031562096,0.9994948282123745,329.77336330388886,5.077075566819705,0,0.000013356017078638326
2022-05-23T12:00:00.000Z,0.020843412812786923,1.0155186368124343,0,0.00032128628045685387,0.0003074560215396982,241639447.8415,44630700.3645,2188156.7906,0.015211180790894563,0.015211180790894563,0.015518636812434261,1.0155186368124343,-0.0001128632132264551,0.9994640160886364,331.6820602805268,5.102454756157279,0,0.00001539428506913322
2022-05-23T13:00:00.000Z,0.020843412812786923,1.0150670211550772,0,0.0003453366836927703,0.00033257771411654424,241282191.2554,47993523.1302,3362822.7657,0.014734443440960643,0.014734443440960643,0.015067021155077187,1.0150670211550772,-0.00010556151472662645,0.9994884875797049,331.3625081516867,5.057897030786997,0,0.00002369341339261422
2022-05-23T14:00:00.000Z,0.020843412812786923,1.015203363606453,0,0.0003755535418260874,0.00036190108153233425,241380518.3903,52219718.447,4226195.3168,0.01484146252492069,0.01484146252492069,0.015203363606453024,1.015203363606453,-0.00010801859516074153,0.9994258283549606,331.45318543539486,5.042393062309034,0,0.000029764340910656995
2022-05-23T15:00:00.000Z,0.020843412812786923,1.0127670264191244,0,0.00039970048758147006,0.0003843582462901285,240795753.52499998,55596885.708,3377167.261,0.012382668172834288,0.012382668172834288,0.012767026419124416,1.0127670264191244,-0.00007504489266330072,0.9994474089407362,329.8418954699773,4.989476002995935,0,0.00002384254813324163
2022-05-23T16:00:00.000Z,0.020843412812786923,1.0179122394633175,0,0.00041821275226186207,0.0004065350001121182,241891287.12749997,58184624.899299994,2587739.1913,0.01750570446320543,0.01750570446320543,0.017912239463317547,1.0179122394633175,-0.00015407661031452413,0.9991912742231022,333.273999690591,5.068368313219831,0,0.0000181865030255977
2022-05-23T17:00:00.000Z,0.020843412812786923,1.0191072080378922,0,0.00043907381736096017,0.00042734520335319104,242013367.5949,61098742.21879999,2914117.3195,0.01867986283453904,0.01867986283453904,0.01910720803789223,1.0191072080378922,-0.0001685164727727173,0.9995400194281049,333.92706185004505,5.0597766921664755,0,0.0000204699413606044
2022-05-23T18:00:00.000Z,0.020843412812786923,1.0178315550375248,0,0.00045278842656941486,0.0004389416197512208,241712926.78530002,63014578.88369999,1915836.6649,0.01739261341777354,0.01739261341777354,0.01783155503752476,1.0178315550375248,-0.00015381459881536053,0.99909514011958,333.23198097151106,5.040027806127929,0,0.000013474340713365902
2022-05-23T19:00:00.000Z,0.020843412812786923,1.012972640723222,0,0.0004679963787635719,0.0004573911442444789,240591799.828,65139314.72389999,2124735.8402,0.012515249578977539,0.012515249578977539,0.012972640723222018,1.012972640723222,-0.00008008066369935563,0.9991741369940969,330.0185278359589,4.988545832176047,0,0.000015013192182452888
2022-05-23T20:00:00.000Z,0.020843412812786923,1.0033453853962324,0,0.0004901508464109657,0.00047880839640557227,238305899.1209,68234571.9276,3095257.2037,0.002866576999826842,0.002866576999826842,0.0033453853962324143,1.0033453853962324,-0.000005506239527997003,0.998936651739399,323.8357029926872,4.867435959979528,0,0.000022080600042638707
2022-05-23T21:00:00.000Z,0.020843412812786923,1.0060221989066873,0,0.0005012468226314638,0.0004827376282598994,238945021.81469998,69784840.7814,1550268.8538,0.0055394612784274155,0.0055394612784274155,0.006022198906687315,1.0060221989066873,-0.000025463585855423077,0.9977823571170344,325.94083804253904,4.909881166758272,0,0.000011029554126906131
2022-05-23T22:00:00.000Z,0.020843412812786923,1.005774248237859,0,0.000506335921123056,0.00049010806858929,238886129.8953,70495861.6202,711020.8388,0.005284140169269813,0.005284140169269813,0.005774248237859103,1.005774248237859,-0.00001460721854296132,0.999257555758038,325.2943964027352,4.8830792123560025,0,0.000005059881151282284
2022-05-23T23:00:00.000Z,0.020843412812786923,0.9969733856950097,0,0.0005206471709389355,0.0004982037147012175,236913603.5694,72496345.4912,2000483.871,-0.0035248180196915113,-0.0035248180196915113,-0.003026614304990294,0.9969733856950097,-0.0000060769202147037404,0.9993475357411927,319.589710607659,4.7930271523816925,0,0.000014354695253722668
2022-05-24T00:00:00.000Z,0.020843412812786923,0.9929808868919964,0,0.0005349317140899779,0.0005102690539394716,235959271.7936,74493049.1808,1996703.6896,-0.007529382161943099,-0.007529382161943099,-0.007019113108003627,0.9929808868919964,-0.00002924621963551477,0.9994825140236572,316.9833690833267,4.795653931841814,0,0.000014385517663782124
2022-05-24T01:00:00.000Z,0.020843412812786923,0.9970779199603829,0,0.0005503556624024313,0.0005269046463493021,237040064.17319998,76649995.2395,2156946.0587,-0.0034489846859664386,-0.0034489846859664386,-0.0029220800396171365,0.9970779199603829,-0.000005389499517782781,0.999220626632087,319.67895167991355,4.828546391989447,0,0.000015469149962390928
2022-05-24T02:00:00.000Z,0.020843412812786923,1.0047494791998048,0,0.0005642240209611583,0.0005443983631834293,238956254.3429,78590151.5852,1940156.3457,0.004205080836621411,0.004205080836621411,0.00474947919980484,1.0047494791998048,-0.000009466726934470593,0.9992374020107795,324.6029842064217,4.905115734299802,0,0.000013802801674975282
2022-05-24T03:00:00.000Z,0.020843412812786923,1.004425716673966,0,0.0005729434375057663,0.0005529607238521361,238880191.10070002,79809985.7892,1219834.204,0.0038727559501139375,0.0038727559501139375,0.004425716673966074,1.004425716673966,-0.000007005788646430311,0.999514301990742,324.29830916446184,4.892112066786343,0,0.000008680996683922709
2022-05-24T04:00:00.000Z,0.020843412812786923,1.0072759911960456,0,0.0005821100411349076,0.0005638720518070794,239541041.87379998,81092289.61659999,1282303.8274,0.006712119144238526,0.006712119144238526,0.007275991196045606,1.0072759911960456,-0.000023467799136089873,0.9992310888677427,326.2278372270185,4.919082039870156,0,0.000009100388349018156
2022-05-24T05:00:00.000Z,0.020843412812786923,1.0099405375097332,0,0.0005923448634176803,0.0005753147096219102,240171691.43010002,82524007.44539998,1431717.8288,0.009365222800111317,0.009365222800111317,0.009940537509733227,1.0099405375097332,-0.00004064757385868756,0.9996972748667159,327.7966623134333,4.941299806740031,0,0.000010134084889302503
2022-05-24T06:00:00.000Z,0.020843412812786923,1.0093335424492578,0,0.0006009289728636729,0.0005833053231560914,240031195.9764,83724831.23579998,1200823.7904,0.008750237126101679,0.008750237126101679,0.00933354244925777,1.0093335424492578,-0.00003753784183435638,0.9994396975797186,327.48172173404316,4.9317563704246465,0,0.000008504729709719531
2022-05-24T07:00:00.000Z,0.020843412812786923,1.0043921808712708,0,0.0006140037518290134,0.0005971513622877733,238832482.01959997,85553670.27679998,1828839.041,0.0037950295089830277,0.0037950295089830277,0.004392180871270801,1.0043921808712708,-0.000007059575536039198,0.999422579325968,324.27785056820886,4.8709259163881935,0,0.000013017602728948966
2022-05-24T08:00:00.000Z,0.020843412812786923,1.009186986408784,0,0.0006348188947210024,0.000617521829893608,240068237.1462,88466355.29859997,2912685.0218,0.008569464578890296,0.008569464578890296,0.009186986408783904,1.009186986408784,-0.00003427007589518194,0.9996461245146959,327.2967591332914,4.893454558456248,0,0.000020625654588551545
