query_ts,assumedLPToken,equityValue,totalDexYield,totalTradingfee,newTotalTradingFee,liquidity,totalVolume,volume,priceImpact,priceEffect,totalReturn,totalEquityVal,impermanentLoss,tokenPrice,quoteTokenPrice,rewardPrice,rewardTokenPerLP,feePerDollar
2021-11-26T10:00:00.000Z,0.016988524317059762,1,0.000007556782955085478,0.00010755039931825408,-5.81756864903582e-13,292472134.564,18503232.1463,18503232.1463,5.81756864903582e-13,5.81756864903582e-13,0.000007556782955085478,1.0000075567829552,0,0.9995239046246042,580.1560474958965,12.370698403471684,0.0000359573,0.00010755039858960228
2021-11-26T11:00:00.000Z,0.016988524317059762,0.9971556980983126,0.00001535706359885614,0.0001612000843620218,0.000053959595910146874,288689894.6996,27639879.5099,9136647.3636,-0.002898261497597532,-0.002898261497597532,-0.0028289448380885286,0.9971710551619115,-0.000007849021480210716,1.0005835804264225,576.1871704586998,12.406050864690174,0.0000369077,0.00005380271635168366
2021-11-26T12:00:00.000Z,0.016988524317059762,0.9923557328789864,0.000023475706798016952,0.00023100631642032236,0.00012164467699593562,286533346.0945,39496285.6586,11856406.1487,-0.0077659117980095616,-0.0077659117980095616,-0.007620791414215609,0.9923792085857844,-0.00003477753594316457,1.0000676592109048,570.8695941458374,12.42231194118842,0.000038374899999999984,0.00007034396075541762
2021-11-26T13:00:00.000Z,0.016988524317059762,1.0041152294701956,0.000032514832086002755,0.0003086160130682579,0.0002018331752797753,289576883.1017,52662090.1003,13165804.4417,0.003913396294915827,0.003913396294915827,0.004147744302281605,1.0041477443022817,-0.000006357376645893531,0.9998637746950982,584.5069424072733,12.87065295495421,0.00003746499999999999,0.00007729162394164399
2021-11-26T14:00:00.000Z,0.016988524317059762,1.0110753807210524,0.00004143546276329047,0.00037695244387166214,0.0002732733569623669,291431886.05560005,64248713.7178,11586623.6175,0.010802107364090041,0.010802107364090041,0.011116816183815699,1.0111168161838158,-0.00005159271698096379,1.0001097371462706,592.4103405804465,13.167436262188158,0.000036526800000000024,0.00006758786904323884
2021-11-26T15:00:00.000Z,0.016988524317059762,1.0102937656338424,0.000049961941799356274,0.00043177121630138995,0.0003270982432725944,290425581.0406,73518454.1461,9269740.4283,0.009966667390569839,0.009966667390569839,0.01034372757564179,1.0103437275756417,-0.00004238880427587244,1.0002335079230653,591.358292028725,13.188521847149392,0.00003775940000000003,0.00005426022966588138
2021-11-26T16:00:00.000Z,0.016988524317059762,1.0061077089926291,0.000056758437072761394,0.0004781322485021647,0.00037188157323964077,289215387.9288,81357823.0613,7839368.9152,0.005735827419389494,0.005735827419389494,0.006164467429701896,1.006164467429702,-0.00001367393352202928,1.0000136829315176,586.5430714855821,12.856887362239664,0.00003686859999999997,0.00004607959227646929
2021-11-26T17:00:00.000Z,0.016988524317059762,1.0099548146620223,0.0000662396202558691,0.0005188377262082833,0.0004156197510152282,290288885.9367,88240103.9781,6882280.9168,0.009539194911007076,0.009539194911007076,0.010021054282278173,1.010021054282278,-0.00005115029390556636,0.9989037857413959,591.6443473352883,13.044935300848648,0.000039036399999999984,0.000040304255951126076
2021-11-26T18:00:00.000Z,0.016988524317059762,1.0097038742048376,0.0000740161591543461,0.0005562456497995437,0.00045131141604914937,290001460.9721,94560158.8027,6320054.8246,0.009252562788788499,0.009252562788788499,0.009777890363991994,1.009777890363992,-0.000043798756460211585,0.9993744819120435,591.0299304814534,12.92694837269389,0.0000381388,0.000037048410603881924
2021-11-26T19:00:00.000Z,0.016988524317059762,1.010260214385582,0.00008243290827738638,0.0005863892837905344,0.00048277460974732733,290111314.8296,99652038.2508,5091879.4481,0.009777439775834562,0.009777439775834562,0.010342647293859275,1.0103426472938593,-0.00004302522693888644,0.9999772367366141,591.2882134608774,12.924866228387614,0.000038386400000000016,0.000029837495538063754
2021-11-26T20:00:00.000Z,0.016988524317059762,1.011429345620622,0.00009064050561252482,0.0006135413371827318,0.0005097416099169028,290445742.9807001,104238557.6389,4586519.3881,0.01091960401070513,0.01091960401070513,0.011519986126234559,1.0115199861262345,-0.00004703297360708625,1.0006854915580274,592.2071448607207,12.943920604393698,0.00003677189999999997,0.000026845230643604612
2021-11-26T21:00:00.000Z,0.016988524317059762,1.0113856198415179,0.00009954490364339058,0.0006411054608230591,0.000538855199488042,290433841.07879996,108894694.0987,4656136.4598,0.010846764642029827,0.010846764642029827,0.01148516474516126,1.0114851647451613,-0.00004941806109926006,1.0003703797660206,592.3083233086804,12.97867738798145,0.000039280999999999965,0.00002725382122227416
2021-11-26T22:00:00.000Z,0.016988524317059762,1.0103081931194315,0.00010786958787951936,0.0006610671026106843,0.0005572387966943371,290128677.072,112266667.4515,3371973.3528,0.009750954322737204,0.009750954322737204,0.01041606270731106,1.010416062707311,-0.000037099015077535213,1.0006137390835603,590.8810903076798,12.952853377933874,0.00003873100000000002,0.00001975797345374937
2021-11-26T23:00:00.000Z,0.016988524317059762,1.0096503695898995,0.00011634777813551844,0.0006831115765531868,0.0005786849846860509,290197626.8683,115993790.059,3727122.6075,0.00907168460521346,0.00907168460521346,0.009766717368035029,1.0097667173680351,-0.000040618455719787505,0.9995413758186765,590.7194515842052,12.938655183722519,0.00003910869999999996,0.00002183377066562128
2021-11-27T00:00:00.000Z,0.016988524317059762,1.0059550753648587,0.00012383791441972133,0.0007090753642143226,0.0006082185700051479,289138255.30929995,120383603.765,4389813.706,0.005346856794853583,0.005346856794853583,0.006078913279278452,1.0060789132792785,-0.000009499432661264073,1.000497742155626,585.80590460674,12.79087204614654,0.00004058499999999999,0.000025810086224034733
2021-11-27T01:00:00.000Z,0.016988524317059762,1.0101873025952162,0.00013349707804061032,0.0007423289803243342,0.000639286602330591,290337276.9432,126005603.9074,5622000.1424,0.009548015992885572,0.009548015992885572,0.010320799673256774,1.0103207996732568,-0.00003772619657171905,1.0003401006032575,590.8051731392653,12.910294034214825,0.00003876840000000009,0.00003291826782528431
2021-11-27T02:00:00.000Z,0.016988524317059762,1.0078427573509257,0.00014094619561243752,0.0007661764089778528,0.0006645293219766923,289607546.4756,130036575.3599,4030971.4525,0.007178228028948963,0.007178228028948963,0.007983703546538093,1.007983703546538,-0.00002151254596105545,1.0001169749942365,588.1659360323067,12.82453079782048,0.00003826109999999989,0.000023661853955961567
2021-11-27T03:00:00.000Z,0.016988524317059762,1.0123125626314229,0.00015037795401766937,0.0007936696530970244,0.000697451251987502,290694699.4936,134680653.84059998,4644078.4807,0.011615111379435383,0.011615111379435383,0.012462940585440554,1.0124629405854406,-0.00005746094752179243,1.0003516071673635,593.2202272676905,12.920763502727574,0.00003815009999999995,0.00002715884889178661
2021-11-27T04:00:00.000Z,0.016988524317059762,1.0119455181276755,0.00015828091618498723,0.0008205836853715728,0.0007178195008834543,290331889.32110006,139222866.3586,4542212.518,0.011227698626792071,0.011227698626792071,0.012103799043860513,1.0121037990438606,-0.00005212506903129466,1.0004785241324157,592.6907535321662,12.921129261939189,0.00003598320000000002,0.000026596324980546377
2021-11-27T05:00:00.000Z,0.016988524317059762,1.0130365126344758,0.00016707235279750054,0.0008500368038031722,0.0007482593031000739,290957245.6602,144198935.78869998,4976069.4301,0.012288253331375731,0.012288253331375731,0.013203584987273306,1.0132035849872734,-0.00006697280203837863,1.000163360117266,594.1217653160433,12.984129902789768,0.000036357100000000005,0.000029074093040629674
2021-11-27T06:00:00.000Z,0.016988524317059762,1.0099567504262212,0.00017450936586777238,0.0008834577178041009,0.000781305683376754,290113774.0791,149846159.13169998,5647223.343,0.009175444742844485,0.009175444742844485,0.01013125979208901,1.010131259792089,-0.000038606656993067645,0.9998701537386456,590.6466613444568,12.920860017828456,0.000037589499999999956,0.00003309143012452234
2021-11-27T07:00:00.000Z,0.016988524317059762,1.005580193677699,0.0001821492038648574,0.0009160426638981406,0.0008143151278263705,289073549.5128,155356262.20239997,5510103.0707,0.0047658785498725376,0.0047658785498725376,0.005762342881563766,1.0057623428815639,-0.000010079386572381388,0.9997885002322567,585.544125249975,12.868511117313103,0.00003818029999999997,0.000032404124265181956
2021-11-27T08:00:00.000Z,0.016988524317059762,1.009571926477021,0.00019151634188032554,0.0009541895865983408,0.0008508561357105648,290227548.46140003,161807038.26059997,6450776.0582,0.008721070341310533,0.008721070341310533,0.009763442818901423,1.0097634428189015,-0.0000292510181448824,1.0005584529936318,589.7089628199336,12.938961332524974,0.00003807740000000002,0.00003778524594607362
2021-11-27T09:00:00.000Z,0.016988524317059762,1.0215408317649597,0.00020577254386328298,0.0009935206807952421,0.0009026047903348822,293810525.6146,168461282.34179997,6654244.0812,0.020638226974624807,0.020638226974624807,0.021746604308822973,1.021746604308823,-0.00021311677365132287,0.9993049193697987,604.4823772381544,13.311372357656209,0.00003866599999999991,0.0000385017347978832
2021-11-27T10:00:00.000Z,0.016988524317059762,1.0170878120434819,0.00021290277073939633,0.0010390477208545058,0.0009453238932661812,288604815.99310005,176060442.8911,7599160.5493,0.016142488150215684,0.016142488150215684,0.01730071481422126,1.0173007148142212,-0.00011799771117004809,1.0001744921888975,598.6478903703136,13.22466150211621,0.00003770299999999996,0.00004476215301313217
2021-11-27T11:00:00.000Z,0.016988524317059762,1.018366473143319,0.00022311953175083312,0.0010732456186058946,0.0009771176723600838,288969421.79719996,181768631.1503,5708188.2592,0.01738935547095899,0.01738935547095899,0.018589592675069905,1.0185895926750699,-0.00014483736835013694,0.99974285434064,600.3770451787213,13.311161491464407,0.000039021499999999904,0.00003358113111168646
2021-11-27T12:00:00.000Z,0.016988524317059762,1.0170411415415268,0.00023225113903795955,0.0011209240531064747,0.0010234272532922972,288601490.17190003,189727165.854,7958534.7037,0.016017714288234508,0.016017714288234508,0.017273392680564766,1.0172733926805648,-0.00013651490809540867,0.9988906375178713,599.2701229340493,13.323850018193559,0.000039402799999999974,0.00004687955349167256
2021-11-27T13:00:00.000Z,0.016988524317059762,1.0209359307657617,0.00024248272000775662,0.0011583152854725937,0.0010648868954528101,290470625.6791,195985007.8777,6257842.0237,0.019871043870308913,0.019871043870308913,0.02117841348576948,1.0211784134857695,-0.0001732417992162949,1.000584740179117,602.8019611694444,13.406584753365841,0.00003859100000000004,0.000036624465607902094
2021-11-27T14:00:00.000Z,0.016988524317059762,1.0273457120416234,0.0002539330198728092,0.001200984040292561,0.0011163135786231848,292281829.8432999,203125797.8805,7140790.0028,0.02622939846300021,0.02622939846300021,0.027599645061496203,1.0275996450614961,-0.00032622592211584145,0.9998684972307975,610.7789021681155,13.555757510578344,0.000038004900000000216,0.0000415330060416969
2021-11-27T15:00:00.000Z,0.016988524317059762,1.0241744411046638,0.00026095410251831115,0.0012395554144774132,0.0011528669849465434,294810240.2352,209656875.05969998,6531077.1792,0.02302157411971728,0.02302157411971728,0.024435395207182135,1.024435395207182,-0.0002325556950973917,1.0007160919848914,606.4523877091021,13.461962137699523,0.00003838279999999979,0.00003766094147809162
2021-11-27T16:00:00.000Z,0.016988524317059762,1.0257754067329297,0.0002704030180456336,0.0012740503565764859,0.0011856153757998644,295475506.4889,215501756.30729997,5844881.2476,0.024589791357129798,0.024589791357129798,0.026045809750975295,1.0260458097509753,-0.000275900781243843,1.0003230145954536,608.5521440005892,13.48206023473519,0.000039553400000000007,0.00003362816173493309
2021-11-27T17:00:00.000Z,0.016988524317059762,1.0304656461010469,0.0002798681709179325,0.0013134671765659435,0.001236035069064112,296830923.512,222180707.82369998,6678951.5164,0.02922961103198274,0.02922961103198274,0.030745514271964782,1.0307455142719648,-0.000395829624009858,1.0001933003066783,614.1558776082891,13.533870930575835,0.00003664750000000008,0.00003825146465045102
2021-11-27T18:00:00.000Z,0.016988524317059762,1.034275754964041,0.0002893651973973674,0.001347149970368072,0.0012694279417662102,297846021.1354,227886482.78239998,5705774.9587,0.033006327022274684,0.033006327022274684,0.03456512016143826,1.0345651201614383,-0.0005025820561053163,1.0002861826450993,618.6139397509777,13.575146085183004,0.00003747909999999991,0.00003256655030278376
2021-11-27T19:00:00.000Z,0.016988524317059762,1.032487449392987,0.0002971746061158688,0.0013768649363226752,0.0012964565604631773,297326118.9719,232920035.19739997,5033552.415,0.0311909928325238,0.0311909928325238,0.03278462399910285,1.0327846239991028,-0.00046162326564325173,0.9998474226465757,616.7121422813913,13.530335690304051,0.00003813000000000021,0.000028779977807159006
2021-11-27T20:00:00.000Z,0.016988524317059762,1.0251875933690997,0.0003008312094004615,0.0014022540327855086,0.001314912051808781,295227699.7586,237220863.43869996,4300828.2413,0.023872681317290922,0.023872681317290922,0.025488424578500164,1.0254884245785,-0.0002981727475303009,0.9986936088282319,608.6920773531548,13.294527925245163,0.000039121599999999846,0.000024765318485319458
2021-11-27T21:00:00.000Z,0.016988524317059762,1.0196289683252715,0.0003045354579010187,0.0014306086596439474,0.0013339062275363744,294236832.73609996,242034018.81689996,4813155.3782,0.018295062097735126,0.018295062097735126,0.019933503783172518,1.0199335037831725,-0.0001499778829204823,1.0003332542971646,601.0914880222289,13.080528436957659,0.00003846059999999997,0.000027808769102265095
2021-11-27T22:00:00.000Z,0.016988524317059762,1.0215901802563432,0.0003152484548045525,0.001457113411186059,0.0013657903594472831,294804657.9835,246533189.20279995,4499170.3859,0.0202243898968959,0.0202243898968959,0.021905428711147736,1.0219054287111478,-0.0002010423436914488,0.9994927837425248,603.8787527740452,13.168489312220075,0.00003873320000000004,0.000025944602464381976
2021-11-27T23:00:00.000Z,0.016988524317059762,1.0248668345432548,0.0003269000019949104,0.001474536442495314,0.0013849748234400217,295753750.7113,249490776.79269993,2957587.5899,0.023481859719814757,0.023481859719814757,0.025193734545249688,1.0251937345452498,-0.00025815111097959864,1.000009464307332,607.4271474515816,13.278321164395837,0.00003999579999999991,0.00001700028787711971
2021-11-28T00:00:00.000Z,0.016988524317059762,1.0181639513667016,0.0003310604632302665,0.0014979474376579799,0.0014016608449378687,293416896.6643,253459386.22339994,3968609.4307,0.0167622905217637,0.0167622905217637,0.018495011829931837,1.0184950118299319,-0.00011980812103684624,1.0006670519188448,599.0833781676705,13.087160076867328,0.000039880399999999836,0.00002299334533521723
2021-11-28T01:00:00.000Z,0.016988524317059762,1.0209821034037223,0.0003412081911697095,0.0015249531060326945,0.0014359639797925094,293608286.0628,258027702.70289993,4568316.4795,0.019546139423929798,0.019546139423929798,0.02132331159489202,1.021323311594892,-0.00016807903721105522,1.0005456086951712,602.441508879613,13.164339885473701,0.00003664480000000018,0.000026450677258777694
2021-11-28T02:00:00.000Z,0.016988524317059762,1.0092324954774579,0.000340922614587627,0.0015604436249234673,0.0014491869159647397,290156609.8405,264029822.70659992,6002120.0037,0.0077833085614931186,0.0077833085614931186,0.009573418092045486,1.0095734180920455,-0.000017931041174312767,1.0012892559299917,588.1834153995009,12.835252229694126,0.0000378079,0.00003516585064837555
2021-11-28T03:00:00.000Z,0.016988524317059762,1.0033689007983475,0.0003459175087292164,0.001617949108690004,0.0014992107122435705,287956064.96889997,273737737.07259995,9707914.366,0.0018696900861039367,0.0018696900861039367,0.003714818307076724,1.0037148183070768,-4.5068050735785903e-7,1.0004424329673427,581.7928518239714,12.712270684417069,0.000038254100000000065,0.000057312404321063415
2021-11-28T04:00:00.000Z,0.016988524317059762,1.0015424226994896,0.00035294047642406496,0.001683852281649738,0.001561790573636035,287649351.7066,284871743.12209994,11134006.0495,-0.000019367874146469788,-0.000019367874146469788,0.0018953631759136302,1.0018953631759135,-0.000003998040524755275,1.002334883769767,578.5066302803378,12.661148970900303,0.00003911799999999992,0.00006580167892558371
2021-11-28T05:00:00.000Z,0.016988524317059762,0.9999922267545975,0.00035932786158865914,0.0017218842464035895,0.0015973154231571085,287186438.04300004,291296654.44659996,6424911.3245,-0.0016050886685595733,-0.0016050886685595733,0.0003515546161861943,1.0003515546161863,-0.000009072692138456517,1.0021795408385266,576.7627367812313,12.596309172152495,0.000038294999999999944,0.000038032259900847444
2021-11-28T06:00:00.000Z,0.016988524317059762,1.0057073977338473,0.00037141952704282784,0.0017582647957821856,0.001644039754231441,288685541.65400004,297439558.21479994,6142903.7682,0.004063357979615878,0.004063357979615878,0.006078817260890147,1.00607881726089,-0.0000015655888849774868,1.001811039463287,583.545107723573,12.728451316761008,0.000038486000000000085,0.00003617408875452527
2021-11-28T07:00:00.000Z,0.016988524317059762,1.0082710386707388,0.00038214318733881806,0.0017836446725728722,0.0016732161444172888,289448626.01240003,301725386.5950999,4285828.3803,0.006597822526321462,0.006597822526321462,0.008653181858077568,1.0086531818580775,-0.000018565841826356788,1.0000063190507518,587.5532565202582,12.814727172166839,0.00003769400000000004,0.000025171680193769066
2021-11-28T08:00:00.000Z,0.016988524317059762,1.0122791391351662,0.0003933200004389252,0.0018140628224294498,0.0017094389794807263,290633121.1678,306862612.7418999,5137226.1468,0.01056970015568548,0.01056970015568548,0.012672459135605132,1.012672459135605,-0.00004248547103302691,1.000820227230217,591.717590370566,12.907091478178526,0.0000384109,0.000030049171321109507
