query_ts,assumedLPToken,equityValue,totalDexYield,totalTradingfee,newTotalTradingFee,liquidity,totalVolume,volume,priceImpact,priceEffect,totalReturn,totalEquityVal,impermanentLoss,tokenPrice,quoteTokenPrice,rewardPrice,rewardTokenPerLP,feePerDollar
2021-07-07T10:00:00.000Z,0.02437899615457752,1,0.000020685407743650837,0.000021864982875225564,-1.2039258479035198e-12,184312392.1024,2370580.6551,2370580.6551,1.2039258479035198e-12,1.2039258479035198e-12,0.000020685407743650837,1.0000206854077436,0,0.9994769448820009,331.94755460093876,15.943722171841804,0.000053218,0.000021864981880496813
2021-07-07T11:00:00.000Z,0.02437899615457752,0.9969548923299426,0.00004076299058739938,0.0000516960026517278,0.000030275679129609934,183830532.571,5606228.9501,3235648.295,-0.0030753833491869997,-0.0030753833491869997,-0.0030043446794699906,0.99699565532053,-0.00000363914318923797,0.9990949298339616,330.03510654747606,15.732519017731319,0.00005306210000000001,0.000029922135482991802
2021-07-07T12:00:00.000Z,0.02437899615457752,1.00259732806964,0.00006178309732576537,0.00007736583008419596,0.00005489341737918707,184905175.84510002,8391045.2212,2784816.2711,0.0025424346522608943,0.0025424346522608943,0.0026591111669658466,1.0026591111669658,-0.0000018814367541697408,1.0000762048045977,333.4376898179996,15.892353192076039,0.00005318499999999998,0.000025603326890297297
2021-07-07T13:00:00.000Z,0.02437899615457752,1.00589409762303,0.00008213974325589862,0.00010204289847315704,0.00008310972560843233,185325423.4156,11065451.408100002,2674406.1869,0.005810987897421516,0.005810987897421516,0.005976237366285847,1.005976237366286,-0.000013543382037850549,1.0000664555060912,335.61869578274815,15.84019924475763,0.00005323950000000001,0.000024532470688246075
2021-07-07T14:00:00.000Z,0.02437899615457752,1.0095418670183998,0.00010268739317827894,0.0001275042269789128,0.00010779351943579485,185675364.9048,13820073.833700001,2754622.4256,0.009434073498963969,0.009434073498963969,0.009644554411578042,1.009644554411578,-0.00003936971282092472,0.9999929891869374,338.06578554514493,15.838059445446365,0.00005324499999999999,0.000025220675483368556
2021-07-07T15:00:00.000Z,0.02437899615457752,1.0044655765028678,0.00012128060376403955,0.00016300593778334824,0.000142731023563325,184985343.7764,17666014.810200002,3845940.9765,0.004322845479304505,0.004322845479304505,0.004586857106631869,1.0045868571066319,-0.000010855555293232122,0.9991311751553751,334.9395462363956,15.584579824206775,0.000053263300000000016,0.00003534387928566325
2021-07-07T16:00:00.000Z,0.02437899615457752,1.0025435384694976,0.00014059005800072944,0.00018850232816137351,0.0001682354242995565,184595456.9571,20427530.803600002,2761515.9934,0.002375303045198063,0.002375303045198063,0.002684128527498349,1.0026841285274983,-0.0000061566544004021395,0.9983416296692209,333.90566611440227,15.481867885366492,0.00005327779999999997,0.00002543170490848548
2021-07-07T17:00:00.000Z,0.02437899615457752,1.0058764211516018,0.00016157602576796383,0.0002155785555030031,0.0001956028003842203,185190527.80110002,23359864.308300003,2932333.5047,0.005680818351217587,0.005680818351217587,0.0060379971773697715,1.0060379971773699,-0.000006089938056286215,1.0016529392135325,335.00039418665335,15.568557431816549,0.00005321820000000001,0.00002691804498415814
2021-07-07T18:00:00.000Z,0.02437899615457752,1.0069154129500488,0.00018263873168579395,0.0002326394938466949,0.00021293752351891904,185587114.59710002,25209596.3663,1849732.058,0.006702475426529908,0.006702475426529908,0.007098051681734621,1.0070980516817347,-0.000012326604866053081,1.0011924067236095,335.83579241031225,15.646902065629233,0.000053085099999999964,0.000016943765225439506
2021-07-07T19:00:00.000Z,0.02437899615457752,1.0092819990820732,0.00020400144299870363,0.00025007448644208527,0.00023117959983554037,187298902.67430001,27112845.002100002,1903248.6358,0.009050819482237626,0.009050819482237626,0.009486000525071871,1.0094860005250719,-0.000032570676490539796,1.0004158719179057,337.6663316808938,15.740036481000665,0.000052838700000000006,0.000017274648354381194
2021-07-07T20:00:00.000Z,0.02437899615457752,1.0096806059937053,0.0002245546076989685,0.00026324155788617643,0.00024450007724707845,188454751.6812,28558495.741800003,1445650.7397,0.00943610591645827,0.00943610591645827,0.009905160601404318,1.0099051606014042,-0.00003439320286413583,1.0005749613427566,337.8705142750449,15.767731161626807,0.00005253420000000001,0.000013040829353283785
2021-07-07T21:00:00.000Z,0.02437899615457752,1.0077465876706133,0.00024388188311698928,0.0002728962644656907,0.00025550294322940204,188087215.115,29618476.664000005,1059980.9222,0.007491084727383912,0.007491084727383912,0.007990469553730303,1.0079904695537303,-0.000015423680300719056,1.0013868590154815,336.2968425727452,15.711834394386225,0.00005253600000000005,0.000009580489384343554
2021-07-07T22:00:00.000Z,0.02437899615457752,1.0024698516688473,0.00026153778000172526,0.00028752881587822425,0.000268785993603915,183562290.33990002,31194574.964700006,1576098.3007,0.0022010656752433633,0.0022010656752433633,0.0027313894488490034,1.002731389448849,-0.0000015116637138712363,0.9999366840120246,333.25714798878556,15.5420273453947,0.000053554300000000064,0.00001459650076401122
2021-07-07T23:00:00.000Z,0.02437899615457752,1.0014870254158152,0.0002804441220902874,0.00030336431228751126,0.00028255308644031807,183679077.2551,32903004.665400006,1708429.7007,0.0012044723293749282,0.0012044723293749282,0.0017674695379055337,1.0017674695379055,-2.0088546381913375e-8,1.000881386011728,332.2807664666106,15.46742733208616,0.0000534679,0.00001581198324051009
2021-07-08T00:00:00.000Z,0.02437899615457752,0.9933317755630182,0.0002949198109935994,0.00033720238089116137,0.0003139639795093352,182191117.8148,36553816.9386,3650812.2732,-0.00698218841649112,-0.00698218841649112,-0.006373304625988185,0.9936266953740118,-0.000029186244429380004,1.0001104181537546,327.12096578533163,15.174885195955143,0.00005346649999999993,0.000034065221943195274
2021-07-08T01:00:00.000Z,0.02437899615457752,0.983311576342707,0.0003097172107186485,0.0003790611514191656,0.00035250812934017883,180341879.9538,41069703.168800004,4515886.2302,-0.01704093178663313,-0.01704093178663313,-0.0163787064465743,0.9836212935534256,-0.00016659185458445247,1.0005437441081688,320.38858952712246,14.938462210315532,0.00005324829999999994,0.00004256918356017302
2021-07-08T02:00:00.000Z,0.02437899615457752,0.9868235720970926,0.00033200439737276653,0.00040496625079192313,0.00037991468480225166,182191930.9511,43883067.3601,2813364.1913,-0.013556342587709658,-0.013556342587709658,-0.012844423505534639,0.9871555764944654,-0.00010974121166540396,1.0006435629282777,322.63198325944967,15.072807065092285,0.000053072000000000064,0.00002625099311612035
2021-07-08T03:00:00.000Z,0.02437899615457752,0.9886507278161127,0.000353124232310724,0.0004231348025058055,0.00040643495687620046,182692575.762,45857986.875,1974919.5149,-0.01175570714076346,-0.01175570714076346,-0.010996147951576536,0.9890038520484234,-0.00008144480529226339,1.0004147967779846,323.88495707892537,15.142237110476046,0.00005306890000000002,0.000018377118836529813
2021-07-08T04:00:00.000Z,0.02437899615457752,0.9863387472882387,0.00037069565816551806,0.0004460216651354448,0.000424737721668067,182226306.263,48345253.3672,2487266.4922,-0.014085990433429396,-0.014085990433429396,-0.013290557053595812,0.9867094429464042,-0.00011029448034449718,1.0001435989370737,322.4467249474597,15.060018213376603,0.00005308159999999995,0.000023203856366585105
2021-07-08T05:00:00.000Z,0.02437899615457752,0.9812213754556799,0.0003826491792544555,0.0004691475589465805,0.0004448115642282646,181323930.0787,50859094.0292,2513840.662,-0.019223436108548375,-0.019223436108548375,-0.018395975365065657,0.9816040246349343,-0.0001917947994302116,0.9996532680887655,319.25155653240694,14.76934689735846,0.000053069400000000065,0.000023568478377592854
2021-07-08T06:00:00.000Z,0.02437899615457752,0.9764870467422563,0.0003959778959962605,0.00048458893719033374,0.0004584227804255159,180320789.6016,52536416.189,1677322.1598,-0.023971376038169234,-0.023971376038169234,-0.023116975361747456,0.9768830246382525,-0.00031725446222186093,1.0004063164373864,315.93005121060395,14.556376397376397,0.000053108000000000014,0.000015813194240996706
2021-07-08T07:00:00.000Z,0.02437899615457752,0.9795933662149008,0.00041519295355825936,0.0005107868941301973,0.00048555075349288046,180443880.6034,55375085.5631,2838669.3741,-0.020892184538592096,-0.020892184538592096,-0.019991440831540957,0.9800085591684591,-0.00022711794910590388,0.9996781733136054,318.1581690791741,14.567273027742965,0.00005327160000000011,0.000026743705133323714
2021-07-08T08:00:00.000Z,0.02437899615457752,0.9707684420154088,0.00042533630292477647,0.0005421396605982668,0.0005140250048193407,177519749.98790002,58747632.182500005,3372546.6194,-0.029745582989410546,-0.029745582989410546,-0.028806221681666428,0.9711937783183335,-0.00047465857083239804,1.0000969425308688,312.2995882922973,14.26857360028928,0.00005363409999999981,0.000032296852904371434
2021-07-08T09:00:00.000Z,0.02437899615457752,0.9747504891556443,0.00044778121744741886,0.0005675349610308376,0.000539977100330713,178129922.1376,61477539.150400005,2729906.9679,-0.025789487944686385,-0.025789487944686385,-0.024801729626908253,0.9751982703730917,-0.00034945587313639503,0.9997897522357959,314.9482475508565,14.38990014996864,0.00005367059999999994,0.00002605312902929969
2021-07-08T10:00:00.000Z,0.02437899615457752,0.9743417693829579,0.0004663687042694303,0.0005860787396261335,0.0005579051702484517,177860407.595,63468750.04840001,1991210.898,-0.02621613578729054,-0.02621613578729054,-0.02519186191277266,0.9748081380872273,-0.0003420243790469568,0.9990693899165148,314.8993390540052,14.381830624872418,0.00005373019999999997,0.000019032108226739274
2021-07-08T11:00:00.000Z,0.02437899615457752,0.9754427524828908,0.0004865889911624012,0.0006025201491679468,0.0005750643640622943,178280647.87939999,65236384.897700004,1767634.8493,-0.025132311881171487,-0.025132311881171487,-0.02407065852594679,0.9759293414740532,-0.00034020242712040627,1.0001115620931826,315.2718230912856,14.425780780038462,0.00005344279999999993,0.00001685533051149081
2021-07-08T12:00:00.000Z,0.02437899615457752,0.9767193314875783,0.000507117181795,0.0006247522846010595,0.0005981877580062411,178625423.0972,67628079.501,2391694.6033,-0.02387885627042796,-0.02387885627042796,-0.02277355133062672,0.9772264486693732,-0.00028475561609864197,0.9991758367049951,316.3790893158421,14.47513295858964,0.00005345450000000004,0.00002276205007725876
2021-07-08T13:00:00.000Z,0.02437899615457752,0.9747867166657328,0.0005248734896060754,0.0006456060291536929,0.0006178946961475917,178718608.9184,69877109.8982,2249030.3972,-0.025831178030414792,-0.025831178030414792,-0.024688409844661124,0.9753115901553389,-0.00034172092052675573,0.9994527397243815,315.02748304690255,14.451977963988071,0.00005269999999999999,0.00002139313694516098
2021-07-08T14:00:00.000Z,0.02437899615457752,0.9723599678422148,0.000539153757775048,0.0006671741538685434,0.0006381231545717903,178570232.008,72207053.7263,2329943.8281,-0.028278155312357,-0.028278155312357,-0.027100878400010162,0.9728991215999898,-0.0004534720290443328,1.0009127446543884,312.9896431660071,14.333005937514681,0.00005323370000000006,0.00002218121387439621
2021-07-08T15:00:00.000Z,0.02437899615457752,0.972839243211416,0.0005614441655020549,0.0006893603739002986,0.0006605591815666001,178799163.2259,74605659.0344,2398605.3081,-0.027821315970150584,-0.027821315970150584,-0.02659931262308193,0.9734006873769181,-0.00042108191285761265,1.0002863409163865,313.48019249986504,14.42818555665367,0.000053192300000000267,0.000022805638181976312
2021-07-08T16:00:00.000Z,0.02437899615457752,0.9764324316302977,0.0005905589746655374,0.0007058046333467623,0.0006806507317670407,179635379.1766,76385228.9775,1779569.9431,-0.024248219101469348,-0.024248219101469348,-0.02297700939503677,0.9770229906049632,-0.000272023812222022,0.9982587506855473,316.4301328509859,14.687409010023897,0.00005314029999999982,0.00001684116412444483
2021-07-08T17:00:00.000Z,0.02437899615457752,0.9750383485043903,0.0006057242685764368,0.0007275974080732776,0.0007000607375202694,179690837.1459,78747707.4905,2362478.513,-0.025661712233129963,-0.025661712233129963,-0.024355927227033256,0.9756440727729667,-0.0003451045133738839,0.999755728362832,315.0415902576757,14.595144947513136,0.00005304749999999996,0.000022350685966469365
2021-07-08T18:00:00.000Z,0.02437899615457752,0.9755048591457863,0.000623393083316898,0.000737071627192661,0.0007101503349987714,183616579.6952,79796711.1297,1049003.6392,-0.025205291189212442,-0.025205291189212442,-0.023871747770896772,0.9761282522291033,-0.0003322414514246308,0.9997295945237187,315.34506004944524,14.576211918188138,0.000051933000000000134,0.000009712119622314358
2021-07-08T19:00:00.000Z,0.02437899615457752,0.9751441401099062,0.000640291204027508,0.0007462372935472141,0.0007190591355098475,183549665.7297,80811556.6667,1014845.537,-0.025574919025603604,-0.025574919025603604,-0.02421556868606625,0.9757844313139338,-0.0003392582837145053,0.999621270843178,315.1401033291254,14.540865340133347,0.00005193299999999986,0.000009399294768755555
2021-07-08T20:00:00.000Z,0.02437899615457752,0.9790716917659176,0.0006627888438281134,0.0007706937490862735,0.0007470022183050373,184232381.4302,83518605.4297,2707048.763,-0.021675310452387464,-0.021675310452387464,-0.020265519390254314,0.9797344806097457,-0.000287122535235107,1.001530586006795,317.0619051727803,14.63199644561281,0.000051819700000000096,0.000024979229283010434
2021-07-08T21:00:00.000Z,0.02437899615457752,0.973481298410525,0.0006729775852847298,0.0007774584085602495,0.0007489952255176346,183370496.2164,84268152.4939,749547.0642,-0.027267696814992637,-0.027267696814992637,-0.025845724004190274,0.9741542759958097,-0.0003974114297140563,1.0000277210555313,313.91848680516443,14.453243824807613,0.000051895700000000046,0.000006948936908783025
2021-07-08T22:00:00.000Z,0.02437899615457752,0.9704692746058188,0.0006886849278770072,0.0007859568656722448,0.0007551988993728109,182775263.6678,85209666.3872,941513.8933,-0.030285924293554034,-0.030285924293554034,-0.028842040466304217,0.9711579595336958,-0.00048029597312593264,0.9997224505306855,312.06869751032997,14.399907540086112,0.00005181750000000008,0.000008757058184411073
2021-07-08T23:00:00.000Z,0.02437899615457752,0.9612355177320713,0.0006931609432714356,0.0008036985045949663,0.0007663456527888801,180752306.0564,87172117.5055,1962451.1183,-0.039530827920717604,-0.039530827920717604,-0.038071321324657285,0.9619286786753427,-0.0008342043038023217,1.0000037780252704,306.0606339265946,14.119336415967865,0.00005198640000000009,0.000018457119435416875
2021-07-09T00:00:00.000Z,0.02437899615457752,0.9671690928754869,0.000721838856090222,0.0008165576863829225,0.0007840238854013304,180408909.7061,88583094.57100001,1410977.0655,-0.03361493100991442,-0.03361493100991442,-0.032109068268422865,0.9678909317315771,-0.0005525200260124707,0.9985347788058151,310.29836054132005,14.330507136152125,0.000052412199999999966,0.000013295690413836012
2021-07-09T01:00:00.000Z,0.02437899615457752,0.9563564101031626,0.0007215418917560041,0.0008377776156472956,0.0007954408638169985,177632193.3618,90901540.1464,2318445.5754,-0.04443903076065436,-0.04443903076065436,-0.04292204800508136,0.9570779519949186,-0.0010590120375684187,1.0000624182543085,302.9227925220194,13.968738986635184,0.000052638100000000014,0.000022188306092422508
2021-07-09T02:00:00.000Z,0.02437899615457752,0.9579378046895892,0.000730620692345152,0.000862541485452065,0.0008216633177806631,177932464.8577,93607288.92660001,2705748.7802,-0.04288385862819144,-0.04288385862819144,-0.04133157461806562,0.9586684253819344,-0.0010008603301885355,1.0004056182205425,303.80534697895325,13.801629204940914,0.000052636799999999875,0.000025851229172925974
2021-07-09T03:00:00.000Z,0.02437899615457752,0.9633197578618984,0.000759825411960509,0.0008782081987572751,0.0008428438102981994,178785422.2103,95317661.08900002,1710372.1624,-0.037523085948399815,-0.037523085948399815,-0.03592041672614111,0.9640795832738589,-0.0007394155279042414,0.9996990807331395,307.4352094104896,14.013339846052954,0.00005268059999999981,0.000016263253682170112
2021-07-09T04:00:00.000Z,0.02437899615457752,0.9656349825369215,0.0007686799614031673,0.0009076396882310972,0.0008734257527821532,179257600.6122,98531528.14850001,3213867.0595,-0.03523844321586067,-0.03523844321586067,-0.03359633750167535,0.9664036624983247,-0.0006792191981672691,1.00047005357282,308.65842788165486,13.84869420443021,0.000052668800000000325,0.000030478897310299918
2021-07-09T05:00:00.000Z,0.02437899615457752,0.9682486294897064,0.0007986413975650432,0.0009198077888634611,0.0008881605511447122,179496736.15420002,99858444.34120001,1326916.1927,-0.032639531061438354,-0.032639531061438354,-0.0309527291127286,0.9690472708872714,-0.0005414163536366923,0.9992068895421712,310.715920640038,14.06272369971245,0.00005274140000000005,0.000012567122811927618
2021-07-09T06:00:00.000Z,0.02437899615457752,0.970184304777592,0.0008239235012289684,0.000945290912191779,0.0009160632158899951,179855381.6261,102637344.33420001,2778899.993,-0.030731758438298007,-0.030731758438298007,-0.028991771721179043,0.9710082282788209,-0.0005165924700007984,1.0004131263611888,311.56655985959117,14.186701769075585,0.00005274199999999988,0.000026266269851857743
2021-07-09T07:00:00.000Z,0.02437899615457752,0.9672870431177091,0.0008373285699967158,0.0009590440425139282,0.0009264944841801404,179329449.6352,104137197.9818,1499853.6476,-0.03363945136647106,-0.03363945136647106,-0.03187562831229421,0.9681243716877058,-0.0005893259153023633,0.9995985454816412,309.9524133025828,14.105268489093858,0.000052736099999999856,0.000014218251414404149
2021-07-09T08:00:00.000Z,0.02437899615457752,0.9681623707698557,0.0008518759471280648,0.0009677142447780333,0.0009360552389694465,179630215.1924,105083460.20480001,946262.223,-0.03277368446911377,-0.03277368446911377,-0.03098575328301626,0.9690142467169838,-0.0006036767643897711,1.0009101863827405,310.10113301029963,14.046354128226417,0.00005269510000000005,0.000008955318443375445
