query_ts,assumedLPToken,equityValue,totalDexYield,totalTradingfee,newTotalTradingFee,liquidity,totalVolume,volume,priceImpact,priceEffect,totalReturn,totalEquityVal,impermanentLoss,tokenPrice,quoteTokenPrice,rewardPrice,rewardTokenPerLP,feePerDollar
2022-02-25T10:00:00.000Z,0.020433108096495015,1,0.000004663208182434985,0.000024914481017731826,9.093836794704657e-13,236009159.13799998,3458850.4582,3458850.4582,-9.093836794704657e-13,-9.093836794704657e-13,0.000004663208182434985,1.0000046632081825,0,1.0000884222254272,361.0343213928809,6.375310094598948,0.0000357972,0.00002491448128715124
2022-02-25T11:00:00.000Z,0.020433108096495015,0.9979595372243862,0.000009280346816379432,0.000043757866741279004,0.000017899467629534094,235487227.98819998,6074409.112500001,2615558.6543,-0.0020583622432432946,-0.0020583622432432946,-0.002031182428797381,0.9979688175712026,-0.0000023397816016901274,1.0001911849257905,359.5126309899592,6.34588331064506,0.0000357739,0.000018881914532251436
2022-02-25T12:00:00.000Z,0.020433108096495015,1.0007330522420788,0.000013996361404265451,0.00006612309275978402,0.000043527302166168624,236145503.2642,9178867.129700001,3104458.0172,0.0006895249399125891,0.0006895249399125891,0.0007470486034830232,1.000747048603483,-1.7372135374671416e-7,1.000188280614582,361.49628213810405,6.380239758563482,0.000035789200000000006,0.000022348842371711122
2022-02-25T13:00:00.000Z,0.020433108096495015,1.0093791897676807,0.000018998095348865624,0.00010148275591556583,0.00008344047558828116,238188845.55830002,14087112.513200002,4908245.3835,0.009295749292092426,0.009295749292092426,0.009398187863029572,1.0093981878630296,-0.0000397804784429967,1.0004214740887736,367.65525034902447,6.495099298287082,0.000035789200000000006,0.00003503109951430402
2022-02-25T14:00:00.000Z,0.020433108096495015,1.012457027763431,0.000023745145197895906,0.00012973082700336249,0.00010583753417203745,245513167.24780002,18116490.9512,4029378.438,0.012351190229259013,0.012351190229259013,0.012480772908628946,1.012480772908629,-0.00007131487587597185,1.0004209187199833,369.8848304950591,6.533975361893556,0.000034704200000000026,0.00002790051312272898
2022-02-25T15:00:00.000Z,0.020433108096495015,1.0104761636216104,0.000028269649638017903,0.00015366682777367746,0.00012956516083906244,245950808.43490002,21543575.635900002,3427084.6847,0.01034659846077135,0.01034659846077135,0.01050443327124843,1.0105044332712485,-0.00005224525694647042,1.0001595871387412,368.5177019721408,6.511150237166984,0.00003463129999999998,0.000023687842300921233
2022-02-25T16:00:00.000Z,0.020433108096495015,1.0120286479178184,0.00003295924623779227,0.00024867472200582866,0.00023164483625270904,246314150.88509998,35145718.4715,13602142.8356,0.011797003081565727,0.011797003081565727,0.012061607164056229,1.0120616071640562,-0.00006392553906575671,1.000509082470356,369.4474141856845,6.534205931519556,0.00003437460000000001,0.00009387866160928228
2022-02-25T17:00:00.000Z,0.020433108096495015,1.0120229095654731,0.00003743202862106714,0.000303062614910931,0.00027997083975206394,246471724.1927,42937379.9367,7791661.4652,0.011742938725721075,0.011742938725721075,0.012060341594094207,1.0120603415940943,-0.00006158471359662965,1.000664707579824,369.35048217613604,6.515728294074804,0.00003429549999999998,0.00005374176098384398
2022-02-25T18:00:00.000Z,0.020433108096495015,1.0100544953756716,0.000041836512807662244,0.0003393048555212788,0.00031946984578357096,245992417.0497,48129479.6828,5192099.7461,0.00973502552988803,0.00973502552988803,0.010096331888479264,1.0100963318884792,-0.00003480257057930647,1.0014343008674715,367.6031880122024,6.483538327022958,0.000034642599999999986,0.00003588147014542603
2022-02-25T19:00:00.000Z,0.020433108096495015,1.0055711397400506,0.000046045694794961945,0.0004573725298091078,0.00044366476509316577,244912484.58659998,65044799.43530001,16915319.7525,0.005127474974957469,0.005127474974957469,0.005617185434845596,1.0056171854348457,-0.000010112352861524343,1.0007058339439523,364.52116250396995,6.435214264191079,0.000034382500000000005,0.0001174135472423497
2022-02-25T20:00:00.000Z,0.020433108096495015,1.0063427298926508,0.000050657076326859234,0.0004967761053016453,0.0005023158689239082,245100409.691,70690070.83780001,5645271.4025,0.005840414023726925,0.005840414023726925,0.006393386968977692,1.0063933869689776,-0.000012413266418875857,1.0009296262153728,364.95684025239024,6.443326349744976,0.0000345848,0.000039155223756455415
2022-02-25T21:00:00.000Z,0.020433108096495015,1.0114816339002126,0.00005558962288093697,0.0005412733583625717,0.0005217101481229669,246363936.0386,77065411.62940001,6375340.7916,0.01095992375208965,0.01095992375208965,0.011537223523093556,1.0115372235230935,-0.00004119359453824689,1.0019136513642306,368.3192984014582,6.498326986097961,0.000033891399999999985,0.00004399215047458043
2022-02-25T22:00:00.000Z,0.020433108096495015,1.0108577768702673,0.000060378598862851084,0.0005918049148632441,0.0005729044799951399,246218454.87389997,84305507.26480001,7240095.6354,0.010284872390272204,0.010284872390272204,0.010918155469130195,1.0109181554691302,-0.00005786088087111896,0.9995631923719053,368.69252614692016,6.518328528182764,0.00003467140000000001,0.00004998878977810005
2022-02-25T23:00:00.000Z,0.020433108096495015,1.0183176440058739,0.00006575311411268838,0.0006572032452788455,0.0006578477825192053,248018879.4984,93675067.55530001,9369560.2905,0.017659796223354673,0.017659796223354673,0.01838339711998657,1.0183833971199865,-0.00015505365700485552,0.9999830904272676,373.93788574902555,6.604338624382675,0.00003392299999999997,0.00006422193554806683
2022-02-26T00:00:00.000Z,0.020433108096495015,1.0189700364556629,0.00007046511640448365,0.0006913689058929411,0.0006771525572777382,248205962.04290003,98570507.19290002,4895439.6376,0.018292883898385126,0.018292883898385126,0.019040501572067346,1.0190405015720674,-0.00016371433750783648,1.0001197826476802,374.3521132113661,6.608913839632455,0.00003455590000000003,0.00003352960305796997
2022-02-26T01:00:00.000Z,0.020433108096495015,1.0291350788325135,0.00007667803235436849,0.0007376892662441827,0.0007284112438703527,248471347.2078,105149008.18460001,6578500.9917,0.028406667588643186,0.028406667588643186,0.02921175686486791,1.029211756864868,-0.00038117237319656994,1.000484237927217,381.6861538788116,6.74118329322156,0.0000348666,0.000045009019396257084
2022-02-26T02:00:00.000Z,0.020433108096495015,1.029275315258269,0.00008120044218184932,0.0007921500379159328,0.0007847256877973052,248510489.42530003,112883789.5823,7734781.3977,0.02849058957047168,0.02849058957047168,0.029356515700450836,1.0293565157004507,-0.0003636096214946205,1.0012103411719964,381.4715968671108,6.716673663987579,0.000034983300000000035,0.000052911764032570164
2022-02-26T03:00:00.000Z,0.020433108096495015,1.027383853232427,0.00008533239556734887,0.0008450742521186913,0.0008400394669199063,248059531.31379998,120400514.7565,7516725.1742,0.026543813765507185,0.026543813765507185,0.02746918562799444,1.0274691856279945,-0.0003446822515484893,1.0000265344734542,380.47869727667745,6.664407284963676,0.000034983199999999974,0.00005151357308651463
2022-02-26T04:00:00.000Z,0.020433108096495015,1.0259742780840293,0.00008966772486833904,0.0008734647767062042,0.0008631112740022928,248087423.72460002,124438760.9025,4038246.146,0.025111166810027008,0.025111166810027008,0.02606394580889764,1.0260639458088976,-0.00032371239969153365,0.9994416600927021,379.6394799258437,6.633007499349878,0.00003495369999999998,0.000027671771285838355
2022-02-26T05:00:00.000Z,0.020433108096495015,1.0271774096337154,0.00009466817194445616,0.0008957344166450338,0.0008876696094557435,247979865.15350002,127601294.9807,3162534.0782,0.026289740024259656,0.026289740024259656,0.027272077805659857,1.0272720778056599,-0.000333893133082519,1.0001933848417615,380.2269412327841,6.6545548465823074,0.00003463299999999997,0.00002168042122940931
2022-02-26T06:00:00.000Z,0.020433108096495015,1.0219466559609711,0.00009810421829599533,0.0009261316134360685,0.0009106657079853697,246721550.7162,131918110.3997,4316815.419,0.021035990252985748,0.021035990252985748,0.02204476017926711,1.022044760179267,-0.00021079231985565716,1.0003719460324905,376.2768386552184,6.566684800828667,0.000034924500000000014,0.000029744406968086308
2022-02-26T07:00:00.000Z,0.020433108096495015,1.0211507226881384,0.00010285196916541774,0.0009457294426366193,0.0009340307408218784,246530508.89139998,134701281.1859,2783170.7862,0.020216691947316567,0.020216691947316567,0.021253574657303865,1.021253574657304,-0.00021129272217246253,0.9995448765518893,375.98406716411404,6.570123839591362,0.000034982800000000034,0.00001919190593414238
2022-02-26T08:00:00.000Z,0.020433108096495015,1.0205720969011898,0.00010738219276129241,0.000965438728311904,0.00095091489332777,246393553.5261,137500311.5162,2799030.3303,0.019621182007862004,0.019621182007862004,0.020679479093951066,1.020679479093951,-0.0001893453406349721,1.0000580762738973,375.35254596514335,6.5616455037658,0.00003477869999999992,0.00001931199697968541
2022-02-26T09:00:00.000Z,0.020433108096495015,1.0162482269664368,0.00011118119692994848,0.0009971179739074127,0.000983044375149511,245352122.50989997,141999310.9736,4498999.4574,0.015265182591287285,0.015265182591287285,0.016359408163366746,1.0163594081633667,-0.00011307209409938679,1.0001994804292385,372.09964031653936,6.510596601688842,0.000034837000000000026,0.00003117274470397699
2022-02-26T10:00:00.000Z,0.020433108096495015,1.0181047456128343,0.00011546890403862263,0.001016453781189599,0.0009988871483710415,245873960.75399998,144746151.5837,2746840.6101,0.01710585846446322,0.01710585846446322,0.018220214516872883,1.0182202145168728,-0.00011617681998787877,1.0018073617092298,372.8507166407281,6.49421488098777,0.000034420200000000033,0.000018991962478865435
2022-02-26T11:00:00.000Z,0.020433108096495015,1.0202425365806165,0.00012080024880155127,0.0010422385981868362,0.001030033841858291,246394421.77420002,148409199.3632,3663047.7795,0.019212502738758186,0.019212502738758186,0.020363336829418027,1.020363336829418,-0.00017883638397275803,1.0002050643222211,374.99659573183806,6.531554920478536,0.00003497249999999998,0.00002527322323415541
2022-02-26T12:00:00.000Z,0.020433108096495015,1.0194065087458748,0.0001247530425132632,0.001093186851147542,0.0010784815583564367,246207159.55709997,155647450.7028,7238251.3396,0.01832802718751836,0.01832802718751836,0.019531261788388057,1.019531261788388,-0.00013381370969778317,1.0018920650428111,373.71570247769273,6.4943609768173305,0.0000349713,0.000049978348718434555
2022-02-26T13:00:00.000Z,0.020433108096495015,1.0171886627955857,0.00012899950869352546,0.00113671006203213,0.0011194534105314347,245629829.6048,161829772.48250002,6182321.7797,0.016069209385054295,0.016069209385054295,0.017317662304279256,1.0173176623042792,-0.0001249340227587048,1.0002218713297053,372.68089016952325,6.476078882291937,0.00003474479999999997,0.00004278774708430046
2022-02-26T14:00:00.000Z,0.020433108096495015,1.0195281208369986,0.0001338753204179081,0.001162317709678995,0.001148003122175778,246198092.6608,165467299.62960002,3637527.1471,0.01838011771482284,0.01838011771482284,0.01966199615741653,1.0196619961574165,-0.00016027837399257283,1.0003964474480993,374.31270825009716,6.488064456502657,0.00003497789999999992,0.000025117157014655428
2022-02-26T15:00:00.000Z,0.020433108096495015,1.0200290041584492,0.00013874151701265093,0.0011864150645740155,0.0011756059280676467,246321194.70540002,168890321.94270003,3423022.3131,0.01885339823038157,0.01885339823038157,0.020167745675461864,1.0201677456754619,-0.00017334132425705917,1.0001455436764017,374.7546943015467,6.49915980000451,0.00003491959999999998,0.000023624186863942766
2022-02-26T16:00:00.000Z,0.020433108096495015,1.0218446104384358,0.0001436587924301375,0.0012076082046025786,0.0011949342708639232,246722919.8816,171900353.22910002,3010031.2864,0.02064967616757185,0.02064967616757185,0.02198826923086591,1.021988269230866,-0.00018750487995533582,1.0011617727544948,375.69553601824913,6.51237994777837,0.00003483219999999998,0.000020740080367627075
2022-02-26T17:00:00.000Z,0.020433108096495015,1.0192014191572876,0.0001475178068705683,0.0012235666377506708,0.0012062155803551633,246093234.82360002,174166984.92850003,2266631.6994,0.017995203576932406,0.017995203576932406,0.019348936964158136,1.0193489369641582,-0.00015003931446322394,1.000599943904171,373.9537378738265,6.481183199351439,0.00003433639999999994,0.000015657780644567624
2022-02-26T18:00:00.000Z,0.020433108096495015,1.0210179969641346,0.00015290020742291197,0.0012399006028192253,0.0012251199083892494,246599919.5304,176487595.42910004,2320610.5006,0.019792877055745395,0.019792877055745395,0.021170897171557557,1.0211708971715576,-0.00018593369822317296,1.0004026865656142,375.34962676974396,6.513200903931196,0.00003496749999999996,0.000015997725621859615
2022-02-26T19:00:00.000Z,0.020433108096495015,1.0183004416255381,0.00015630051921474057,0.0012517645557746447,0.0012341925131400533,246132611.335,178174434.87870005,1686839.4496,0.01706624911239807,0.01706624911239807,0.018456742144752864,1.0184567421447528,-0.0001382219887066105,1.0003831862031887,373.3524373304951,6.465033261474709,0.000034300100000000055,0.000011650740016799324
2022-02-26T20:00:00.000Z,0.020433108096495015,1.0200583792155709,0.00016125378703558005,0.0012598839332536786,0.0012443865438169777,246558447.0214,179328867.56630003,1154432.6876,0.018813992671753876,0.018813992671753876,0.020219633002606433,1.0202196330026065,-0.00016177260740057875,1.0007393147576717,374.5033696430883,6.4789054005406825,0.000034882500000000065,0.000007959717432636417
2022-02-26T21:00:00.000Z,0.020433108096495015,1.0227292524522005,0.00016618246457922057,0.0012737631423613309,0.0012621031684041384,247163404.56,181301922.98900002,1973055.4227,0.02146714928379634,0.02146714928379634,0.022895434916779697,1.0228954349167796,-0.0001985666898560723,1.001399517570608,376.2082539752771,6.4910456811475346,0.00003488229999999993,0.000013570755851017396
2022-02-26T22:00:00.000Z,0.020433108096495015,1.0219712946215926,0.0001726472696422389,0.0012832727782986963,0.0012725274942142484,246980866.26200002,182653807.36280003,1351884.3738,0.020698767127378392,0.020698767127378392,0.02214394189123488,1.0221439418912348,-0.0002023837915808846,1.0004554472585891,375.99694515991354,6.560607906039583,0.00003494040000000007,0.00000930518817203451
2022-02-26T23:00:00.000Z,0.020433108096495015,1.0180019992530809,0.00017600995902452944,0.0012914664934682962,0.0012741019743391924,246143260.7642,183819197.26830003,1165389.9055,0.016727897278741688,0.016727897278741688,0.018178009212105408,1.0181780092121053,-0.00014808905571273012,0.999467199248836,373.44600975200905,6.5117288994916205,0.00003494029999999992,0.000008048820159443291
2022-02-27T00:00:00.000Z,0.020433108096495015,1.0179284777834512,0.0001801975330044799,0.0013022145208313768,0.001284000606986746,246126367.18339998,185347891.85400003,1528694.5857,0.016644477176464445,0.016644477176464445,0.018108675316455672,1.0181086753164557,-0.00012778111794931046,1.0006089143812942,372.95869197814267,6.495097471273648,0.00003494040000000007,0.000010558725688067095
2022-02-27T01:00:00.000Z,0.020433108096495015,1.0114408520380198,0.00018280717856370942,0.0013362977604173436,0.0013154297497151024,244561438.7201,190195633.19590002,4847741.3419,0.010125422288304708,0.010125422288304708,0.01162365921658352,1.0116236592165835,-0.00005457143757114924,0.9997155780967043,368.5199744299936,6.425196417674024,0.00003464900000000002,0.00003369770935417987
2022-02-27T02:00:00.000Z,0.020433108096495015,1.0068678817269263,0.00018511814615436217,0.0013777716981113396,0.0013542921630609328,243483033.89420003,196095233.1371,5899599.9412,0.005513589563865384,0.005513589563865384,0.007052999873080679,1.0070529998730806,-0.000013621751284498274,1.0003673706494565,364.92470068100346,6.347177481236187,0.00003493440000000022,0.00004119104210110184
2022-02-27T03:00:00.000Z,0.020433108096495015,1.0084654300109248,0.0001897344429254466,0.0013993698162124428,0.0013706872007983595,243877621.193,199167634.4492,3072401.3121,0.007094742810126453,0.007094742810126453,0.00865516445385026,1.0086551644538502,-0.000025342461276278705,1.0000387030029632,366.1935907543745,6.35092890472965,0.000034729999999999906,0.00002141681637298141
2022-02-27T04:00:00.000Z,0.020433108096495015,1.0094710976549615,0.0001944017781371544,0.001412963642229244,0.0013834008599968861,244087301.76440004,201101134.0008,1933499.5516,0.008087696794964572,0.008087696794964572,0.009665499433098612,1.0096654994330987,-0.000030965084924616804,1.0002739485459353,366.8297586413908,6.355434505656888,0.00003490440000000014,0.000013466285275637387
2022-02-27T05:00:00.000Z,0.020433108096495015,1.0074163152366382,0.00019831547472989687,0.0014274598310791808,0.0013955779903089827,243592074.6914,203162993.59140003,2061859.5906,0.006020737246329233,0.006020737246329233,0.007614630711368113,1.007614630711368,-0.000018044393440330708,1.000083667329825,365.39653146743836,6.335537663603486,0.000034933500000000034,0.000014389471859708864
2022-02-27T06:00:00.000Z,0.020433108096495015,1.0101500944467172,0.00020469157153136074,0.0014415280832163202,0.0014135929991976326,244300035.0081,205164370.21730003,2001376.6259,0.008736501447519585,0.008736501447519585,0.010354786018248578,1.0103547860182487,-0.00004384323571660076,0.9994228674221903,367.614877822772,6.393585146323154,0.000034897899999999875,0.000013926892249185279
2022-02-27T07:00:00.000Z,0.020433108096495015,1.0160115989613219,0.00021221423879141718,0.0014620698831880237,0.0014442678778925355,245919361.763,208089085.78790003,2924715.5706,0.014567331083429336,0.014567331083429336,0.016223813200113287,1.0162238132001133,-0.00009599006002469768,1.0006946630116167,371.4044078441473,6.484134246191024,0.00003489839999999996,0.000020218076504328617
2022-02-27T08:00:00.000Z,0.020433108096495015,1.0174439195284506,0.00021818903525925885,0.0014751580183857878,0.0014616224742669548,246265611.29810002,209952554.66620004,1863468.8783,0.015982297054183636,0.015982297054183636,0.01766210856370985,1.0176621085637099,-0.0001172749856002131,1.0006287679737689,372.46561489451216,6.525810289796252,0.00003457869999999988,0.000012863741211822378
