query_ts,assumedLPToken,equityValue,totalDexYield,totalTradingfee,newTotalTradingFee,liquidity,totalVolume,volume,priceImpact,priceEffect,totalReturn,totalEquityVal,impermanentLoss,tokenPrice,quoteTokenPrice,rewardPrice,rewardTokenPerLP,feePerDollar
2021-08-28T10:00:00.000Z,0.01961590991500804,1,0.000020268297560721468,0.000013592732964918306,-6.625811010962934e-13,285686853.3188,2284273.6965,2284273.6965,6.625811010962934e-13,6.625811010962934e-13,0.000020268297560721468,1.0000202682975607,-2.220446049250313e-16,1.0002259370298894,487.18393524382043,25.72072446532233,0.0000401722,0.000013592733578526405
2021-08-28T11:00:00.000Z,0.01961590991500804,1.0000699258815635,0.00004049903997282202,0.000025652431568612953,0.000013162094836927096,286077641.7191,4313549.4886,2029275.7921,0.000056763786726587995,0.000056763786726587995,0.00011042492153633712,1.0001104249215362,-7.397133594544414e-8,0.9998980457055768,487.3990234344756,25.826664637642416,0.000039768500000000004,0.000012058855161974986
2021-08-28T12:00:00.000Z,0.01961590991500804,0.9979496931292149,0.000060728007772561354,0.000044396490789947555,0.00003113630216611263,285502930.47110003,7467948.6624,3154399.1738,-0.002081443172951225,-0.002081443172951225,-0.0019895788630125513,0.9980104211369875,-0.0000024404795337940044,1.0003516524522469,485.0969841728781,25.71666764315594,0.000040442500000000005,0.000018782569364915204
2021-08-28T13:00:00.000Z,0.01961590991500804,1.0020592704726314,0.00008102205940565098,0.00005898344437936209,0.00004563534683277304,286820138.7397,9923968.842,2456020.1796,0.002013635125798663,0.002013635125798663,0.002140292532037087,1.002140292532037,-0.0000011291217613118576,1.0007350459678095,488.89908533979946,25.82713826746185,0.00003954259999999999,0.000014556977496999192
2021-08-28T14:00:00.000Z,0.01961590991500804,1.000800151425966,0.00010154760966773802,0.00007458585281575586,0.00006217796487284488,286512579.38269997,12551446.6526,2627477.8106,0.0007379734610930555,0.0007379734610930555,0.0009016990356336383,1.0009016990356336,-2.877741874796058e-7,1.000204984671353,487.91347882458405,25.835421052887803,0.00004045020000000002,0.000015589934262724752
2021-08-28T15:00:00.000Z,0.01961590991500804,0.9965761945082408,0.00012079633930317605,0.00011007060426357826,0.00010005167180460184,285456163.8976,18530353.2029,5978906.5503,-0.0035238571635638483,-0.0035238571635638483,-0.0033030091524560703,0.9966969908475439,-0.000004786720468996641,0.9997899569280473,483.9674041792791,25.753858681524896,0.000038736899999999985,0.00003560666197124446
2021-08-28T16:00:00.000Z,0.01961590991500804,0.9978264776683262,0.0001399182967290968,0.00012895600788539644,0.00011578144090884646,285878215.77650005,21713109.378399998,3182756.1755,-0.0022893037725826293,-0.0022893037725826293,-0.002033604034944686,0.9979663959650553,-0.0000022054045777375464,1.00003417843579,485.0488557658825,25.616443233189372,0.000039337100000000013,0.0000189265400431213
2021-08-28T17:00:00.000Z,0.01961590991500804,1.0018458306474085,0.0001604020103631218,0.00015071081700162705,0.0001378927976309896,287606354.56979996,25386811.6023,3673702.2239,0.0017079378497775188,0.0017079378497775188,0.0020062326577716303,1.0020062326577717,-0.0000013614653000537658,1.0002823009154234,488.8219704675112,25.723695654073094,0.000039433499999999994,0.00002171472806980109
2021-08-28T18:00:00.000Z,0.01961590991500804,1.0000878940766231,0.00017943698928152963,0.00016144675357902631,0.0001505328693548469,287172230.4261,27200218.4798,1813406.8775,-0.00006263879273171735,-0.00006263879273171735,0.00026733106590465916,1.0002673310659047,-9.033748737952152e-8,1.0005885026600805,486.9463937816622,25.640055483078367,0.0000388834,0.000010734992332565789
2021-08-28T19:00:00.000Z,0.01961590991500804,0.9996864743118975,0.00019947702288754745,0.00017319095577242094,0.0001600725795163349,288195147.3036,29191797.1157,1991578.6359,-0.0004735982676188355,-0.0004735982676188355,-0.00011404866521495314,0.9998859513347851,-2.422910713173465e-7,1.0004484209845732,486.6143461519225,25.607691222308667,0.000040346000000000017,0.00001174788580830385
2021-08-28T20:00:00.000Z,0.01961590991500804,0.9974916917391979,0.00021862298634623805,0.00018243297407455805,0.00016944073619618027,287602188.0368,30759272.7693,1567475.6536,-0.0026777489969982415,-0.0026777489969982415,-0.002289685274455823,0.9977103147255442,-0.0000029694669131385965,0.9999815668979672,484.6967345793937,25.475592667401344,0.00004037199999999999,0.000009265258478419637
2021-08-28T21:00:00.000Z,0.01961590991500804,0.9989970053967354,0.00023985940565207246,0.00018879349171222915,0.00017626010054283547,288057466.1506,31838116.3488,1078843.5795,-0.0011792547038074197,-0.0011792547038074197,-0.0007631351976125117,0.9992368648023875,-9.302417063317137e-7,1.0004100408958247,485.9461404926303,25.589317566031404,0.00004036289999999997,0.0000063669034851231525
2021-08-28T22:00:00.000Z,0.01961590991500804,1.001039705488355,0.00025986615988193184,0.00019732364079718667,0.00018467602348581913,288727880.8344,33285371.4614,1447255.1126,0.0008550294648692613,0.0008550294648692613,0.0012995716482370123,1.001299571648237,-1.0253701632212397e-7,1.00153460296881,487.3797314703348,25.56492061121159,0.00004035149999999996,0.000008521288918513295
2021-08-28T23:00:00.000Z,0.01961590991500804,0.9988598947530133,0.00027886226313473633,0.00020793059295893979,0.00019566327946740625,288486772.707,35087405.7334,1802034.272,-0.0013357685264541175,-0.0013357685264541175,-0.0008612429838519748,0.9991387570161481,-0.0000012581618572538034,1.0004756564120127,485.7619977949207,25.454276399812752,0.00004029730000000003,0.000010619059701261881
2021-08-29T00:00:00.000Z,0.01961590991500804,0.9984469892453232,0.0002988708662477954,0.00021539024103051457,0.00020262289860639715,288673826.2944,36356085.0191,1268679.2857,-0.0017556336532832395,-0.0017556336532832395,-0.001254139888429047,0.998745860111571,-0.000002830231706330011,1.0008482701507044,485.17293285991514,25.44653930026038,0.000040254600000000026,0.000007471251596916387
2021-08-29T01:00:00.000Z,0.01961590991500804,1.0059455559118402,0.00032338478383038994,0.00023347754585675774,0.00022261338163276356,293255493.072,39457762.350700006,3101677.3316,0.005722942530207442,0.005722942530207442,0.0062689406956705955,1.0062689406956706,-0.000014875622695642576,1.0004781504648594,492.65191748694144,25.812620132493063,0.00003992249999999989,0.000017980401350659135
2021-08-29T02:00:00.000Z,0.01961590991500804,1.0054502817703788,0.00034149413300806763,0.00024384777714083852,0.00023252020637221094,293136148.8898,41236239.481800005,1778477.1311,0.005217761564006551,0.005217761564006551,0.00579177590338683,1.0057917759033868,-0.000013922900867213706,1.000153176699632,492.31703112532983,25.667190073752614,0.00003958670000000009,0.000010314016658541162
2021-08-29T03:00:00.000Z,0.01961590991500804,1.0006393950817987,0.0003586029496754606,0.0002598065144656114,0.00024776293195283294,291767409.5368,43973453.7017,2737214.2199,0.00039163214984583306,0.00039163214984583306,0.0009979980314741266,1.000997998031474,-1.4966798911331125e-7,1.0011652614712128,487.10815450885576,25.455110998109472,0.00003991479999999996,0.000015948539904499147
2021-08-29T04:00:00.000Z,0.01961590991500804,0.9950144802900686,0.000375472022977412,0.0002782978285724641,0.000265516331361737,290125052.1887001,47145026.6642,3171572.9625,-0.005251036041293178,-0.005251036041293178,-0.004610047686954029,0.995389952313046,-0.000013601236154570095,1.0001766844299023,482.1046672899968,25.24922268445757,0.0000399154,0.00001858396576088577
2021-08-29T05:00:00.000Z,0.01961590991500804,0.9949207869540685,0.00039458552802800053,0.00029483556674860727,0.0002811029393096076,290278078.15550005,49983291.5215,2838264.8573,-0.005360315985241115,-0.005360315985241115,-0.004684627517903507,0.9953153724820964,-0.00001657437921787075,1.0006088983964472,481.7905483322052,25.20808598103624,0.00003989090000000004,0.00001662216550443486
2021-08-29T06:00:00.000Z,0.01961590991500804,0.9965158555122916,0.0004163612918817912,0.0003073878110423128,0.0002945792327669894,290772471.2566,52137766.8366,2154475.3151,-0.0037787237204753854,-0.0037787237204753854,-0.0030677831958266046,0.9969322168041734,-0.000006219103292237627,0.9999668242357527,483.63431216842804,25.33295306151936,0.00003988740000000006,0.000012596130644148331
2021-08-29T07:00:00.000Z,0.01961590991500804,0.9978576033761959,0.0004363808170820411,0.0003185683971424835,0.0003062283981010161,291173035.47190005,54056869.654599994,1919102.818,-0.0024486250219051264,-0.0024486250219051264,-0.0017060158067220693,0.998293984193278,-0.0000031242978155709977,1.0002740436099986,484.7776790067405,25.344500260957005,0.00003988639999999999,0.000011204591061505928
2021-08-29T08:00:00.000Z,0.01961590991500804,0.9998958428373632,0.00045860485501094295,0.00033201746710636627,0.00031975639469883355,291929866.82809997,56366630.872099996,2309761.2175,-0.0004239135573356201,-0.0004239135573356201,0.0003544476923741564,1.0003544476923742,-2.072678263465022e-7,1.000445851925401,486.6639745595704,25.47811927159421,0.000039864600000000045,0.000013450470527094563
2021-08-29T09:00:00.000Z,0.01961590991500804,0.9999246019406263,0.00047829233450121097,0.0003508192677201267,0.0003385185441640015,291865884.9203,59594876.7142,3228245.8421,-0.00041391660353773396,-0.00041391660353773396,0.0004028942751274785,1.0004028942751275,-1.2279307681772877e-8,0.9999686215985087,486.9059717906407,25.465290149410322,0.00003987470000000005,0.000018803218242065586
2021-08-29T10:00:00.000Z,0.01961590991500804,1.0005977543791913,0.0004975675300721514,0.0003602365796780373,0.00034907516916704573,292056909.4457,61211787.2615,1616910.5473,0.00024867921002424964,0.00024867921002424964,0.0010953219092634469,1.0010953219092635,-8.094778292111471e-8,1.0000721999156688,487.50120050185274,25.432390620622797,0.00003987559999999994,0.000009411686015670362
2021-08-29T11:00:00.000Z,0.01961590991500804,1.0003867629824201,0.0005167867111216353,0.00037276325070998665,0.00036059959288459176,291423738.9064,63358350.6479,2146563.3864,0.000026163389535538428,0.000026163389535538428,0.0009035496935417655,1.0009035496935417,-3.784647728544144e-7,0.999382248326644,487.6207355193139,25.399284767163948,0.00003987490000000006,0.00001252182739324487
2021-08-29T12:00:00.000Z,0.01961590991500804,0.9977267161152853,0.0005324918515395521,0.000386302895176311,0.0003738941755758729,290868983.9559,65680253.9695,2321903.3216,-0.002647178060290578,-0.002647178060290578,-0.001740792033175153,0.9982592079668249,-0.000005079045901967838,1.0007626970769017,484.34810397486626,25.203013605546147,0.00003984500000000008,0.000013570493467665355
2021-08-29T13:00:00.000Z,0.01961590991500804,0.9987045845328045,0.0005522102923487988,0.0004029986277372736,0.0003902906009772833,289057250.72929996,68522772.8688,2842518.8993,-0.0016857060681727543,-0.0016857060681727543,-0.0007432051748466721,0.9992567948251533,-0.0000012419554716869285,1.0001148332597898,485.5967612395486,25.197371425603624,0.0000401353000000002,0.000016717387703017344
2021-08-29T14:00:00.000Z,0.01961590991500804,0.9984011199939785,0.0005729417057783008,0.000415120481313125,0.00040266824386525624,288966875.8663,70586551.43439999,2063778.5656,-0.002001548249886742,-0.002001548249886742,-0.001025938300243185,0.9989740616997568,-0.000002243969745796548,1.0003408933037554,485.1798808187139,25.23673745787405,0.000040135399999999684,0.000012141265503189671
2021-08-29T15:00:00.000Z,0.01961590991500804,0.9952696918423691,0.0005877105859654481,0.00043165704253467327,0.0004174912433789757,287378039.25799996,73395275.4787,2808724.0443,-0.005147799401009845,-0.005147799401009845,-0.004142597571665421,0.9958574024283345,-0.000016176877071560902,1.0007531744273217,481.9269626766095,25.017582159970118,0.00004023350000000022,0.000016615155728803936
2021-08-29T16:00:00.000Z,0.01961590991500804,0.9952194957665782,0.0006086370149434347,0.00044911535536312774,0.00043499277894432087,287444202.3113,76361390.7313,2966115.2526,-0.0052154970123661215,-0.0052154970123661215,-0.004171867218478366,0.9958281327815216,-0.000008167056451235943,0.9990387906580346,482.68826680234247,25.071227778905328,0.000039988599999999944,0.000017542173016101126
2021-08-29T17:00:00.000Z,0.01961590991500804,0.9942840457989555,0.0006321626340662941,0.0004661188419347469,0.0004519989611648789,287038602.71629995,79248870.06809999,2887479.3368,-0.006167953162209416,-0.006167953162209416,-0.005083791566978244,0.9949162084330218,-0.000009512903554775853,0.9984020115952468,482.07167829073035,25.21951601325252,0.0000402781,0.000017101235952613738
2021-08-29T18:00:00.000Z,0.01961590991500804,0.9914397311561498,0.000649634619648412,0.0004828393709674331,0.0004671766773948205,285962415.55719995,82085768.05739999,2836897.9893,-0.009027445521245014,-0.009027445521245014,-0.007910634224201782,0.9920893657757982,-0.00004324233677455158,1.0004574574920313,478.3168701905543,25.1239618880885,0.00004031249999999996,0.000016864896641794273
2021-08-29T19:00:00.000Z,0.01961590991500804,0.9925576232055142,0.0006693224026626067,0.0004959535247702,0.0004810750800253727,287702802.2115,84321808.67609999,2236040.6187,-0.007923451874511156,-0.007923451874511156,-0.006773054391823177,0.9932269456081768,-0.000028749530430194348,0.9998538173245135,479.6726195658064,25.13083574378937,0.00003957699999999994,0.000013212485323641579
2021-08-29T20:00:00.000Z,0.01961590991500804,0.9942164521137309,0.0006917940016611169,0.0005044285315707954,0.000490150466476047,288396759.82119995,85767916.26829998,1446107.5922,-0.006273698352745161,-0.006273698352745161,-0.005091753884607997,0.994908246115392,-0.000017347078872020916,0.9998226837876759,481.2842559502368,25.228290153477648,0.00004016370000000008,0.00000852430834612756
2021-08-29T21:00:00.000Z,0.01961590991500804,0.9950939833512943,0.0007132262795016078,0.0005132270714199831,0.0004993909753833181,288699702.17289996,87269480.64739998,1501564.3791,-0.005405407624089031,-0.005405407624089031,-0.004192790369204106,0.9958072096307959,-0.000012766617942028269,0.9998589208817992,482.10821600965636,25.284987350526222,0.00004007669999999996,0.00000884191921660256
2021-08-29T22:00:00.000Z,0.01961590991500804,0.9926264392953968,0.000730309869938005,0.0005268463859044272,0.0005124401310188098,287987612.2935,89593791.92249998,2324311.2751,-0.007886000835621965,-0.007886000835621965,-0.006643250834665149,0.9933567491653349,-0.000034733138159270815,1.0006436225237074,479.33020284053237,25.187487397120165,0.000040143299999999884,0.000013720483100651699
2021-08-29T23:00:00.000Z,0.01961590991500804,0.9966549471608711,0.0007544836502526157,0.0005427987088266579,0.0005303212304247351,289847351.3644,92322766.76109998,2728974.8386,-0.0038753740695536276,-0.0038753740695536276,-0.0025905691888762766,0.9974094308111238,-0.000009685009292437208,1.000744441768483,483.16474542705595,25.33481497344249,0.00004004710000000017,0.000016005863789272518
2021-08-30T00:00:00.000Z,0.01961590991500804,0.9943189679955308,0.0007727010248360708,0.0005541096563793507,0.0005425204051469068,289259793.8729,94258352.49529998,1935585.7342,-0.00622355240961614,-0.00622355240961614,-0.004908330979633163,0.9950916690203668,-0.000023636176221586425,1.000858837623825,480.8345239236384,25.279904337574617,0.00004003450000000017,0.000011375572470973394
2021-08-30T01:00:00.000Z,0.01961590991500804,0.9860513229186603,0.0007720306786859323,0.0005706527869691296,0.000552106735216995,287159698.7103,97092306.19829997,2833953.703,-0.014500783816556728,-0.014500783816556728,-0.013176646402653801,0.9868233535973462,-0.00009114417540323494,0.9991212831640569,473.6804135967073,24.626453684629073,0.000039958800000000137,0.000016777149846365942
2021-08-30T02:00:00.000Z,0.01961590991500804,0.990440103610091,0.0007968750470944429,0.0005871759779864798,0.0005719653913022205,288445357.6598,99922918.11379997,2830611.9155,-0.010131861781211171,-0.010131861781211171,-0.008763021342814507,0.9912369786571855,-0.00006811430802089458,1.001715876274731,476.6517645886546,24.798411451124565,0.000039991399999999964,0.000016682675344095663
2021-08-30T03:00:00.000Z,0.01961590991500804,0.9912381063779406,0.0008188766632736729,0.0006001329867733265,0.0005848895635282014,288848942.1354,102143918.50289997,2221000.3891,-0.00934678318558757,-0.00934678318558757,-0.007943016958785696,0.9920569830412143,-0.00004740032556604934,1.0005720915171832,477.95388304165766,24.876164814474237,0.000039967900000000075,0.000013071540555270973
2021-08-30T04:00:00.000Z,0.01961590991500804,0.9854795158785887,0.0008246963788537513,0.0006135388840810774,0.0005946935100298312,286520386.6764,104436658.79129997,2292740.2884,-0.015115177631441101,-0.015115177631441101,-0.013695787742557518,0.9863042122574425,-0.00011095378772740805,0.9998925922920057,472.72504284180405,24.46885420946461,0.00004005930000000015,0.000013603424648041076
2021-08-30T05:00:00.000Z,0.01961590991500804,0.9868183435651392,0.0008417317222765893,0.0006284927571886342,0.0006107890216295875,286916765.2392,106994204.82619996,2557546.0349,-0.013792445456490388,-0.013792445456490388,-0.01233992471258421,0.9876600752874158,-0.00010044473400783183,1.0005117388460978,473.70234288252027,24.405288355746563,0.00004005950000000016,0.000015153622186229699
2021-08-30T06:00:00.000Z,0.01961590991500804,0.9904318502571876,0.0008661045520856992,0.0006464842814499444,0.000631637917967387,288007725.3401,110071708.42149997,3077503.5953,-0.01019978766077978,-0.01019978766077978,-0.008702045190726693,0.9912979548092733,-0.00005627297081289839,1.000582935372444,477.12597965898055,24.552644151329318,0.00004005330000000008,0.00001816533256471496
2021-08-30T07:00:00.000Z,0.01961590991500804,0.9896786837237117,0.000884015743802017,0.0006680328724284206,0.0006517499811686811,248722577.77420002,113257306.14329997,3185597.7218,-0.010973066257456976,-0.010973066257456976,-0.009437300532486278,0.9905626994675137,-0.000059614836045662756,1.000111708609104,476.60522253791885,24.432146685613205,0.000046241800000000076,0.000021773319396747385
2021-08-30T08:00:00.000Z,0.01961590991500804,0.9905989604397752,0.0009066398028586957,0.0006903969870152492,0.0006746005267824762,250720306.91320002,116586924.31189996,3329618.1686,-0.010075640087007232,-0.010075640087007232,-0.00849439975736606,0.9915056002426339,-0.00005277593430996763,1.0003733081066728,477.3456824046015,24.448828226114504,0.00004591560000000008,0.000022576355925488025
