query_ts,assumedLPToken,equityValue,totalDexYield,totalTradingfee,newTotalTradingFee,liquidity,totalVolume,volume,priceImpact,priceEffect,totalReturn,totalEquityVal,impermanentLoss,tokenPrice,quoteTokenPrice,rewardPrice,rewardTokenPerLP,feePerDollar
2021-12-24T10:00:00.000Z,0.017114567479698424,1,0.000008041941453556903,0.000016646554228855338,-3.7281289166912757e-13,262308516.52120003,2568548.6746,2568548.6746,3.7281289166912757e-13,3.7281289166912757e-13,0.000008041941453556903,1.0000080419414537,0,1.0008155067257738,548.4456323313553,12.362628549498995,0.0000380088,0.000016646553473482404
2021-12-24T11:00:00.000Z,0.017114567479698424,1.0000715247776812,0.000016125968221714865,0.000035768222340994906,0.00001703428423760478,262330136.5447,5519037.4278,2950488.7532,0.00005449049344363743,0.00005449049344363743,0.00008765074590295708,1.000087650745903,-7.784463688098597e-7,0.9996219793731672,549.1603078756505,12.384631487755623,0.000038072300000000005,0.000019120299888172868
2021-12-24T12:00:00.000Z,0.017114567479698424,0.9980463796971001,0.000024446954661719705,0.00005573559824786003,0.00003854475576636762,261800012.21789998,8600032.6088,3080995.181,-0.0019921650586662842,-0.0019921650586662842,-0.001929173348238197,0.9980708266517618,-3.641291197453711e-7,0.9996744559297214,546.8861368884146,12.51855390329727,0.0000380239,0.00002000646128060755
2021-12-24T13:00:00.000Z,0.017114567479698424,0.9994952591474868,0.000032713257527431864,0.00007862124237958821,0.000059513856535575727,262181108.1761,12131334.6277,3531302.0189,-0.0005642547090487504,-0.0005642547090487504,-0.00047202759498574283,0.9995279724050142,-2.247011469114213e-7,1.0009215595992842,547.7688357626548,12.556627849186514,0.00003811960000000001,0.000022897200617894267
2021-12-24T14:00:00.000Z,0.017114567479698424,0.9992454741847104,0.0000407468420881017,0.00010641592978270171,0.00008758397442643062,262124737.18439996,16420261.908499999,4288927.2808,-0.0008421097897159946,-0.0008421097897159946,-0.0007137789732014623,0.9992862210267985,-1.1239449038136229e-8,1.0001226469817996,547.9016280404909,12.524787226277784,0.000037864700000000004,0.000027815674536015996
2021-12-24T15:00:00.000Z,0.017114567479698424,1.001099726210068,0.000048563931783028,0.0001440123404906185,0.00012525025820719904,262311181.81159997,22215041.617,5794779.7085,0.0009744759518608426,0.0009744759518608426,0.0011482901418510697,1.0011482901418511,-0.0000021679400096230594,0.999706939304754,550.1244003522149,12.43218863602883,0.00003815519999999998,0.000037555110828349606
2021-12-24T16:00:00.000Z,0.017114567479698424,0.9986255780778663,0.000056690327060728056,0.0001756936280778559,0.0001586943231962623,261674759.77980003,27098337.590899996,4883295.9739,-0.001533116245329924,-0.001533116245329924,-0.0013177315950729338,0.998682268404927,-2.940837852127842e-7,1.0000478037834506,547.1849928389807,12.4340346829816,0.0000381535,0.000031724890710192374
2021-12-24T17:00:00.000Z,0.017114567479698424,0.9975939028846037,0.00006458911808371077,0.0002010220549634424,0.0001821611216634711,261407102.0713,31002455.2719,3904117.681,-0.0025882582370597707,-0.0025882582370597707,-0.002341507997312589,0.9976584920026874,-0.0000019923695462331636,1.000219767741865,545.9352384506822,12.391743020233166,0.00003815370000000006,0.00002538951698370355
2021-12-24T18:00:00.000Z,0.017114567479698424,0.9979119696147645,0.00007266004266271609,0.00021696349243504766,0.00019842814731374503,261486946.1945,33459631.7845,2457176.5126,-0.0022864585325492737,-0.0022864585325492737,-0.0020153703425728124,0.9979846296574272,-0.0000015149340528708422,1.0002667862226227,546.2399920025387,12.38818718696137,0.00003815449999999996,0.00001597479389396709
2021-12-24T19:00:00.000Z,0.017114567479698424,0.9996272429592031,0.0000810563361669831,0.0002335266610682284,0.00021546269398575735,261938438.972,36012660.2749,2553028.4904,-0.0005882197347826246,-0.0005882197347826246,-0.0002917007046298841,0.9997082992953701,-1.1252246967519142e-7,0.9997524231893901,548.3831110283454,12.43526028168959,0.00003815450000000006,0.000016569345265678786
2021-12-24T20:00:00.000Z,0.017114567479698424,0.9969523134952755,0.00008854495187631571,0.0002491955285152385,0.00023272696977283402,261237793.3862,38427844.615499996,2415184.3406,-0.003280413474497368,-0.003280413474497368,-0.002959141552848218,0.9970408584471517,-0.000004049853447929408,1.0003754422174815,545.0929579348386,12.347186184886493,0.00003815459999999997,0.0000157167664211211
2021-12-24T21:00:00.000Z,0.017114567479698424,0.9964920968677976,0.00009674135573971189,0.00026267348487507547,0.0002461207067897542,261379457.5673,40507410.654999994,2079566.0395,-0.0037540238389921488,-0.0037540238389921488,-0.0034111617764626826,0.9965888382235373,-0.000006462656524930388,1.000649486155508,544.4259177027112,12.365309683971402,0.0000381163,0.000013525402110989309
2021-12-24T22:00:00.000Z,0.017114567479698424,0.995885634316991,0.0001043782558165332,0.0002731294963831709,0.0002547756641344545,261222027.56899998,42120719.18519999,1613308.5302,-0.0043691413471435014,-0.0043691413471435014,-0.004009987427192514,0.9959900125728075,-0.0000073503285006326635,1.000270652386029,543.9597661863755,12.314632747707902,0.0000381163,0.000010499208381711052
2021-12-24T23:00:00.000Z,0.017114567479698424,0.9952954496863212,0.00011305363054950693,0.0002840307467871642,0.00026468178686467336,261074310.4692,43802771.60169999,1682052.4165,-0.0049692321005434525,-0.0049692321005434525,-0.004591496683129272,0.9954085033168707,-0.000016557925752169744,1.0015894935924141,542.588853514383,12.384979541109638,0.00003811559999999995,0.000010952778551481977
2021-12-25T00:00:00.000Z,0.017114567479698424,0.9933701800495292,0.00012067784080359816,0.0002977517454083236,0.00027807388822087553,260571265.3183,45919924.46379999,2117152.8621,-0.0069078938386917255,-0.0069078938386917255,-0.006509142109667252,0.9934908578903328,-0.00001957028308474662,1.0001396135287037,541.260131141178,12.338466175977103,0.00003811569999999996,0.000013812573927418503
2021-12-25T01:00:00.000Z,0.017114567479698424,0.9966151011177818,0.00012964115273425832,0.0003104797773617919,0.00029210305151172733,261540621.6568,47884750.23919999,1964825.7754,-0.0036770019337298843,-0.0036770019337298843,-0.0032552577294838988,0.9967447422705161,-0.000004344553401480766,1.0000791332173335,544.820640781843,12.42647108793653,0.000038098599999999974,0.000012771262058721788
2021-12-25T02:00:00.000Z,0.017114567479698424,0.9964884112508252,0.00013731897067760054,0.00032277844589215655,0.0003035571818132965,261515531.68370003,49783354.28279999,1898604.0436,-0.003815145930988084,-0.003815145930988084,-0.0033742697784971873,0.9966257302215028,-0.00001013558120899205,1.0014962202191136,543.8988772794879,12.38817341921876,0.000038097500000000006,0.000012342008343977735
2021-12-25T03:00:00.000Z,0.017114567479698424,0.994482071302719,0.00014488268066610555,0.00033704987638677106,0.0003178234769417587,261025992.2137,51986815.44209999,2203461.1593,-0.005835752174222719,-0.005835752174222719,-0.005373046016614855,0.9946269539833852,-0.000011203900558753865,0.9996960838542334,542.6701069458935,12.344502224944549,0.00003809229999999988,0.00001435061672993574
2021-12-25T04:00:00.000Z,0.017114567479698424,0.9955083742537872,0.0001527397922137628,0.00035279317508775035,0.0003383834383544615,261295826.28489998,54417532.226699986,2430716.7846,-0.004830009184567219,-0.004830009184567219,-0.004338885953998994,0.995661114046001,-0.000009412997669322465,1.0003124221475446,543.4336024225893,12.329108907418851,0.00003809240000000008,0.000015814330418406674
2021-12-25T05:00:00.000Z,0.017114567479698424,0.9954012377784647,0.00016060909690690162,0.0003694018992766486,0.00035026704267437925,261270368.6021,56981894.24399999,2564362.0173,-0.004949029264209703,-0.004949029264209703,-0.004438153124628422,0.9955618468753715,-0.000007021525804673523,0.9996013545428751,543.6901030110728,12.316188116670732,0.00003809249999999999,0.000016685456727200253
2021-12-25T06:00:00.000Z,0.017114567479698424,0.997526695912057,0.0001688646825851089,0.00038561298531618023,0.0003726329449540433,261498701.6691,59481711.21599999,2499816.972,-0.002845937032897039,-0.002845937032897039,-0.0023044394053578867,0.9976955605946422,-0.0000040527853470972985,1.0008125431082238,545.3300057497503,12.332713636967236,0.000038092199999999974,0.000016251280886960383
2021-12-25T07:00:00.000Z,0.017114567479698424,0.9966893821092715,0.00017609142031236075,0.0003995780034404652,0.00038313042215754045,261281148.659,61635191.24329999,2153480.0273,-0.003693748312886047,-0.003693748312886047,-0.003134526470416146,0.9968654735295839,-0.000005888680594035023,1.0005465610831734,544.5478093661761,12.276010608238295,0.00003809229999999998,0.000014011405205462752
2021-12-25T08:00:00.000Z,0.017114567479698424,0.9972560141958814,0.0001868006860404152,0.0004138616759851979,0.0003961252742433752,261431880.3382,63837827.79319999,2202636.5499,-0.0031401110783619846,-0.0031401110783619846,-0.0025571851180781944,0.9974428148819218,-0.000002974585898263271,1.0001092242081795,545.3915664071109,12.456914382563149,0.00003806059999999997,0.000014322974420663501
2021-12-25T09:00:00.000Z,0.017114567479698424,0.9983315001164185,0.00019551059896756617,0.00042686200241872496,0.0004097747586796485,261716048.9497,65842581.02149999,2004753.2283,-0.0020782746422611797,-0.0020782746422611797,-0.001472989284613965,0.9985270107153861,-0.000002750948479457449,1.001080935885815,546.0235474146313,12.495413140074525,0.000038028799999999964,0.000013022053870166018
2021-12-25T10:00:00.000Z,0.017114567479698424,0.9975959278665362,0.0001995156636299445,0.00044359498350189603,0.00042748911885515106,261826771.0639,68425934.19759999,2583353.1761,-0.0028315612523189815,-0.0028315612523189815,-0.002204556469833886,0.9977954435301661,-0.0000036326157464294795,1.0006752379620147,545.420557949435,12.24190115131608,0.000038048199999999986,0.000016773305424517437
2021-12-25T11:00:00.000Z,0.017114567479698424,0.9954538116948403,0.0002067777896538248,0.0004585787462554101,0.0004400832232788199,261279343.0122,70739361.9873,2313427.7897,-0.004986271528438557,-0.004986271528438557,-0.004339410515505912,0.9956605894844941,-0.000011241326631994397,1.0005581954941263,543.1295100454078,12.200028125075557,0.00003804900000000004,0.000015052193553266717
2021-12-25T12:00:00.000Z,0.017114567479698424,0.9956271816524196,0.0002149647173240266,0.00047464842146968395,0.0004563102193921864,261399082.4159,73221154.7148,2481792.7275,-0.004829128566972596,-0.004829128566972596,-0.004157853630256383,0.9958421463697437,-0.0000073768004025254186,0.9998154183700864,543.704703076584,12.213770227965707,0.00003805139999999999,0.000016140254195832516
2021-12-25T13:00:00.000Z,0.017114567479698424,0.997706193499207,0.00022413925539020366,0.0004904582804350486,0.00047249417839301255,262304348.2916,75666171.879,2445017.1642,-0.00276630067918604,-0.00276630067918604,-0.002069667245402824,0.9979303327545972,-0.0000020003837991611206,1.000045235001179,545.8355973497888,12.283567600733987,0.00003779749999999993,0.000015846207682837365
2021-12-25T14:00:00.000Z,0.017114567479698424,0.9977811617757861,0.00023171432407043588,0.0005121363617603712,0.0004956613027018442,262653720.5245,79022930.98449999,3356759.1055,-0.0027144995269157146,-0.0027144995269157146,-0.0019871239001434345,0.9980128760998566,-0.0000013001576323334874,0.9997095762796068,546.0755922603536,12.261680276823345,0.00003800009999999995,0.000021726288392011205
2021-12-25T15:00:00.000Z,0.017114567479698424,0.9965713227627119,0.0002391271238398411,0.0005281966034250503,0.0005107147357125141,262336425.227,81509802.50559999,2486871.5211,-0.003939391973000639,-0.003939391973000639,-0.0031895501134482835,0.9968104498865518,-0.0000035178222245191293,0.9995206003262617,544.8379982386153,12.233964684906587,0.00003790519999999994,0.00001611549590268215
2021-12-25T16:00:00.000Z,0.017114567479698424,0.9961103128647626,0.0002473401648159308,0.0005416244688687876,0.0005242007638218693,262220283.8321,83589101.2507,2079298.7451,-0.004413887899059277,-0.004413887899059277,-0.0036423469704214765,0.9963576530295786,-0.000002876233321957855,0.998790681246277,544.716820052798,12.247003846768045,0.00003796799999999992,0.000013480299140143338
2021-12-25T17:00:00.000Z,0.017114567479698424,0.9966554271462602,0.00025646441858381315,0.0005628107408486434,0.0005456852716205773,262368735.42339998,86869847.6486,3280746.3979,-0.0038902581253603685,-0.0038902581253603685,-0.003088108435155978,0.996911891564844,-0.0000031287151746051123,0.9994189872610862,544.9471515971713,12.302625035833927,0.0000379993999999999,0.000021257368441516595
2021-12-25T18:00:00.000Z,0.017114567479698424,0.9968591946448347,0.0002644855010630838,0.0005837945423608441,0.000570572146491477,262425725.57660002,90119282.6238,3249434.9752,-0.003711377501656732,-0.003711377501656732,-0.002876319854102171,0.9971236801458978,-0.0000036515889392241263,0.9997993561186201,544.9354945625369,12.303564478718968,0.00003799920000000009,0.000021049915916980387
2021-12-25T19:00:00.000Z,0.017114567479698424,0.9982541324288223,0.0002729238603528996,0.0005993504108760694,0.000583836503541102,262799131.86029997,92528234.75559999,2408952.1318,-0.0023297040747187747,-0.0023297040747187747,-0.0014729437108247732,0.9985270562891753,-0.000002365840225393434,1.0006582136137026,545.9789857385431,12.323294747253074,0.000037998700000000053,0.000015583075161134687
2021-12-25T20:00:00.000Z,0.017114567479698424,0.9984532341574335,0.00028060655615752143,0.0006094061400341226,0.0005938567253893634,262852552.68109998,94085451.7841,1557217.0285,-0.0021406225679558855,-0.0021406225679558855,-0.0012661592864090007,0.998733840713591,-0.0000031379218103921858,1.0011781175084344,545.9023264866412,12.312264703687902,0.00003761870000000001,0.000010071307740586183
2021-12-25T21:00:00.000Z,0.017114567479698424,0.9980013117268528,0.00028835260131791475,0.0006188926147174065,0.0006014565884001621,262736474.93229997,95554530.83669999,1469079.0526,-0.00260014486154736,-0.00260014486154736,-0.001710335671829283,0.9982896643281707,-2.9674840862359275e-7,0.9989825487674937,546.5983394436291,12.301131072507768,0.00003799860000000005,0.000009505472698693704
2021-12-25T22:00:00.000Z,0.017114567479698424,1.0007198295193849,0.00029765349607820655,0.0006285394700125428,0.000613552682954488,263453316.77449998,97048453.0138,1493922.1771,0.00010627683643038566,0.00010627683643038566,0.00101748301546308,1.001017483015463,-4.5776956159038207e-7,0.9999646079275023,549.0290001071315,12.35513881638863,0.000037998500000000046,0.000009639915458888685
2021-12-25T23:00:00.000Z,0.017114567479698424,0.9995985378059049,0.0003047483628579362,0.0006402627399384129,0.0006257027134435322,263159127.6256,98863938.1601,1815485.1463,-0.0010271649075386247,-0.0010271649075386247,-0.00009671383123715621,0.9999032861687629,-1.3548403510199591e-9,0.9997354619808035,547.9108087558036,12.317145438217855,0.000037998500000000046,0.000011727979099782376
2021-12-26T00:00:00.000Z,0.017114567479698424,1.0000714450973895,0.0003128702022774644,0.0006501134622499106,0.0006340116893270853,263266124.09660003,100389336.0311,1525397.871,-0.0005625665919375411,-0.0005625665919375411,0.0003843152996670086,1.000384315299667,-1.9801499662186473e-8,1.00005344589099,548.2461880323029,12.321561814897954,0.0000379961999999999,0.00000985001921382216
2021-12-26T01:00:00.000Z,0.017114567479698424,0.9967804295391123,0.00031860290237847204,0.0006631216357126271,0.0006464466433877547,262429711.1654,102403899.2185,2014563.1874,-0.0038660171042754765,-0.0038660171042754765,-0.0029009675585092497,0.9970990324414908,-0.000005413325416370185,1.0002320869068169,544.53066016902,12.234050958901182,0.00003799200000000003,0.000013050189337828058
2021-12-26T02:00:00.000Z,0.017114567479698424,0.9968152088526495,0.00032449092577395254,0.0006773355390115721,0.0006598191819883192,262433192.64760002,104605145.0442,2201245.8257,-0.0038446103293388045,-0.0038446103293388045,-0.002860300221576533,0.9971396997784234,-0.000004298497225607711,0.9998952284531107,544.7375210515252,12.158339901359122,0.000037771700000000294,0.00001425931630803647
2021-12-26T03:00:00.000Z,0.017114567479698424,0.9939289329606574,0.00033047202870888076,0.0006914387247505774,0.0006715347535185545,261662042.38230002,106789150.3232,2184005.279,-0.006742601792861125,-0.006742601792861125,-0.0057405950106336895,0.9942594049893663,-0.000018920865309302037,1.000201370585926,541.4068917365072,12.0879340114138,0.00003799379999999975,0.000014189329642529577
2021-12-26T04:00:00.000Z,0.017114567479698424,0.9914435050928149,0.0003362593892727032,0.0007105036067278194,0.0006889488456627291,261010817.1663,109741554.0002,2952403.677,-0.00924544375284786,-0.00924544375284786,-0.008220235517912428,0.9917797644820876,-0.00003799632261913821,1.0002442701408192,538.658716840168,12.013879642316594,0.00003799349999999993,0.00001922941855586831
2021-12-26T05:00:00.000Z,0.017114567479698424,0.9921997805525868,0.00034646613249297853,0.000726979889836276,0.0007057748761165605,261189725.6964,112292887.9308,2551333.9306,-0.00850599432352972,-0.00850599432352972,-0.007453753314920181,0.9925462466850798,-0.00002484770024591132,0.9993225966260264,539.9606183713804,12.097474966665196,0.000037996799999999934,0.000016605812768690313
2021-12-26T06:00:00.000Z,0.017114567479698424,0.9922309739637563,0.00035516537408522206,0.0007386804470196438,0.0007188330200662563,261200384.0673,114104722.91070001,1811834.9799,-0.008487859056309999,-0.008487859056309999,-0.00741386066215852,0.9925861393378415,-0.000025111767291363662,0.999378212319335,539.9503211609039,12.125891293751977,0.00003799660000000012,0.00001179217050858695
2021-12-26T07:00:00.000Z,0.017114567479698424,0.99142147031652,0.00036279168854155987,0.0007510594975390903,0.000732266554296257,260989275.03970003,116021637.5814,1916914.6707,-0.009310796237776309,-0.009310796237776309,-0.008215737994938492,0.9917842620050615,-0.000019811154749582727,0.9977579562817714,539.9297638273997,12.117238164615232,0.00003799649999999972,0.000012486164190824694
2021-12-26T08:00:00.000Z,0.017114567479698424,0.9933308034687962,0.0003715515957478923,0.000762107091186689,0.0007434446875647094,261496616.9889,117732404.86760001,1710767.2862,-0.007412641218768501,-0.007412641218768501,-0.006297644935455899,0.9937023550645441,-0.00002275240206728313,1.000120719125248,540.7202861347388,12.14601276299213,0.00003799609999999989,0.000011121766774762717
