query_ts,assumedLPToken,equityValue,totalDexYield,totalTradingfee,newTotalTradingFee,liquidity,totalVolume,volume,priceImpact,priceEffect,totalReturn,totalEquityVal,impermanentLoss,tokenPrice,quoteTokenPrice,rewardPrice,rewardTokenPerLP,feePerDollar
2021-10-12T10:00:00.000Z,0.021325263782638493,1,0.000015024805773690097,0.000027070938133700294,4.4142467459096224e-13,270840115.8348,4312880.0346,4312880.0346,-4.4142467459096224e-13,-4.4142467459096224e-13,0.000015024805773690097,1.0000150248057738,0,1.000227504204126,395.5106533041593,17.864994040600717,0.0000394377,0.000027070938277445275
2021-10-12T11:00:00.000Z,0.021325263782638493,0.9997462625601573,0.000029686089637560687,0.00005923626000232959,0.00003224047048033807,270830200.9335,9438498.679299999,5125618.6447,-0.000285977910323032,-0.000285977910323032,-0.00022405135020513324,0.9997759486497949,-1.0750486834076867e-8,0.9997948484618873,395.4555282192701,17.881244199139584,0.0000384127,0.000032173486066014984
2021-10-12T12:00:00.000Z,0.021325263782638493,1.002172725541167,0.000044971758144780164,0.0000729514008141276,0.0000472900755275063,271543797.5342,11624491.021,2185992.3417,0.0021254354656394803,0.0021254354656394803,0.0022176972993117666,1.0022176972993118,-0.0000060456274622033845,0.9988740356845924,397.73189991759386,17.982558964280987,0.00003942149999999999,0.000013685405502300082
2021-10-12T13:00:00.000Z,0.021325263782638493,0.9986049131854875,0.00005943689713270612,0.0000932591893461161,0.00006638653609214451,270522581.352,14860602.973,3236111.952,-0.0014614733506046473,-0.0014614733506046473,-0.0013356499173797966,0.9986643500826202,-5.487512928503691e-7,0.9998125713674468,394.5191032149626,17.794801457971737,0.000039355799999999993,0.000020336159336146775
2021-10-12T14:00:00.000Z,0.021325263782638493,1.0436784021767744,0.00008026408561352273,0.00018688795404369084,0.00016617456263490205,282669043.5453,29777274.5384,14916671.5654,0.04351222761413953,0.04351222761413953,0.04375866626238795,1.043758666262388,-0.0009300541040428989,0.9996740015542592,430.91703775509615,19.38879197918013,0.000037494900000000006,0.00008971036001371023
2021-10-12T15:00:00.000Z,0.021325263782638493,1.0322595719576824,0.00009376229221037466,0.00025257027830054816,0.000238636620268462,280147242.9619,40262964.8148,10485690.2764,0.0320209353374139,0.0320209353374139,0.03235333424989274,1.0323533342498927,-0.0005089911727412799,0.999833840765421,421.4112849082975,18.84245722675108,0.00003922120000000002,0.00006362965875164543
2021-10-12T16:00:00.000Z,0.021325263782638493,1.045417606178866,0.0001113379522435877,0.0002940197371542177,0.00027371496257644345,286141186.82930005,46936570.0925,6673605.2777,0.04514389121628959,0.04514389121628959,0.04552894413110962,1.0455289441311095,-0.0009751961538427834,1.0002008670402163,432.03797797635457,19.21028818218279,0.00003843460000000001,0.00003964871012734715
2021-10-12T17:00:00.000Z,0.021325263782638493,1.0492803194486593,0.00012763320003340826,0.000327846621215524,0.00030816731165450584,287200598.24109995,52382936.741000004,5446366.6485,0.04897215213700479,0.04897215213700479,0.0494079526486927,1.0494079526486928,-0.0011574156591293017,0.9999023511640928,435.33873059169736,19.285327229134896,0.00003856479999999999,0.000032238175544040396
2021-10-12T18:00:00.000Z,0.021325263782638493,1.045832123112014,0.00014233396704581945,0.0003487087386542784,0.000329820411313575,286261017.8398,55741934.4535,3358997.7125,0.04550230270070044,0.04550230270070044,0.04597445707905983,1.04597445707906,-0.0009990253863749743,1.0000067408458961,432.418273447333,19.108129124706714,0.000038954700000000035,0.000019947864904349804
2021-10-12T19:00:00.000Z,0.021325263782638493,1.0517891964769863,0.00015924278676978447,0.00036643159386695986,0.0003477237894029539,287901888.005,58595583.5794,2853649.1259,0.05144147268758337,0.05144147268758337,0.051948439263756106,1.0519484392637561,-0.0013032250832957226,0.9993086203699587,437.6506230792125,19.244664779759233,0.000038722899999999995,0.000016850196946071254
2021-10-12T20:00:00.000Z,0.021325263782638493,1.0472780199649059,0.00017304714801782086,0.0003815342459065642,0.0003629149816595234,286646008.2383,61027161.4542,2431577.8748,0.04691510498324636,0.04691510498324636,0.047451067112923705,1.0474510671129238,-0.0010594235370424698,1.0000240539297558,433.58022255586314,19.003581008078246,0.000038985799999999975,0.000014420861509864489
2021-10-12T21:00:00.000Z,0.021325263782638493,1.0556441721200567,0.00019165673348285904,0.0004073305474336597,0.0003902943301381523,288894299.8343,65179855.4568,4152694.0026,0.055253877789918526,0.055253877789918526,0.055835828853539535,1.0558358288535394,-0.0014461808562997724,1.0001957591536792,440.4391169601288,19.288823240181888,0.00003892690000000004,0.000024436549313950244
2021-10-12T22:00:00.000Z,0.021325263782638493,1.0539564944655573,0.0002074459699951919,0.00042365668316963345,0.0004071719225913206,288333625.34729993,67807140.0087,2627284.5519,0.05354932254296596,0.05354932254296596,0.05416394043555247,1.0541639404355525,-0.0013771310829945316,0.9998810508757991,439.1555593313113,19.2651180612658,0.00003900549999999997,0.00001549033253700538
2021-10-12T23:00:00.000Z,0.021325263782638493,1.0532934179177935,0.00022401245478925852,0.00043808857462727144,0.00042005511704878984,288898103.56659997,70135604.7139,2328464.7052,0.05287336280074473,0.05287336280074473,0.053517430372582775,1.0535174303725827,-0.0014186845390600222,0.9984531621855678,439.21944470218443,19.31539400479413,0.000038904800000000014,0.000013701682184727352
2021-10-13T00:00:00.000Z,0.021325263782638493,1.058160041783414,0.0002410843053133936,0.0004493162023223007,0.00043452755819428646,290554175.97400004,71949093.3797,1813488.6658,0.057725514225219765,0.057725514225219765,0.05840112608872745,1.0584011260887274,-0.0015899833184925827,0.9999197529413517,442.62688743069526,19.40105113437496,0.00003886190000000001,0.000010610519437641375
2021-10-13T01:00:00.000Z,0.021325263782638493,1.0660064216642546,0.0002604341689385624,0.00047123779725125135,0.00045984182556524367,292502069.5626,75487374.70130001,3538281.3216,0.06554657983868939,0.06554657983868939,0.0662668558331932,1.0662668558331931,-0.0020116975298958284,1.000231918714472,449.0566664460649,19.64799582832816,0.00003885750000000001,0.00002056422457357239
2021-10-13T02:00:00.000Z,0.021325263782638493,1.0769206473607082,0.00028290308870999626,0.0004961564084992656,0.0004882925530216298,294356274.208,79493868.6799,4006493.9786,0.07643235480768662,0.07643235480768662,0.07720355044941825,1.0772035504494182,-0.002707946273739492,1.0002037681043758,458.2916856629076,20.08175589587685,0.00003904140000000004,0.000023138761971172174
2021-10-13T03:00:00.000Z,0.021325263782638493,1.0823675136425368,0.0003086595856800834,0.0005253361571853771,0.0005204429940646182,295963002.3689,84187352.1243,4693483.4444,0.08184707064847219,0.08184707064847219,0.08267617322821688,1.0826761732282169,-0.0031087856477844955,0.9999433893404925,463.03445843248886,20.692707555501904,0.00003886369999999991,0.000026959186761914098
2021-10-13T04:00:00.000Z,0.021325263782638493,1.0781413732057246,0.0003218849075849459,0.000547891997447119,0.0005404094663927772,294792682.43990004,87815216.6724,3627864.5481,0.07760096373933179,0.07760096373933179,0.07846325811330951,1.0784632581133096,-0.0029053387576420953,0.9986453855006483,460.00401384358963,20.440699442619277,0.00003896359999999999,0.000020921040782711262
2021-10-13T05:00:00.000Z,0.021325263782638493,1.082716944516466,0.00034113085182221675,0.0005734635157662608,0.0005698002506595579,296269396.0469,91931255.5527,4116038.8803,0.08214714426580638,0.08214714426580638,0.08305807536828816,1.0830580753682881,-0.003102573148384913,1.0002998994998478,463.12624068540106,20.584781847419283,0.000038674200000000024,0.00002361791730726828
2021-10-13T06:00:00.000Z,0.021325263782638493,1.049751814806049,0.00034290053825479993,0.0006684886480736908,0.0006448720622014292,287225886.3121,107225446.2991,15294190.7464,0.049106942743847526,0.049106942743847526,0.05009471534430376,1.0500947153443037,-0.0011751630199039464,0.9996628890247613,435.5549270126412,19.702280055024517,0.000039020000000000016,0.0000905215215895556
2021-10-13T07:00:00.000Z,0.021325263782638493,1.0592113270583718,0.000369732534428122,0.000713872549854413,0.0006969419314000191,289765791.81619996,114528717.2729,7303270.9738,0.058514385126971824,0.058514385126971824,0.05958105959279997,1.0595810595928,-0.001637893907172061,0.9998202962914895,443.33146778633466,20.275227444156688,0.00003899479999999996,0.00004284688188223148
2021-10-13T08:00:00.000Z,0.021325263782638493,1.0577623728514596,0.00038291503651606464,0.0007505635469258367,0.0007318468612986795,289358895.7941,120432893.7382,5904176.4653,0.057030525990160896,0.057030525990160896,0.05814528788797564,1.0581452878879756,-0.0015776650646194268,0.9994819105144007,442.23906098854957,20.237623150105193,0.00003213419999999993,0.00003468737314422201
2021-10-13T09:00:00.000Z,0.021325263782638493,1.0769141335759462,0.0004015003505034389,0.0008331026754452669,0.0008270812489268309,286019438.77629995,133328015.17289999,12895121.4347,0.0760870523270194,0.0760870523270194,0.07731563392644968,1.0773156339264496,-0.002708762845048729,0.9998717872675996,458.1497733271598,20.381624916786684,0.00003649120000000003,0.00007664411388533381
2021-10-13T10:00:00.000Z,0.021325263782638493,1.0747448985880754,0.000414211305228107,0.0008767980001891522,0.0008678661551515532,284610770.3066,140134642.6794,6806627.5065,0.07387703243292387,0.07387703243292387,0.07515910989330353,1.0751591098933035,-0.0026009473701291697,0.9993007611712504,456.53057466586,20.147979072003405,0.00004029589999999998,0.000040656461273706296
2021-10-13T11:00:00.000Z,0.021325263782638493,1.0726661908633208,0.0004290230297781124,0.000906500486536262,0.0008965582839903785,284036801.0608,144761157.0005,4626514.3211,0.07176963257933044,0.07176963257933044,0.07309521389309893,1.073095213893099,-0.002394619476072113,1.0002651744857842,454.30208002489854,20.030413298130206,0.000040333700000000064,0.000027690335606147132
2021-10-13T12:00:00.000Z,0.021325263782638493,1.080169271229039,0.00045063477549678825,0.0009325828110313157,0.0009281705197268231,285754715.3413,148819969.3597,4058812.3592,0.07924110070931212,0.07924110070931212,0.08061990600453572,1.0806199060045358,-0.002925844070169714,0.9998958325644477,460.8283327749751,20.25837451919848,0.0000387235,0.000024146516715914182
2021-10-13T13:00:00.000Z,0.021325263782638493,1.0822665883940528,0.0004694960700609143,0.0009623291122653933,0.0009598800268504348,286275030.2987,153448394.7949,4628425.4352,0.08130670836720233,0.08130670836720233,0.08273608446411368,1.0827360844641136,-0.003162743316798,0.9987605204984471,463.11986099745707,20.32036016636179,0.00004034379999999995,0.0000274851887418549
2021-10-13T14:00:00.000Z,0.021325263782638493,1.0737122000931516,0.0004781808016736234,0.0009874786739876471,0.0009773259513650157,283776243.1501,157358330.7117,3909935.9168,0.07273487414178659,0.07273487414178659,0.07419038089482523,1.0741903808948252,-0.0025591477562473264,0.9988208424723922,455.7788638420274,19.958320387874227,0.00004005849999999996,0.00002342300040614819
2021-10-13T15:00:00.000Z,0.021325263782638493,1.0745059874802994,0.0004952393348666322,0.0010292557187483872,0.001022016104503587,280287026.80009997,163768698.6181,6410367.9064,0.07348397137579576,0.07348397137579576,0.07500122681516598,1.075001226815166,-0.0024986634865457047,1.0003714631808092,455.7081676203189,19.983533623689905,0.00003861150000000007,0.00003888023489810736
2021-10-13T16:00:00.000Z,0.021325263782638493,1.073035058832322,0.0005124960992377825,0.0010641636145512575,0.0010529383795230274,280040058.29010004,169127664.66709998,5358966.049,0.07198212045279906,0.07198212045279906,0.07354755493155987,1.0735475549315598,-0.0024821354929116524,0.9992066084387139,454.96371821571347,19.977702579888195,0.00004084520000000005,0.00003253192539283964
2021-10-13T17:00:00.000Z,0.021325263782638493,1.074746782890516,0.0005229318021398377,0.0010946724688327273,0.0010855134561409407,286007566.9013,173903488.95319998,4775824.2861,0.07366126943437501,0.07366126943437501,0.07526971469265578,1.0752697146926558,-0.0025207315417683507,1.0002241005704189,455.92587227942414,19.74571811372093,0.00003891609999999976,0.000028387015680504
2021-10-13T18:00:00.000Z,0.021325263782638493,1.0782651636728668,0.0005426741746918361,0.0011251270673780815,0.0011203626373552655,293179500.8191001,178774419.96999997,4870931.0168,0.07714480103551158,0.07714480103551158,0.07880783784755868,1.0788078378475587,-0.0028241123168394333,0.9992982939363373,459.31434773963446,19.863174595410293,0.00003926400000000039,0.00002824407131271211
2021-10-13T19:00:00.000Z,0.021325263782638493,1.0740474760097638,0.0005556399439889914,0.0011469402062804863,0.0011378565213258085,291852423.43009996,182261075.80259997,3486655.8326,0.072909619488438,0.072909619488438,0.0746031159537528,1.0746031159537528,-0.00258286565734811,0.998652115455304,456.0043970947515,19.732610893881986,0.00003928879999999983,0.000020309287981086848
2021-10-13T20:00:00.000Z,0.021325263782638493,1.0790251113402771,0.0005768078294899336,0.0011625895677101071,0.0011586194075470235,293207103.5686,184762519.05029997,2501443.2477,0.0778664919327301,0.0778664919327301,0.07960191916976705,1.079601919169767,-0.002925804515746311,0.998622802600473,460.24114567561725,19.89246007021824,0.00003928879999999999,0.000014503241801899516
2021-10-13T21:00:00.000Z,0.021325263782638493,1.0824567518489028,0.0006002319794588224,0.0011808329811418283,0.001180935495420865,293832719.4486,187675561.12749997,2913042.0772,0.08127581635348191,0.08127581635348191,0.0830569838283616,1.0830569838283617,-0.0030139773466150155,1.0006317371528652,462.22739849707204,20.118361153271323,0.000039330300000000154,0.00001685371030337648
2021-10-13T22:00:00.000Z,0.021325263782638493,1.0832211803764737,0.0006171311393846463,0.0011971468420559689,0.0011975762321050354,294037370.78099996,190280474.27069998,2604913.1432,0.08202360414436871,0.08202360414436871,0.0838383115158584,1.0838383115158583,-0.0030772629907649396,1.0005090271643637,462.92372271965195,20.11917778345721,0.00003933089999999972,0.000015060508573035268
2021-10-13T23:00:00.000Z,0.021325263782638493,1.0910726597697753,0.0006388471247624996,0.0012179706593209696,0.001227153601770281,295979145.1129,193603386.5644,3322912.2937,0.08984550616800502,0.08984550616800502,0.0917115068945378,1.0917115068945378,-0.00371500694768534,0.9999321535753231,469.91176717434456,20.287761894708392,0.00003824149999999989,0.000019085638270680288
2021-10-14T00:00:00.000Z,0.021325263782638493,1.0899052691601285,0.0006610734329254699,0.001245095691118781,0.001252040853086056,225391280.4806,196903050.34489998,3299663.7805,0.08865322830704248,0.08865322830704248,0.090566342593054,1.090566342593054,-0.0037717781081245683,0.9981800202313624,469.70721946089617,20.283648803069212,0.000051683299999999994,0.000024887513016870312
2021-10-14T01:00:00.000Z,0.021325263782638493,1.0901798387148964,0.0006848725537620966,0.0012855535977124547,0.0012883073602572015,204001769.1279,201356435.55279997,4453385.2079,0.08889153135463923,0.08889153135463923,0.09086471126865853,1.0908647112686585,-0.0037176114119962245,0.9990265610553005,469.5146890290811,20.275935512593772,0.00005562229999999998,0.000037111221563394745
2021-10-14T02:00:00.000Z,0.021325263782638493,1.0852609461457938,0.0006993033431708998,0.0013223791785236107,0.001321569942875911,187843729.0379,205105847.86149997,3749412.3087,0.08393937620291791,0.08393937620291791,0.08596024948896472,1.0859602494889646,-0.0032021025097824785,1.0006964262547597,464.47743060248416,19.925624737396195,0.00006180810000000006,0.00003393246587169252
2021-10-14T03:00:00.000Z,0.021325263782638493,1.0844650360994674,0.0007236325967494134,0.001350143691006472,0.0013492195196251888,187008209.4525,207922195.36479998,2816347.5033,0.08311581657984224,0.08311581657984224,0.08518866869621684,1.0851886686962169,-0.003226008484671139,0.9996368040523954,464.2634953823776,19.869800930565933,0.00006204069999999987,0.000025602035170686435
2021-10-14T04:00:00.000Z,0.021325263782638493,1.089408118791747,0.000757824685535037,0.001389155898257582,0.0013946818291834528,188547441.7712,211893942.95909998,3971747.5943,0.08801343696256358,0.08801343696256358,0.09016594347728207,1.0901659434772821,-0.0034751135931401222,1.0010925655251741,467.7903518285251,20.081658161282242,0.00006182540000000004,0.00003581046153096807
2021-10-14T05:00:00.000Z,0.021325263782638493,1.089835891214574,0.0007872584425581853,0.0014113479017963493,0.0014139016283887251,188507400.2248,214151895.8532,2257952.8941,0.0884219895861853,0.0884219895861853,0.09062314965713221,1.0906231496571321,-0.003567076972378014,1.0003667291025602,468.4814011720378,20.170698916036656,0.00006061580000000016,0.000020362701492845717
2021-10-14T06:00:00.000Z,0.021325263782638493,1.0925698721103159,0.0008225949583310393,0.0014333121451203389,0.0014403825919415691,189241316.12350002,216389761.77069998,2237865.9175,0.0911294895183743,0.0911294895183743,0.0933924670686469,1.093392467068647,-0.0039014733466051776,0.9989631555699827,471.47654770405853,20.388000297043607,0.00006176760000000009,0.000020103284724923618
2021-10-14T07:00:00.000Z,0.021325263782638493,1.0965089846559695,0.000849595680186602,0.001469619901611272,0.0014810645222691488,189823857.5636,220087099.28779998,3697337.5171,0.09502792013370032,0.09502792013370032,0.09735858033615606,1.097358580336156,-0.004155001220050636,0.9996899287242784,474.5063698925863,20.39113925505008,0.00006180129999999997,0.00003311213806180325
2021-10-14T08:00:00.000Z,0.021325263782638493,1.0972105804071384,0.0008743996261525865,0.001516825874447584,0.0015336847328242253,190023383.7563,224896213.5664,4809114.2786,0.09567689567431414,0.09567689567431414,0.09808498003329096,1.098084980033291,-0.0043174534238362705,0.9985091012420342,475.63078734405343,20.343287408738032,0.0000617706,0.00004302362220906905
