query_ts,assumedLPToken,equityValue,totalDexYield,totalTradingfee,newTotalTradingFee,liquidity,totalVolume,volume,priceImpact,priceEffect,totalReturn,totalEquityVal,impermanentLoss,tokenPrice,quoteTokenPrice,rewardPrice,rewardTokenPerLP,feePerDollar
2021-07-04T10:00:00.000Z,0.025464486232891156,1,0.000020361996293945117,0.00002775278098764847,9.051648319768901e-13,163083168.2884,2662359.761,2662359.761,-9.051648319768901e-13,-9.051648319768901e-13,0.000020361996293945117,1.000020361996294,0,1.0003711629823997,305.2189072020772,13.860955770428216,0.00005768890000000001,0.000027752781854814704
2021-07-04T11:00:00.000Z,0.025464486232891156,1.0007915971116494,0.00003992003125065449,0.0000417828929455148,0.000013519767150693696,171753737.1749,4078723.4347,1416363.6737,0.000778077344498751,0.000778077344498751,0.0008315171429000991,1.0008315171429,-0.0000010584123184553818,0.999693983964352,305.9011327879987,13.928992862369617,0.0000548587,0.00001401901516028192
2021-07-04T12:00:00.000Z,0.025464486232891156,1.002828799088552,0.00005948851852213643,0.000059843180013758995,0.00003269974250375007,172985673.2513,5911287.0112,1832563.5765,0.0027960993460482975,0.0027960993460482975,0.002888287607074184,1.0028882876070742,-0.0000011038985551214964,1.0016788328542179,306.52745023905607,13.982169043642779,0.0000545321,0.000018009341591683447
2021-07-04T13:00:00.000Z,0.025464486232891156,0.995027091422737,0.00007716682576122479,0.00010151615041155227,0.00007372163937402476,174311837.1837,10205637.6748,4294350.6636,-0.0050466302166369825,-0.0050466302166369825,-0.004895741751501733,0.9951042582484982,-0.000010366307690690135,0.9998650236155527,302.29897538677926,13.773803686296189,0.00005293000000000001,0.00004188124137792441
2021-07-04T14:00:00.000Z,0.025464486232891156,0.9972613883753882,0.00009629034306058215,0.00014254284997389512,0.00011575440241440305,174748079.7984,14434475.788999999,4228838.1142,-0.002854366027026156,-0.002854366027026156,-0.002642321281551171,0.9973576787184488,-7.155953750670463e-7,0.9987098038459024,303.98381990478435,13.820824265768191,0.00005358890000000001,0.000041139363605217834
2021-07-04T15:00:00.000Z,0.025464486232891156,1.0003479641575947,0.00011586742471040956,0.00017163376934149302,0.00014559798418933845,175276235.5853,17432812.978299998,2998337.1893,0.00020236617340541052,0.00020236617340541052,0.0004638315823051585,1.0004638315823051,-1.210812259344607e-7,1.00008134306004,305.43093879439976,13.906685297508158,0.000053593499999999974,0.000029080800399375348
2021-07-04T16:00:00.000Z,0.025464486232891156,1.005290375170003,0.00013752961219150564,0.0002010666920378904,0.0001771561485353068,176122458.0533,20466059.4084,3033246.4301,0.005113219021467774,0.005113219021467774,0.005427904782194587,1.0054279047821946,-0.000024614776007236827,0.9984560288036772,308.9396307225055,14.178197630850722,0.00005373359999999995,0.000029278031820391018
2021-07-04T17:00:00.000Z,0.025464486232891156,1.0047630712260789,0.00015638975278227995,0.00025679688897849075,0.00023294214733460272,175644610.4159,26196827.2837,5730767.8753,0.004530129078744283,0.004530129078744283,0.004919460978861165,1.0049194609788612,-0.00001811310768984331,0.9988727616732094,308.45254723807886,14.129877183640042,0.00005371960000000008,0.000055466008122547496
2021-07-04T18:00:00.000Z,0.025464486232891156,1.0107906116405394,0.00017791509873478053,0.0002998904950522822,0.00027740030257161763,176776401.6484,30630126.227,4433298.9433,0.010513211337967787,0.010513211337967787,0.010968526739274185,1.0109685267392743,-0.00007063563175258025,0.9989438753638444,312.11561754390567,14.304562464657465,0.000053785799999999996,0.000042633564963042755
2021-07-04T19:00:00.000Z,0.025464486232891156,1.0097887398964556,0.0001979591580526277,0.00036054878817745877,0.0003409911416702993,176465926.7547,36865630.923700005,6235504.6967,0.009447748754785268,0.009447748754785268,0.009986699054508195,1.009986699054508,-0.00006905468007589732,0.9980241146250972,311.744822832432,14.338165266147849,0.00005375340000000001,0.00006007028200478181
2021-07-04T20:00:00.000Z,0.025464486232891156,1.0118529137324,0.00021862175404256716,0.00038481538168832813,0.00036366892646833016,176848136.4073,39360472.6999,2494841.7762,0.011489244805931609,0.011489244805931609,0.012071535486442506,1.0120715354864425,-0.00008783550452151623,0.99854132452486,312.8449096765356,14.427225162814084,0.00005289589999999997,0.00002398233368867397
2021-07-04T21:00:00.000Z,0.025464486232891156,1.011090331699239,0.0002378715077935116,0.00040238993368167994,0.00038019298132585533,176939928.71809998,41169608.6584,1809135.9585,0.010710138717913154,0.010710138717913154,0.01132820320703252,1.0113282032070325,-0.00005858768545174975,1.0001992838312739,311.8453714714189,14.40566650761204,0.000053366099999999956,0.00001738178121655019
2021-07-04T22:00:00.000Z,0.025464486232891156,1.0159444157518254,0.0002611888835071253,0.000448704196302057,0.0004296206313203488,177783814.70049998,45937080.031,4767471.3726,0.01551479512050502,0.01551479512050502,0.016205604635332493,1.0162056046353325,-0.00011322739138219795,1.0007178982802258,314.65413250960637,14.612134263889077,0.00005350339999999996,0.00004558739695777946
2021-07-04T23:00:00.000Z,0.025464486232891156,1.0048166852376343,0.00027369978093921257,0.00046428482045505505,0.00043918300336476257,175887575.1531,47541375.15710001,1604295.1261,0.004377502234269581,0.004377502234269581,0.005090385018573556,1.0050903850185735,-0.000010874993983001069,1.000075336429403,307.98802609588597,14.223682944710959,0.000053711899999999935,0.000015505937312490896
2021-07-05T00:00:00.000Z,0.025464486232891156,1.0043553855679714,0.00029139420889684253,0.0004890712892775093,0.00046862728144136945,175753503.69379997,50092797.357200004,2551422.2001,0.0038867582865300676,0.0038867582865300676,0.00464677977686828,1.0046467797768683,-0.00000574539854769629,1.000860872874101,307.4456390352921,14.148170711682898,0.00005314670000000003,0.000024678983058720155
2021-07-05T01:00:00.000Z,0.025464486232891156,0.998740575568254,0.00030697770424827385,0.0005170621352005004,0.0004891919455113358,174763318.2553,52973939.5121,2881142.1549,-0.0017486163772573171,-0.0017486163772573171,-0.0009524467274977075,0.9990475532725023,-0.000004169068413495403,1.001509673771422,303.8066600710836,13.976304981015351,0.00005373209999999997,0.000028026142512211436
2021-07-05T02:00:00.000Z,0.025464486232891156,0.9938578202764976,0.000321660471079903,0.0005461086852472861,0.0005181409664118952,174058328.0109,55966315.6378,2992376.1257,-0.00666032068991429,-0.00666032068991429,-0.0058205192524224915,0.9941794807475776,-0.00001824368828273748,0.9997290553185447,301.3601689475686,13.794088537747854,0.00005319430000000018,0.00002922606158420318
2021-07-05T03:00:00.000Z,0.025464486232891156,0.989336180462142,0.00033256717547392275,0.0005630546769553624,0.000532237074872044,173303037.7192,57712460.7205,1746145.0827,-0.011196056612730043,-0.011196056612730043,-0.010331252362384077,0.9896687476376159,-0.00005526469571903725,0.999625498063379,298.6452772610291,13.47836537017579,0.00005322819999999981,0.000017128647481642672
2021-07-05T04:00:00.000Z,0.025464486232891156,0.9912419513002942,0.0003530890428157831,0.0005809959532007486,0.0005495760828222451,174074085.02499998,59565816.7785,1853356.058,-0.009307624782528001,-0.009307624782528001,-0.008404959656889973,0.9915950403431101,-0.000037039903891034065,0.999627047878948,299.786615742391,13.564323874179829,0.00005327290000000002,0.00001809979525756235
2021-07-05T05:00:00.000Z,0.025464486232891156,0.9905547197539512,0.0003710892716327301,0.0006004902040570853,0.0005686004788396648,173916147.084,61579165.6592,2013348.8807,-0.010013880724888513,-0.010013880724888513,-0.009074190974416118,0.9909258090255839,-0.00004889917782369135,1.0001962631024752,299.1889711220065,13.551239517129282,0.00005315020000000011,0.000019680134102423906
2021-07-05T06:00:00.000Z,0.025464486232891156,0.9907975925727318,0.0003886204369308192,0.0006167329303166248,0.0005849507245541119,174667988.1947,63263539.0751,1684373.4159,-0.0097873581518223,-0.0097873581518223,-0.00881378699033737,0.9911862130096626,-0.000042537851017709905,0.9997593664526808,299.45670993071434,13.52938682648239,0.000052622899999999906,0.00001639358669339094
2021-07-05T07:00:00.000Z,0.025464486232891156,0.993259036147182,0.00040827632461242527,0.0006441073574213763,0.0006155861016116093,175083540.1847,66101973.9057,2838434.8306,-0.007356549954429581,-0.007356549954429581,-0.006332687528205546,0.9936673124717944,-0.000041623987204864044,1.002113773219402,300.2217336588403,13.57293878468865,0.000053250599999999995,0.0000275602104397114
2021-07-05T08:00:00.000Z,0.025464486232891156,0.9922134818798513,0.00042676636898188365,0.0006727908806595287,0.0006421280779692617,171200833.5133,69013256.2308,2911282.3251,-0.008428646198118006,-0.008428646198118006,-0.007359751751166861,0.9926402482488331,-0.00004236963902304325,1.0011129013133302,299.87308139137025,13.563438827009412,0.000054361799999999904,0.000028908620659755814
2021-07-05T09:00:00.000Z,0.025464486232891156,0.9924992831344086,0.00044732973106133435,0.0006858278700149664,0.0006558467261221779,171189231.422,70335996.6504,1322740.4196,-0.008156563591713573,-0.008156563591713573,-0.00705338713453006,0.9929466128654699,-0.0000295652771519217,0.999870826251113,300.41038900560017,13.620526918219344,0.00005410889999999991,0.000013135514977439278
2021-07-05T10:00:00.000Z,0.025464486232891156,0.9942146619702338,0.0004699865684573706,0.0007066663019738356,0.0006784607990341085,171937131.8428,72455849.0256,2119852.3752,-0.006463798828800327,-0.006463798828800327,-0.005315351461308847,0.9946846485386912,-0.000009520290991660296,0.9982514138873743,301.9256814623718,13.748631173961328,0.000052697800000000016,0.000020959690319452714
2021-07-05T11:00:00.000Z,0.025464486232891156,1.0005172465184524,0.0004972763110667131,0.0007249389373927759,0.0006997510638253601,173006452.298,74314466.3709,1858617.3453,-0.00018250454537294125,-0.00018250454537294125,0.0010145228295191321,1.001014522829519,-4.250748403267224e-7,0.9992668060548303,305.4447045142211,13.980599573112135,0.000054380900000000054,0.000018263188713722476
2021-07-05T12:00:00.000Z,0.025464486232891156,0.9804784643362715,0.0004933105538064954,0.0007820440790817267,0.0007472663638443677,169725378.5068,80129269.5643,5814803.1934,-0.020268802027572863,-0.020268802027572863,-0.019028225109922,0.980971774890078,-0.00017790025541042365,0.9987589056191885,293.44438768684284,13.351169304134512,0.00005418679999999998,0.000058242117447297096
2021-07-05T13:00:00.000Z,0.025464486232891156,0.9835844537385853,0.0005176527802153458,0.0008161559330578087,0.0007822440795913765,170274344.9949,83602982.9108,3473713.3465,-0.017197790341006103,-0.017197790341006103,-0.015897893481199382,0.9841021065188006,-0.00017786488285309598,1.0018876811944857,294.36475453484326,13.506046337509542,0.00005413890000000002,0.00003468116520563843
2021-07-05T14:00:00.000Z,0.025464486232891156,0.9875004784886142,0.0005394717150442676,0.0008523343217638402,0.0008180169753136957,171203909.0001,87292560.5799,3689577.6691,-0.013317538486699476,-0.013317538486699476,-0.011960049796341512,0.9880399502036585,-0.00010186381302812464,1.001238773118907,296.88602501828666,13.595977880211981,0.00005306560000000035,0.0000366363249186462
2021-07-05T15:00:00.000Z,0.025464486232891156,0.9882331396154901,0.0005593084937835899,0.0008767832970180068,0.0008431788051402878,171909903.824,89794364.2731,2501803.6932,-0.012610039189650202,-0.012610039189650202,-0.011207551890726324,0.9887924481092737,-0.00008347206858860812,1.0006021906678233,297.50109075372234,13.633189646157948,0.00005288669999999985,0.000024740088754829716
2021-07-05T16:00:00.000Z,0.025464486232891156,0.9871236928157303,0.0005759738734298095,0.0009105416097065772,0.0008763955330826079,171953541.5802,93253529.9822,3459165.7091,-0.013752702717352294,-0.013752702717352294,-0.012300333310839877,0.9876996666891601,-0.00009617462133282295,1.0003925826840177,296.87510893395824,13.600483036482286,0.00005199440000000001,0.0000341986658223452
2021-07-05T17:00:00.000Z,0.025464486232891156,0.9878551510206481,0.0005968913358750496,0.0009299535313324743,0.0008967221253608493,171848376.29619998,95239953.1125,1986423.1303,-0.013041571104712713,-0.013041571104712713,-0.011547957643476815,0.9884520423565232,-0.00007881255688291233,0.9997990515949747,297.47987994075686,13.654354885103471,0.00005359780000000006,0.000019650574502313018
2021-07-05T18:00:00.000Z,0.025464486232891156,0.9877642007603834,0.0006135244430124234,0.0009677898490759138,0.0009340209706246716,171956823.95740002,99114545.9434,3874592.8309,-0.013169820210241268,-0.013169820210241268,-0.011622274796604173,0.9883777252033958,-0.00007955184544905514,0.9997278691257632,297.4237492578166,13.608490335948408,0.00005378430000000009,0.00003830500971663557
2021-07-05T19:00:00.000Z,0.025464486232891156,0.9948636631206303,0.0006418339381912868,0.000988075426667078,0.000961261480193154,173235864.0104,101192388.7605,2077842.8171,-0.006097598359562806,-0.006097598359562806,-0.004494502941178365,0.9955054970588216,-0.000013109747451278686,0.9993755500340273,301.80842372857194,13.82053437851705,0.00005327639999999998,0.000020390308953912343
2021-07-05T20:00:00.000Z,0.025464486232891156,0.9972315476949667,0.0006639013063858373,0.0009977457639370108,0.0009729481519459293,173726095.3983,102183361.6558,990972.8953,-0.003741400456979238,-0.003741400456979238,-0.0021045509986474713,0.9978954490013525,-0.0000051487554405538205,0.99983167166352,303.10274799347303,13.887132456718318,0.00005365659999999998,0.000009697184053711744
2021-07-05T21:00:00.000Z,0.025464486232891156,0.9948407721084801,0.0006823304321349449,0.0010129057707993112,0.000986082194268545,173299577.9861,103736801.4683,1553439.8125,-0.006145310085788447,-0.006145310085788447,-0.004476897459384957,0.995523102540615,-0.00001618370309997008,0.9998961036544858,301.62233942920477,13.874077016498397,0.000053929999999999675,0.000015238627306188921
2021-07-05T22:00:00.000Z,0.025464486232891156,1.0021203737176942,0.0007261085827214176,0.0010287173985856195,0.0010092735114253237,174581196.9591,105357138.1197,1620336.6514,0.0011111002062689224,0.0011111002062689224,0.0028464823004156637,1.0028464823004157,-4.451258501791955e-7,1.0005381906037276,305.8464757346209,14.366116959174903,0.000053521400000000236,0.000015778172880927876
2021-07-05T23:00:00.000Z,0.025464486232891156,0.9989933473801121,0.0007380528200620107,0.0010400288430533551,0.0010169921971974194,174048180.5483,106516385.194,1159247.0743,-0.0020236448170852794,-0.0020236448170852794,-0.00026859979982584933,0.9997314002001741,-6.303050031908342e-7,0.999468309560423,304.25944755913724,14.21998240803125,0.0000533832999999999,0.000011322841871151343
2021-07-06T00:00:00.000Z,0.025464486232891156,0.9970636132788627,0.0007499430101024537,0.0010548429174166304,0.0010313054607752337,173743980.3561,108034877.0858,1518491.8918,-0.003967692181912508,-0.003967692181912508,-0.00218644371103482,0.9978135562889652,-0.00000830148363906158,1.000470308304672,302.7716755345536,14.087028233519877,0.000052383200000000315,0.000014857701606519964
2021-07-06T01:00:00.000Z,0.025464486232891156,1.001940992681444,0.0007788149954390183,0.00107695794773157,0.0010572574077714059,176653934.7363,110328488.19950001,2293611.1137,0.0008837352736725812,0.0008837352736725812,0.0027198076768830052,1.002719807676883,-0.0000011698035106144644,0.9997248988311046,305.9562662083369,14.26890108673117,0.00005281329999999971,0.000022072188197282084
2021-07-06T02:00:00.000Z,0.025464486232891156,0.998650510249815,0.0007921373084157521,0.0010940179057477818,0.0010708131124939069,176493381.4031,112102040.2054,1773552.0059,-0.0024203028626789136,-0.0024203028626789136,-0.0005573524417692546,0.9994426475582308,-8.184361237617566e-7,0.9992275595938451,304.0908810788988,14.162367022627112,0.000053064600000000095,0.00001708301119317238
2021-07-06T03:00:00.000Z,0.025464486232891156,1.0004644465377677,0.0008162197159342764,0.0011261885484629094,0.001105042342199436,176179170.4641,115434490.87390001,3332450.6685,-0.000640595804431765,-0.000640595804431765,0.0012806662537019472,1.001280666253702,-4.2885449291762967e-7,1.000656634494987,304.74102594607234,14.255619936230687,0.000051972200000000275,0.000032155708995147015
2021-07-06T04:00:00.000Z,0.025464486232891156,1.0011084324143114,0.0008412721604644832,0.00115291920279831,0.0011333388136119948,176305871.9638,118203639.86800002,2769148.9941,-0.000024906399300639315,-0.000024906399300639315,0.0019497045747758387,1.0019497045747758,-2.7888070741610704e-8,1.0001100237296163,305.2833954831127,14.35263422790735,0.000053348099999999815,0.00002670105786911384
2021-07-06T05:00:00.000Z,0.025464486232891156,1.0160008589976701,0.000895881034476342,0.001198905024475255,0.0011954425149360848,178739734.98270002,122962490.43230002,4758850.5643,0.014805416482734035,0.014805416482734035,0.016896740032146463,1.0168967400321465,-0.00011202212511007836,1.000099178783545,314.40907994895645,14.938595236245693,0.00005326729999999994,0.00004526159759660058
2021-07-06T06:00:00.000Z,0.025464486232891156,1.0216306626142038,0.0009375607544236734,0.0012508955375250764,0.0012549437956652643,180246994.5631,128358208.96250002,5395718.5302,0.020375718818538502,0.020375718818538502,0.02256822336862744,1.0225682233686275,-0.0002439669374730835,0.9984517340754144,318.3946433089781,15.289626381822597,0.00005298180000000026,0.00005088973341038903
2021-07-06T07:00:00.000Z,0.025464486232891156,1.0215486746537157,0.0009501726406712906,0.0012962124147880296,0.001299208053390677,180157632.3043,133059364.76500002,4701155.8025,0.020249466600325006,0.020249466600325006,0.022498847294386972,1.022498847294387,-0.0002315183660771547,0.9988985092857013,318.17348508331355,15.160475625464104,0.000053182800000000076,0.00004436095635821279
2021-07-06T08:00:00.000Z,0.025464486232891156,1.0266674672710985,0.0009790418230132458,0.0013232558850581094,0.0013331002920125012,181989280.3545,135879237.60930002,2819872.8443,0.025334366979085976,0.025334366979085976,0.02764650909411172,1.0276465090941118,-0.0003175416773719686,1.0001856872559491,320.9393658839591,15.296383020609511,0.00005224779999999999,0.000026341023086481285
