query_ts,assumedLPToken,equityValue,totalDexYield,totalTradingfee,newTotalTradingFee,liquidity,totalVolume,volume,priceImpact,priceEffect,totalReturn,totalEquityVal,impermanentLoss,tokenPrice,quoteTokenPrice,rewardPrice,rewardTokenPerLP,feePerDollar
2022-06-17T10:00:00.000Z,0.025049024271016646,1,0,0.000022362867104289904,-4.787281682183675e-13,83691825.0118,1100934.7615,1100934.7615,4.787281682183675e-13,4.787281682183675e-13,0,1,0,0.9984109104664717,217.62858159583166,2.945711067474412,0,0.000022362866316825067
2022-06-17T11:00:00.000Z,0.025049024271016646,1.0025999386230733,0,0.00004232935166932747,0.000016617420376174863,83912896.959,2083935.2786,983000.5171,0.0025833212026971086,0.0025833212026971086,0.0025999386230732835,1.0025999386230733,-0.000004015846216121055,0.9981573077212887,218.81002215132614,2.9671127401366526,0,0.000019914708461161853
2022-06-17T12:00:00.000Z,0.025049024271016646,1.0006341154382246,0,0.00005829937462763112,0.00003480922593013247,108638753.3182,3103855.2566,1019919.978,0.0005993062122944259,0.0005993062122944259,0.0006341154382245584,1.0006341154382246,-4.666204089787129e-10,0.9990397835201088,217.75235553988625,2.950472938298668,0,0.000015959902977913956
2022-06-17T13:00:00.000Z,0.025049024271016646,0.9933161955860833,0,0.00007945792973321423,0.00005532808052277627,107909621.99249999,4455958.155,1352102.8984,-0.00673913249443947,-0.00673913249443947,-0.006683804413916694,0.9933161955860833,-0.000024404359722729474,0.9986350307402869,214.65702414089807,2.906281339026301,0,0.000021300926505328292
2022-06-17T14:00:00.000Z,0.025049024271016646,1.0032114125012543,0,0.00010133816977216717,0.00008830403336479442,108984596.0256,5854179.1584,1398221.0034,0.003123108467889546,0.003123108467889546,0.0032114125012543404,1.0032114125012543,-0.0000027478295783200934,0.9991839364697549,218.820636364059,2.959938082002396,0,0.000021810198802972656
2022-06-17T15:00:00.000Z,0.025049024271016646,0.9944492292736581,0,0.00012793082262956823,0.00010466393873187485,108535226.1726,7561443.7579,1707264.5995,-0.0056554346650737886,-0.0056554346650737886,-0.005550770726341914,0.9944492292736581,-0.00002147043337530352,0.999291397243168,214.98438158232315,2.9231203038491573,0,0.00002674108601878701
2022-06-17T16:00:00.000Z,0.025049024271016646,0.9952224532282451,0,0.00014157677707678755,0.0001199983955858519,108599297.07710001,8437358.5743,875914.8164,-0.0048975451673407555,-0.0048975451673407555,-0.004777546771754904,0.9952224532282451,-0.000016260747517260477,0.9992031873959665,215.33123650329375,2.920471357130714,0,0.00001371146248601265
2022-06-17T17:00:00.000Z,0.025049024271016646,0.9925827319802853,0,0.00015901159182738744,0.00013482235248707397,108317456.6674,9556539.1311,1119180.5568,-0.007552090372201725,-0.007552090372201725,-0.007417268019714651,0.9925827319802853,-0.000030136260062318954,0.9985935200931915,214.31469419181036,2.8997743284616244,0,0.000017565099893382393
2022-06-17T18:00:00.000Z,0.025049024271016646,0.9940325790111967,0,0.0001712673129030532,0.0001473552686505064,108477958.4414,10343278.4713,786739.3402,-0.0061147762574538245,-0.0061147762574538245,-0.005967420988803318,0.9940325790111967,-0.00002108521275734354,0.998770787614358,214.897758784063,2.914432259715597,0,0.000012329296177365805
2022-06-17T19:00:00.000Z,0.025049024271016646,0.9945013340771864,0,0.00017903005812759223,0.00015527402113080235,108712332.5217,10842438.4903,499160.019,-0.005653939943944364,-0.005653939943944364,-0.0054986659228135615,0.9945013340771864,-0.000017656242067731753,0.9986830051031311,215.11599560651652,2.9161091304774165,0,0.000007805664846080063
2022-06-17T20:00:00.000Z,0.025049024271016646,0.9943980041016857,0,0.00018492043638101887,0.0001613817114983762,108696744.7098,11221186.6797,378748.1894,-0.005763377609812714,-0.005763377609812714,-0.005601995898314338,0.9943980041016857,-0.00002475924051692502,0.9996666616365668,214.8570226837768,2.910195579103977,0,0.000005923562142537181
2022-06-17T21:00:00.000Z,0.025049024271016646,0.9983473458009956,0,0.000193588210367177,0.00017078141098514354,109131771.8902,11778536.9959,557350.3162,-0.0018234356099895432,-0.0018234356099895432,-0.0016526541990043997,0.9983473458009956,-0.000004273446483349375,0.9995081795842848,216.59759765348963,2.9382693072680905,0,0.000008682123648586015
2022-06-17T22:00:00.000Z,0.025049024271016646,0.996510388305936,0,0.0002028776560474981,0.00017969766726044778,108933156.8327,12375873.688,597336.6921,-0.00366930936132448,-0.00366930936132448,-0.003489611694064032,0.996510388305936,-0.00000961981645741794,0.9991202940794515,215.8810323155261,2.9328889009989783,0,0.00000932197694527082
2022-06-17T23:00:00.000Z,0.025049024271016646,0.9962260113223683,0,0.00021463349628990903,0.0001921295097125908,108902514.1223,13131809.239699999,755935.5517,-0.00396611818734427,-0.00396611818734427,-0.003773988677631679,0.9962260113223683,-0.000009927343872617733,0.9988921349328579,215.80170921197364,2.924429914872238,0,0.000011800374382971673
2022-06-18T00:00:00.000Z,0.025049024271016646,0.9969597547783702,0,0.0002233068461888699,0.00020201260293695178,108983733.45470001,13689536.6461,557727.4064,-0.0032422578245667744,-0.0032422578245667744,-0.0030402452216298226,0.9969597547783702,-0.000008082116004448636,0.9991829452928621,216.0525878112092,2.9280040600175643,0,0.000008699799142723447
2022-06-18T01:00:00.000Z,0.025049024271016646,0.9983580437407862,0,0.00024281484844306534,0.00022069932506474377,111644877.9076,14972801.7274,1283265.0813,-0.0018626555842785608,-0.0018626555842785608,-0.001641956259213817,0.9983580437407862,-7.340442049752482e-7,0.997759415258328,216.96017595722898,2.936413186359234,0,0.000019540087096655737
2022-06-18T02:00:00.000Z,0.025049024271016646,0.9877043822787943,0,0.0002728871865070747,0.0002500594631007491,110742719.2766,16956184.1907,1983382.4633,-0.012545677184306436,-0.012545677184306436,-0.012295617721205687,0.9877043822787943,-0.00008729077367675142,0.9989985213482473,212.07742182374344,2.8761409751027345,0,0.00003044669852460858
2022-06-18T03:00:00.000Z,0.025049024271016646,0.9861651785774983,0,0.0002916860709233771,0.00026689149819514313,110569077.7276,18196028.548499998,1239844.3578,-0.01410171292069684,-0.01410171292069684,-0.013834821422501697,0.9861651785774983,-0.00010624366570399779,0.9987858878750951,211.4545703975853,2.8696890736131295,0,0.00001906261182220092
2022-06-18T04:00:00.000Z,0.025049024271016646,0.9871100673204006,0,0.00030082002729043823,0.00027585842142685557,110674362.095,18798437.624099996,602409.0756,-0.013165791101026225,-0.013165791101026225,-0.01288993267959937,0.9871100673204006,-0.0000918199114099405,0.9987091475997454,211.87251120297168,2.8743388636646854,0,0.000009253230912150574
2022-06-18T05:00:00.000Z,0.025049024271016646,0.988852974318633,0,0.00030956053863327455,0.0002855711248979098,110870124.486,19374899.655399997,576462.0313,-0.01143259680626496,-0.01143259680626496,-0.011147025681367051,0.988852974318633,-0.00007368436963173242,0.9990515706236711,212.54452139133673,2.880289207932137,0,0.000008839039892426083
2022-06-18T06:00:00.000Z,0.025049024271016646,0.9860840724820856,0,0.0003210463829577755,0.0002982524137282727,110560066.63049999,20132427.084599998,757527.4292,-0.014214179931642645,-0.014214179931642645,-0.013915927517914373,0.9860840724820856,-0.00011980712152581674,0.9995738192789808,211.2396847975416,2.8650180823825364,0,0.000011647936446564497
2022-06-18T07:00:00.000Z,0.025049024271016646,0.96693907531962,0,0.00038877732391473415,0.0003416906813812348,82030719.8419,23512418.5217,3379991.4371,-0.033402615361761256,-0.033402615361761256,-0.03306092468038002,0.96693907531962,-0.0005711690887313381,0.99824450419107,203.36656508848338,2.7629731198512135,0,0.0000700467514382952
2022-06-18T08:00:00.000Z,0.025049024271016646,0.9618477516196967,0,0.00048556348730517755,0.00043704711884517966,81648854.7332,28345321.970299996,4832903.4486,-0.03858929549914847,-0.03858929549914847,-0.03815224838030329,0.9618477516196967,-0.000795783069468925,0.9989642662531782,201.04496590605794,2.7241500928954525,0,0.00010062524317661055
2022-06-18T09:00:00.000Z,0.025049024271016646,0.958540702602565,0,0.0005974264755464687,0.0005562376145062942,82428841.31150001,34003884.6253,5658562.655,-0.04201553501194133,-0.04201553501194133,-0.041459297397435035,0.958540702602565,-0.0008558560959986972,0.99687841723304,200.03223583478746,2.6929391741415167,0,0.00011670134337018677
2022-06-18T10:00:00.000Z,0.025049024271016646,0.9643907593238922,0,0.0006292309386094043,0.0005873791772968984,82648507.432,35607207.9655,1603323.3402,-0.03619661985340472,-0.03619661985340472,-0.03560924067610782,0.9643907593238922,-0.0006677802197618821,0.9980989812417832,202.2220588311338,2.7142616817425242,0,0.000032978813084828655
2022-06-18T11:00:00.000Z,0.025049024271016646,0.9694087469353394,0,0.0006589771033087711,0.0006195756202420633,83080148.9456,37106797.512499996,1499589.547,-0.03121082868490266,-0.03121082868490266,-0.030591253064660595,0.9694087469353394,-0.0005067684558788255,0.9985452604407156,204.2283585415032,2.7319315108267834,0,0.000030684853870077386
2022-06-18T12:00:00.000Z,0.025049024271016646,0.9670553142070778,0,0.0006838640654025591,0.0006423511987462271,82872035.2946,38361323.43789999,1254525.9254,-0.03358703699166843,-0.03358703699166843,-0.0329446857929222,0.9670553142070778,-0.000603850756777824,0.9990068491460562,203.1338395892902,2.7129882471586977,0,0.0000257347857524982
2022-06-18T13:00:00.000Z,0.025049024271016646,0.9634611240565697,0,0.0007018761299076797,0.0006621687305194968,106943522.83070001,39537398.017299995,1176074.5794,-0.0372010446739498,-0.0372010446739498,-0.036538875943430305,0.9634611240565697,-0.0006831738955757061,0.9974768455916124,201.92665326804791,2.692909753137036,0,0.00001869516481278713
2022-06-18T14:00:00.000Z,0.025049024271016646,0.9640275680127064,0,0.0007338918865001462,0.0006969898996740387,106231637.5003,41612690.27909999,2075292.2618,-0.036669421886967646,-0.036669421886967646,-0.03597243198729361,0.9640275680127064,-0.0007164890742558105,0.9989175902114387,201.85814633932358,2.6921649580908733,0,0.00003321041572996591
2022-06-18T15:00:00.000Z,0.025049024271016646,0.9591913507875733,0,0.0007770883427083464,0.0007352818347061696,105699673.57030001,44412751.904699996,2800061.6256,-0.04154393104713283,-0.04154393104713283,-0.04080864921242666,0.9591913507875733,-0.0008899252938240343,0.9981836753402678,199.96740473997232,2.671665892545469,0,0.00004503424280070356
2022-06-18T16:00:00.000Z,0.025049024271016646,0.9558743564962175,0,0.0008008754447297353,0.0007537337300056457,105342333.3174,45954788.6882,1542036.7835,-0.0448793772337881,-0.0448793772337881,-0.04412564350378245,0.9558743564962175,-0.0010512660925654504,0.9983668174068572,198.54161787362557,2.6561916887157806,0,0.000024885176257216982
2022-06-18T17:00:00.000Z,0.025049024271016646,0.9532691361711512,0,0.0008251677404824269,0.0007764893563665387,105222212.6565,47532078.68579999,1577289.9976,-0.04750735318521537,-0.04750735318521537,-0.046730863828848834,0.9532691361711512,-0.0011583883858644617,0.9978951296446436,197.54389386243173,2.645072704697448,0,0.00002548314588929488
2022-06-18T18:00:00.000Z,0.025049024271016646,0.9477942708592978,0,0.0008549204304526163,0.0008017723547059097,104595553.2525,49463497.495799996,1931418.81,-0.053007501495408116,-0.053007501495408116,-0.052205729140702206,0.9477942708592978,-0.001546866522901702,0.999602839807754,194.93545950870478,2.607866583860109,0,0.00003139150637765302
2022-06-18T19:00:00.000Z,0.025049024271016646,0.9412988477275976,0,0.0008904622580348361,0.0008320513537183327,103869644.77849999,51770520.6711,2307023.1753,-0.05953320362612069,-0.05953320362612069,-0.05870115227240236,0.9412988477275976,-0.0019281716837681318,0.9991804640870259,192.33939693296676,2.575082748560661,0,0.00003775828257017206
2022-06-18T20:00:00.000Z,0.025049024271016646,0.9320313563096871,0,0.0009349068996077538,0.0008672110897232077,102937108.6868,54657953.687,2887433.0159,-0.06883585478003607,-0.06883585478003607,-0.06796864369031286,0.9320313563096871,-0.002613157770171015,0.9994621922545984,188.50000649788439,2.5308453642616473,0,0.000047685778138233754
2022-06-18T21:00:00.000Z,0.025049024271016646,0.9286473038616025,0,0.0010219544858077944,0.0009540437406102553,103097561.569,60342625.6079,5684671.9209,-0.07230673987900771,-0.07230673987900771,-0.07135269613839745,0.9286473038616025,-0.0028613584793864,0.9990949159368678,187.1661484996037,2.5275267541798785,0,0.00009373589557753239
2022-06-18T22:00:00.000Z,0.025049024271016646,0.9454389305977399,0,0.0011264979838335343,0.0010714490310700375,104012868.137,67108153.5665,6765527.9586,-0.05563251843333017,-0.05563251843333017,-0.05456106940226013,0.9454389305977399,-0.001645183634055969,0.9985718459100736,194.05640465836325,2.6230443516461874,0,0.00011057667897851826
2022-06-18T23:00:00.000Z,0.025049024271016646,0.9558353310983251,0,0.0011658051331510273,0.0011226394091662373,105172622.841,69652300.8172,2544147.2507,-0.04528730831084116,-0.04528730831084116,-0.04416466890167492,0.9558353310983251,-0.0011078606810334124,0.9991583644034215,198.21490715740688,2.66768606065672,0,0.00004112334759140325
2022-06-19T00:00:00.000Z,0.025049024271016646,0.9523697980042828,0,0.0011857322932528618,0.0011399845892411387,104793326.874,70942107.11590001,1289806.2987,-0.04877018658495835,-0.04877018658495835,-0.047630201995717214,0.9523697980042828,-0.001286280575883647,0.9991580376710705,196.77139763049286,2.66355228460549,0,0.00002092376273564054
2022-06-19T01:00:00.000Z,0.025049024271016646,0.9527035238977284,0,0.0012083648832406971,0.001161692820819571,104844098.53070001,72407221.5682,1465114.4523,-0.04845816892309118,-0.04845816892309118,-0.04729647610227161,0.9527035238977284,-0.0012444455558763279,0.998653600320071,196.99996462801354,2.682820656452444,0,0.000023756173249757925
2022-06-19T02:00:00.000Z,0.025049024271016646,0.9443796848755243,0,0.0012254105062913935,0.0011697615202341805,103931113.6308,73510697.6683,1103476.1001,-0.05679007664470992,-0.05679007664470992,-0.05562031512447574,0.9443796848755243,-0.0017475194463276722,0.9991055868100077,193.47755246406606,2.6293902130823072,0,0.000018049545556048714
2022-06-19T03:00:00.000Z,0.025049024271016646,0.9430179971115201,0,0.0012447522857254288,0.0011869683578449308,103468037.7242,74759040.1474,1248342.4791,-0.05816897124632481,-0.05816897124632481,-0.05698200288847988,0.9430179971115201,-0.001793112329154467,0.9984114034250187,193.04639929674983,2.62835521767669,0,0.00002051050992313973
2022-06-19T04:00:00.000Z,0.025049024271016646,0.9418338011701121,0,0.0012689040940254965,0.0012146423353415203,103311523.0932,76317426.77890001,1558386.6315,-0.05938084116522946,-0.05938084116522946,-0.05816619882988794,0.9418338011701121,-0.0018948170107865314,0.9988020886178635,192.474610148257,2.6399058316833806,0,0.000025643386083467536
2022-06-19T05:00:00.000Z,0.025049024271016646,0.9469714778940663,0,0.0012843642415898613,0.001230846489729931,103316844.9664,77309626.09240001,992199.3135,-0.054259368595663604,-0.054259368595663604,-0.05302852210593367,0.9469714778940663,-0.001582739818706047,0.9989230424053634,194.55272325154144,2.670935800602908,0,0.000016325884065648247
2022-06-19T06:00:00.000Z,0.025049024271016646,0.937736382469422,0,0.0013110292260097474,0.0012454603874364478,102166506.8284,79018540.09250002,1708914.0001,-0.06350907791801441,-0.06350907791801441,-0.062263617530577964,0.937736382469422,-0.0022030757776579923,0.9992343569572377,190.70629789933864,2.6202751923920946,0,0.00002843548135642465
2022-06-19T07:00:00.000Z,0.025049024271016646,0.9414056818536871,0,0.001327100166477034,0.0012674171484665653,105646155.2539,80079427.40250002,1060887.31,-0.05986173529477945,-0.05986173529477945,-0.058594318146312885,0.9414056818536871,-0.0019414583377063144,0.9990453027222688,192.23104473565786,2.6560282804670963,0,0.000017071216862228614
2022-06-19T08:00:00.000Z,0.025049024271016646,0.9431342952649695,0,0.0013420657511159966,0.001284421172008443,105835529.9665,81067304.06160001,987876.6591,-0.05815012590703894,-0.05815012590703894,-0.0568657047350305,0.9431342952649695,-0.0017983490399697821,0.9985188260966564,193.03335565156303,2.68509249791628,0,0.000015867925648424263
