query_ts,assumedLPToken,equityValue,totalDexYield,totalTradingfee,newTotalTradingFee,liquidity,totalVolume,volume,priceImpact,priceEffect,totalReturn,totalEquityVal,impermanentLoss,tokenPrice,quoteTokenPrice,rewardPrice,rewardTokenPerLP,feePerDollar
2021-10-03T10:00:00.000Z,0.02066877721144019,0.9999999999999999,0.00002578435815367391,0.00002659875273728844,-6.451505996096785e-13,173316539.4477,2711766.9954,2711766.9954,6.45039577307216e-13,6.45039577307216e-13,0.000025784358153562887,1.0000257843581535,0,0.9996006030135703,424.7959943481534,19.655030720749775,0.0000634699,0.000026598753395783756
2021-10-03T11:00:00.000Z,0.02066877721144019,1.0014483356144022,0.00005188627283256751,0.000039815243175559344,0.000013103246369938759,173067575.2988,4055318.6765,1343551.6811,0.0014352323680322243,0.0014352323680322243,0.0015002218872347305,1.0015002218872346,-3.3683356537306253e-7,1.0002139771366765,425.75497987277924,19.706144883798,0.00006392029999999999,0.000013197375960959897
2021-10-03T12:00:00.000Z,0.02066877721144019,1.005064111798293,0.00007821194289522902,0.00005717051156898067,0.000030465135002488708,173693897.9607,5819621.8494,1764303.1729,0.005033646663290536,0.005033646663290536,0.005142323741188254,1.0051423237411883,-0.000005955463860729537,1.0011709987777806,428.41026106664884,19.78520238430696,0.00006386700000000003,0.000017267822468977146
2021-10-03T13:00:00.000Z,0.02066877721144019,1.0058390289232444,0.00010451360571228226,0.0000734387262937435,0.000046013709089409716,173862246.4749,7473744.7398,1654122.8904,0.005793015214154984,0.005793015214154984,0.005943542528956676,1.0059435425289567,-0.000012459935789577159,1.000384890864293,429.3950455276897,19.820979700923008,0.00006385599999999999,0.000016173775334750212
2021-10-03T14:00:00.000Z,0.02066877721144019,1.0073560473700367,0.00013091738087165752,0.00009279042908181681,0.00006573588489300342,174165007.1297,9441849.3147,1968104.5749,0.007290311485143697,0.007290311485143697,0.007486964750908358,1.0074869647509084,-0.00002309545491541165,1.0000679362856577,430.8109491763431,19.87215665611023,0.00006362749999999999,0.00001921039037904102
2021-10-03T15:00:00.000Z,0.02066877721144019,1.0049413682165471,0.00015637450374718836,0.0001115151259112816,0.00008424131649631406,173769401.3904,11346425.870099999,1904576.5554,0.004857126900050801,0.004857126900050801,0.005097742720294303,1.0050977427202943,-0.00001279491606376304,0.9993874137325917,429.0240919843305,19.77314090880368,0.00006388619999999999,0.00001863262529693489
2021-10-03T16:00:00.000Z,0.02066877721144019,1.002934472314109,0.00018129477888926068,0.00012760355327747072,0.00010011749392901947,173469015.9435,12983295.271499999,1636869.4014,0.0028343548201799074,0.0028343548201799074,0.0031157670929981875,1.0031157670929982,-6.93834719234232e-7,1.0012536598584758,426.50213814403304,19.645058640260757,0.0000638687,0.0000160413545165111
2021-10-03T17:00:00.000Z,0.02066877721144019,1.0049329913471623,0.00020805656396102152,0.00015004329746047418,0.00012284254423811092,173815193.10140002,15266367.274999999,2283072.0035,0.004810148802924186,0.004810148802924186,0.0051410479111233184,1.0051410479111234,-0.00001048748698451174,0.9998192922343153,428.79867584954934,19.733884926992122,0.00006360290000000003,0.00002232959234861465
2021-10-03T18:00:00.000Z,0.02066877721144019,1.0105659998786405,0.00023659899210752753,0.00017253012925172074,0.0001511850368054457,174829170.1585,17554749.497399997,2288382.2224,0.01041481484183504,0.01041481484183504,0.010802598870748014,1.010802598870748,-0.000045886303019382346,1.000381565162466,433.35184791643127,19.951823702486074,0.00006364200000000001,0.000022251720205232926
2021-10-03T19:00:00.000Z,0.02066877721144019,1.013288907742531,0.0002637923367287323,0.00019719354656667193,0.00017149835333762908,175303245.2927,20064675.9823,2509926.4849,0.01311740938919348,0.01311740938919348,0.013552700079259841,1.01355270007926,-0.00008465908388943788,0.999620026151465,436.00506143682566,20.032198110365936,0.00006337589999999996,0.000024339965967005872
2021-10-03T20:00:00.000Z,0.02066877721144019,1.0118415972002683,0.0002881952173425606,0.00022850130815359722,0.0002022303864959163,175055750.3619,23250831.4117,3186155.4294,0.011639366813772423,0.011639366813772423,0.0121297924176109,1.012129792417611,-0.000059211440805562177,1.0002902195123649,434.44253787531767,19.89925277668664,0.00006358860000000013,0.00003094136707181751
2021-10-03T21:00:00.000Z,0.02066877721144019,1.0099858989526984,0.0003130433056741863,0.00024009956975014194,0.00021499896617305225,174735741.3228,24431180.3146,1180348.9029,0.009770899986525361,0.009770899986525361,0.0102989422583726,1.0102989422583726,-0.0000396677143765789,1.00041689254161,432.78440964297454,19.83041826381076,0.00006305649999999991,0.000011483587271496437
2021-10-03T22:00:00.000Z,0.02066877721144019,1.0030190104879306,0.00033464763060610817,0.000255501580824506,0.000228620609834973,173570772.8574,25998999.4183,1567819.1037,0.002790389878095656,0.002790389878095656,0.003353658118536737,1.0033536581185367,-0.000002522285603712149,1.0001410224922775,426.93917637676304,19.563694015163318,0.00006384160000000003,0.000015355652523825058
2021-10-03T23:00:00.000Z,0.02066877721144019,1.006236863225315,0.0003614124606656252,0.0002662054837623345,0.00024073521729550684,174128890.5652,27088591.301999997,1089591.8837,0.005996128008019408,0.005996128008019408,0.00659827568598054,1.0065982756859806,-0.000012005899408640275,1.0006787682006868,429.442334817024,19.62462748353108,0.00006341579999999999,0.000010637558168995688
2021-10-04T00:00:00.000Z,0.02066877721144019,1.0076415481990322,0.0003880033991332231,0.0002740732088236983,0.00024715072193703946,174387126.9684,27889547.235299997,800955.9333,0.007394397477095138,0.007394397477095138,0.0080295515981654,1.0080295515981654,-0.00002025024628804495,1.000603844990289,430.66920376652763,19.662180133967933,0.00006372980000000006,0.000007808059633075637
2021-10-04T01:00:00.000Z,0.02066877721144019,1.0005678191520169,0.0004096569008930742,0.00028915558965975373,0.0002609614337536481,173130407.25379997,29424686.5866,1535139.3513,0.0003068577182632204,0.0003068577182632204,0.0009774760529099426,1.00097747605291,-3.4057328290870714e-8,1.0001683358979423,424.815460133964,19.458213779507613,0.00006384860000000003,0.000015073821742845347
2021-10-04T02:00:00.000Z,0.02066877721144019,1.00023679309245,0.00043206572224230256,0.000309436571005642,0.000280852659784947,174021035.48,31500264.168199997,2075577.5816,-0.000044059567334886474,-0.000044059567334886474,0.0006688588146923631,1.0006688588146924,-5.556643192239363e-7,1.0006108451593272,424.3297154743199,19.318300456360863,0.00006349949999999994,0.00002027618028468474
2021-10-04T03:00:00.000Z,0.02066877721144019,0.991622784324304,0.0004500649024412353,0.00033492630949848477,0.0003043562393941768,172528431.2238,34109003.089999996,2608738.9218,-0.008681571915090225,-0.008681571915090225,-0.007927150773254813,0.9920728492267452,-0.00004729895099297998,1.0006075683944924,417.0321124535399,19.019109978799182,0.00006281009999999994,0.00002570507443672982
2021-10-04T04:00:00.000Z,0.02066877721144019,0.9889108217023285,0.00047553436162109603,0.0003623819463345274,0.0003343427502308094,172141419.4499,36920326.843399994,2811323.7534,-0.01142352104790234,-0.01142352104790234,-0.010613643936050436,0.9893863560639495,-0.00007147031433196727,1.000067388927224,414.9523256224972,19.039945981716322,0.0000634672,0.00002776351209402541
2021-10-04T05:00:00.000Z,0.02066877721144019,0.990741190644521,0.0005050099614968712,0.0005881394309088738,0.0005647056520986515,172489044.4334,60040683.60609999,23120356.7627,-0.00982351500757761,-0.00982351500757761,-0.008753799393982088,0.9912462006060179,-0.000039972601505011696,0.9986706805517235,416.87882800464,19.212748294238356,0.00006335810000000022,0.00022786726325546984
2021-10-04T06:00:00.000Z,0.02066877721144019,0.9941927239466603,0.0005310782319081415,0.000600691108061261,0.000579406104553204,173117768.274,61326337.11209999,1285653.506,-0.006386682157892953,-0.006386682157892953,-0.005276197821431608,0.9947238021785684,-0.00002304837808131399,0.9999828835104008,419.2269213472824,19.244289506371405,0.00006345399999999997,0.000012624995007680273
2021-10-04T07:00:00.000Z,0.02066877721144019,0.9922368776503687,0.0005525477736328582,0.000614230056226563,0.0005921821585683773,172784047.4636,62713170.39139999,1386833.2793,-0.008355304508199657,-0.008355304508199657,-0.007210574575998422,0.9927894254240016,-0.00003753469958889255,0.9998745207657455,417.6126128416057,19.1139087536916,0.00006345249999999978,0.000013644874103939909
2021-10-04T08:00:00.000Z,0.02066877721144019,0.9968629583949924,0.0005854273133310711,0.0006322893693118931,0.0006140339807522155,173595669.9568,64563102.37079999,1849931.9794,-0.003751075585759822,-0.003751075585759822,-0.0025516142916765356,0.9974483857083235,-0.0000074303343348125495,0.99969740622872,421.57426165214594,19.37311325386736,0.00006339969999999998,0.00001811614521124068
2021-10-04T09:00:00.000Z,0.02066877721144019,0.9946221307277486,0.0006121182995779704,0.0006465257605616625,0.0006259537572694818,173258295.5657,66021872.62839999,1458770.2576,-0.0060038230295208495,-0.0060038230295208495,-0.004765750972673398,0.9952342490273266,-0.00002326505387306721,1.0004000490152989,419.37510484105565,19.41408161282888,0.00006343180000000012,0.000014313366236363624
2021-10-04T10:00:00.000Z,0.02066877721144019,0.9955742893305068,0.0006374645776361105,0.0006598486249287297,0.0006397373546689344,173470510.2085,67387400.75739999,1365528.129,-0.005065448024162089,-0.005065448024162089,-0.003788246091857044,0.996211753908143,-0.00001549774891684841,1.0000896023438128,420.29772260331777,19.41103893266429,0.00006341489999999998,0.000013382089073871024
2021-10-04T11:00:00.000Z,0.02066877721144019,0.9943759790113974,0.000660195382403156,0.0006743158016779643,0.0006532734780242411,173263017.674,68870226.5499,1482825.7925,-0.006277294466626837,-0.006277294466626837,-0.00496382560619944,0.9950361743938005,-0.000025261722687242028,1.0004115878300153,419.1395424798113,19.332263239660257,0.00006336200000000012,0.00001454900117226963
2021-10-04T12:00:00.000Z,0.02066877721144019,0.9925695568008036,0.0006823761777719634,0.0006936597660758497,0.0006730051594787678,173213731.99150002,70855946.2747,1985719.7248,-0.008103448358675158,-0.008103448358675158,-0.006748067021424427,0.9932519329785756,-0.000034130480925931295,0.9997262376905232,417.8867420990709,19.244291237412867,0.00006331779999999988,0.00001948877547610171
2021-10-04T13:00:00.000Z,0.02066877721144019,0.9957694849958644,0.0007150449727829553,0.0007091576430726758,0.0006892675395276937,173773706.3173,72446866.9795,1590920.7048,-0.00491978254366332,-0.00491978254366332,-0.003515470031352671,0.9964845299686473,-0.000012162064633169933,0.9996006533159976,420.6264472182129,19.44782519975189,0.00006331870000000007,0.000015563719365124387
2021-10-04T14:00:00.000Z,0.02066877721144019,1.001132304198779,0.0007451160789649858,0.0007297350994257627,0.00066310996350194,174812593.4553,74560472.9258,2113605.9463,0.0004691942352770262,0.0004691942352770262,0.0018774202777439518,1.0018774202777438,-1.8335575280303829e-9,1.000009050764528,425.0210432751893,19.575104170111143,0.00006275779999999992,0.000020554183412585612
2021-10-04T15:00:00.000Z,0.02066877721144019,0.9912430162262892,0.0007551085137383836,0.0007672260848650748,0.0007442531072979763,173257222.8903,78415160.0353,3854687.1095,-0.00950123688100879,-0.00950123688100879,-0.00800187525997243,0.9919981247400276,-0.00005348800726445724,1.0003970919679943,416.4303527309353,19.17924057188698,0.00006321909999999989,0.00003782219278845935
2021-10-04T16:00:00.000Z,0.02066877721144019,0.9952512887173735,0.0007834041363822976,0.00079914011749331,0.0007791877893305044,173962030.26929998,81696524.649,3281364.6137,-0.005527899071957054,-0.005527899071957054,-0.003965307146244252,0.9960346928537558,-0.000018913336394144054,1.000207698062297,419.857521090216,19.25877597642556,0.00006321789999999987,0.00003206630685244673
2021-10-04T17:00:00.000Z,0.02066877721144019,0.9982200097843821,0.0008119480844161759,0.0008244949798135819,0.0008065110509214435,174495737.61769998,84303703.77170001,2607179.1227,-0.002586501266539365,-0.002586501266539365,-0.0009680421312017456,0.9990319578687983,-0.00000536351378210842,1.0002859335082943,422.31182665922677,19.33982008893718,0.00006316069999999988,0.000025400073200071215
2021-10-04T18:00:00.000Z,0.02066877721144019,1.0028269969420411,0.0008431737421786192,0.0008442501681359884,0.0008303650132410745,175325711.3463,86335367.49300002,2031663.7213,0.0019966319288000633,0.0019966319288000633,0.003670170684219757,1.0036701706842197,-4.996263891499098e-7,1.0005957153818767,426.0698535165709,19.481916076185872,0.00006273170000000001,0.000019699497008673555
2021-10-04T19:00:00.000Z,0.02066877721144019,1.0055673741329052,0.0008714829466320534,0.0008651169377649701,0.0008532690546529942,175569135.2172,88478471.82850002,2143104.3355,0.0047141050782522065,0.0047141050782522065,0.0064388570795372545,1.0064388570795373,-0.00000676556607437373,1.0006252680204781,428.37138785539884,19.54524664574432,0.00006329149999999987,0.000020751240620071575
2021-10-04T20:00:00.000Z,0.02066877721144019,1.0027314911110157,0.0008930539253362283,0.0008782314670583793,0.0008642672282477282,175131997.3966,89825834.87960002,1347363.0511,0.0018672238827679433,0.0018672238827679433,0.0036245450363518996,1.003624545036352,-0.0000017865655056459318,0.9995758218672659,426.394424625923,19.458330255446885,0.00006327119999999996,0.000013078804678296142
2021-10-04T21:00:00.000Z,0.02066877721144019,1.0005636801591062,0.0009113323647382581,0.0008940910269876285,0.0008789587457606052,174768147.10259998,91455355.03270002,1629520.1531,-0.00031527858665436614,-0.00031527858665436614,0.0014750125238444972,1.0014750125238445,-6.580830052005382e-7,1.0004325315508649,424.1751539988385,19.30651911340297,0.00006326629999999983,0.000015850624419813333
2021-10-04T22:00:00.000Z,0.02066877721144019,1.0012110931806686,0.0009337206301911527,0.0009065271801435477,0.0008911321142095474,174969418.5007,92733775.21720001,1278420.1845,0.0003199610664590402,0.0003199610664590402,0.0021448138108597402,1.0021448138108597,-5.768076449808035e-8,1.0002601160814732,424.78760927852335,19.247870893224395,0.00006323470000000011,0.000012421109541730032
2021-10-04T23:00:00.000Z,0.02066877721144019,0.9985582834498882,0.0009544232538046868,0.000921960489947243,0.0009076447288961509,174506848.0251,94320308.65860002,1586533.4414,-0.0023493612790079776,-0.0023493612790079776,-0.00048729329630713993,0.9995127067036929,-0.000007114313927747418,1.0010210152833743,422.20239940411386,19.160559045939184,0.0000629711,0.000015455593181031292
2021-10-05T00:00:00.000Z,0.02066877721144019,1.0034003470939767,0.000987325297907879,0.0009361304310782776,0.0009229584460173079,175270532.2349,95776283.28970002,1455974.6311,0.002477388647959433,0.002477388647959433,0.00438767239188462,1.0043876723918845,-0.0000018198074605013659,1.000167083240424,426.6615791427823,19.31407121145049,0.00006326510000000014,0.000014121922500656074
2021-10-05T01:00:00.000Z,0.02066877721144019,1.0045105845869315,0.001018461758155707,0.0009523201230515365,0.0009408001083317519,175283694.4973,97438075.20900002,1661791.9193,0.003569784478599791,0.003569784478599791,0.00552904634508725,1.0055290463450872,-0.000006627007318571465,0.9995234483323059,427.86729312556645,19.425744861515007,0.00006333090000000003,0.00001611699405875722
2021-10-05T02:00:00.000Z,0.02066877721144019,1.0038736876531955,0.0010377152216012818,0.0009669538653425627,0.0009539303997050386,175180049.2097,98940220.90560003,1502145.6966,0.0029197572534904737,0.0029197572534904737,0.0049114028747967945,1.0049114028747967,-0.000004467760112314423,0.9995268986037363,427.31172543996547,19.31085178259195,0.00006333030000000003,0.000014577274613978131
2021-10-05T03:00:00.000Z,0.02066877721144019,1.0020976602622325,0.0010605446533635116,0.0009817439979363592,0.0009682325113606893,175010195.90300003,100459635.99110003,1519415.0855,0.0011294277508717698,0.0011294277508717698,0.003158204915595971,1.003158204915596,-3.200425999771994e-7,0.9999292628068508,425.6161501822452,19.269433169655443,0.00006290909999999994,0.000014759172355773143
2021-10-05T04:00:00.000Z,0.02066877721144019,1.0042416861351164,0.0010868644031847155,0.0009940544828599552,0.0009815994494362101,175401741.38140002,101724436.17340003,1264800.1823,0.00326008668568023,0.00326008668568023,0.005328550538301156,1.0053285505383012,-0.000006866210566225384,0.9991499301181826,427.76311094697564,19.28930870166793,0.00006327239999999997,0.000012258488957841142
2021-10-05T05:00:00.000Z,0.02066877721144019,1.0029400929979189,0.0011009184874009516,0.0010061574098559163,0.000992630331531963,174590334.5117,102963765.32420003,1239329.1508,0.001947462666386901,0.001947462666386901,0.004041011485319815,1.0040410114853198,-7.502168165585132e-7,1.0003212213611645,426.14494354911295,19.094438861871666,0.00006343229999999959,0.000012067446701746314
2021-10-05T06:00:00.000Z,0.02066877721144019,1.0062849320506861,0.0011325123784536478,0.0010200162962243073,0.0010098648908050123,175175271.4245,104382924.91210003,1419159.5879,0.0052750671598811305,0.0052750671598811305,0.00741744442913979,1.0074174444291397,-0.000011847237559647894,0.999994004844432,429.1205853856733,19.205330690476515,0.00006348460000000043,0.000013772328022164992
2021-10-05T07:00:00.000Z,0.02066877721144019,1.0091879863704187,0.0011581063422222173,0.0010424263621101129,0.0010354718124461204,175687576.9984,106677821.99110003,2294897.079,0.008152514557972612,0.008152514557972612,0.01034609271264095,1.0103460927126409,-0.00003144369272289893,0.9997897470583853,431.668858612868,19.211873769736115,0.00006348279999999974,0.000022206038132881354
2021-10-05T08:00:00.000Z,0.02066877721144019,1.0110773866341927,0.0011847574201989501,0.0010566372935601133,0.0010511713883996077,176035969.1607,108133249.61600003,1455427.6249,0.010026215245793058,0.010026215245793058,0.012262144054391615,1.0122621440543915,-0.00005108874174708511,0.9994684477183119,433.4141899774029,19.235349417088592,0.00006347530000000011,0.0000140552352688292
