query_ts,assumedLPToken,equityValue,totalDexYield,totalTradingfee,newTotalTradingFee,liquidity,totalVolume,volume,priceImpact,priceEffect,totalReturn,totalEquityVal,impermanentLoss,tokenPrice,quoteTokenPrice,rewardPrice,rewardTokenPerLP,feePerDollar
2021-07-15T10:00:00.000Z,0.024770477160592864,1,0.000020620241088855672,0.00003268264811294314,1.837419105754634e-13,165451452.6478,3180818.5517,3180818.5517,-1.837419105754634e-13,-1.837419105754634e-13,0.000020620241088855672,1.0000206202410888,0,0.9997342285775235,319.5008135614636,14.317523525542581,0.0000581422,0.00003268264769727243
2021-07-15T11:00:00.000Z,0.024770477160592864,0.9916545094202852,0.00004018926274091729,0.0000917361096962027,0.000059228725279081296,164189840.42409998,8932334.5429,5751515.9912,-0.008404719304993868,-0.008404719304993868,-0.00830530131697387,0.9916946986830262,-0.000053170543621083866,1.0016076560000697,313.5651558377178,13.963148842881699,0.0000580541,0.000059550439660484835
2021-07-15T12:00:00.000Z,0.024770477160592864,0.9896207841679708,0.00006005767019027909,0.00011905048265956815,0.00008712149904699373,163961240.56579998,11594375.3401,2662040.7972,-0.010466337331076159,-0.010466337331076159,-0.010319158161838886,0.9896808418381611,-0.0000604059082711661,1.0002044390424012,312.7007321987108,13.913348491592568,0.000058065599999999995,0.000027600848466524405
2021-07-15T13:00:00.000Z,0.024770477160592864,0.9845497240685614,0.00007933463341798428,0.00015370018656545427,0.00011968294714836958,163006572.6481,14968942.4996,3374567.1595,-0.01556995887858692,-0.01556995887858692,-0.015370941298020566,0.9846290587019795,-0.00012380953442936438,0.999778502409771,309.61532754637574,13.78318261248384,0.00005810749999999999,0.000035193453110228733
2021-07-15T14:00:00.000Z,0.024770477160592864,0.9865493549735448,0.00009891157562490461,0.00018890657969799986,0.00015527768353618132,164529838.26790002,18422752.6699,3453810.1703,-0.013605922709991392,-0.013605922709991392,-0.013351733450830306,0.9866482665491697,-0.00009204254547368063,0.9996032569260496,310.90648392464425,13.766533799474368,0.000057690800000000014,0.00003568639798909674
2021-07-15T15:00:00.000Z,0.024770477160592864,0.9896711924481645,0.00011889344178799258,0.0002227108275856315,0.00019134534567810668,165184426.4832,21741701.3165,3318948.6466,-0.010520152897513624,-0.010520152897513624,-0.010209914110047525,0.9897900858899524,-0.00003899396735462801,0.9979915532565194,313.3600089796957,13.80422299794013,0.000057645300000000015,0.000034157049906843596
2021-07-15T16:00:00.000Z,0.024770477160592864,0.9908903986532529,0.0001383739743148165,0.0002527286603344949,0.00022094695402641307,165299675.9306,24687321.841900002,2945620.5254,-0.009330548300773511,-0.009330548300773511,-0.008971227372432281,0.9910287726275677,-0.000043103350540807384,0.9996448289357632,313.5944361620022,13.780201914772134,0.0000576765,0.00003029379740152903
2021-07-15T17:00:00.000Z,0.024770477160592864,0.9876160597692181,0.00015289976880188626,0.00027482747804816855,0.00024353034849755595,201136058.5566,27334736.132200003,2647414.2903,-0.012627470579279487,-0.012627470579279487,-0.012231040461980045,0.9877689595380199,-0.00007295803790863253,0.999106657745791,311.67843697713914,13.638720941582818,0.000047201599999999985,0.000022375919692408224
2021-07-15T18:00:00.000Z,0.024770477160592864,0.9846940387238078,0.00016735703522363703,0.00029714344862691826,0.000266779691297514,200557833.816,30008390.067500003,2673653.9353,-0.015572740967489729,-0.015572740967489729,-0.015138604240968578,0.9848613957590314,-0.00012261937696689262,0.9996998693259804,309.6379307261746,13.520719934939665,0.00004711690000000003,0.00002266284793532405
2021-07-15T19:00:00.000Z,0.024770477160592864,0.9900487173708572,0.00018569691760798935,0.00031022340991785155,0.0002797249319641537,201644863.0263,31575459.161900003,1567069.0944,-0.010231007561106953,-0.010231007561106953,-0.00976558571153481,0.9902344142884651,-0.000053986180375553694,0.9998417104423526,312.9629795693327,13.707695976111662,0.000047196899999999975,0.000013211432319664593
2021-07-15T20:00:00.000Z,0.024770477160592864,0.9947107419616519,0.00020339134396428666,0.00032304293441191834,0.00029362383002373704,199065082.5932,33084570.406500004,1509111.2446,-0.005582881868371858,-0.005582881868371858,-0.005085866694383835,0.9949141333056162,-0.000019487104832571767,1.0003787240197437,315.7397544175068,13.801572599152964,0.000048037600000000016,0.000012887690208647552
2021-07-15T21:00:00.000Z,0.024770477160592864,0.9960131352887178,0.00022047720070311684,0.00033978073967991777,0.0003114421466759998,202191112.2201,35083265.6295,1998695.223,-0.0042983068579581785,-0.0042983068579581785,-0.003766387510579062,0.9962336124894209,-0.000014815511017896021,1.0008704728024822,316.40048760494307,13.857940558056287,0.00004735420000000001,0.000016804803345664686
2021-07-15T22:00:00.000Z,0.024770477160592864,0.9968443787775394,0.00023645714455461443,0.00035177406224762704,0.0003233343317421422,203643252.1708,36524495.5612,1441229.9317,-0.003478955554202745,-0.003478955554202745,-0.0029191640779059882,0.9970808359220941,-0.0000058812749316183854,0.9996788894309262,317.2991859963042,13.84784099775724,0.000047054800000000016,0.0000120312893148802
2021-07-15T23:00:00.000Z,0.024770477160592864,0.9971849480927909,0.0002524340667278635,0.0003695531737885989,0.0003413285032952684,203661174.6393,38660458.2781,2135962.7169,-0.003156380410504367,-0.003156380410504367,-0.002562617840481235,0.9974373821595187,-0.000007002851212245531,1.0003153009126036,317.3026396455329,13.838635332563026,0.000047067099999999995,0.000017829302149322416
2021-07-16T00:00:00.000Z,0.024770477160592864,0.993433647862352,0.000267840678666454,0.0003930903462306999,0.0003625921978854807,171331648.58819997,41048292.205,2387833.9269,-0.006928944335533482,-0.006928944335533482,-0.006298511458981548,0.9937014885410185,-0.000025251092804934316,0.9998877023731804,315.04018291089756,13.649297081731826,0.00005578350000000001,0.000023692748591281427
2021-07-16T01:00:00.000Z,0.024770477160592864,0.9909604758466164,0.0002847478452137009,0.00041568115516173724,0.00038546876235578953,170982734.7476,43341158.9122,2292866.7072,-0.009424992915739394,-0.009424992915739394,-0.008754776308169903,0.9912452236918301,-0.00004888108636369459,1.0001521925440915,313.3755946406117,13.556706390244432,0.00005575859999999996,0.0000227968830185921
2021-07-16T02:00:00.000Z,0.024770477160592864,0.9967365758006738,0.0003071227564840738,0.00044005146774084845,0.0004134560968046541,172527098.7655,45822515.041899994,2481356.1297,-0.003676880296130891,-0.003676880296130891,-0.0029563014428421633,0.9970436985571578,-0.000007528592839589621,0.9999309101399954,317.09321757538635,13.722487261110782,0.00005558140000000005,0.00002445010349489241
2021-07-16T03:00:00.000Z,0.024770477160592864,1.0036438878121636,0.00033050831695864247,0.0004722827308796373,0.0004479728364776836,173136826.523,49093196.16549999,3270681.1236,0.003195914975685943,0.003195914975685943,0.003974396129122269,1.0039743961291223,-0.0000010993380213930593,1.0014432586417266,320.9975315004235,13.908841233327578,0.00005577120000000003,0.000032114241792351275
2021-07-16T04:00:00.000Z,0.024770477160592864,1.002480082597398,0.00034961440859601644,0.0004911113898313329,0.0004674559680641899,172803944.9218,51002382.60689999,1909186.4414,0.00201262662933388,0.00201262662933388,0.0028296970059940862,1.002829697005994,-0.0000018145079377918094,0.9998398110502248,320.75430440797766,13.904053055585026,0.000055805200000000006,0.00001878207671618121
2021-07-16T05:00:00.000Z,0.024770477160592864,1.002143763831624,0.00037045533669870175,0.0005006082322436504,0.0004755949996320119,172842641.29950002,51965881.470199995,963498.8633,0.0016681688319919452,0.0016681688319919452,0.002514219168322659,1.0025142191683227,-4.4521974296163336e-7,1.0004574456477742,320.3359312603535,13.965569406126257,0.00005577400000000005,0.000009476527639795666
2021-07-16T06:00:00.000Z,0.024770477160592864,0.9940253305848469,0.00038261439726330605,0.0005351771026514184,0.0005078420118577176,171340974.606,55470978.60379999,3505097.1336,-0.00648251142701084,-0.00648251142701084,-0.005592055017889816,0.9944079449821102,-0.000021134876299067074,0.9997321914761016,315.3725471966495,13.709067835531268,0.00005584279999999994,0.000034776650131832145
2021-07-16T07:00:00.000Z,0.024770477160592864,0.9876743042716041,0.00039744747345418676,0.0005493243742622473,0.0005172855244828245,170176696.08659998,56904849.66199999,1433871.0582,-0.012842981252878749,-0.012842981252878749,-0.011928248254941739,0.9880717517450582,-0.00008061217602073345,0.9995059916712096,311.4179227591091,13.568213241123146,0.0000558309,0.000014323822562047845
2021-07-16T08:00:00.000Z,0.024770477160592864,0.9879342824059302,0.00041635731739077914,0.0005717194122040936,0.0005415837311609772,171148587.24780002,59187020.368499994,2282170.7065,-0.012607301325230802,-0.012607301325230802,-0.011649360276679045,0.9883506397233209,-0.00008277857864613658,0.999914094700405,311.4394779501635,13.578312827922023,0.00005534259999999991,0.00002266854937828223
2021-07-16T09:00:00.000Z,0.024770477160592864,0.980770298239463,0.0004279877858884967,0.0006000873974134848,0.0005686773057131944,165913861.139,62009916.779699996,2822896.4112,-0.01979837906625015,-0.01979837906625015,-0.018801713974648457,0.9811982860253515,-0.0002106730556490355,1.0002657548305791,306.81173187184424,13.347951132198576,0.00005654009999999994,0.000028924189131006588
2021-07-16T10:00:00.000Z,0.024770477160592864,0.97985480146274,0.00044565869639419853,0.0006413418468544217,0.0006072036849170681,165791014.4219,66115937.4857,4106020.706,-0.020752402222177113,-0.020752402222177113,-0.019699539840865848,0.9803004601591342,-0.0002149111592599784,0.9994975733244537,306.4501340112155,13.314200084808794,0.0000568621999999999,0.000042102614695612544
2021-07-16T11:00:00.000Z,0.024770477160592864,0.9758847442707568,0.00045835340776522403,0.0006693942115979281,0.0006307837027470509,165763859.2303,68918864.99689999,2802927.5112,-0.024746039431990274,-0.024746039431990274,-0.023656902321478,0.976343097678522,-0.00031826495595244086,0.999909718618091,303.83037230542215,13.14345156873208,0.00005654729999999987,0.00002874557090529543
2021-07-16T12:00:00.000Z,0.024770477160592864,0.9755734403676711,0.00047305563321688214,0.0006849053159566467,0.0006473124063489655,165988142.1,70471290.89289999,1552425.896,-0.025073872038677836,-0.025073872038677836,-0.02395350399911199,0.976046496000888,-0.0003240727295537038,0.9998027751213848,303.6586181092065,13.042075674409585,0.00005645270000000005,0.00001589947323833562
2021-07-16T13:00:00.000Z,0.024770477160592864,0.9833666744991733,0.0004947561439719321,0.0007166842503661013,0.0006828813903984043,171234299.1885,73726401.01799999,3255110.1251,-0.01731620689122515,-0.01731620689122515,-0.016138569356854815,0.9838614306431452,-0.00017412601151967078,1.0009296050148542,308.16306303479286,13.145226275347902,0.00005515460000000012,0.00003231646486068977
2021-07-16T14:00:00.000Z,0.024770477160592864,0.9841080965940735,0.000515637780568692,0.0007365744159148938,0.0007043878426234995,171359990.0336,75763706.21419999,2037305.1962,-0.01659629124855,-0.01659629124855,-0.015376265625357807,0.9846237343746422,-0.0001420268775588207,0.9998535431540808,308.94688709136983,13.220142579057566,0.00005515620000000001,0.0000202113622489176
2021-07-16T15:00:00.000Z,0.024770477160592864,0.9854504409034853,0.0005371071933899841,0.000756923387672798,0.0007226885383776471,151099636.19689998,77599070.15149999,1835363.9373,-0.015272247634892322,-0.015272247634892322,-0.01401245190312469,0.9859875480968753,-0.00011313229630349753,0.9993871147296176,309.9239508314704,13.243400960377128,0.00006268110000000022,0.000020649412347652058
2021-07-16T16:00:00.000Z,0.024770477160592864,0.9872730073573001,0.0005590426222657932,0.0007914076346994422,0.0007634283589670332,173100393.2156,81155650.34839998,3556580.1969,-0.013490421001666975,-0.013490421001666975,-0.012167950020434148,0.9878320499795659,-0.00008654632077476077,0.9993091306636288,311.0708297246533,13.33803058337574,0.00005477649999999983,0.00003492878451870039
2021-07-16T17:00:00.000Z,0.024770477160592864,0.9874885201418356,0.0005766149460964479,0.0008244126606644397,0.0007962711144363643,173202121.3996,84560926.15559998,3405275.8072,-0.01330775097260073,-0.01330775097260073,-0.011934864912067918,0.988065135087932,-0.00009292557038742544,0.9999703521313134,310.9802721404656,13.317778418337678,0.00005584070000000006,0.00003342319843117908
2021-07-16T18:00:00.000Z,0.024770477160592864,0.986439678741729,0.0005948558680503142,0.0008320872629244381,0.0008030697415954968,173020029.1419,85352757.63299999,791831.4774,-0.014363390999866499,-0.014363390999866499,-0.012965465390220688,0.9870345346097793,-0.00011152123686586357,1.0002019712269514,310.24334597429566,13.313749559363538,0.00005583999999999992,0.000007780102212767537
2021-07-16T19:00:00.000Z,0.024770477160592864,0.9845815632621105,0.0006088857663996131,0.0008408293588058631,0.0008105619389578989,172541640.72390002,86253931.9846,901174.3516,-0.01622899867684735,-0.01622899867684735,-0.014809550971489838,0.9851904490285102,-0.0001393965444502765,1.0000701325711818,309.110748114385,13.218189173132046,0.00005588989999999996,0.000008878995188016615
2021-07-16T20:00:00.000Z,0.024770477160592864,0.9812280041266399,0.0006213075509294143,0.0008541169734838814,0.0008219539841083368,171950548.3475,87623651.6626,1369719.678,-0.01959394985746843,-0.01959394985746843,-0.018150688322430678,0.9818493116775693,-0.00019205205449612794,0.999545982762486,307.16074848741795,13.094303241060885,0.00005589139999999992,0.000013541820453484204
2021-07-16T21:00:00.000Z,0.024770477160592864,0.9787582660297679,0.0006328848467881824,0.0008748341088438235,0.0008438674714045247,171592768.1351,89760158.5806,2136506.918,-0.022085601441636626,-0.022085601441636626,-0.02060884912344392,0.979391150876556,-0.0002949679194378385,1.0016940673009804,304.94611833692437,12.960306257434594,0.00005586739999999989,0.000021166753121788742
2021-07-16T22:00:00.000Z,0.024770477160592864,0.9771736257186757,0.0006504663762148915,0.0008863999202232658,0.0008510653258470002,171390022.253,90953434.90589999,1193276.3253,-0.02367743960717128,-0.02367743960717128,-0.02217590790510939,0.9778240920948906,-0.0002785337001103283,0.9993771473334381,304.6588269121978,12.953415139631005,0.00005584339999999986,0.000011835985119457511
2021-07-16T23:00:00.000Z,0.024770477160592864,0.9760084429334556,0.0006679753379030353,0.0008958016811590024,0.000859058369115151,171197197.7381,91923505.48809999,970070.5822,-0.024850615435659584,-0.024850615435659584,-0.023323581728641397,0.9766764182713586,-0.0003112778251430637,0.9995240036873888,303.8824392124262,12.945508870464561,0.00005583989999999998,0.000009632867894618508
2021-07-17T00:00:00.000Z,0.024770477160592864,0.9737750650219416,0.0006802270142113121,0.000909836853975441,0.0008705868130257644,171125133.7839,93374360.36109999,1450854.873,-0.02709552179108421,-0.02709552179108421,-0.025544707963847134,0.9744552920361529,-0.00036269325491911086,0.9992022091094771,302.58232057973754,12.839414677056265,0.00005573549999999982,0.000014413156206584374
2021-07-17T01:00:00.000Z,0.024770477160592864,0.9791130908982941,0.0007024962758901964,0.0009356291157959559,0.0009028898334769719,172066832.9867,96040634.69189999,2666274.3308,-0.021789798935182847,-0.021789798935182847,-0.02018441282581568,0.9798155871741843,-0.00024500898456569775,0.9998421128836377,305.695805536687,12.922996408799392,0.000055734600000000346,0.000026342475674613914
2021-07-17T02:00:00.000Z,0.024770477160592864,0.9673925131440692,0.0006991730324742535,0.0009520010536851502,0.0009066647284682317,170027209.307,97733283.55469999,1692648.8628,-0.03351415158439908,-0.03351415158439908,-0.03190831382345659,0.9680916861765434,-0.0005901934509436879,1.0000107819882074,298.3615441181215,12.543337806500615,0.000055728400000000115,0.000016923779896689354
2021-07-17T03:00:00.000Z,0.024770477160592864,0.964309623546552,0.0007118569405642357,0.0009711691301001389,0.0009251718590989055,169977261.5754,99720769.01149999,1987485.4568,-0.036615548312546875,-0.036615548312546875,-0.034978519512883735,0.9650214804871162,-0.0007036849915691423,0.9999574048321416,296.4655911649857,12.463136071115223,0.00005556659999999989,0.000019877513293513294
2021-07-17T04:00:00.000Z,0.024770477160592864,0.9650913064603575,0.0007291909670265558,0.0009923768125586262,0.0009449444395313034,170122824.5384,101919835.99559999,2199066.9841,-0.03585363797917385,-0.03585363797917385,-0.03417950257261599,0.965820497427384,-0.0006408371859245587,0.9990325367615196,297.20959851693567,12.466216456764137,0.00005556480000000011,0.00002197479311264414
2021-07-17T05:00:00.000Z,0.024770477160592864,0.9699417421940594,0.0007535817458753156,0.0010011661036301853,0.0009584527797830145,170152396.2439,102826815.33879998,906979.3432,-0.03101671058572364,-0.03101671058572364,-0.02930467606006531,0.9706953239399347,-0.0005304601270154086,1.0008055775877118,299.66732278338867,12.585609910892554,0.00005583629999999988,0.000009061670111479703
2021-07-17T06:00:00.000Z,0.024770477160592864,0.9726011634969228,0.0007737730471249976,0.0010130544340534017,0.0009730902813668285,170640643.4772,104053744.99209999,1226929.6533,-0.028371926784444,-0.028371926784444,-0.026625063455952176,0.9733749365440478,-0.0004054471559510331,0.9994331834729164,301.719148766328,12.630905173300595,0.00005586660000000008,0.000012223233387470726
2021-07-17T07:00:00.000Z,0.024770477160592864,0.9739249197455048,0.000794672131749346,0.0010338404288628025,0.000995663954059367,170951311.32950002,106199938.48749998,2146193.4954,-0.027070744208554598,-0.027070744208554598,-0.025280408122745884,0.9747195918772541,-0.0003744364273722267,0.9996601561151639,302.45911205701384,12.685624125035696,0.0000558414000000002,0.00002134250339354019
2021-07-17T08:00:00.000Z,0.024770477160592864,0.9694309734415318,0.0008074156087735185,0.0010459837341926714,0.0010032451552950405,154832302.3878,107340799.35699998,1140860.8695,-0.0315722717137632,-0.0315722717137632,-0.02976161094969464,0.9702383890503053,-0.0005192724491343004,0.9998862161608192,299.5990142051463,12.58352669684537,0.0000614026999999998,0.00001252621996986347
