query_ts,assumedLPToken,equityValue,totalDexYield,totalTradingfee,newTotalTradingFee,liquidity,totalVolume,volume,priceImpact,priceEffect,totalReturn,totalEquityVal,impermanentLoss,tokenPrice,quoteTokenPrice,rewardPrice,rewardTokenPerLP,feePerDollar
2021-07-24T10:00:00.000Z,0.025309484622004576,1,0.000016346770781351385,0.00001477363717786574,-2.569056078982612e-13,204624890.5637,1778267.0909,1778267.0909,2.569056078982612e-13,2.569056078982612e-13,0.000016346770781351385,1.0000163467707814,0,0.999702159679187,303.0071510796513,13.906778439567713,0.000046443200000000016,0.000014773637978264033
2021-07-24T11:00:00.000Z,0.025309484622004576,1.0003543834846675,0.00003211940383125421,0.0000387991868306868,0.000023824785807979865,214348477.3193,4806511.7248,3028244.6339,0.00033055869885956213,0.00033055869885956213,0.0003865028884987962,1.0003865028884988,-2.36833254119162e-8,1.0002502895193741,303.0413519923682,13.938304492313694,0.0000446056,0.000024017039645032602
2021-07-24T12:00:00.000Z,0.025309484622004576,0.9989962511443139,0.00004764601196309046,0.00005477157484534378,0.000039743533065572656,213975883.6615,6818946.7883,2012435.0635,-0.0010434923887516767,-0.0010434923887516767,-0.0009561028437230136,0.999043897156277,-8.382663659878276e-7,0.9999528895929342,302.2992916480482,13.886766128997781,0.00004451449999999999,0.000015988435469494706
2021-07-24T13:00:00.000Z,0.025309484622004576,1.0012799316009582,0.00006371015430470127,0.00007072524396517431,0.000056416693512861826,214470908.91750002,8829078.739500001,2010131.9512,0.0012235149074453222,0.0012235149074453222,0.0013436417552628852,1.0013436417552628,-6.307423204843232e-7,0.9998017433659637,303.71881775999077,13.98157542092861,0.00004447679999999999,0.00001593327661214181
2021-07-24T14:00:00.000Z,0.025309484622004576,1.0000886247416958,0.00007970087834419512,0.00009492910399905432,0.00007968713997619226,211921226.3092,11846053.4052,3016974.6657,0.000008937601719605226,0.000008937601719605226,0.0001683256200399926,1.00016832562004,-2.1341178935152527e-8,0.999504578547468,303.07246665953375,14.035459384800873,0.000044323900000000004,0.000024201714103932326
2021-07-24T15:00:00.000Z,0.025309484622004576,0.9994959317131277,0.00009548842505975635,0.00011329709800689559,0.00009807583434240374,212006242.34489998,14137873.125100002,2291819.7199,-0.0006021441212147316,-0.0006021441212147316,-0.0004085798618125715,0.9995914201381875,-4.07141511615805e-8,0.9988151358863213,302.91112241674523,14.064494781758137,0.000043888200000000004,0.00001837725852190561
2021-07-24T16:00:00.000Z,0.025309484622004576,1.0006467197199718,0.00011055579330579698,0.00013169945470200816,0.00011668452127433504,212555123.93870002,16437277.450100001,2299404.325,0.0005300351986974317,0.0005300351986974317,0.0007572755132775636,1.0007572755132776,-2.2953025302641095e-7,1.0009099639663535,302.9624167927224,14.034166057198671,0.0000429994,0.000018390463989131288
2021-07-24T17:00:00.000Z,0.025309484622004576,1.0064369826230837,0.00012775297712691111,0.00015338780759025557,0.0001391527076359811,213485787.3218,19143478.438500002,2706200.9884,0.006297829915447695,0.006297829915447695,0.0065647356002105865,1.0065647356002105,-0.000028614025990303382,0.9984164392647207,307.23087484452503,14.215471602274096,0.000043828599999999975,0.00002154963914925787
2021-07-24T18:00:00.000Z,0.025309484622004576,1.0028052396474587,0.00014223703691562605,0.00017155471014992962,0.00015698584230472434,212378946.1423,21406698.781200003,2263220.3427,0.0026482538051539883,0.0026482538051539883,0.0029474766843743385,1.0029474766843742,-0.0000034626719555008734,0.9997153005964764,304.6101517761505,14.061777833050623,0.00004457840000000001,0.0000181160828437866
2021-07-24T19:00:00.000Z,0.025309484622004576,1.0009886489033228,0.00015773125412076516,0.0001871720769618968,0.00017278801353404205,212102332.5123,23353291.797500003,1946593.0163,0.0008158608897887998,0.0008158608897887998,0.001146380157443607,1.0011463801574436,-1.5919548990162014e-7,0.9999533831748298,303.42552580594065,14.022366557866334,0.000044781399999999964,0.000015601941235220012
2021-07-24T20:00:00.000Z,0.025309484622004576,0.9923284643986944,0.0001711275260048394,0.00020979071792165296,0.00019398800735925814,210207596.1562,26171743.193500005,2818451.396,-0.007865523608664882,-0.007865523608664882,-0.007500408075300784,0.9924995919246992,-0.00003315138474746515,0.9999482603823718,298.1858716431206,13.810794658351,0.0000451335,0.00002279350252233347
2021-07-24T21:00:00.000Z,0.025309484622004576,0.9924283458728231,0.0001869629110670266,0.0002246958328102331,0.0002080627898058962,209651009.21310002,28023927.557700004,1852184.3642,-0.00777971691698276,-0.00777971691698276,-0.007384691216109837,0.9926153087838901,-0.00003721207804985305,1.0005191906362938,298.067267824615,13.811935201947165,0.00004525879999999995,0.000015018832635045825
2021-07-24T22:00:00.000Z,0.025309484622004576,0.9941585016873056,0.00020502020889223891,0.00023475578348407591,0.00021881376831278665,210037153.7541,29274150.318900004,1250222.7612,-0.006060312081007213,-0.006060312081007213,-0.005636478103802188,0.9943635218961978,-0.00001504045791489439,0.9991084042627889,299.5235406518158,13.968668755576138,0.00004507470000000005,0.00001011906063309293
2021-07-24T23:00:00.000Z,0.025309484622004576,0.9946259343711711,0.00022059571845023686,0.00024259353103672519,0.00022655451055231257,212139402.7265,30257490.697000004,983340.3781,-0.005600620139381229,-0.005600620139381229,-0.00515346991037868,0.9948465300896213,-0.000018930313315457248,1.0002389289163802,299.46180980610313,13.951270806810063,0.00004483400000000006,0.000007880094981342084
2021-07-25T00:00:00.000Z,0.025309484622004576,0.9972815082263791,0.0002378073485663874,0.0002520867821022936,0.00023675149859403444,212497567.01590002,31447368.241600003,1189877.5446,-0.002955243272214969,-0.002955243272214969,-0.002480684425054547,0.9975193155749454,-0.0000056570663969912616,1.000106158985031,301.097198391712,14.031820051486585,0.00004487829999999995,0.00000951912934451925
2021-07-25T01:00:00.000Z,0.025309484622004576,0.9927462035698069,0.0002501689607334198,0.0002717122854464246,0.00025527034146799465,212685939.4076,33920643.5094,2473275.2678,-0.007509066771661077,-0.007509066771661077,-0.007003627469459662,0.9929963725305403,-0.00003364259017557547,1.0003676505572414,298.27507612557497,13.839473699293737,0.00004459829999999996,0.00001976890417378365
2021-07-25T02:00:00.000Z,0.025309484622004576,0.9899838097895252,0.0002622943669707244,0.00030128710664521866,0.00028401636358477145,211466559.3734,37636738.4283,3716094.9189,-0.010300206574059612,-0.010300206574059612,-0.009753895843504116,0.9902461041564958,-0.00007347979542715599,1.0014726380465484,296.2725255243067,13.654855789241585,0.00004474180000000006,0.000029874044297354036
2021-07-25T03:00:00.000Z,0.025309484622004576,0.9931842759328866,0.00028031424912681086,0.00031462950006055544,0.00029854745121948856,212382577.7069,39315054.9987,1678316.5704,-0.007114271518332882,-0.007114271518332882,-0.006535409817986583,0.9934645901820134,-0.000026466866397401034,0.9998380672622564,298.67053316451813,13.781491478879952,0.00004468819999999995,0.00001343395583802308
2021-07-25T04:00:00.000Z,0.025309484622004576,0.9936651619871957,0.0002948669204950494,0.0003298563187462689,0.00031381179113321167,212358232.06710002,41229263.8862,1914208.8875,-0.006648649803937534,-0.006648649803937534,-0.006039971092309273,0.9939600289076908,-0.000029887805930939315,1.0007631210272556,298.6743921072358,13.735372422161202,0.00004456030000000002,0.00001532389433211031
2021-07-25T05:00:00.000Z,0.025309484622004576,0.9968663820267066,0.0003122959322632372,0.000346355014962692,0.0003325947967128817,213174951.2191,43304654.9596,2075391.0734,-0.0034662127700062495,-0.0034662127700062495,-0.0028213220410301305,0.9971786779589699,-0.000011768493159758364,1.0010819832290176,300.49546283886593,13.82388875683835,0.00004438369999999984,0.000016550560019379444
2021-07-25T06:00:00.000Z,0.025309484622004576,0.9950979391299124,0.0003268127509978916,0.00036185933949254347,0.000346295918715267,212844781.3121,45255402.8241,1950747.8645,-0.005248356788802866,-0.005248356788802866,-0.004575248119089707,0.9954247518809103,-0.00001689955635542084,1.000253711071341,299.669585790178,13.776423078785761,0.0000447097000000002,0.000015580703220471553
2021-07-25T07:00:00.000Z,0.025309484622004576,0.9967354663130983,0.0003432521678548462,0.00037579609831379495,0.000362087304001113,213210987.8357,47009051.126,1753648.3019,-0.003626620990902829,-0.003626620990902829,-0.00292128151904687,0.9970787184809531,-0.000003917755020066416,0.9988687452196494,301.06433828219906,13.810651463417496,0.00004470850000000004,0.000013982403737687802
2021-07-25T08:00:00.000Z,0.025309484622004576,1.000374264474604,0.00036187290220650645,0.0003920550858704146,0.0003783757072696181,214284366.5177,49057723.5462,2048672.4202,-0.0000041112326655268205,-0.0000041112326655268205,0.0007361373768105977,1.0007361373768107,-4.800046018438309e-7,1.0006780346259843,302.70916531810514,13.92676965610052,0.00004464010000000004,0.000016252903424255747
2021-07-25T09:00:00.000Z,0.025309484622004576,0.9971068381844218,0.0003757132022324743,0.00040725039171682527,0.0003923731402429853,213931743.3549,50975482.576799996,1917759.0306,-0.003285534955821179,-0.003285534955821179,-0.002517448613345719,0.9974825513866543,-0.000006249229707711024,0.9999464978029379,300.94578635315713,13.866909050759823,0.000043866900000000025,0.00001523939505607421
2021-07-25T10:00:00.000Z,0.025309484622004576,0.998497596515707,0.00039292022654154046,0.0004201064709779956,0.00040595380989050245,214228872.84739998,52598004.7222,1622522.1454,-0.0019083572941834825,-0.0019083572941834825,-0.0011094832577514396,0.9988905167422486,-0.0000010587987763210904,0.9992474155038464,301.9891314778825,13.922305615606174,0.000044573200000000036,0.000012875424355823363
2021-07-25T11:00:00.000Z,0.025309484622004576,0.9961469833679708,0.0004065109928051645,0.00043261149756366487,0.0004175301360536121,213774515.63390002,54176590.7287,1578586.0065,-0.004270546768082806,-0.004270546768082806,-0.003446505639224029,0.996553494360776,-0.000013811882504821682,1.0006785155769042,300.13154226894926,13.85656704390352,0.000044043199999999965,0.000012553396288104789
2021-07-25T12:00:00.000Z,0.025309484622004576,0.9949432245105551,0.000420495781620597,0.00044571122617139433,0.0004299000057083058,213459147.8444,55829807.72629999,1653216.9976,-0.005486675495153248,-0.005486675495153248,-0.004636279707824345,0.9953637202921757,-0.000009930856649575937,0.9986579008090992,300.0046447138944,13.803299787994494,0.00004450349999999998,0.000013166308046768168
2021-07-25T13:00:00.000Z,0.025309484622004576,0.9937960404680213,0.00043441945913784977,0.00045847844889395376,0.00044313682537866494,213220493.89249998,57441118.01309999,1611310.2868,-0.006647096357357385,-0.006647096357357385,-0.005769540072840871,0.9942304599271591,-0.000026450727366400528,1.0003062943083936,298.81172735872366,13.753145026044631,0.0000443902,0.000012846924034145819
2021-07-25T14:00:00.000Z,0.025309484622004576,0.9914970030082952,0.0004474117322120919,0.00047898598271526466,0.00046181789729882183,213428941.79779997,60037845.87359999,2596727.8605,-0.00896481488900358,-0.00896481488900358,-0.008055585259492667,0.9919444147405073,-0.00004003915290884397,0.9996457350144141,297.61549494839807,13.6826407021756,0.00004394820000000004,0.00002068340556658049
2021-07-25T15:00:00.000Z,0.025309484622004576,0.986897125519508,0.0004538419217460681,0.0005072284569626902,0.0004885990621965597,213087367.45900002,63624914.187199995,3587068.3136,-0.013591473542688526,-0.013591473542688526,-0.012649032558745898,0.9873509674412541,-0.00007886925160660585,0.9985782555490895,295.1583261703147,13.451550922388025,0.00004108259999999988,0.0000286174455381233
2021-07-25T16:00:00.000Z,0.025309484622004576,0.9897650740948415,0.00047133860876009097,0.0005302228045669177,0.0005123808520834938,214404336.03539997,66554954.574899994,2930040.3877,-0.010747306757242003,-0.010747306757242003,-0.009763587296398419,0.9902364127036016,-0.0000594723404685471,0.9998031050332462,296.4991890627684,13.542558319448707,0.000042088899999999874,0.00002323212651010744
2021-07-25T17:00:00.000Z,0.025309484622004576,0.9884180791602933,0.0004841014390207303,0.0005446819233103342,0.0005263602329890205,214122858.8378,68397487.432,1842532.8571,-0.012108281072695681,-0.012108281072695681,-0.01109781940068593,0.9889021805993141,-0.0000727264017088558,0.9995807667914447,295.74969620176927,13.493747460836785,0.00004234499999999997,0.00001462854491141812
2021-07-25T18:00:00.000Z,0.025309484622004576,0.9921081853316385,0.0005035786477712213,0.0005575676981898115,0.000542040105885655,218949272.1291,70070295.2937,1672807.8617,-0.008433854774247185,-0.008433854774247185,-0.007388236020590308,0.9926117639794096,-0.000033910447954976775,0.9994680965321854,297.98743599120473,13.62734963863336,0.000042574799999999984,0.000012988275033922987
2021-07-25T19:00:00.000Z,0.025309484622004576,0.9934544806310411,0.0005206245631215868,0.0005657403661524638,0.0005501014668353177,219281748.04659998,71131427.2466,1061131.9529,-0.007095620835794181,-0.007095620835794181,-0.0060248948058372765,0.9939751051941628,-0.000030545854706964803,1.0003974978689507,298.51472859262554,13.682626259083502,0.00004332439999999994,0.000008226513770524322
2021-07-25T20:00:00.000Z,0.025309484622004576,0.9936151541331745,0.0005358677780764883,0.0005776819504605295,0.0005621407871509998,219325576.13590002,72681971.1701,1550543.9235,-0.006946986653976528,-0.006946986653976528,-0.00584897808874904,0.9941510219112509,-0.00002664908409433231,1.0000315270148339,298.7133853802941,13.689088966415861,0.00004328679999999974,0.000012018318685809401
2021-07-25T21:00:00.000Z,0.025309484622004576,0.9935740043279595,0.0005505732990173012,0.0005848307181609017,0.000569358469693082,219579587.2292,73611309.8023,929338.6322,-0.0069953541417335785,-0.0069953541417335785,-0.005875422373023196,0.9941245776269768,-0.00002890680832423609,1.0002858379954866,298.60835092376635,13.681974816367063,0.0000432709000000004,0.000007195002480312094
2021-07-25T22:00:00.000Z,0.025309484622004576,0.9940577185906277,0.0005671218490517041,0.0005998763842104332,0.0005863716922892559,219925136.9855,75569368.71900001,1958058.9167,-0.006528653101661508,-0.006528653101661508,-0.005375159560320548,0.9946248404396795,-0.00001942564231938171,0.9993853766216909,299.15840564283695,13.72263981258262,0.000042935799999999624,0.000015135605706634007
2021-07-25T23:00:00.000Z,0.025309484622004576,0.9940129808268204,0.000580904693351013,0.0006087403807455354,0.0005934602347121842,219817146.14339998,76722424.25930001,1153055.5403,-0.006580479407891748,-0.006580479407891748,-0.005406114479828551,0.9945938855201715,-0.000020152144887708445,0.9994486604112834,299.1082537872599,13.69349636046559,0.000043243900000000204,0.000008917386349976752
2021-07-26T00:00:00.000Z,0.025309484622004576,1.0006556059736675,0.0006046376524909195,0.0006190803707429269,0.0006082641494236096,221367928.8915,78067978.56250001,1345554.3032,0.00004734182424392941,0.00004734182424392941,0.0012602436261584585,1.0012602436261584,-0.000001463998465234262,1.0014616633272029,302.50342712313847,13.894599326097572,0.00004322800000000006,0.000010333214602920884
2021-07-26T01:00:00.000Z,0.025309484622004576,1.0111679602278532,0.000635680465437955,0.0006440586554491679,0.0006407909860102201,224589496.939,81331449.97550002,3263471.413,0.010527169241842937,0.010527169241842937,0.011803640693291113,1.011803640693291,-0.00004271700435942716,1.0009314768650992,309.04032407800906,14.25138646280616,0.00004301929999999989,0.00002470240807212301
2021-07-26T02:00:00.000Z,0.025309484622004576,1.033958019150614,0.0006822156148332306,0.0007401641417625045,0.0007508836317133838,228005518.342,93797868.73140001,12466418.7559,0.03320713551890053,0.03320713551890053,0.03464023476544715,1.034640234765447,-0.0005016426085912018,1.0006887402687379,323.1463753953411,14.928823621363323,0.00004318800000000008,0.00009294911824564438
2021-07-26T03:00:00.000Z,0.025309484622004576,1.0304548573543904,0.000693101455352466,0.0007937652516510705,0.0008032491833502853,227571312.48380002,100761141.35670002,6963272.6253,0.029651608171040067,0.029651608171040067,0.031147958809742818,1.0311479588097427,-0.0004141780129628403,1.0001364820905392,321.1033550808889,14.816711708053246,0.00004269060000000005,0.000052016940684703714
2021-07-26T04:00:00.000Z,0.025309484622004576,1.0313415907438268,0.0007208645292181054,0.0008294546519824578,0.0008406046365430075,229000722.24310002,105422630.04710002,4661488.6904,0.0305009861072838,0.0305009861072838,0.03206245527304492,1.0320624552730449,-0.00044756091973929824,0.9998230414470756,321.7341721371857,15.062427562566505,0.00004267560000000008,0.000034604828736162515
2021-07-26T05:00:00.000Z,0.025309484622004576,1.0322236663604727,0.0007378033102670995,0.0008453918167873663,0.0008556204343266316,235186293.02189997,107558625.58780003,2135995.5407,0.03136804592614606,0.03136804592614606,0.03296146967073979,1.0329614696707399,-0.00045160477532213417,1.0005292745557186,322.0483304076463,15.081465771927896,0.000041989699999999806,0.000015439643069895537
2021-07-26T06:00:00.000Z,0.025309484622004576,1.0313532959805747,0.0007495509972512128,0.0008598042926815729,0.0008691878309960988,234996879.43670002,109490346.08590002,1931720.4981,0.03048410814957858,0.03048410814957858,0.032102846977825894,1.032102846977826,-0.0004147264383298488,1.0009260419227952,321.36910023325333,14.997460478045921,0.00004177620000000034,0.00001397433384920575
2021-07-26T07:00:00.000Z,0.025309484622004576,1.0289562007621296,0.0007603249169834653,0.000899034831589621,0.0009059537852733612,229718968.8339,114642339.91190003,5151993.826,0.028050246976856208,0.028050246976856208,0.029716525679113034,1.029716525679113,-0.00037148827754329705,1.0001043485711443,320.1156276018334,14.90677271655227,0.00004057000000000008,0.00003812654021850855
2021-07-26T08:00:00.000Z,0.025309484622004576,1.0260777068229856,0.0007699104308173084,0.0009327443367436888,0.000938727641933701,229283115.699,119073273.73060003,4430933.8187,0.0251389791810519,0.0251389791810519,0.02684761725380291,1.0268476172538028,-0.00024313012752552599,1.0024798340335759,317.55090711113155,14.782229365349416,0.000042599800000000005,0.00003285277883993292
