query_ts,assumedLPToken,equityValue,totalDexYield,totalTradingfee,newTotalTradingFee,liquidity,totalVolume,volume,priceImpact,priceEffect,totalReturn,totalEquityVal,impermanentLoss,tokenPrice,quoteTokenPrice,rewardPrice,rewardTokenPerLP,feePerDollar
2021-08-08T10:00:00.000Z,0.023262523173535297,1,0.000015732988214474072,0.00000806444682359729,-8.184564137536654e-13,272924865.254,1294698.9439,1294698.9439,8.184564137536654e-13,8.184564137536654e-13,0.000015732988214474072,1.0000157329882144,0,1.000568873561596,354.0139934489532,17.99105602548232,0.00003759220000000001,0.00000806444734370989
2021-08-08T11:00:00.000Z,0.023262523173535297,0.9949076983685207,0.00003114844026958267,0.00001933028906509346,0.000011260833160497974,271536452.7919,3103371.9308,1808672.9869,-0.0051035624646398325,-0.0051035624646398325,-0.005061153191209752,0.9949388468087903,-0.000009239590413545606,0.999750871053842,350.69645664354044,17.855216840751773,0.000037399699999999994,0.00001132350388360719
2021-08-08T12:00:00.000Z,0.023262523173535297,0.9955541284889318,0.000046843718161968715,0.000028769699888394996,0.000020961754909398778,271450180,4617355.5637,1513983.6329,-0.004466833265977632,-0.004466833265977632,-0.004399027792906265,0.9956009722070938,-0.000006734958428511462,0.9997620495874254,351.1415623378713,17.849788819309598,0.0000378217,0.0000094815637106227
2021-08-08T13:00:00.000Z,0.023262523173535297,1.0000516055883868,0.00006292150409709561,0.00004099035937230587,0.00003330787634392429,272659499.41139996,6577300.8919,1959945.3282,0.000018297712042869563,0.000018297712042869563,0.00011452709248388947,1.0001145270924838,-4.6432505618199116e-9,1.000683609405467,353.98635702735004,18.00969941815166,0.00003737460000000003,0.00001222002924942175
2021-08-08T14:00:00.000Z,0.023262523173535297,0.9981792364304415,0.00007851713063672268,0.00005093955210718921,0.00004324589443938098,272154279.2852,8172979.997,1595679.1051,-0.0018640094639978955,-0.0018640094639978955,-0.0017422464389217917,0.9982577535610782,-7.515732188823065e-7,0.9999289945533353,352.9211510549719,17.973880346327615,0.0000375989,0.000009967340898679437
2021-08-08T15:00:00.000Z,0.023262523173535297,0.9894772604024126,0.00009235295512258303,0.00006955726821493557,0.00006128326693610742,269464124.09650004,11155426.1174,2982446.1204,-0.010584022864523535,-0.010584022864523535,-0.010430386642464843,0.9895696133575351,-0.00005013912063278614,0.9999423930711808,346.77699174195556,17.614304520774155,0.000037599699999999985,0.000018815708479486803
2021-08-08T16:00:00.000Z,0.023262523173535297,0.9892382497267048,0.000107914820624404,0.00008073416154657309,0.00007258189672132431,269393446.1815,12945860.1856,1790434.0682,-0.010834332170016503,-0.010834332170016503,-0.010653835452670775,0.9893461645473293,-0.00005626494082766609,1.0002835600255664,346.4833383716546,17.625248723753124,0.000037815099999999996,0.000011298485390358475
2021-08-08T17:00:00.000Z,0.023262523173535297,0.9841457186127608,0.0001212007860464883,0.00010462823430924207,0.00009655653331186453,267909082.6838,16772074.4323,3826214.2467,-0.015950837920551075,-0.015950837920551075,-0.015733080601192724,0.9842669193988073,-0.0001255750241713205,1.0003378907306186,342.88958187031164,17.344069394932294,0.0000371965,0.000024278998510352926
2021-08-08T18:00:00.000Z,0.023262523173535297,0.9834844118994176,0.000135811118390897,0.00012072199224143534,0.00011248050462409065,267695253.7278,19348880.5241,2576806.0918,-0.016628068605206492,-0.016628068605206492,-0.016379776982191504,0.9836202230178085,-0.00013106604942869637,0.9999922233637626,342.53614901659773,17.299828229949238,0.00003707279999999998,0.000016364019514945474
2021-08-08T19:00:00.000Z,0.023262523173535297,0.9809890537631927,0.00015055768911351053,0.00012884866631452182,0.0001206777462335884,267024440.3951,20650100.585399996,1301220.0613,-0.019131623983040913,-0.019131623983040913,-0.018860388547693813,0.9811396114523062,-0.00017657295564421638,1.0000452707449101,340.77617401168584,17.266704683828586,0.00003736080000000002,0.00000828416343064675
2021-08-08T20:00:00.000Z,0.023262523173535297,0.9786194145836558,0.00016537595175400034,0.00014562205747124847,0.00013647904929303678,266393710.2134,23335952.773399998,2685852.188,-0.02151706446563728,-0.02151706446563728,-0.021215209464590244,0.9787847905354098,-0.00022571745190558268,1.0000657783389095,339.11372194307717,17.22029159182981,0.000038001599999999965,0.000017139851822861565
2021-08-08T21:00:00.000Z,0.023262523173535297,0.9805210877421006,0.00018109946510739823,0.0001564862908601721,0.00014834951127984386,266970210.1034,25075979.8441,1740027.0707,-0.019627261769179283,-0.019627261769179283,-0.01929781279279204,0.9807021872072079,-0.00018606298548506928,1.0000383406471776,340.4342282861197,17.278179456880824,0.000037736500000000034,0.000011080060277303306
2021-08-08T22:00:00.000Z,0.023262523173535297,0.9838708898950271,0.00019784337649745751,0.00016129418682342606,0.00015294631941309422,267882724.0264,25846018.979999997,770039.1359,-0.01628205642438596,-0.01628205642438596,-0.015931266728475408,0.9840687332715246,-0.0001343913841148625,1.0005483101732096,342.58673356212086,17.476719961752423,0.000036066499999999964,0.000004886715019744948
2021-08-08T23:00:00.000Z,0.023262523173535297,0.9868018987368301,0.0002141644452770931,0.00016669744286851263,0.0001589860553362632,268674121.1924,26711390.455499995,865371.4755,-0.013357087318506156,-0.013357087318506156,-0.0129839368178928,0.9870160631821072,-0.0000942043038736351,1.0008487164782591,344.5236043957627,17.589279102720695,0.00003677399999999997,0.000005475523663466305
2021-08-09T00:00:00.000Z,0.023262523173535297,0.9828284744020693,0.00022724232479828923,0.0001734892924256308,0.00016498449320367925,267579082.42249998,27799101.596899994,1087711.1414,-0.01733651009113435,-0.01733651009113435,-0.016944283273132382,0.9830557167268676,-0.00014799139418031348,1.0002854166839166,341.9425304913761,17.410171525037477,0.00003767530000000003,0.000006910513795171432
2021-08-09T01:00:00.000Z,0.023262523173535297,0.9747959599393511,0.00023839706560140124,0.0001861963829003619,0.00017647691723354786,265393237.55330002,29834143.306399994,2035041.7095,-0.02538051697788246,-0.02538051697788246,-0.024965642995047513,0.9750343570049524,-0.00030586093526718816,0.9995967995404,336.59893557934384,17.094440826161787,0.00003841410000000001,0.000013035640764792284
2021-08-09T02:00:00.000Z,0.023262523173535297,0.9746556305083435,0.0002533375656444564,0.00020075624494827703,0.0001913226304445237,265091751.71170002,32163593.124999993,2329449.8186,-0.02553569212210105,-0.02553569212210105,-0.02509103192601207,0.974908968073988,-0.0003261828176143178,1.0002462767548528,336.27327022888267,17.083734706526947,0.00003797029999999999,0.000014938468156967628
2021-08-09T03:00:00.000Z,0.023262523173535297,0.9786781271636538,0.0002734301803545227,0.00021215881266972565,0.0002042488734734782,264297276.0656,33974960.52949999,1811367.4045,-0.021526121709819712,-0.021526121709819712,-0.021048442655991713,0.9789515573440083,-0.00019621055088592243,0.998619718283904,339.5984915304584,17.389290721973982,0.000038469100000000075,0.000011650988740745457
2021-08-09T04:00:00.000Z,0.023262523173535297,0.9793334744256541,0.0002887879850122773,0.00022209602985767926,0.0002142330644678836,264479390.3611,35553578.79129999,1578618.2618,-0.02088075863881378,-0.02088075863881378,-0.020377737589333617,0.9796222624106664,-0.0002204599011701447,1.000466995664891,339.41874380615195,17.388083042477824,0.000038015199999999974,0.000010146919355024024
2021-08-09T05:00:00.000Z,0.023262523173535297,0.982156061208726,0.0003103723877839057,0.00023075670445522352,0.00022350445000862695,264952332.8807,36927905.50819999,1374326.7169,-0.01806744324128262,-0.01806744324128262,-0.01753356640349009,0.9824664335965099,-0.00017121688991106332,1.0008427008811842,341.2439108776276,17.758041474860736,0.00003737620000000004,0.000008818021692158453
2021-08-09T06:00:00.000Z,0.023262523173535297,0.9809578249424334,0.00032537498015327193,0.00023809943149736187,0.00022950831959167584,264636542.0531,38093125.60709999,1165220.0989,-0.019271683377158233,-0.019271683377158233,-0.018716800077413286,0.9812831999225867,-0.00017683523462030948,0.9999164265153528,340.7227594413245,17.73130595863306,0.00003750499999999996,0.0000074852631944251015
2021-08-09T07:00:00.000Z,0.023262523173535297,0.9812660164312695,0.00034043338190304896,0.00024969097930456767,0.00024180823454489353,264719458.6442,39932590.827499986,1839465.2204,-0.018975791803275355,-0.018975791803275355,-0.018393550186827413,0.9816064498131726,-0.00016620760420371639,0.9996441526179299,341.0212455717172,17.711981882982492,0.000037407900000000005,0.00001181284855558356
2021-08-09T08:00:00.000Z,0.023262523173535297,0.9848380678024214,0.00036216739537074194,0.00025957398550851765,0.00025212042243027977,265641235.91180003,41500680.022499986,1568089.195,-0.015414052620008833,-0.015414052620008833,-0.014799764802207812,0.9852002351977922,-0.00010492757190316837,0.9995217532901021,343.54405146989143,18.027154234831954,0.00003738160000000006,0.000010035157464728483
2021-08-09T09:00:00.000Z,0.023262523173535297,0.9873891212484238,0.0003804817186492539,0.0002685236969564931,0.0002618059551522389,265333847.6027,42915380.161599986,1414700.1391,-0.012872684706728421,-0.012872684706728421,-0.012230397032926929,0.9877696029670731,-0.00008317741989083416,1.000510895458888,344.9784244792474,18.1318584862732,0.00003843309999999997,0.000009064015986649143
2021-08-09T10:00:00.000Z,0.023262523173535297,0.9938404722268196,0.00040163606677972577,0.00028154853256150386,0.0002767410845511131,267099642.2368,44974491.99019998,2059111.8286,-0.00643626885773152,-0.00643626885773152,-0.00575789170640068,0.9942421082935993,-0.000017822649429621862,1.0000820569767281,349.64171480452796,18.36236315563006,0.000038200199999999946,0.000013105558956595696
2021-08-09T11:00:00.000Z,0.023262523173535297,1.0001108528923737,0.0004196449437614768,0.00029626324624742827,0.0002940478984501116,268781618.4177,47300730.738599986,2326238.7484,-0.000183195006076442,-0.000183195006076442,0.0005304978361351464,1.0005304978361351,-2.7587403472750793e-9,1.0004598854861215,353.92284957721404,18.449592576186138,0.00003751520000000006,0.00001471308155505763
2021-08-09T12:00:00.000Z,0.023262523173535297,1.0040651396797051,0.0004236551399876919,0.000309449954119942,0.0003073636428669868,269747611.1723,49384661.13929999,2083930.4007,0.003757776036838134,0.003757776036838134,0.004488794819692813,1.0044887948196928,-0.000006584707891832409,1.000690704548249,356.636178405963,18.62589992272784,0,0.000013133319942274222
2021-08-09T13:00:00.000Z,0.023262523173535297,1.0013999033088106,0.0004192989491483204,0.00032713148394008336,0.00032430569557861944,268869263.1144,52177233.93999999,2792572.8007,0.001075597613231949,0.001075597613231949,0.0018192022579588889,1.0018192022579588,-0.0000019556168014966957,0.9996661016323725,355.0963449753137,18.434381003304853,0,0.00001765681099505249
2021-08-09T14:00:00.000Z,0.023262523173535297,0.997274002590863,0.00041317997834499964,0.0003440489026827866,0.0003398956248265028,267489611.56999996,54846412.34269999,2669178.4027,-0.0030658930339635404,-0.0030658930339635404,-0.002312817430792038,0.997687182569208,-0.0000028342543860748748,0.9998789824670744,352.08934820395996,18.165361871810173,0,0.000016963661721130222
2021-08-09T15:00:00.000Z,0.023262523173535297,0.9981758358450165,0.00041466644095981874,0.00035818534493640167,0.0003543101667838888,267710438.357,57076641.19419999,2230228.8515,-0.002178474321767432,-0.002178474321767432,-0.0014094977140237243,0.9985905022859762,-9.84462106279338e-7,0.9997910671688537,352.74746596325366,18.230713855745268,0,0.000014162275743966574
2021-08-09T16:00:00.000Z,0.023262523173535297,1.0026266599333107,0.0004205920664523566,0.00036894905863644014,0.00036673667626474504,268329747.7464,58771145.89449999,1694504.7003,0.002259923257045937,0.002259923257045937,0.003047251999763039,1.003047251999763,-0.000006557878074353596,0.999204823520468,356.10135430107914,18.49123260551609,0,0.000010735514845832623
2021-08-09T17:00:00.000Z,0.023262523173535297,1.0017093680532427,0.00041794278181444703,0.00038215105696543585,0.000380027034539987,268279755.68440002,60851019.283899985,2079873.3894,0.0013293410187027455,0.0013293410187027455,0.0021273108350571795,1.0021273108350572,-0.0000013720839558972742,1.000240645022899,355.07230829198875,18.374757421162236,0,0.000013179469143916473
2021-08-09T18:00:00.000Z,0.023262523173535297,1.0010076546395599,0.00041796061794530315,0.00039156078480916796,0.0003897709171556407,268187273.90899998,62333977.521499984,1482958.2376,0.0006178837224042333,0.0006178837224042333,0.0014256152575051772,1.0014256152575052,-4.043149880450514e-7,1.0002872072554352,354.5514159813688,18.37554158251655,0,0.00000940025590019392
2021-08-09T19:00:00.000Z,0.023262523173535297,1.003174192990963,0.00043666443896575157,0.0003987693475751553,0.0003977825797367718,268930434.9489,63470723.27529998,1136745.7538,0.0027764104112262267,0.0027764104112262267,0.00361085742992875,1.0036108574299287,-0.0000031508369802146774,1.0008313036439571,355.8891557033672,18.45759416243776,0.000039214399999999975,0.000007185753378293506
2021-08-09T20:00:00.000Z,0.023262523173535297,0.9999257487151777,0.00045087179452893444,0.00040723647100113875,0.00040467997018633906,268090708.8133,64806091.42449998,1335368.1492,-0.0004789312550086411,-0.0004789312550086411,0.0003766205097066324,1.0003766205097067,-1.508620971479857e-7,1.0006391643167027,353.6501337163068,18.35062180695514,0.000039210100000000053,0.000008467752812802361
2021-08-09T21:00:00.000Z,0.023262523173535297,0.9943929346108061,0.0004616787194781758,0.00041957825611696194,0.000414939583230578,266692998.03059998,66753166.28349998,1947074.859,-0.006022004972424444,-0.006022004972424444,-0.00514538666971569,0.9948546133302844,-0.000014608912148550424,0.9999338879820929,349.9851927450502,18.11806642754041,0.00003919779999999997,0.000012411376694337554
2021-08-09T22:00:00.000Z,0.023262523173535297,0.9978413324186314,0.000480442036094181,0.0004323483903557456,0.00042879832999265233,267554227.2528,68767339.82659999,2014173.5431,-0.0025874659113612752,-0.0025874659113612752,-0.001678225545274442,0.9983217744547256,-0.000002490722890380326,1.0002098322265394,352.31078750178125,18.203402749673984,0.00003917469999999998,0.000012797760881702408
2021-08-09T23:00:00.000Z,0.023262523173535297,1.0001242459830257,0.0004997617781002229,0.0004405806600002737,0.0004377579771672746,268559507.0583,70067680.87679999,1300341.0502,-0.0003135119941415354,-0.0003135119941415354,0.000624007761125962,1.000624007761126,-1.2302512342188265e-9,1.0002055683362374,353.92056106259224,18.303801923372422,0.00003915029999999999,0.000008231247553117224
2021-08-10T00:00:00.000Z,0.023262523173535297,1.0005744544035204,0.0005174404566188348,0.00044909555534384637,0.0004464031384836531,268676356.5222,71412644.08349998,1344963.2067,0.0001280512650367882,0.0001280512650367882,0.0010918948601392761,1.0010918948601393,-1.6084188425580237e-7,1.0001295915115342,354.26019479936315,18.35040359303915,0.00003843330000000015,0.000008510006168708327
2021-08-10T01:00:00.000Z,0.023262523173535297,0.9969362598464948,0.0005299748744271605,0.00046159893822939914,0.0004582890334328127,267658270.2357,73387301.94499998,1974657.8615,-0.0035220291869380027,-0.0035220291869380027,-0.0025337652790780297,0.997466234720922,-0.000004494708152780191,1.0000387075762742,351.7110488669929,18.207226096682138,0.00003912610000000003,0.000012541806989912534
2021-08-10T02:00:00.000Z,0.023262523173535297,0.9974595194359152,0.0005461702415682527,0.00046675620704943947,0.00046264125369854803,267798403.21629998,74201787.67309998,814485.7281,-0.003003121817783394,-0.003003121817783394,-0.0019943103225165933,0.9980056896774834,-0.00000315954954155373,1.0000748595169913,352.0647179439583,18.19459886851581,0.00003913249999999979,0.000005170403262829173
2021-08-10T03:00:00.000Z,0.023262523173535297,0.9980483301497535,0.0005624280367873715,0.0004737909499160218,0.0004699622205558418,267904169.0091,75312565.60509998,1110777.932,-0.002421632070802371,-0.002421632070802371,-0.0013892418134591575,0.9986107581865409,-0.0000021313083242713304,1.0002087770057215,352.4283222845682,18.187413212222868,0.00003893660000000011,0.000007048499810153602
2021-08-10T04:00:00.000Z,0.023262523173535297,0.9971441977487746,0.0005757957419316934,0.0004834498496242226,0.00048045368337212846,267812897.37420002,76838557.48689997,1525991.8818,-0.0033362559345975207,-0.0033362559345975207,-0.0022800065092936986,0.9977199934907063,-0.000006544805958519362,1.0008452018866323,351.55868087539716,18.08928297809283,0.00003897859999999998,0.000009686561866493265
2021-08-10T05:00:00.000Z,0.023262523173535297,0.9953682401088171,0.0005907101338177461,0.000492328487085146,0.00048782236791988787,268595871.0398,78247888.45259997,1409330.9657,-0.005119582259102806,-0.005119582259102806,-0.004041049757365172,0.9959589502426348,-0.000011740181349750856,1.0002816969666788,350.4990625776738,18.049932428249786,0.000038503100000000136,0.000008919953357492179
2021-08-10T06:00:00.000Z,0.023262523173535297,0.9993204727362596,0.0006134623339493006,0.0005111574757546066,0.0005083140967996336,269666744.276,81236714.87599997,2988826.4234,-0.001187841360540065,-0.001187841360540065,-0.00006606492979113093,0.9999339350702089,-5.894876025092088e-7,1.0004660795048441,353.2097552440002,18.24251898496702,0.000038762500000000136,0.00001884179279659217
2021-08-10T07:00:00.000Z,0.023262523173535297,0.9985355826914734,0.0006284451802476551,0.0005207097470353369,0.0005173112284654335,269541965.6922,82753487.84939997,1516772.9734,-0.001981728536992078,-0.001981728536992078,-0.0008359721282789892,0.999164027871721,-0.0000012212956044255208,1.0001479079279143,352.7606801760013,18.204571264848678,0.00003839330000000003,0.0000095662805164985
2021-08-10T08:00:00.000Z,0.023262523173535297,1.001094417967905,0.0006454257362582369,0.0005401804370590441,0.0005385412146590163,272507934.4625,85871203.76549996,3117715.9161,0.0005558767532460873,0.0005558767532460873,0.0017398437041633405,1.0017398437041634,-5.533343506725075e-7,1.0000724532838274,354.5836015492588,18.246921823245863,0.00003655990000000002,0.000019449404538712075
