query_ts,assumedLPToken,equityValue,totalDexYield,totalTradingfee,newTotalTradingFee,liquidity,totalVolume,volume,priceImpact,priceEffect,totalReturn,totalEquityVal,impermanentLoss,tokenPrice,quoteTokenPrice,rewardPrice,rewardTokenPerLP,feePerDollar
2022-03-18T10:00:00.000Z,0.019566935667077054,1,0.000004170928376586447,0.000028433808009533455,3.5016434196677437e-13,247144259.79619998,4133677.7816,4133677.7816,-3.5016434196677437e-13,-3.5016434196677437e-13,0.000004170928376586447,1.0000041709283767,-2.220446049250313e-16,0.9996774011839742,386.6915103259918,6.099476449419895,0.0000349476,0.000028433807180125525
2022-03-18T11:00:00.000Z,0.019566935667077054,0.9993297227298542,0.00000848922494822306,0.00004175173361374591,0.00000976440891597985,246952539.2002,6069619.8047,1935942.0231,-0.0006800416790617714,-0.0006800416790617714,-0.0006617880451975685,0.9993382119548024,-2.3255867587224088e-7,0.9996791228098908,386.16509142004173,6.157168137843774,0.00003551590000000002,0.000013326858067257866
2022-03-18T12:00:00.000Z,0.019566935667077054,0.9986152918221273,0.00001270902495656939,0.0000565272256928153,0.000026392274441344732,246773937.80120003,8217421.1703,2147801.3656,-0.0014111004523140736,-0.0014111004523140736,-0.0013719991529161594,0.9986280008470838,-0.0000015834100193234946,1.0000448104592925,385.4592921570689,6.154530928686379,0.00003507099999999998,0.000014795980297001382
2022-03-18T13:00:00.000Z,0.019566935667077054,0.9997518767390319,0.000016943976536122152,0.00007272913564185322,0.000042309855721622824,247057550.6433,10572596.102,2355174.9317,-0.0002904331166897478,-0.0002904331166897478,-0.00023117928443200283,0.999768820715568,-3.29107629037928e-7,1.000198198251781,386.26569594443686,6.139273347900517,0.000035516299999999964,0.000016205930049353783
2022-03-18T14:00:00.000Z,0.019566935667077054,1.0014202501292162,0.000021387020625000975,0.00008546368675600675,0.000056955996153407185,247470923.0914,12423749.9829,1851153.8809,0.001363294133062798,0.001363294133062798,0.001441637149841206,1.0014416371498411,-5.574937862462548e-7,0.9999837849963049,387.6277763535033,6.191426832858475,0.00003548660000000001,0.000012716490318208869
2022-03-18T15:00:00.000Z,0.019566935667077054,1.002983867421085,0.00002594242111083247,0.00010076518111306564,0.00006931494761452939,247871205.08749998,14648171.424999999,2224421.4421,0.0029145524734703887,0.0029145524734703887,0.0030098098421957506,1.0030098098421958,-0.000003749269648190001,0.9998493235254184,388.8819814420772,6.248875456443423,0.00003563349999999999,0.000015255973158459865
2022-03-18T16:00:00.000Z,0.019566935667077054,1.0086522397057374,0.000030566845551304435,0.00011953318118661384,0.00008878007860624315,249281043.52839997,17376626.8149,2728455.3899,0.00856345962713112,0.00856345962713112,0.008682806551288669,1.0086828065512887,-0.00003158344770559651,1.000256518237333,393.11496873815037,6.30406299918485,0.000035632500000000015,0.00001860700716419121
2022-03-18T17:00:00.000Z,0.019566935667077054,1.0111362646912838,0.00003532995256887835,0.00014072435448656,0.00011166800206008354,250135220.385,20460320.4528,3083693.6379,0.011024596689223731,0.011024596689223731,0.011171594643852693,1.0111715946438526,-0.000038691166493798335,1.0018464558807987,394.4089746616496,6.3718126146330105,0.000035568799999999984,0.00002095778106082484
2022-03-18T18:00:00.000Z,0.019566935667077054,1.0129975954275918,0.00003997554444058611,0.00015429200310722354,0.00012446069135974014,250590887.48569998,22434617.754699998,1974297.3019,0.012873134736232084,0.012873134736232084,0.01303757097203241,1.0130375709720325,-0.00008103755760524578,0.9997370615436397,396.6877815690873,6.408582449428981,0.00003542140000000002,0.000013393565292439168
2022-03-18T19:00:00.000Z,0.019566935667077054,1.0124423449500768,0.00004439235723783435,0.00016258929760595985,0.00013661032263834194,250453532.06620002,23641999.0257,1207381.271,0.012305734627438447,0.012305734627438447,0.012486737307314623,1.0124867373073145,-0.00006555146612174934,1.0004577568078177,395.9580258827178,6.411433524220215,0.00003506540000000001,0.000008195325271585584
2022-03-18T20:00:00.000Z,0.019566935667077054,1.0153022607763187,0.00004914409799003441,0.00017221715155683168,0.00014222553810205874,251195110.22329998,25043187.0162,1401187.9905,0.01516003523821663,0.01516003523821663,0.015351404874308722,1.0153514048743086,-0.00010227195165446457,1.0004212139765891,398.20860795455854,6.45588606784603,0.00003517959999999999,0.000009482746625650884
2022-03-18T21:00:00.000Z,0.019566935667077054,1.014504126757963,0.00005350668775715832,0.00017909078516683497,0.00014870633005559242,251013272.5547,26043602.2546,1000415.2384,0.014355420427907495,0.014355420427907495,0.014557633445720246,1.0145576334457203,-0.00009727882070831306,0.9999817488245224,397.75234333757635,6.440261796278256,0.000035563100000000005,0.000006775362465781119
2022-03-18T22:00:00.000Z,0.019566935667077054,1.0124408949462225,0.00005757067198097997,0.0001848292547442742,0.00015684953620143105,250502778.25959998,26878801.508,835199.2534,0.012284045410021038,0.012284045410021038,0.012498465618203449,1.0124984656182034,-0.00008156034480089058,0.9991146449765673,396.4733231829818,6.402543170810652,0.000034941099999999976,0.000005667956022861347
2022-03-18T23:00:00.000Z,0.019566935667077054,1.0128332383943168,0.00006183782364184463,0.00019213529806558422,0.00016265038583007652,250235900.24530002,27940606.9899,1061805.4819,0.01267058800848675,0.01267058800848675,0.01289507621795867,1.0128950762179587,-0.00007435734865013366,1.0000730981960675,396.39590558612844,6.383586818209001,0.00003552720000000004,0.000007213470638947231
2022-03-19T00:00:00.000Z,0.019566935667077054,1.0134020072509085,0.00006641064878197783,0.00020389271163300812,0.00017340602851700915,250369569.5792,29649294.554,1708687.5641,0.013228601222391445,0.013228601222391445,0.013468417899690431,1.0134684178996904,-0.00008519748395174886,0.999765238287444,396.95507668781437,6.395880689106151,0.000035587800000000086,0.000011601924562366304
2022-03-19T01:00:00.000Z,0.019566935667077054,1.015960033498809,0.00007093115549459176,0.00021899224782027284,0.00018991661476941424,251002853.60140002,31843699.2707,2194404.7167,0.01577011688403962,0.01577011688403962,0.016030964654303627,1.0160309646543035,-0.0001173830131507847,1.0000015838960552,398.854676299991,6.403250661966488,0.000035468999999999914,0.000014862333096475969
2022-03-19T02:00:00.000Z,0.019566935667077054,1.0167177345911016,0.0000751210102694948,0.00023995034760932704,0.00021020499891744038,251193077.4424,34889561.4266,3045862.1559,0.016507529592184156,0.016507529592184156,0.01679285560137109,1.016792855601371,-0.00013242807694779923,0.999774836050742,399.52458610828,6.379772363578306,0.00003564720000000004,0.00002061348870658005
2022-03-19T03:00:00.000Z,0.019566935667077054,1.0152067787832806,0.00007915103056816557,0.00025976911560852007,0.00023042388505523093,250822336.6184,37769872.6236,2880311.197,0.014976354898225352,0.014976354898225352,0.015285929813848749,1.0152859298138488,-0.00010970249461428327,0.9997296995367624,398.33986117972773,6.347287977418149,0.00003552839999999987,0.00001952190184062258
2022-03-19T04:00:00.000Z,0.019566935667077054,1.0148975573665266,0.00008284775098877751,0.00028514410283296207,0.00025500026983271695,250706767.00999996,41457107.2309,3687234.6073,0.014642557096693931,0.014642557096693931,0.014980405117515425,1.0149804051175155,-0.0000960465601871352,1.0003534806333187,397.829672493796,6.292038512387395,0.000035622400000000095,0.000025002511528378394
2022-03-19T05:00:00.000Z,0.019566935667077054,1.0150843665212232,0.00008689394966637569,0.0003021572951119348,0.0002776339737122768,250759400.0848,43929354.9806,2472247.7497,0.01480673254751097,0.01480673254751097,0.015171260470889623,1.0151712604708896,-0.00010257879810615655,1.0000515978087618,398.07855613518086,6.26755980100284,0.00003562150000000003,0.000016760373382089447
2022-03-19T06:00:00.000Z,0.019566935667077054,1.0147544449145025,0.00009191981952651319,0.00031926020374763457,0.0002891017351507319,250679618.44050002,46414656.7094,2485301.7288,0.014465343179351775,0.014465343179351775,0.01484636473402902,1.0148463647340291,-0.0001011200447570415,0.9998173706007072,397.9039624818481,6.314214982634962,0.00003544349999999998,0.000016854233963032882
2022-03-19T07:00:00.000Z,0.019566935667077054,1.0147519946606371,0.0000966436639692355,0.00034172730170194663,0.0003146360983883323,250683985.8774,49679518.078999996,3264861.3696,0.014437358562248814,0.014437358562248814,0.014848638324606383,1.0148486383246065,-0.00010418750333784921,0.9995757444586137,397.9781894594783,6.3356205158712475,0.000035591500000000034,0.000022140482204692654
2022-03-19T08:00:00.000Z,0.019566935667077054,1.0130577048387248,0.00010065830968004746,0.0003671976014267165,0.00033995659043761783,250269889.7928,53380862.8468,3701344.7678,0.012717748248287197,0.012717748248287197,0.013158363148404862,1.013158363148405,-0.00006741736827753364,1.0007029907434488,396.18329223132355,6.310696523726348,0.00003559120000000001,0.000025142002142045226
2022-03-19T09:00:00.000Z,0.019566935667077054,1.0130797150702548,0.00010483593964933487,0.000400867791444472,0.0003703506339645113,250282167.5713,58273949.8591,4893087.0123,0.012709364436290338,0.012709364436290338,0.013184551009904184,1.0131845510099042,-0.00008081669774540057,0.9995927699400016,396.6167554706415,6.297428754056181,0.00003562090000000008,0.00003323547978519208
2022-03-19T10:00:00.000Z,0.019566935667077054,1.015356697411904,0.00011051921309213708,0.0004217525524019524,0.00039557633912457035,250602686.1751,61306078.8909,3032129.0318,0.01496112107277936,0.01496112107277936,0.015467216624996068,1.015467216624996,-0.00012827805478243803,0.9985105416995855,398.8142528502201,6.37183102270072,0.00003564940000000005,0.000020568891071097246
2022-03-19T11:00:00.000Z,0.019566935667077054,1.0156461514923492,0.00011523251653753895,0.0004403115228151564,0.0004107263256811766,250676891.43490002,64000570.4507,2694491.5598,0.015235425166667982,0.015235425166667982,0.015761384008886697,1.0157613840088866,-0.00010521496881232828,1.0002910836626344,398.3195669709673,6.387954575044907,0.00003547120000000002,0.000018273067076266887
2022-03-19T12:00:00.000Z,0.019566935667077054,1.0194101703152503,0.00012084988489425826,0.0004598887409069265,0.00043415422793824376,251612172.66360003,66842967.6305,2842397.1798,0.01897601608731203,0.01897601608731203,0.019531020200144533,1.0195310202001446,-0.0001665903432928051,1.0002210859794527,401.2882376802975,6.457560192808961,0.0000345199,0.000019204457218849974
2022-03-19T13:00:00.000Z,0.019566935667077054,1.0225951344678734,0.00012695176642379955,0.0004859943125052251,0.0004598678948664059,252403340.341,70633285.82100001,3790318.1905,0.022135266573007017,0.022135266573007017,0.022722086234297223,1.0227220862342972,-0.00023370409670875336,0.9999494574502328,403.890100609296,6.540443405455494,0.00003555939999999997,0.000025528746628886518
2022-03-19T14:00:00.000Z,0.019566935667077054,1.0213900218199266,0.00013009114433040913,0.0005193893581437109,0.0004942605660605004,253769981.0896,75513981.8163,4880695.9953,0.020895761253866052,0.020895761253866052,0.02152011296425696,1.021520112964257,-0.0002413837847323741,0.9983849114423065,403.5425223794812,6.473022454865972,0.000035118700000000054,0.000032695684321623786
2022-03-19T15:00:00.000Z,0.019566935667077054,1.0229373082479132,0.00013444031043063285,0.00054654009956736,0.0005230137388532174,254157640.8466,79482121.17580001,3968139.3595,0.022414294509059962,0.022414294509059962,0.02307174855834381,1.0230717485583438,-0.0002594391560748477,0.9990632106755897,404.4691204265485,6.470602856091556,0.00003473499999999975,0.00002654194022528535
2022-03-19T16:00:00.000Z,0.019566935667077054,1.0232108436595866,0.00013872723776827805,0.0005660274095464334,0.0005423499043126778,254228908.7526,82330270.59200001,2848149.4162,0.02266849375527391,0.02266849375527391,0.023349570897354868,1.0233495708973548,-0.00024368150827958068,1.0000141889362617,404.2854417114971,6.464740818560409,0.000034852900000000115,0.00001904525347371803
2022-03-19T17:00:00.000Z,0.019566935667077054,1.024625813289225,0.00014422465336541936,0.0005985880858275909,0.0005780505317962703,254576662.20679998,87089074.1727,4758803.5807,0.024047762757428703,0.024047762757428703,0.024770037942590393,1.0247700379425904,-0.00026452270337806727,1.0004370908489912,405.2053338113288,6.511697247623562,0.00003523770000000004,0.000031778113583005055
2022-03-19T18:00:00.000Z,0.019566935667077054,1.021115409794362,0.0001479151396570103,0.0006214744836463127,0.0005957045898921098,253707159.46780002,90433999.4061,3344925.2334,0.020519705204469885,0.020519705204469885,0.021263324934019005,1.021263324934019,-0.00019671018330558177,1.00015292024007,402.53244797193605,6.4811236191015755,0.00003444090000000008,0.00002241313531990295
2022-03-19T19:00:00.000Z,0.019566935667077054,1.0193371707078134,0.00015145230238729717,0.0006405599318140429,0.000614810943870836,253256690.0471,93223307.5775,2789308.1714,0.018722359763942542,0.018722359763942542,0.019488623010200674,1.0194886230102007,-0.00016578008291445734,1.0000165514122354,401.1705102184691,6.4443502868969995,0.000034707000000000215,0.000018723390448237036
2022-03-19T20:00:00.000Z,0.019566935667077054,1.0171834438496608,0.00015603795109882867,0.0006560756860733498,0.0006267566928657153,252714712.24179998,95490848.9059,2267541.3284,0.016556687156795036,0.016556687156795036,0.01733948180075958,1.0173394818007595,-0.00012651583016365375,1.000190679321259,399.3971044759705,6.449915807218252,0.000035298499999999974,0.000015253644016544906
2022-03-19T21:00:00.000Z,0.019566935667077054,1.0178161943924302,0.00016151645090868187,0.0006690110135143833,0.0006421709926038854,252872881.2298,97381282.3485,1890433.4426,0.01717402339982632,0.01717402339982632,0.01797771084333889,1.017977710843339,-0.00015066729194002093,0.9993456988574236,400.22045884916287,6.49060273315464,0.000035386999999999775,0.000012708902737180006
2022-03-19T22:00:00.000Z,0.019566935667077054,1.0196849786108764,0.0001665805127495435,0.0006757866265601623,0.0006485104798683583,253338370.50829998,98371508.939,990226.5905,0.01903646813100801,0.01903646813100801,0.019851559123625913,1.019851559123626,-0.00016832367382513258,1.0001856690201103,401.35006441629184,6.513177216689017,0.000035327999999999964,0.000006644809471508179
2022-03-19T23:00:00.000Z,0.019566935667077054,1.01621109588179,0.0001689432062097802,0.0006874750412423434,0.0006629355401266412,252475437.40440002,100079721.4957,1708212.5567,0.015548160341663397,0.015548160341663397,0.016380039087999818,1.0163800390879998,-0.00011145314872029743,1.0001751504560583,398.6112019256119,6.431580248717387,0.00003535749999999996,0.0000115019558981439
2022-03-20T00:00:00.000Z,0.019566935667077054,1.0172245463171286,0.0001738575100029864,0.0006966923906663878,0.0006708682782061715,252729383.47939998,101426809.8268,1347088.3311,0.01655367803892238,0.01655367803892238,0.01739840382713154,1.0173984038271315,-0.0001391661449110515,0.9994114206221655,399.7061550801175,6.448540743830103,0.00003541649999999994,0.000009061273886487608
2022-03-20T01:00:00.000Z,0.019566935667077054,1.014634352034818,0.0001760990728059544,0.0007257847806399101,0.0006979473387318524,252090760.1509,105678658.99790001,4251849.1711,0.013936404696086147,0.013936404696086147,0.014810451107623954,1.014810451107624,-0.00008379310347472746,1.0005717373141767,397.1894581039732,6.369865099207348,0.00003500290000000002,0.000028672782717396213
2022-03-20T02:00:00.000Z,0.019566935667077054,1.0112921316292163,0.00017938008201790257,0.0007583897134161592,0.0007280401121148028,251267784.7888,110444006.4325,4765347.4346,0.01056409151710147,0.01056409151710147,0.011471511711234176,1.0114715117112343,-0.000049857062745406466,1.0002001470722828,394.6983605907713,6.331556598450197,0.00003503189999999992,0.00003224086464418537
2022-03-20T03:00:00.000Z,0.019566935667077054,1.0116500875262542,0.00018345585247198331,0.0007942209540767293,0.0007632921642204415,251361276.5578,115680987.1064,5236980.6739,0.010886795362033741,0.010886795362033741,0.011833543378726165,1.0118335433787262,-0.00005722573514410634,0.9998068741300128,395.10583255672566,6.321818714347903,0.0000351795,0.000035418610485862985
2022-03-20T04:00:00.000Z,0.019566935667077054,1.0135365535880883,0.0001886886696567395,0.0008205690539292342,0.0007902064073286308,251833717.5039,119531998.712,3851011.6056,0.01274634718075962,0.01274634718075962,0.01372524225774499,1.013725242257745,-0.00008147030848337788,0.9995779816342393,396.651591984341,6.352714808408519,0.00003488430000000001,0.000025996200168941294
2022-03-20T05:00:00.000Z,0.019566935667077054,1.014513189166607,0.0001938055934232389,0.0008483888749778576,0.0008188363762413609,252029074.7072,123597352.6083,4065353.8963,0.013694352790365683,0.013694352790365683,0.014706994760030283,1.0147069947600302,-0.00009003159981446629,0.999859525128976,397.2826305318947,6.376590666319078,0.000035326999999999955,0.00002742184262565387
2022-03-20T06:00:00.000Z,0.019566935667077054,1.0132705823115309,0.00019692947156924894,0.000869132663990631,0.0008387197643542343,251722789.45330003,126628703.9886,3031351.3803,0.012431862547176653,0.012431862547176653,0.013467511783100137,1.0134675117831002,-0.00006973513130603681,1.0002224993487001,396.1498551311205,6.336464745070181,0.00003503190000000009,0.000020472112825787856
2022-03-20T07:00:00.000Z,0.019566935667077054,1.0147310431920826,0.00020246051952202418,0.0008909761010910392,0.0008619269465066637,252087924.1565,129820779.4048,3192075.4162,0.013869116245575963,0.013869116245575963,0.014933503711604651,1.0149335037116047,-0.00008425072767115349,1.0004700129640425,397.17712152196964,6.374316398715198,0.00003491390000000013,0.00002152633144049823
2022-03-20T08:00:00.000Z,0.019566935667077054,1.0143274844656374,0.00020694364394643314,0.0009105708394170056,0.0008805005983545389,251991535.0224,132684286.7667,2863507.3619,0.013446983867282825,0.013446983867282825,0.014534428109583797,1.0145344281095838,-0.00009101326037119772,0.9995425972547743,397.214664795887,6.376347185151692,0.00003541540000000015,0.00001931796048147918
