query_ts,assumedLPToken,equityValue,totalDexYield,totalTradingfee,newTotalTradingFee,liquidity,totalVolume,volume,priceImpact,priceEffect,totalReturn,totalEquityVal,impermanentLoss,tokenPrice,quoteTokenPrice,rewardPrice,rewardTokenPerLP,feePerDollar
2021-09-15T10:00:00.000Z,0.020891495546630556,1,0.000019886759734349412,0.00001768890448871606,-4.82280881897168e-13,251793471.17880002,2619970.8236,2619970.8236,4.82280881897168e-13,4.82280881897168e-13,0.000019886759734349412,1.0000198867597343,0,0.9993302987063015,422.3873160595993,22.218546049294606,0.0000428429,0.000017688903446417094
2021-09-15T11:00:00.000Z,0.020891495546630556,1.0051851828104286,0.000039692585206471686,0.00003249350821076876,0.000015019187728171346,260241938.2889,4874620.3518,2254649.5282,0.005170163622700397,0.005170163622700397,0.00522487539563504,1.005224875395635,-0.000016312033124576963,0.9987758815050024,427.0031263226668,22.490803502816117,0.000041633399999999993,0.000014728234131445075
2021-09-15T12:00:00.000Z,0.020891495546630556,1.0028398767103077,0.00005837785747657948,0.00004867609408758166,0.00003371687670217227,259651865.84120002,7339290.7755,2464670.4237,0.002806159833605548,0.002806159833605548,0.0028982545677843,1.0028982545677843,-0.0000016834888749706067,1.0002974145767776,424.35054363074954,22.19541347426232,0.00004142069999999999,0.000016136759528824325
2021-09-15T13:00:00.000Z,0.020891495546630556,1.0030965510159673,0.00007658813001863009,0.00007336307506829142,0.0000564763334502949,259718200.1607,11099211.7394,3759920.9639,0.003040074682516991,0.003040074682516991,0.0031731391459859162,1.003173139145986,-0.0000033351828582217635,0.9997828522303289,424.7670391138693,21.851070202617574,0.000041874900000000035,0.00002461077288644018
2021-09-15T14:00:00.000Z,0.020891495546630556,1.010234851813121,0.00009752999898967634,0.00009306812378048284,0.00007651072444514462,260882248.9453,14092515.305499999,2993303.5661,0.01015834108867586,0.01015834108867586,0.01033238181211068,1.0103323818121106,-0.00004750417063992263,0.9996897992279321,430.8574145951532,22.256230213506317,0.000041985399999999986,0.000019505413200562166
2021-09-15T15:00:00.000Z,0.020891495546630556,1.0117497084094744,0.00011796741925440637,0.00011089201866767344,0.00009638947136969556,261300290.94099998,16800339.553,2707824.2475,0.011653318938104729,0.011653318938104729,0.01186767582872883,1.0118676758287288,-0.00005355298288045596,1.000566744699227,431.7549050327194,22.430686356617347,0.000041981399999999984,0.000017616900479415834
2021-09-15T16:00:00.000Z,0.020891495546630556,1.0153833922899516,0.00013923464379584456,0.0001304958271924459,0.00011463807901468392,261357765.12489998,19768565.0513,2968225.4983,0.015268754210936875,0.015268754210936875,0.015522626933747403,1.0155226269337474,-0.00009523546343292999,1.0006819985548137,434.79633748618807,22.679514649054234,0.00004212369999999998,0.000019306804772755002
2021-09-15T17:00:00.000Z,0.020891495546630556,1.0138552070782145,0.0001592057324069308,0.00014480455873280197,0.00012865712625842463,260975505.76749998,21935151.5092,2166586.4579,0.013726549951956102,0.013726549951956102,0.014014412810621458,1.0140144128106214,-0.00008627886867706991,0.99982668793277,433.8472412736672,22.681403663360484,0.00004212210000000004,0.000014113190307259396
2021-09-15T18:00:00.000Z,0.020891495546630556,1.0108938448359177,0.00017679425976612615,0.00015726522857710312,0.00014224202911949924,260212010.1157,23821900.987099998,1886749.4779,0.01075160280679821,0.01075160280679821,0.011070639095683836,1.0110706390956838,-0.00005182152197091838,0.9998435592894585,431.29730779845914,22.381228013707048,0.000042122499999999934,0.000012326387667517101
2021-09-15T19:00:00.000Z,0.020891495546630556,1.0084952811701622,0.00019563743847205437,0.00017111370166822095,0.00015413673508213321,259597954.52760002,25918813.737099998,2096912.75,0.00834114443508005,0.00834114443508005,0.008690918608634237,1.0086909186086341,-0.000030324384781232894,0.9998488047266704,429.24037787635103,22.28415175777709,0.00004212229999999999,0.000013731817269080222
2021-09-15T20:00:00.000Z,0.020891495546630556,1.0081380674885694,0.00021577258143706324,0.00017773842206500172,0.00016077452193097308,259536955.831,26922037.624799997,1003223.8877,0.007977292966638405,0.007977292966638405,0.008353840070006441,1.0083538400700065,-0.000035385436574997264,0.9988636963689178,429.3536820255391,22.338754972747097,0.000042117400000000004,0.000006571243789268069
2021-09-15T21:00:00.000Z,0.020891495546630556,1.0066353444931624,0.0002332826475890704,0.0001865433350648882,0.00017166341492669268,259455369.3241,28256992.625399996,1334955.0006,0.006463681078235695,0.006463681078235695,0.006868627140751458,1.0068686271407514,-0.000015540214022391474,1.0001979565851715,427.49414961870656,22.13733527136874,0.00004206779999999999,0.0000087468742964619
2021-09-15T22:00:00.000Z,0.020891495546630556,1.0089222007911403,0.00025470068417827226,0.0001964682787457215,0.00018210112053296257,258086504.05449998,29750428.924899995,1493436.2995,0.008740099670607293,0.008740099670607293,0.009176901475318529,1.0091769014753185,-0.00003539560249521401,0.999618398248356,429.6791231156362,22.29616087929405,0.00004238800000000001,0.000009837173464188091
2021-09-15T23:00:00.000Z,0.020891495546630556,1.008854414700808,0.0002754616725174219,0.0002072443127070308,0.00019075354566067126,258065849.9336,31371910.650599994,1621481.7257,0.008663661155147384,0.008663661155147384,0.009129876373325477,1.0091298763733254,-0.00003575884531370477,0.9994996073279544,429.6650664533689,22.378876128638748,0.000042384800000000055,0.00001068145566102314
2021-09-16T00:00:00.000Z,0.020891495546630556,1.0097403853324154,0.00029697764905348557,0.00021556272753927243,0.00019923677004274332,258366252.8354,32623949.379499994,1252038.7289,0.009541148562372648,0.009541148562372648,0.010037362981468876,1.010037362981469,-0.000039315562035180385,0.9999584299791885,430.2154748387167,22.50813697651367,0.00004237280000000002,0.000008238172809999312
2021-09-16T01:00:00.000Z,0.020891495546630556,1.0074182671314773,0.00031420102553039725,0.00022549817337491704,0.00020924102316133286,257854272.9399,34119850.669999994,1495901.2905,0.007209026108315975,0.007209026108315975,0.007732468157007705,1.0077324681570077,-0.000019743246110759394,1.0002293864279408,428.1140998513121,22.31670356011837,0.0000423593999999998,0.000009862284478965073
2021-09-16T02:00:00.000Z,0.020891495546630556,1.0089707958450276,0.00033494734366182316,0.0002351835438305694,0.0002188887453749011,258291198.65799996,35578323.389599994,1458472.7196,0.008751907099652678,0.008751907099652678,0.009305743188689403,1.0093057431886894,-0.00002484122262735866,1.0009957504521991,429.0979374604672,22.38355656476032,0.00004235240000000006,0.0000095992571028444
2021-09-16T03:00:00.000Z,0.020891495546630556,1.0078232457538276,0.0003532973293051078,0.00024256463873446635,0.0002270894248372901,258071899.24600002,36690127.275599994,1111803.886,0.0075961563289903555,0.0075961563289903555,0.008176543083132754,1.0081765430831326,-0.000018096186776284107,1.0008818586425459,428.16396140353163,22.29210094799527,0.00004234029999999997,0.000007323798568236774
2021-09-16T04:00:00.000Z,0.020891495546630556,1.003519985822674,0.0003711652123370957,0.00025808940364525473,0.00024026195280346663,256956857.42850003,39028481.45729999,2338354.1817,0.003279723869870521,0.003279723869870521,0.0038911510350110833,1.003891151035011,-0.000002345456530661316,1.0004386741558209,424.6914539987625,22.18337540822408,0.0000422727,0.000015470309485693047
2021-09-16T05:00:00.000Z,0.020891495546630556,1.011400257034083,0.00040049363838613327,0.00027430240753958355,0.0002595930867794749,258851276.68109998,41469335.48729999,2440854.03,0.011140663947303509,0.011140663947303509,0.011800750672469117,1.011800750672469,-0.000058919751841690626,0.9995535808250571,431.7546230007081,22.734674793454964,0.00004232819999999997,0.000016030254531493187
2021-09-16T06:00:00.000Z,0.020891495546630556,1.012581786173424,0.00042098229931484236,0.00028424083041334356,0.00026863008905708696,258780006.1754,42963399.26229999,1494063.775,0.012313156084367005,0.012313156084367005,0.013002768472738934,1.013002768472739,-0.000053331612617779633,1.0012407907814054,432.0272599241085,22.752950362585306,0.00004242559999999999,0.000009814932981253818
2021-09-16T07:00:00.000Z,0.020891495546630556,1.0125278143296461,0.0004456324545338147,0.0003073946263188772,0.0002921400768718385,258789362.65539998,46444469.11439999,3481069.8521,0.012235674252774276,0.012235674252774276,0.012973446784179929,1.01297344678418,-0.00006227608171149868,1.000330968903962,432.35400590345114,22.98427976192278,0.00004242199999999998,0.000022867318377572102
2021-09-16T08:00:00.000Z,0.020891495546630556,1.0089366970447446,0.00046147876372120274,0.00031778159586947204,0.00030119520370930353,258008610.58439997,48006933.73889999,1562464.6245,0.008635501841035342,0.008635501841035342,0.009398175808465848,1.0093981758084658,-0.000043380921604718736,0.9986146918218061,430.0217999549594,22.761687724343442,0.000042399499999999925,0.000010294965953398306
2021-09-16T09:00:00.000Z,0.020891495546630556,1.0063322324876358,0.0004781201086237849,0.0003349006681039573,0.00031774168258458246,257346902.1105,50582121.40779999,2575187.6689,0.006014490805051231,0.006014490805051231,0.0068103525962595985,1.0068103525962595,-0.000020135602531445862,0.9989810567983411,427.6329322235592,22.59530391953528,0.000042399499999999925,0.000017011353162705823
2021-09-16T10:00:00.000Z,0.020891495546630556,1.0064420674321444,0.0004974234481796305,0.0003616416278065774,0.00034627950607668545,257276132.0784,54603165.17759999,4021043.7698,0.006095787926067686,0.006095787926067686,0.0069394908803240025,1.006939490880324,-0.00001444668572436747,1.0000320708071235,427.25254354729407,22.574018530254623,0.000041886199999999985,0.000026569796247468956
2021-09-16T11:00:00.000Z,0.020891495546630556,1.0045978650742906,0.0005095325322774174,0.00038032612069386723,0.00036328893898263104,269978556.5178,57556885.67629999,2953720.4987,0.004234576135307977,0.004234576135307977,0.0051073976065680255,1.005107397606568,-0.000006986183476831442,0.9998177526907683,425.7644729791302,22.27580895071989,0.000040140099999999775,0.000018598976572641015
2021-09-16T12:00:00.000Z,0.020891495546630556,1.005784515930897,0.0005309705856389768,0.0003972445384702253,0.0003811348770534906,271871046.22969997,60246988.13089999,2690102.4546,0.005403381053843415,0.005403381053843415,0.006315486516535882,1.0063154865165358,-0.00001567080346043248,0.9991209020790272,427.05377109032446,22.401985795085658,0.000039639900000000135,0.000016821115143523558
2021-09-16T13:00:00.000Z,0.020891495546630556,1.0102039045847746,0.0005577817797351219,0.00042263578847900847,0.00040846056477961135,272788453.212,64280210.02149999,4033221.8906,0.009795444019994992,0.009795444019994992,0.010761686364509726,1.0107616863645097,-0.00004255490961957431,0.9998522030435315,430.4779681660503,22.73077211207934,0.00004004870000000009,0.000025134778005766345
2021-09-16T14:00:00.000Z,0.020891495546630556,1.0037908371995798,0.0005723816631855766,0.00044882529417603013,0.0004332449227661961,271036444.066,68439918.1308,4159708.1093,0.003357592276813648,0.003357592276813648,0.00436321886276542,1.0043632188627654,-4.514073382866357e-7,1.0017333772862675,424.2083973235956,22.55236880809497,0.00004027919999999973,0.000026090601248030027
2021-09-16T15:00:00.000Z,0.020891495546630556,1.0016751923399536,0.000590048361655835,0.00047599807273500085,0.00045901836661044193,271228696.4616,72767983.8915,4328065.7607,0.001216173973343171,0.001216173973343171,0.0022652407016094476,1.0022652407016095,-6.539337759070563e-7,0.9994020675395328,423.38492751904926,22.504406802952808,0.0000401658000000001,0.000027127335304771815
2021-09-16T16:00:00.000Z,0.020891495546630556,1.0048085249188021,0.0006139415890282281,0.0005046995885697458,0.000488331391325314,272084459.0938,77339669.1426,4571685.2511,0.004320193527476812,0.004320193527476812,0.005422466507830354,1.0054224665078304,-0.000007723110221458107,0.9997108238184608,425.8826217880752,22.69423374891493,0.00003989759999999994,0.000028564163321767233
2021-09-16T17:00:00.000Z,0.020891495546630556,1.0057109574493142,0.0006326212691601841,0.0005266422083775618,0.0005107041421257286,272305207.6313,80834469.0608,3494799.9182,0.005200253307188429,0.005200253307188429,0.006343578718474342,1.0063435787184742,-0.000013987866950393446,0.9992279112322866,426.83551249673525,22.684552184228913,0.00003996840000000012,0.000021818017777259343
2021-09-16T18:00:00.000Z,0.020891495546630556,1.003567591050037,0.0006457214803519363,0.0005506495367794007,0.0005401586661644142,271724632.6778,84658111.6081,3823642.5473,0.003027432383872597,0.003027432383872597,0.0042133125303889475,1.004213312530389,-0.0000017944558792226672,1.0004585946659719,424.4694373595413,22.48281952320361,0.00003986820000000003,0.000023921984055518675
2021-09-16T19:00:00.000Z,0.020891495546630556,1.001833919860405,0.000662240716812247,0.0005742186180117093,0.0005565308276285208,271158263.9575,88410612.9978,3752501.3897,0.0012773890327764104,0.0012773890327764104,0.002496160577217178,1.0024961605772171,-2.4004786891573815e-7,0.999913762458115,423.2200121097762,22.40313600558964,0.00004018459999999977,0.000023525937470560927
2021-09-16T20:00:00.000Z,0.020891495546630556,1.0034317165882347,0.0006801078142929336,0.0005868269196984403,0.0005699214841448086,271592498.4344,90418030.21329999,2007417.2155,0.0028617951040899037,0.0028617951040899037,0.004111824402527646,1.0041118244025276,-0.0000018526525025208684,1.000262898503319,424.41227521149074,22.372193074510392,0.00004018450000000004,0.000012565182344954478
2021-09-16T21:00:00.000Z,0.020891495546630556,0.9945647788251307,0.0006863519002533652,0.0006062321169533501,0.0005843622540245841,269690895.264,93513327.3288,3095297.1155,-0.00601958342889386,-0.00601958342889386,-0.004748869274615911,0.9952511307253841,-0.000024827323884535346,1.0003390359608808,416.89660908417807,21.971937207518764,0.00004011040000000002,0.000019511244868682094
2021-09-16T22:00:00.000Z,0.020891495546630556,0.9994099633443521,0.0007120034552833899,0.0006232255122180755,0.000605011516129017,271995891.95970005,96233834.8089,2720507.4801,-0.0011950481717769579,-0.0011950481717769579,0.00012196679963544905,1.0001219667996355,-0.0000018349354451441258,1.0000500049676957,421.0751194185759,22.19976187686392,0.00003996420000000011,0.000017003428554925518
2021-09-16T23:00:00.000Z,0.020891495546630556,0.9999010254305094,0.0007323056478374697,0.0006323520059197617,0.0006140878942992867,272445773.4348,97696611.83139999,1462777.0225,-0.0007130624637898819,-0.0007130624637898819,0.0006333310783468745,1.0006333310783468,-0.0000012053829309133235,1.0001694367921052,421.4312777179937,22.254593040225714,0.00003988460000000002,0.000009127397745610857
2021-09-17T00:00:00.000Z,0.020891495546630556,1.004355805378825,0.000753972410263265,0.0006421295538320649,0.0006275135537270327,273582299.3401,99263296.064,1566684.2326,0.00372829182509804,0.00372829182509804,0.0051097777890883374,1.0051097777890883,-7.441770234484224e-7,1.0018331299144387,424.4796408051321,22.34654216661529,0.000039929300000000126,0.000009735144422150927
2021-09-17T01:00:00.000Z,0.020891495546630556,1.0002076151639119,0.0007633822680301294,0.0006600719661734916,0.0006415925282070578,272344529.9926,102137121.8272,2873825.7632,-0.0004339773642951794,-0.0004339773642951794,0.0009709974319420078,1.000970997431942,-0.0000011032250170073254,1.0003814886392732,421.57732771667315,22.07932790158921,0.00003994549999999984,0.000017938688901050243
2021-09-17T02:00:00.000Z,0.020891495546630556,1.0030368801790297,0.0007864545949084091,0.000678209724444027,0.0006619492846400288,273046255.0582,105041505.63059999,2904383.8034,0.0023749308943896708,0.0023749308943896708,0.0038233347739381088,1.003823334773938,-0.000005084615792960712,0.9985143641895959,424.7427743606873,22.210850769846683,0.00003992300000000011,0.000018082842647768888
2021-09-17T03:00:00.000Z,0.020891495546630556,0.9982199217854836,0.0007962691466172185,0.0006974726297227687,0.0006792004027510457,271737157.2977,108126082.8209,3084577.1903,-0.0024592786172674685,-0.0024592786172674685,-0.0009838090678992045,0.9990161909321008,-0.000004720163966354107,0.9999402862366664,420.05593389663443,21.97009231708965,0.00003995629999999987,0.000019297255022673276
2021-09-17T04:00:00.000Z,0.020891495546630556,0.9982231253939574,0.000818532356682412,0.0007092807453470726,0.0006901387510377388,271516493.22,110015379.813,1889296.9921,-0.0024670133570803277,-0.0024670133570803277,-0.0009583422493601769,0.9990416577506398,-0.000001692333423730652,0.9987006055578115,420.5708245155496,22.07550446649658,0.00003998939999999984,0.000011829133650336261
2021-09-17T05:00:00.000Z,0.020891495546630556,1.0001950394738497,0.0008391898478419846,0.0007226533185262365,0.0007040604978318932,272175643.82919997,112155955.6008,2140575.7878,-0.0005090210239822035,-0.0005090210239822035,0.0010342293216916744,1.0010342293216916,-9.02220089860073e-7,1.0001642322507274,421.60559078903714,22.134136817107553,0.00003997159999999991,0.00001336996502722922
2021-09-17T06:00:00.000Z,0.020891495546630556,1.00072418697366,0.0008581803961363043,0.0007322198539769205,0.0007145455942645373,272314245.9622,113687260.5535,1531304.9527,0.000009641379395519678,0.000009641379395519678,0.0015823673697963614,1.0015823673697963,-2.2129377463819822e-7,1.0000049883000839,422.1104764908509,22.151191524024288,0.00003963929999999997,0.000009559611581802274
2021-09-17T07:00:00.000Z,0.020891495546630556,0.9988747557272579,0.0008725567946767322,0.0007455065777334346,0.0007270137357958673,272223062.16440004,115817276.42019999,2130015.8667,-0.0018522580085379436,-0.0018522580085379436,-0.0002526874780653442,0.9997473125219346,-0.000003251741963028465,1.0000262955165073,420.53114015582,22.047751009976846,0.00003991199999999998,0.000013301690696592052
2021-09-17T08:00:00.000Z,0.020891495546630556,0.9959078455247797,0.0008873014518034959,0.0007565695647426751,0.000734989100773964,271418880.9911,117590830.39099999,1773553.9708,-0.0048271435759942305,-0.0048271435759942305,-0.003204853023416771,0.9967951469765832,-0.000025194273809647783,1.0015910705313145,417.375087615184,21.95769701725873,0.00003991160000000009,0.000011108445143353401
