query_ts,assumedLPToken,equityValue,totalDexYield,totalTradingfee,newTotalTradingFee,liquidity,totalVolume,volume,priceImpact,priceEffect,totalReturn,totalEquityVal,impermanentLoss,tokenPrice,quoteTokenPrice,rewardPrice,rewardTokenPerLP,feePerDollar
2021-12-06T10:00:00.000Z,0.017245682067701506,1,0.00000677113163555357,0.00007473393387281297,-2.4780177909633494e-13,281970908.1677,12395761.8616,12395761.8616,2.4780177909633494e-13,2.4780177909633494e-13,0.00000677113163555357,1.0000067711316356,0,1.0016215849508616,550.8534461322599,11.512488109615282,0.0000341045,0.00007473393372974179
2021-12-06T11:00:00.000Z,0.017245682067701506,0.9975206246947615,0.00001354116548899902,0.000142530374788387,0.00007332524969894116,281254254.1595,23640133.488700002,11244371.6271,-0.0025527005549373927,-0.0025527005549373927,-0.0024658341397494525,0.9975341658602506,-0.0000012846950920852862,1.0006674626097138,548.567260767265,11.383367030396084,0.00003487260000000001,0.000067964951581602
2021-12-06T12:00:00.000Z,0.017245682067701506,1.0032670366455911,0.000020242761910047698,0.0002088451736239329,0.0001357506697805544,282889713.1441,34639359.9177,10999226.429,0.0031312859758105827,0.0031312859758105827,0.003287279407501185,1.0032872794075012,-0.0000116365335478541,0.9999224281955404,555.2505368453179,11.56498760548643,0.00003251779999999998,0.000066098850755224
2021-12-06T13:00:00.000Z,0.017245682067701506,1.0046454331022845,0.00002730244123725502,0.00025952503537233243,0.00018663049071876436,283254991.1484,43044622.0524,8405262.1347,0.0044588026115657264,0.0044588026115657264,0.004672735543521746,1.0046727355435217,-0.000019026412607092702,0.9999004220511168,556.7333686594627,11.654417055804679,0.000034346000000000006,0.00005044552108705433
2021-12-06T14:00:00.000Z,0.017245682067701506,1.0041199250720183,0.00003388305876935685,0.00030087839949172304,0.00022820293089242938,283109251.6645,49903141.8085,6858519.7561,0.003891722141125875,0.003891722141125875,0.004153808130787661,1.0041538081307877,-0.000011248965737342687,1.0007615097080829,555.6264330591712,11.653330744177646,0.000032757000000000005,0.000041183689748108715
2021-12-06T15:00:00.000Z,0.017245682067701506,1.0030225586885677,0.00004030716111569231,0.00035267069741103606,0.00028063928546506745,282661233.23010004,58488764.5442,8585622.7357,0.002741919403102644,0.002741919403102644,0.0030628658496834036,1.0030628658496834,-0.000009286141271380721,1.0000488662031135,554.7494313654727,11.604879748478158,0.0000328029,0.00005163622363031475
2021-12-06T16:00:00.000Z,0.017245682067701506,1.0171632232478671,0.00004842193279591765,0.00040791770037462905,0.00033999694888642296,284323380.3049,67572860.86060001,9084096.3164,0.016823226298980698,0.016823226298980698,0.017211645180663038,1.017211645180663,-0.00016939177352370827,0.9998961872802224,570.5264048079205,12.023491374068715,0.000032123,0.00005431478663949276
2021-12-06T17:00:00.000Z,0.017245682067701506,1.018460366416538,0.000055865330076182784,0.0004581616947544495,0.00039036569468753335,285033128.5637,75844402.22410001,8271541.3635,0.018070000721850388,0.018070000721850388,0.018516231746614105,1.018516231746614,-0.0002178378715095297,0.9986551136913063,572.6371192621925,12.159435892517092,0.00003288500000000002,0.000049333284130190035
2021-12-06T18:00:00.000Z,0.017245682067701506,1.0148970655519927,0.00006238885324768133,0.0005005753854918179,0.0004313508857913817,284015841.9904,82826367.89170001,6981965.6676,0.01446571466620128,0.01446571466620128,0.014959454405240342,1.0149594544052403,-0.00011805851638924114,1.000615689422808,567.4755905886171,12.021412900740323,0.000034525099999999945,0.00004179112528279741
2021-12-06T19:00:00.000Z,0.017245682067701506,1.01538642625324,0.00006987968839415784,0.000525407324105895,0.0004571053953088544,282231090.0502,86886453.53480001,4060085.6431,0.014929320857931083,0.014929320857931083,0.015456305941634095,1.0154563059416342,-0.00012607303752354415,1.0005594611522097,568.0262960856088,12.035391762152797,0.000035740700000000056,0.00002445565296170002
2021-12-06T20:00:00.000Z,0.017245682067701506,1.016597036101015,0.00007734177803899642,0.0005470722191017178,0.00048044532909030657,282570813.5744,90428760.0998,3542306.565,0.016116590771924733,0.016116590771924733,0.016674377879054035,1.0166743778790541,-0.0001569569999596565,0.9998895977901294,569.7374668409192,12.039318483625808,0.00003583019999999995,0.00002131119305750396
2021-12-06T21:00:00.000Z,0.017245682067701506,1.0171163526123739,0.00008488689021923597,0.0005656555693972733,0.0004972362292481325,282718564.0992,93467256.9428,3038496.843,0.016619116383125743,0.016619116383125743,0.01720123950259311,1.0172012395025931,-0.00020474310836882115,0.9978675862051859,571.4567590651528,12.054345686845325,0.00003583020000000004,0.000018270624179060112
2021-12-06T22:00:00.000Z,0.017245682067701506,1.0297989736345987,0.00009407174718834058,0.0005943006300660435,0.0005324767419412346,284380937.36550003,98120426.0866,4653169.1438,0.02926649689265748,0.02926649689265748,0.029893045381787053,1.0298930453817872,-0.0004648568172311851,0.9999695681974727,584.5324628447227,12.28695549937734,0.000035615499999999964,0.000027816166645140456
2021-12-06T23:00:00.000Z,0.017245682067701506,1.0354347455051252,0.00010261407199704055,0.0006282278379285339,0.0005691755011125732,280224450.4569,103521529.3433,5401103.2567,0.03486557000401258,0.03486557000401258,0.035537359577122195,1.0355373595771222,-0.0006198456930059937,1.000673684129002,590.49352987158,12.384516951026145,0.0000364987,0.000032766146999018634
2021-12-07T00:00:00.000Z,0.017245682067701506,1.032607478315468,0.00010985862936262132,0.0006569699331520262,0.0005950143545150333,275840450.8405,108037927.1012,4516397.7579,0.03201246396095292,0.03201246396095292,0.032717336944830575,1.0327173369448306,-0.0005503179143990788,0.9999475755542103,587.6684816312053,12.306872540186522,0.00003716489999999997,0.000027834482451848946
2021-12-07T01:00:00.000Z,0.017245682067701506,1.0339072457613034,0.00011791498102565772,0.00068538566074066,0.0006243829697871739,274959769.7994,112483189.7262,4445262.625,0.033282862791516266,0.033282862791516266,0.0340251607423291,1.0340251607423292,-0.0005894852172207976,1.0000166752018234,589.075495212977,12.32007165657526,0.000037363400000000016,0.000027483825972116777
2021-12-07T02:00:00.000Z,0.017245682067701506,1.0339106645504903,0.00012505781974420059,0.0007181134728049789,0.0006571629328522288,274985744.3442,117603487.4273,5120297.7011,0.03325350161763807,0.03325350161763807,0.0340357223702345,1.0340357223702346,-0.0006055868557498512,0.999522243088064,589.3333985241301,12.248693596702367,0.0000370484,0.00003165439034895772
2021-12-07T03:00:00.000Z,0.017245682067701506,1.0313044170357597,0.00013194071388749072,0.0007550872373279577,0.0006991363509056825,274887365.6321,123400612.2387,5797124.8114,0.03060528068485402,0.03060528068485402,0.03143635774964719,1.0314363577496473,-0.000496596395751947,1.0002450980212145,585.8926378840702,12.18744785418835,0.00003572259999999999,0.00003585145558333791
2021-12-07T04:00:00.000Z,0.017245682067701506,1.0331335866989693,0.0001402007550761688,0.0007870571396059016,0.000731181665835301,275270427.5476,128411278.4091,5010666.1704,0.03240240503313396,0.03240240503313396,0.03327378745404543,1.0332737874540454,-0.000522462881400676,1.0011771314423807,587.3903939114139,12.229921021209622,0.00003698309999999987,0.0000309445971569432
2021-12-07T05:00:00.000Z,0.017245682067701506,1.033068625549935,0.00014924833137521255,0.0008398784770267851,0.0007785849028982827,275262318.3602,136690281.94439998,8279003.5353,0.03229004064703678,0.03229004064703678,0.03321787388131027,1.0332178738813103,-0.0005604158483029087,0.9999133051174948,588.0048025446367,12.340667368903805,0.00003654680000000014,0.00005113052194667919
2021-12-07T06:00:00.000Z,0.017245682067701506,1.0327888726246481,0.00015642085682210044,0.0008790291536497606,0.0008204038640129419,275132714.4312,142825373.251,6135091.3066,0.031968468760635194,0.031968468760635194,0.03294529348147024,1.0329452934814702,-0.0005134291468190666,1.001037435174772,586.9786196701393,12.304386002953303,0.00003586900000000003,0.00003790772479667462
2021-12-07T07:00:00.000Z,0.017245682067701506,1.0342344643757206,0.0001646060476698385,0.0009042221219950841,0.0008479918719026536,275515292.2931,146773191.17949998,3947817.9285,0.03338647250381799,0.03338647250381799,0.03439907042339048,1.0343990704233905,-0.0005882227125038053,1.000153770000073,589.1128741534773,12.333002989136721,0.000036773500000000105,0.000024359048902847695
2021-12-07T08:00:00.000Z,0.017245682067701506,1.0317398875604995,0.00017107964110750986,0.0009412383781541094,0.0008796350984396906,274862412.7143,152574001.9795,5800810.8,0.030860252462059812,0.030860252462059812,0.031910967201607014,1.031910967201607,-0.0004742505061462454,1.0012108230258476,585.6171668956882,12.249797812044271,0.00003590009999999986,0.000035877507814246696
2021-12-07T09:00:00.000Z,0.017245682067701506,1.0352751072654127,0.0001804540401806509,0.0009799329875410999,0.0009210008938331793,275794362.2856,158637610.5698,6063608.5903,0.03435410637157954,0.03435410637157954,0.035455561305593374,1.0354555613055934,-0.0005635886424664172,1.0018177539206061,589.2363189374566,12.360209236727266,0.00003674420000000004,0.000037376161419990766
2021-12-07T10:00:00.000Z,0.017245682067701506,1.0341606503386012,0.00018893409692266272,0.0010227990463156497,0.0009633418434304986,274784604.7135,165337521.4204,6699910.8506,0.03319730849517066,0.03319730849517066,0.03434958443552383,1.0343495844355237,-0.0005804412225284272,1.0001985001589049,588.8708804507346,12.398285362023007,0.00003706049999999998,0.00004145009673265884
2021-12-07T11:00:00.000Z,0.017245682067701506,1.034672393772564,0.00019703370874060282,0.0010576617427527663,0.000999438652862894,274900334.3587,170786115.49179998,5448594.0714,0.03367295511970103,0.03367295511970103,0.034869427481304525,1.0348694274813046,-0.0006302938784736867,0.9992249222382776,589.9874796969061,12.4139089483353,0.00003672130000000002,0.000033694429448360756
2021-12-07T12:00:00.000Z,0.017245682067701506,1.0334880050962203,0.00020526820292310897,0.0011067173130373466,0.00104904211532042,274599857.9731,178453270.99799997,7667155.5062,0.03243896298089988,0.03243896298089988,0.03369327329914341,1.0336932732991435,-0.0005517618954843373,1.0003172818293773,587.9369372577752,12.438951715277792,0.00003653310000000008,0.00004746602731971127
2021-12-07T13:00:00.000Z,0.017245682067701506,1.0251318722312963,0.00020740215043196295,0.0011504858659475905,0.001083380375780818,272396630.4919,185294517.82019997,6841246.8222,0.024048491855515497,0.024048491855515497,0.02533927438172828,1.0253392743817282,-0.0003077504874107184,1.0005718418464031,578.2724651730484,12.173422201168721,0.000031036300000000006,0.00004269553399665064
2021-12-07T14:00:00.000Z,0.017245682067701506,1.028043939345578,0.00021539536266300277,0.001186749191148654,0.001121115813440099,272992806.8374,190958974.08219996,5664456.262,0.02692282353213793,0.02692282353213793,0.028259334708241032,1.028259334708241,-0.0003550319698147897,1.0015372648556935,580.9626936438359,12.244151102885704,0.00003214730000000006,0.00003527410028475794
2021-12-07T15:00:00.000Z,0.017245682067701506,1.032550730381129,0.00022655695235186264,0.0012202893248508394,0.0011608640641203039,274197831.2957,196198216.27559996,5239242.1934,0.031389866317008686,0.031389866317008686,0.03277728733348085,1.0327772873334808,-0.0005267891175171346,1.0000615540154478,586.8927357116983,12.484426343231908,0.000032209299999999936,0.000032482794217197276
2021-12-07T16:00:00.000Z,0.017245682067701506,1.033944884595208,0.0002339734067772517,0.001260568248486048,0.0012022672135261203,274544898.8768,202489581.83359995,6291365.558,0.03274261738168183,0.03274261738168183,0.034178858001985196,1.0341788580019853,-0.0005418926830722537,1.0009103531378616,587.934252343989,12.531090226455207,0.000030399900000000037,0.000038956547698959236
2021-12-07T17:00:00.000Z,0.017245682067701506,1.0284073228916817,0.00023799519208168963,0.0013086828874587417,0.0012444778579443483,271810927.091,209970072.13339996,7480490.2998,0.027162845033737337,0.027162845033737337,0.028645318083763374,1.0286453180837634,-0.00040452832651860504,0.9999720374101783,582.1440901984481,12.378273466973123,0.00003220609999999996,0.0000467855860165714
2021-12-07T18:00:00.000Z,0.017245682067701506,1.0273891492390461,0.00024303518845729578,0.001354970325721544,0.001290423634277671,271388240.5878,217162413.14359996,7192341.0102,0.026098725604768447,0.026098725604768447,0.027632184427503415,1.0276321844275034,-0.00037029788589115764,1.0001661621374889,580.8257807513908,12.264821524210815,0.000034140900000000024,0.00004505346175227628
2021-12-07T19:00:00.000Z,0.017245682067701506,1.0274214022912798,0.00025045842695714467,0.0013818877070624989,0.00131593968069188,271400390.4505,221345007.40329996,4182594.2597,0.026105462610587882,0.026105462610587882,0.027671860718236907,1.027671860718237,-0.0003589409392719123,1.0005936533797413,580.5852538971776,12.255197681962077,0.00003602539999999994,0.000026198968356999647
2021-12-07T20:00:00.000Z,0.017245682067701506,1.0277014960860957,0.00025914852935403603,0.0014081787493747098,0.0013429154773030305,271478272.007,225430335.74939996,4085328.3461,0.026358580608792703,0.026358580608792703,0.02796064461544977,1.0279606446154497,-0.0003773051030723229,1.0001629753048698,581.1218527975703,12.294917866071938,0.000037155999999999764,0.000025582372161964115
2021-12-07T21:00:00.000Z,0.017245682067701506,1.0236675446694758,0.0002642806953956954,0.0014397771624152333,0.00137010933173487,270440238.9679,230340869.92469996,4910534.1753,0.02229743533774098,0.02229743533774098,0.023931825364871543,1.0239318253648715,-0.00027933198879825927,1.000033929127749,576.6065258558556,12.180959576413235,0.000035865099999999956,0.00003086784766153405
2021-12-07T22:00:00.000Z,0.017245682067701506,1.025645618871951,0.0002712870508461105,0.001462109363557552,0.0013948034461512826,270984445.4028,233811670.25959995,3470800.3349,0.024250815425799654,0.024250815425799654,0.025916905922797048,1.025916905922797,-0.00030636922402482725,1.0008253308022002,578.3544662543492,12.157603517233277,0.00003583360000000028,0.000021773797977812022
2021-12-07T23:00:00.000Z,0.017245682067701506,1.021380439843893,0.00027602629948657656,0.0014875304146710617,0.001416092098478705,269861616.0528,237762589.47529995,3950919.2157,0.019964347745414335,0.019964347745414335,0.021656466143379616,1.0216564661433796,-0.00022216442283551352,1.0003069314244721,573.8210166736585,12.032974466936041,0.00003623920000000004,0.00002488891441818041
2021-12-08T00:00:00.000Z,0.017245682067701506,1.0256030314119966,0.00028497877486928264,0.0015087623395728929,0.0014401026887251867,271641749.2278,241070529.83019996,3307940.3549,0.024162928723271415,0.024162928723271415,0.025888010186865883,1.025888010186866,-0.00032321198285567565,1.0000676041648928,578.6933478924576,12.10258544111585,0.00003524220000000008,0.00002070189364969119
2021-12-08T01:00:00.000Z,0.017245682067701506,1.0238638501110178,0.00029139384799551423,0.001547221317756656,0.0014778247604410044,271189696.6905,247062640.16309994,5992110.3329,0.022386025350576766,0.022386025350576766,0.024155243959013285,1.0241552439590134,-0.0002866637228615687,0.9998123077308915,576.8342995396296,12.064188056467165,0.00003517919999999974,0.00003756259065238611
2021-12-08T02:00:00.000Z,0.017245682067701506,1.0207613356909233,0.0002973439879112789,0.0015742615262944336,0.0014999175884369276,268748803.88280004,251250416.23429996,4187776.0712,0.019261418102486383,0.019261418102486383,0.02105867967883459,1.0210586796788346,-0.00023863257220768652,0.9988506263315309,573.8658351454992,11.999211130309451,0.00003633790000000028,0.00002649023630313404
2021-12-08T03:00:00.000Z,0.017245682067701506,1.0211187439203375,0.0003034488720392406,0.0016070081240802288,0.0015342090373977602,268847973.0409,256322048.87989995,5071632.6456,0.019584534882939764,0.019584534882939764,0.021422192792376765,1.0214221927923768,-0.0002132481000538533,1.0003619430017512,573.3622070656592,11.959906862816245,0.0000343206,0.000032069334204012637
2021-12-08T04:00:00.000Z,0.017245682067701506,1.0157493186440432,0.00030624855622848754,0.0016401370275952371,0.001558680738811713,267437420.65229997,261452951.55429995,5130902.6744,0.014190637905231451,0.014190637905231451,0.016055567200271653,1.0160555672002716,-0.000136711194025807,0.9991750746217901,567.9856304253561,11.840452978013461,0.00002855329999999994,0.0000326152358379956
2021-12-08T05:00:00.000Z,0.017245682067701506,1.0195404321507582,0.0003140099330386598,0.0016706228492537087,0.0015946017975754234,268444390.1019,266174656.62719995,4721705.0729,0.017945830353182757,0.017945830353182757,0.01985444208379684,1.019854442083797,-0.0001742277038784268,1.0007389337546986,571.3053419905797,11.891890135196217,0.000031357799999999946,0.00002990153238398103
2021-12-08T06:00:00.000Z,0.017245682067701506,1.0196047683714604,0.000320657071320044,0.0017063636630549168,0.0016318058063498064,268471520.0786,271710475.4693,5535818.8421,0.017972962565110606,0.017972962565110606,0.019925425442780458,1.0199254254427805,-0.00020339175596306713,0.9992633171972289,572.1794915086209,11.875008271717807,0.00003463459999999985,0.000035053595363913414
2021-12-08T07:00:00.000Z,0.017245682067701506,1.0249761150219607,0.0003302127297879627,0.001739266437737517,0.0016724368303304704,269922571.8888,276807409.93299997,5096934.4637,0.02330367819163026,0.02330367819163026,0.025306327751748695,1.0253063277517487,-0.0003149557130691649,0.9995553334162952,578.0188149516008,11.968040237782397,0.000034126200000000093,0.000032101015219503876
2021-12-08T08:00:00.000Z,0.017245682067701506,1.0267727516234202,0.000337277952260694,0.0017636329947227243,0.0016986110163021984,269955601.632,280575864.28449994,3768454.3515,0.02507414060711799,0.02507414060711799,0.027110029575680882,1.027110029575681,-0.0003532167248295748,0.999802504981659,579.8772634848114,12.0302070481666,0.000025786800000000225,0.00002373120749790213
