query_ts,assumedLPToken,equityValue,totalDexYield,totalTradingfee,newTotalTradingFee,liquidity,totalVolume,volume,priceImpact,priceEffect,totalReturn,totalEquityVal,impermanentLoss,tokenPrice,quoteTokenPrice,rewardPrice,rewardTokenPerLP,feePerDollar
2021-10-13T10:00:00.000Z,0.019842163299080673,0.9999999999999999,0.000016109474387081342,0.000040656461641538525,-1.2356782264077992e-13,284610770.3066,6806627.5065,6806627.5065,1.234568003383174e-13,1.234568003383174e-13,0.00001610947438697032,1.000016109474387,-1.1102230246251565e-16,0.9993007611712504,456.53057466586,20.147979072003405,0.0000402959,0.000040656461273706296
2021-10-13T11:00:00.000Z,0.019842163299080673,0.9980658594169783,0.00003204597099098753,0.00006829323980734403,0.00002828136084487287,284036801.0608,11433141.8276,4626514.3211,-0.0019624219438665325,-0.0019624219438665325,-0.001902094612030672,0.9980979053879693,-0.0000042894253826641915,1.0002651744857842,454.30208002489854,20.030413298130206,0.00004033370000000001,0.000027690335606147132
2021-10-13T12:00:00.000Z,0.019842163299080673,1.00504712573941,0.00004797636266898872,0.0000925616262210119,0.00005207685157881947,285754715.3413,15491954.1868,4058812.3592,0.004995048887831199,0.004995048887831199,0.005095102102079007,1.005095102102079,-0.000009624143069486557,0.9998958325644477,460.8283327749751,20.25837451919848,0.00003872350000000001,0.000024146516715914182
2021-10-13T13:00:00.000Z,0.019842163299080673,1.0069985815386133,0.00006438977486361382,0.0001202391720955317,0.00008002782154581389,286275030.2987,20120379.622,4628425.4352,0.00691855371706751,0.00691855371706751,0.007062971313476938,1.0070629713134769,-0.00002764265783872233,0.9987605204984471,463.11986099745707,20.32036016636179,0.0000403438,0.0000274851887418549
2021-10-13T14:00:00.000Z,0.019842163299080673,0.9990391222174857,0.00007910638488699891,0.00014363966625493044,0.00010270608836604467,283776243.1501,24030315.5388,3909935.9168,-0.001063583870880347,-0.001063583870880347,-0.0008817713976273033,0.9991182286023726,-1.7039952426856075e-7,0.9988208424723922,455.7788638420274,19.958320387874227,0.0000400585,0.00002342300040614819
2021-10-13T15:00:00.000Z,0.019842163299080673,0.9997777043574805,0.00009451641783162588,0.00018251125784436145,0.00014372490277958505,280287026.80009997,30440683.4452,6410367.9064,-0.0003660205452991061,-0.0003660205452991061,-0.00012777922468789517,0.9998722207753121,-0.0000010324335516509464,1.0003714631808092,455.7081676203189,19.983533623689905,0.000038611500000000015,0.00003888023489810736
2021-10-13T16:00:00.000Z,0.019842163299080673,0.9984090738574338,0.0001106799101211523,0.00021499142671860301,0.0001736259642044491,280040058.29010004,35799649.4942,5358966.049,-0.0017645521067706227,-0.0017645521067706227,-0.0014802462324450213,0.998519753767555,-0.000001397602629849004,0.9992066084387139,454.96371821571347,19.977702579888195,0.00004084519999999999,0.00003253192539283964
2021-10-13T17:00:00.000Z,0.019842163299080673,1.0000017532555332,0.0001246419171931322,0.000243378492636804,0.00020267290638664726,286007566.9013,40575473.7803,4775824.2861,-0.00020091965085344832,-0.00020091965085344832,0.00012639517272633113,1.0001263951727264,-6.322483434573201e-7,1.0002241005704189,455.92587227942414,19.74571811372093,0.000038916100000000005,0.000028387015680504
2021-10-13T18:00:00.000Z,0.019842163299080673,1.003275442469572,0.0001408583995042438,0.0002717150761231395,0.000232478979313111,293179500.8191001,45446404.7971,4870931.0168,0.0030429634902588987,0.0030429634902588987,0.0034163008690762534,1.0034163008690762,-0.000004623251033897269,0.9992982939363373,459.31434773963446,19.863174595410293,0.00003926400000000001,0.00002824407131271211
2021-10-13T19:00:00.000Z,0.019842163299080673,0.99935108081999,0.0001553155614840611,0.00029201118446574385,0.0002519408953391977,291852423.43009996,48933060.6297,3486655.8326,-0.0009008600753491747,-0.0009008600753491747,-0.0004936036185259158,0.9995063963814741,-3.174084806101263e-8,0.998652115455304,456.0043970947515,19.732610893881986,0.00003928879999999999,0.000020309287981086848
2021-10-13T20:00:00.000Z,0.019842163299080673,1.0039825383286998,0.00017208139610917628,0.00030657218536016983,0.0002675324393370815,293207103.5686,51434503.877399996,2501443.2477,0.003715005889362688,0.003715005889362688,0.0041546197248089455,1.004154619724809,-0.00000962186633957085,0.998622802600473,460.24114567561725,19.89246007021824,0.00003928880000000003,0.000014503241801899516
2021-10-13T21:00:00.000Z,0.019842163299080673,1.0071755197637677,0.00018973590593509272,0.00032354683065105523,0.0002857328540604165,293832719.4486,54347545.9546,2913042.0772,0.006889786909707318,0.006889786909707318,0.007365255669702827,1.0073652556697028,-0.000015318690105070587,1.0006317371528652,462.22739849707204,20.118361153271323,0.00003933030000000004,0.00001685371030337648
2021-10-13T22:00:00.000Z,0.019842163299080673,1.0078867848542792,0.00020544481792056856,0.00033872611732231324,0.00030065397938527916,294037370.78099996,56952459.0978,2604913.1432,0.007586130874893904,0.007586130874893904,0.008092229672199752,1.0080922296721997,-0.000020155322723147684,1.0005090271643637,462.92372271965195,20.11917778345721,0.00003933090000000001,0.000015060508573035268
2021-10-13T23:00:00.000Z,0.019842163299080673,1.015192220221887,0.00022256053020340953,0.00035810170802514664,0.00032229261105221063,295979145.1129,60275371.3915,3322912.2937,0.014869927610834832,0.014869927610834832,0.015414780752090452,1.0154147807520904,-0.00009980346835936071,0.9999321535753231,469.91176717434456,20.287761894708392,0.00003824150000000004,0.000019085638270680288
2021-10-14T00:00:00.000Z,0.019842163299080673,1.0141060177089183,0.00024331646264248298,0.00038334028495018836,0.0003463455788821346,225391280.4806,63575035.172000006,3299663.7805,0.013759672130036149,0.013759672130036149,0.014349334171560767,1.0143493341715608,-0.0001093328332079091,0.9981800202313624,469.70721946089617,20.283648803069212,0.000051683300000000034,0.000024887513016870312
2021-10-14T01:00:00.000Z,0.019842163299080673,1.0143614918731862,0.000265601812409682,0.00042098448000226483,0.00037991067870457584,204001769.1279,68028420.37990001,4453385.2079,0.013981581194481674,0.013981581194481674,0.014627093685595931,1.014627093685596,-0.00010023267658543222,0.9990265610553005,469.5146890290811,20.275935512593772,0.0000556223,0.000037111221563394745
2021-10-14T02:00:00.000Z,0.019842163299080673,1.0097846917640954,0.0002854498788386971,0.00045524896533225787,0.0004145837664122354,187843729.0379,71777832.6886,3749412.3087,0.00937010799768312,0.00937010799768312,0.010070141642934051,1.010070141642934,-0.00003144807783483916,1.0006964262547597,464.47743060248416,19.925624737396195,0.00006180809999999997,0.00003393246587169252
2021-10-14T03:00:00.000Z,0.019842163299080673,1.0090441345887395,0.000309110316060615,0.00048108254920814915,0.0004409296890859338,187008209.4525,74594180.1919,2816347.5033,0.008603204899653605,0.008603204899653605,0.009353244904800153,1.0093532449048002,-0.000033867031020928806,0.9996368040523954,464.2634953823776,19.869800930565933,0.00006204069999999995,0.000025602035170686435
2021-10-14T04:00:00.000Z,0.019842163299080673,1.0136434424791736,0.00033704130224245714,0.0005173815884521238,0.0004795474494534435,188547441.7712,78565927.7862,3971747.5943,0.013163895029720152,0.013163895029720152,0.013980483781416052,1.0139804837814161,-0.000063689740711248,1.0010925655251741,467.7903518285251,20.081658161282242,0.00006182540000000001,0.00003581046153096807
2021-10-14T05:00:00.000Z,0.019842163299080673,1.0140414647664984,0.0003627960011884701,0.0005380302126678996,0.0004971233623027871,188507400.2248,80823880.6803,2257952.8941,0.013544341404195581,0.013544341404195581,0.014404260767686838,1.0144042607676869,-0.00007671758959992836,1.0003667291025602,468.4814011720378,20.170698916036656,0.00006061580000000003,0.000020362701492845717
2021-10-14T06:00:00.000Z,0.019842163299080673,1.0165853064719428,0.0003916920367928662,0.0005584669166269923,0.000519726741180504,189241316.12350002,83061746.5978,2237865.9175,0.01606557973076228,0.01606557973076228,0.01697699850873565,1.0169769985087356,-0.00013243610059965327,0.9989631555699827,471.47654770405853,20.388000297043607,0.00006176759999999997,0.000020103284724923618
2021-10-14T07:00:00.000Z,0.019842163299080673,1.0202504669680088,0.0004167574147612412,0.0005922495905793244,0.0005546479290321482,189823857.5636,86759084.11490001,3697337.5171,0.01969581903897666,0.01969581903897666,0.02066722438277005,1.0206672243827701,-0.00018266384399889812,0.9996899287242784,474.5063698925863,20.39113925505008,0.00006180130000000002,0.00003311213806180325
2021-10-14T08:00:00.000Z,0.019842163299080673,1.020903269090718,0.00044071341204886174,0.0006361725465275944,0.0006031205791727778,190023383.7563,91568198.3935,4809114.2786,0.02030014851154527,0.02030014851154527,0.02134398250276691,1.0213439825027668,-0.00021814333319969403,0.9985091012420342,475.63078734405343,20.343287408738032,0.0000617706,0.00004302362220906905
2021-10-14T09:00:00.000Z,0.019842163299080673,1.0238997763415965,0.0004676013248508968,0.0006672487355164176,0.0006332147728222992,190179220.7272,94963547.509,3395349.1155,0.023266561568774158,0.023266561568774158,0.024367377666447355,1.0243673776664473,-0.000262881377841917,0.9993687083462623,477.98900239864753,20.43351782974297,0.00006149579999999998,0.00003035081053691823
2021-10-14T10:00:00.000Z,0.019842163299080673,1.0238260753225719,0.0004934867278139145,0.0007000431685414227,0.0006649716201418965,190118282.0881,98545739.8654,3582192.3564,0.023161103702429964,0.023161103702429964,0.024319562050385775,1.0243195620503858,-0.00025454077865361135,0.9996323112673011,477.76446470518795,20.469264801412603,0.0000617188,0.00003203125411715032
2021-10-14T11:00:00.000Z,0.019842163299080673,1.0219032800718395,0.0005147907419037356,0.000721974485435235,0.0006884198155598931,212102100.1965,101223372.4322,2677632.5668,0.02121486025627961,0.02121486025627961,0.022418070813743238,1.0224180708137431,-0.0002140736293626544,0.9995999891831866,475.96398879035974,20.423915267889356,0.00005526730000000006,0.00002146124606660125
2021-10-14T12:00:00.000Z,0.019842163299080673,1.0270425867794573,0.0005397212829123028,0.0007474822074159145,0.0007191262192658421,212957816.7401,104334572.1477,3111199.7155,0.026323460560191414,0.026323460560191414,0.027582308062369557,1.0275823080623696,-0.00032650408341294845,0.9997260132361636,480.677293031888,20.525824193596804,0.00005490590000000003,0.000024836090063812494
2021-10-14T13:00:00.000Z,0.019842163299080673,1.0258582140424841,0.0005594850905570103,0.0007782202660999581,0.0007454190440527864,212578037.5404,108081355.3422,3746783.1945,0.02511279499843133,0.02511279499843133,0.02641769913304113,1.0264176991330412,-0.0002966930271540713,0.9997406719977229,479.536903180209,20.43042168889547,0.000054941499999999955,0.000029963261982976414
2021-10-14T14:00:00.000Z,0.019842163299080673,1.020953303750437,0.0005736474420393126,0.0008069651695595273,0.0007705183142985295,210286364.4937,111564064.2348,3482708.8926,0.020182785436138495,0.020182785436138495,0.021526951192476336,1.0215269511924763,-0.0002002645481823384,0.9992677042703716,475.1603756214734,20.1313248820489,0.00005595979999999979,0.000028154964453709863
2021-10-14T15:00:00.000Z,0.019842163299080673,1.018429024352436,0.0005958627087823357,0.0008467331527023739,0.0008098108067613463,221617429.3288,116654533.24499999,5090469.0102,0.01761921354567475,0.01761921354567475,0.01902488706121843,1.0190248870612184,-0.0001430489000695534,0.9998508883138931,472.49960113552373,20.167304136379048,0.00005295350000000016,0.00003904836069775406
2021-10-14T16:00:00.000Z,0.019842163299080673,1.020226733107648,0.0006186905628523584,0.0008824769764697788,0.0008485099652248973,221939402.062,121228466.21989998,4573932.9749,0.0193782231424231,0.0193782231424231,0.02084542367050036,1.0208454236705005,-0.0001597284750900485,1.0006190160415143,473.77052436533086,20.222928063276463,0.0000527937999999999,0.00003503517620164543
2021-10-14T17:00:00.000Z,0.019842163299080673,1.0138154079685096,0.0006301974972722872,0.0009143225532773891,0.0008734628764073271,221282325.6641,125317192.49619998,4088726.2763,0.012941945092102225,0.012941945092102225,0.014445605465781839,1.0144456054657818,-0.00009860644666204177,0.9981173768683216,468.9791989914974,19.923676312751837,0.00005226560000000009,0.00003141161251288167
2021-10-14T18:00:00.000Z,0.019842163299080673,1.0166740868267092,0.0006527424993890145,0.0009482580535556671,0.0009099649908543839,221708602.02150002,129670367.47509998,4353174.9789,0.01576412183585485,0.01576412183585485,0.017326829326098248,1.0173268293260982,-0.00011985967571204181,0.9994581759444966,470.9634446768702,19.973784160588067,0.00005288630000000017,0.0000333789370220843
2021-10-14T19:00:00.000Z,0.019842163299080673,1.0161112637635359,0.0006725419858257503,0.000974450169448642,0.0009356967544915662,221684099.0463,133031726.69349998,3361359.2184,0.015175567009044322,0.015175567009044322,0.016783805749361638,1.0167838057493617,-0.00011802797831228506,0.9989977209060084,470.63465436989327,19.939646646573937,0.000052863199999999836,0.000025776817984976603
2021-10-14T20:00:00.000Z,0.019842163299080673,1.0145324024003366,0.0006903471823907151,0.0009961172601590984,0.0009562742575068839,221751471.4196,135817541.76619998,2785815.0727,0.013576128142829713,0.013576128142829713,0.015222749582727312,1.0152227495827273,-0.00009007615524836421,0.9993629310706439,468.9813766279912,19.851335672703897,0.00005276509999999989,0.000021356726939722156
2021-10-14T21:00:00.000Z,0.019842163299080673,1.0123110863327354,0.0007102442382444825,0.0010120943268006081,0.0009715196523274461,221538213.6104,137874297.76909998,2056756.0029,0.01133956668040792,0.01133956668040792,0.013021330570979848,1.0130213305709799,-0.00007171953937490372,0.9986002894408328,467.2705346163167,19.82728198459828,0.00005270129999999997,0.000015782763379499684
2021-10-14T22:00:00.000Z,0.019842163299080673,1.0149775122166604,0.0007331713798051561,0.0010284984583070205,0.0009886277493185158,222173547.2875,139986523.18179998,2112225.4127,0.013988884467341922,0.013988884467341922,0.015710683596465595,1.0157106835964655,-0.00010098895116139595,0.9989804886439008,469.54310653992405,19.88691886376943,0.00005268850000000013,0.00001616206450061045
2021-10-14T23:00:00.000Z,0.019842163299080673,1.0144106001459534,0.0007543929634802768,0.0010462474420364362,0.0010059815161325147,222056747.6408,142271989.20439997,2285466.0226,0.013404618629820897,0.013404618629820897,0.015164993109433688,1.0151649931094338,-0.00007961304013304193,0.9999971879042153,468.5253204319997,19.89875176049945,0.00005264320000000002,0.000017496843845992312
2021-10-15T00:00:00.000Z,0.019842163299080673,1.01716888288627,0.000776285787246518,0.0010716762537178917,0.0010360334482288902,222669690.939,145546490.59609997,3274501.3917,0.016132849438041053,0.016132849438041053,0.017945168673516462,1.0179451686735164,-0.00013227004192917224,0.9990394913887832,471.5029490666884,19.926751430577344,0.000052685500000000104,0.0000249995962289047
2021-10-15T01:00:00.000Z,0.019842163299080673,1.0110431119364849,0.000790665909508756,0.0011059183015296261,0.0010621530445495964,221117403.388,149951674.77819997,4405184.1821,0.009980958891935288,0.009980958891935288,0.01183377784599364,1.0118337778459936,-0.00006388429389292405,0.9979303616496544,466.3287837371795,19.76626850493832,0.000052605200000000036,0.00003386804021223603
2021-10-15T02:00:00.000Z,0.019842163299080673,1.0090452278403477,0.0008064848328562575,0.00113462737401071,0.0010927226304038307,220488162.7738,153641832.24349996,3690157.4653,0.007952505209943839,0.007952505209943839,0.009851712673203927,1.0098517126732038,-0.00002431727589846666,1.0002476795835609,463.3814787902172,19.647307229339297,0.000052783699999999845,0.000028451720999851493
2021-10-15T03:00:00.000Z,0.019842163299080673,1.0193075552166957,0.0008443215821977182,0.0011656887091560876,0.001133168902242021,223880407.1583,157654951.30559996,4013119.0621,0.018174386314453672,0.018174386314453672,0.020151876798893412,1.0201518767988935,-0.00016694756528790045,0.9990381170392253,473.40011933327895,20.059877897788255,0.000052512199999999934,0.000030472976586763696
2021-10-15T04:00:00.000Z,0.019842163299080673,1.0109272517949028,0.0008516064425923459,0.0011894947513385072,0.0011465187066632687,222041524.9859,160730712.27529997,3075760.9697,0.009780733088239568,0.009780733088239568,0.011778858237495183,1.0117788582374951,-0.000055101296482451545,0.9985368161163776,465.86079610526366,19.744179246456206,0.00005251239999999987,0.000023548719766818553
2021-10-15T05:00:00.000Z,0.019842163299080673,1.0106508260642069,0.0008747548793634636,0.0012140303263705114,0.0011695405313121299,222285958.0522,163905087.12929997,3174374.854,0.009481285532894734,0.009481285532894734,0.011525580943570328,1.0115255809435704,-0.000045258187261865146,0.9992232498639283,465.2646963543572,19.803128245692893,0.00005244059999999987,0.0000242770047153979
2021-10-15T06:00:00.000Z,0.019842163299080673,1.0146154609161095,0.0008945771696183735,0.0012364842957667032,0.0011968736067171637,223104486.2417,166809450.99029997,2904363.861,0.013418587309392382,0.013418587309392382,0.01551003808572792,1.0155100380857278,-0.00008264276261360504,0.9997731132024344,468.64324813548694,19.785546999236036,0.00005246949999999998,0.00002213052120498847
2021-10-15T07:00:00.000Z,0.019842163299080673,1.012092483711665,0.0009110360781658493,0.0012498390359961208,0.0012093407271529522,222562295.8805,168536950.44059998,1727499.4503,0.010883142984511984,0.010883142984511984,0.013003519789830786,1.0130035197898308,-0.00005350104510715159,0.9997804764039699,466.297775799315,19.696937741031366,0.0000523635999999999,0.000013195177799059116
2021-10-15T08:00:00.000Z,0.019842163299080673,1.0120978280614388,0.0009302375720950887,0.0012632773335594072,0.00122064361780172,222597761.7134,170275526.3701,1738575.9295,0.010877184443637056,0.010877184443637056,0.013028065633533864,1.0130280656335338,-0.000052609036306550117,0.9998611686434546,466.2546473397014,19.67280264636217,0.00005205009999999997,0.00001327766756233326
