query_ts,assumedLPToken,equityValue,totalDexYield,totalTradingfee,newTotalTradingFee,liquidity,totalVolume,volume,priceImpact,priceEffect,totalReturn,totalEquityVal,impermanentLoss,tokenPrice,quoteTokenPrice,rewardPrice,rewardTokenPerLP,feePerDollar
2022-03-01T10:00:00.000Z,0.01921341120872606,0.9999999999999999,0.0000045892000451502375,0.000042961492955949685,-4.852784840636559e-13,256626439.8803,6485326.5415,6485326.5415,4.851674617611934e-13,4.851674617611934e-13,0.000004589200045039215,1.000004589200045,0,0.999960141176492,406.35843634664707,6.84432665560891,0.0000348981,0.000042961493467674225
2022-03-01T11:00:00.000Z,0.01921341120872606,1.0026876622744372,0.000009195736560983766,0.00007971181459424424,0.00003731588115218898,257314407.9647,12032997.1588,5547670.6173,0.0026503463932849858,0.0026503463932849858,0.0026968580109981584,1.002696858010998,-0.0000027661816487389856,1.000254912936293,408.39488389960246,6.86864048101042,0.000034782399999999994,0.00003665181489061354
2022-03-01T12:00:00.000Z,0.01921341120872606,0.9986295612586505,0.000013731803743562995,0.0000988362408102982,0.00005611468342914261,256275490.43670002,14919966.4787,2886969.3199,-0.0014265534247785983,-0.0014265534247785983,-0.0013567069376058927,0.9986432930623941,-0.000001271573624728184,1.0001273022273012,405.1321542537119,6.830223658791526,0.00003495720000000001,0.000019150671940835626
2022-03-01T13:00:00.000Z,0.01921341120872606,1.0031724480627675,0.000018500506238787336,0.0001264273602473744,0.00008324361828648819,257446930.2172,19085134.510900002,4165168.0322,0.0030892044444810196,0.0030892044444810196,0.003190948569006295,1.0031909485690063,-0.000004647354408193749,0.9999958546541023,408.858360538911,6.897778934492481,0.00003495730000000002,0.000027503865160738793
2022-03-01T14:00:00.000Z,0.01921341120872606,1.0079183171091863,0.00002336397939616906,0.00015565767762574644,0.0001140706352464882,258737352.2439,23498992.9633,4413858.4524,0.0078042464739398465,0.0078042464739398465,0.007941681088582503,1.0079416810885824,-0.00002793468579187497,1.000259456196627,412.6023259119095,6.96928894166208,0.00003488829999999997,0.000029000680821711175
2022-03-01T15:00:00.000Z,0.01921341120872606,0.9978404582677097,0.000027440199761701475,0.00019090897852824177,0.00014759568644284737,255112960.27609998,28800479.374300003,5301486.411,-0.0023071374187331184,-0.0023071374187331184,-0.0021321015325285694,0.9978678984674715,-0.0000025811004550346794,0.9999223906109728,404.50082058027266,6.817547952659651,0.00003500249999999999,0.000035327593270628244
2022-03-01T16:00:00.000Z,0.01921341120872606,0.9982036820060817,0.00003196494642059899,0.00022425759837483043,0.0001831880044335099,255363983.63340002,33818927.2417,5018447.8674,-0.001979505998351838,-0.001979505998351838,-0.0017643530474977292,0.9982356469525022,-0.000003832074111920214,1.0007473759448164,404.4328544192188,6.802893419110236,0.00003506879999999998,0.000033408632075647765
2022-03-01T17:00:00.000Z,0.01921341120872606,0.9954449096959227,0.000036216147695041195,0.0002472850119663904,0.0002045170888843595,254618725.4082,37283656.9392,3464729.6975,-0.004759607392961662,-0.004759607392961662,-0.004518874156382261,0.9954811258436177,-0.000012625042168035172,1.0002141655535335,402.39720592472014,6.752856566499613,0.000034577799999999986,0.000023132785997208947
2022-03-01T18:00:00.000Z,0.01921341120872606,0.9961807199025332,0.00004068212674045033,0.00026239235580715757,0.0002181299713421847,254074992.79779997,39550194.7176,2266537.7784,-0.004037410068808978,-0.004037410068808978,-0.0037785979707263425,0.9962214020292737,-0.000006776722638046628,0.999596150344104,403.2305670603654,6.736620422180514,0.000035176800000000005,0.00001516526353440229
2022-03-01T19:00:00.000Z,0.01921341120872606,1.0017450049248944,0.00004544151206283235,0.00027589153520841324,0.00023782289413976088,255494667.04790002,41575465.4672,2025270.7496,0.0015071820307546169,0.0015071820307546169,0.00179044643695721,1.0017904464369571,-0.0000020440457585424454,0.9994444374689069,407.7945812559232,6.767349987863908,0.0000351767,0.000013475663950647217
2022-03-01T20:00:00.000Z,0.01921341120872606,1.001424810700718,0.00004982782717720575,0.000285360342317849,0.0002434211072250836,255483402.8351,42996454.41150001,1420988.9443,0.0011813895934928986,0.0011813895934928986,0.001474638527895188,1.0014746385278952,-5.375777804017545e-7,1.000103940769852,407.2605725099077,6.747801241936816,0.00003484489999999999,0.000009455335174430823
2022-03-01T21:00:00.000Z,0.01921341120872606,1.0015131063277238,0.00005438650915614089,0.00029485897632684516,0.0002526998642182754,255508212.728,44421932.35250001,1425477.941,0.001260406463505559,0.001260406463505559,0.0015674928368799752,1.00156749283688,-5.726832438268659e-7,1.0001495461626744,407.30628657989644,6.747717860992066,0.00003516709999999999,0.000009484284179466769
2022-03-01T22:00:00.000Z,0.01921341120872606,0.9984466737736282,0.000058391331332508946,0.00030556527890407143,0.00026208320635234816,254724773.06599998,46028640.08200001,1606707.7295,-0.0018154094327241799,-0.0018154094327241799,-0.0014949348950393227,0.9985050651049607,-0.000001339547835099708,0.9997799005625475,404.95735438114434,6.707587147799899,0.00003358489999999995,0.00001072295838081789
2022-03-01T23:00:00.000Z,0.01921341120872606,1.001819404640535,0.00006320459927416022,0.00031651411044964433,0.00027452787870796413,253151012.7553,47656095.49150001,1627455.4095,0.0015448767618271297,0.0015448767618271297,0.001882609239809254,1.0018826092398092,-3.257168239567676e-7,1.0006969533026915,407.3148271233363,6.735295180721805,0.00003533059999999996,0.000010928947769307618
2022-03-02T00:00:00.000Z,0.01921341120872606,1.0026443694769465,0.00006834596236602065,0.00032913384206500747,0.0002865210583955502,234934549.4792,49395502.33040001,1739406.8389,0.002357848418550912,0.002357848418550912,0.0027127154393124828,1.0027127154393125,-0.000002553944308703038,1.0000551487004121,408.23817142447933,6.753402583914456,0.00003831380000000003,0.000012586448577635867
2022-03-02T01:00:00.000Z,0.01921341120872606,1.0027539289300573,0.00007252377275507759,0.0003496357968537645,0.00030623045227584633,229897420.6514,52160444.70260001,2764942.3722,0.002447698477781479,0.002447698477781479,0.002826452702812403,1.0028264527028123,-0.000002233542163221358,1.0002913407836151,408.214950763918,6.670259653969525,0.00003916430000000002,0.000020445649278803148
2022-03-02T02:00:00.000Z,0.01921341120872606,1.00354375496201,0.00007794346362187708,0.00037065640615005437,0.0003265503088796251,210843907.5598,54758336.87720001,2597892.1746,0.0032172046531304677,0.0032172046531304677,0.00362169842563197,1.0036216984256319,-0.000004471180961695964,1.0001818136358536,408.8866762974256,6.664664186759492,0.000042799600000000016,0.00002094638041920849
2022-03-02T03:00:00.000Z,0.01921341120872606,1.0048360042979865,0.00008347407874681027,0.0003908876324468337,0.0003529384026577098,211049877.0094,57257894.73780001,2499557.8606,0.004483065895328764,0.004483065895328764,0.004919478376733284,1.0049194783767332,-0.000009853338401200062,0.9999939487703571,409.996205046106,6.673580398487746,0.000042319800000000015,0.000020133858513600276
2022-03-02T04:00:00.000Z,0.01921341120872606,1.0090044306864656,0.0000899044260654267,0.0004090058715312979,0.0003688430945267829,211965868.3329,59496821.61280001,2238926.875,0.008635587591938831,0.008635587591938831,0.00909433511253104,1.009094335112531,-0.00004535609999800627,0.999034645574309,413.7900037007334,6.743753330151969,0.000042853999999999925,0.000017956549879635642
2022-03-02T05:00:00.000Z,0.01921341120872606,1.0072446574249216,0.00009516521744294494,0.00042915174609146477,0.0003856830182029647,206138694.82700002,61922100.96480001,2425279.352,0.006858974406718676,0.006858974406718676,0.007339822642364586,1.0073398226423647,-0.000025080861976944924,0.9997131719714829,412.0537265615794,6.712724113128501,0.00004399680000000009,0.000020000975080686175
2022-03-02T06:00:00.000Z,0.01921341120872606,1.0075292150482114,0.00010082577475902199,0.000447567233939398,0.00040645455393817365,206170948.22739998,64138786.610800005,2216685.646,0.007122760494273184,0.007122760494273184,0.00763004082297038,1.0076300408229704,-0.000026123098447961013,0.9998294366263439,412.2217214563438,6.714898331926672,0.000043635899999999987,0.000018277869072240057
2022-03-02T07:00:00.000Z,0.01921341120872606,1.0045587055417997,0.00010602987634556332,0.00047083403318523093,0.000426296926353098,205112423.7228,66933288.179800004,2794501.569,0.004132408615446614,0.004132408615446614,0.004664735418145276,1.0046647354181453,-0.000008094212751719176,1.0000605380602343,409.68272134698435,6.684285437610822,0.00004410069999999992,0.000023161213646035837
2022-03-02T08:00:00.000Z,0.01921341120872606,1.0055297941671395,0.00011143943887687762,0.0005083155692206016,0.0004664592969192416,205189503.352,71432419.3981,4499131.2183,0.00506333487022026,0.00506333487022026,0.005641233606016378,1.0056412336060163,-0.000005016436210980579,1.0018449218537346,409.71166457539226,6.669147336574114,0.000044091000000000036,0.000037275411003793185
2022-03-02T09:00:00.000Z,0.01921341120872606,1.0063042483903317,0.0001171005925750749,0.0005294930310419762,0.0004957455361904728,205348024.6085,73974481.758,2542062.3599,0.005808502854141251,0.005808502854141251,0.006421348982906799,1.0064213489829068,-0.00001471328976099251,1.0003272320640564,410.94195556819767,6.672217082579297,0.00004376000000000008,0.00002104478979074201
2022-03-02T10:00:00.000Z,0.01921341120872606,1.0074237548801344,0.0001230053104329586,0.0005472414888143172,0.000504298154549998,205224944.75550002,76101296.5011,2126814.7431,0.006919456725584361,0.006919456725584361,0.007546760190567318,1.0075467601905672,-0.000022469065765862162,1.00015212539469,411.9223658187466,6.685143150224697,0.00004420480000000003,0.00001761766859081151
2022-03-02T11:00:00.000Z,0.01921341120872606,1.0099834922145945,0.0001295261590332104,0.0005654847380374699,0.0005238192112448914,205972447.2537,78289804.47240001,2188507.9713,0.0094596730033496,0.0094596730033496,0.010113018373627701,1.0101130183736278,-0.000034023029193308574,1.0011268648736493,413.60025890072586,6.729474823950514,0.00004412470000000009,0.000018062918612737737
2022-03-02T12:00:00.000Z,0.01921341120872606,1.0071786271307652,0.00013517275865969453,0.0005824696029721659,0.0005392612494250493,203987470.04950002,80313336.7777,2023532.3053,0.006639365881340176,0.006639365881340176,0.007313799889424919,1.0073137998894248,-0.00003184602267891634,0.998597711348436,412.33407241310414,6.7245762027034095,0.00004443340000000008,0.000016863805008098
2022-03-02T13:00:00.000Z,0.01921341120872606,1.0065271936204967,0.00014232618991582264,0.0006249736265285769,0.0005834906850008537,202429111.50140002,85341722.525,5028385.7473,0.005943702935495843,0.005943702935495843,0.006669519810412519,1.0066695198104125,-0.000016726444278192254,1.000102366914921,411.14486196591423,6.790274363629105,0.00004470809999999999,0.00004222839149472273
2022-03-02T14:00:00.000Z,0.01921341120872606,1.00051916751714,0.00014598687862756054,0.0006568070018349416,0.0006099768120580995,199195804.6703,89069830.9476,3728108.4226,-0.00009080929491800394,-0.00009080929491800394,0.0006651543957676561,1.0006651543957676,-0.0000017647860126590587,1.0017495725894467,405.55888870829193,6.687796903854113,0.00004520510000000005,0.000031816856428829
2022-03-02T15:00:00.000Z,0.01921341120872606,1.0084369863476415,0.0001544800028869545,0.0006889917673762206,0.0006500861459002305,199792662.9415,92820702.64250001,3750871.6949,0.00778690020174122,0.00778690020174122,0.008591466350528406,1.0085914663505284,-0.000025852119694969034,1.0005263741818033,412.4780534035005,6.804777966010168,0.000045429299999999975,0.00003191549573167788
2022-03-02T16:00:00.000Z,0.01921341120872606,1.0046543078792236,0.0001592176203755393,0.0007205058619004834,0.0006825369767045064,199156686.97980002,96495506.51440002,3674803.8719,0.003971770902519101,0.003971770902519101,0.004813525499599147,1.0048135254995991,-0.0000021827524732120906,1.0018363476681955,408.82569985631187,6.754346879045401,0.00004532870000000002,0.000031368098540741615
2022-03-02T17:00:00.000Z,0.01921341120872606,1.0054920338041595,0.00016618953340924867,0.0007485262454494438,0.0007044370293811664,199327090.46620002,99762985.80140002,3267479.287,0.004787596774778358,0.004787596774778358,0.005658223337568773,1.0056582233375688,-0.000007410330558288436,1.0008869330925145,409.87882367795777,6.798515108326169,0.00004540369999999995,0.00002786733491623365
2022-03-02T18:00:00.000Z,0.01921341120872606,1.0044871504466208,0.0001718699811497456,0.0007613182848578678,0.0007225494772060692,199127884.0389,101254675.81050003,1491690.0091,0.0037646009694147775,0.0037646009694147775,0.004659020427770592,1.0046590204277706,-0.0000043413930039815085,1.0007713081991036,409.09189499260714,6.788628419407071,0.00004540369999999995,0.000012734896610334152
2022-03-02T19:00:00.000Z,0.01921341120872606,1.0003995839163249,0.0001765697848954066,0.0007744034940225614,0.0007277373361966877,198321441.9268,102780582.36980003,1525906.5593,-0.0003281534198718017,-0.0003281534198718017,0.0005761537012202926,1.0005761537012203,-2.467831342611859e-7,0.9989299632169346,406.51057921537205,6.744578915239107,0.000044873700000000065,0.000013079983311978212
2022-03-02T20:00:00.000Z,0.01921341120872606,1.0010671518636787,0.00018316820465487393,0.0007864756434184757,0.0007405236296598172,197992732.02150002,104185082.29450004,1404499.9247,0.0003266282340188553,0.0003266282340188553,0.0012503200683335464,1.0012503200683336,-6.790545914459045e-8,0.9999181932912787,406.64099438557895,6.770486150045438,0.00004551039999999998,0.000012059280396871968
2022-03-02T21:00:00.000Z,0.01921341120872606,1.001902859014364,0.00018921936881217586,0.0007934696939959473,0.0007468221736499636,198139345.6365,104998708.54640004,813626.2519,0.0011560368407139698,0.0011560368407139698,0.002092078383176109,1.0020920783831762,-9.86516411449756e-7,0.9997109038776688,407.40005339442126,6.775862294680891,0.00004536319999999995,0.000006980767115116595
2022-03-02T22:00:00.000Z,0.01921341120872606,1.0039880690157477,0.00019566902602356456,0.0008021030020762893,0.0007575408572659814,198541219.2836,106002978.51670004,1004269.9703,0.0032305281584816825,0.0032305281584816825,0.004183738041771228,1.0041837380417713,-0.000004357567881529967,1.0002333425772647,408.87647189436217,6.794047452094302,0.00004551840000000001,0.00000859901513484371
2022-03-02T23:00:00.000Z,0.01921341120872606,1.0046727577014376,0.00020291183441948645,0.0008107090347980795,0.0007663026413355922,198689685.5483,107004141.53550005,1001163.0188,0.00390645506010201,0.00390645506010201,0.004875669535857089,1.0048756695358572,-0.0000072817647314149525,1.0000427551317828,409.50564724494734,6.837904465212237,0.00004551489999999994,0.000008566006470156005
2022-03-03T00:00:00.000Z,0.01921341120872606,1.0036710385218157,0.00020866160339136068,0.0008169456100880348,0.0007717763668624311,198495730.9684,107729674.32410005,725532.7886,0.002899262154953286,0.002899262154953286,0.0038797001252070776,1.003879700125207,-0.000004299655323114493,0.9999227473889846,408.7334160533389,6.830380518868946,0.00004551410000000006,0.000006213764571170324
2022-03-03T01:00:00.000Z,0.01921341120872606,1.0047440881534124,0.00021541851342116072,0.0008368065862654576,0.000794068588405139,198709527.06550002,110040221.86540005,2310547.5413,0.00395001956500729,0.00395001956500729,0.00495950666683359,1.0049595066668335,-0.000007645994553495683,0.9999918693804585,409.562028978946,6.855325880543845,0.00004551409999999988,0.000019767199279354373
2022-03-03T02:00:00.000Z,0.01921341120872606,1.0032950699706,0.000220756476086916,0.0008523903477718974,0.0008073563418204976,198504699.3841,111853922.10520005,1813700.2398,0.002487713628779531,0.002487713628779531,0.0035158264466869445,1.003515826446687,-0.000002248927314707494,1.00032400064816,408.23421221936894,6.8350626840408895,0.00004549559999999983,0.000015532581431202975
2022-03-03T03:00:00.000Z,0.01921341120872606,1.0017249438813873,0.00022603195982970375,0.0008675374749019133,0.0008208223166452644,198108192.1622,113616041.44690005,1762119.3417,0.0009041215647420664,0.0009041215647420664,0.0019509758412170346,1.001950975841217,-2.8858788203578456e-7,1.0001041379590512,407.03494930944174,6.813904198979619,0.00004551580000000018,0.000015121044961317733
2022-03-03T04:00:00.000Z,0.01921341120872606,0.9980354923291188,0.00022985728814517987,0.0008833132879027722,0.0008349558076183872,197184468.6748,115449493.43200006,1833451.9851,-0.0027994634784995753,-0.0027994634784995753,-0.0017346503827360084,0.998265349617264,-0.0000035408729256447558,0.9998179265647004,404.1439272348392,6.751210929188654,0.000045523300000000174,0.000015806865498166555
2022-03-03T05:00:00.000Z,0.01921341120872606,0.99939398332791,0.00023531353167915889,0.0009009369219065136,0.0008564208360346548,197453991.39020002,117497709.27690005,2048215.8449,-0.001462437508124692,-0.001462437508124692,-0.0003707031404108784,0.9996292968595891,-9.962054929868458e-7,0.9999081651615954,405.19181889194977,6.738218872939047,0.000045561500000000014,0.000017634320338701523
2022-03-03T06:00:00.000Z,0.01921341120872606,1.0013879515927453,0.00024190347351493244,0.0009139576719979429,0.0008687978594177359,197849922.1905,119010993.79320005,1513284.5163,0.0005191537333275598,0.0005191537333275598,0.0016298550662602281,1.0016298550662601,-9.158341085502286e-8,1.000907550924357,406.3954325253809,6.75753225972874,0.00004556139999999983,0.000013002702499084054
2022-03-03T07:00:00.000Z,0.01921341120872606,1.0011882252531854,0.00024762350439380167,0.0009488993161160107,0.000903821680818151,197828566.5521,123072318.23090005,4061324.4377,0.00028440357236725333,0.00028440357236725333,0.001435848757579206,1.0014358487575792,-1.9095819370207323e-9,1.0001827208234173,406.4991267580143,6.7523454361535205,0.00004552110000000002,0.0000349001747544468
2022-03-03T08:00:00.000Z,0.01921341120872606,1.0022666560982185,0.00025343802366964793,0.0009658307254980417,0.0009214562345372102,198042155.1264,125040288.49610005,1967970.2652,0.0013451998636813123,0.0013451998636813123,0.00252009412188817,1.0025200941218881,-1.205627584432989e-7,1.000813721811613,407.1049275696637,6.750047369572791,0.000045483299999999856,0.00001689311777436834
