query_ts,assumedLPToken,equityValue,totalDexYield,totalTradingfee,newTotalTradingFee,liquidity,totalVolume,volume,priceImpact,priceEffect,totalReturn,totalEquityVal,impermanentLoss,tokenPrice,quoteTokenPrice,rewardPrice,rewardTokenPerLP,feePerDollar
2022-01-27T10:00:00.000Z,0.02045769748496995,1,0.000006740654480445926,0.000012018557674641594,-1.8451906669270102e-13,186315483.7049,1317201.9434,1317201.9434,1.8451906669270102e-13,1.8451906669270102e-13,0.000006740654480445926,1.0000067406544804,-2.220446049250313e-16,1.0000948184856548,370.7499609576819,7.263572028015463,0.00004536229999999999,0.000012018557230201415
2022-01-27T11:00:00.000Z,0.02045769748496995,0.9948012458594679,0.000013332434739103222,0.000029972946961093447,0.000020146460218417594,185360158.2988,3285096.2703,1967894.3269,-0.005218900600750476,-0.005218900600750476,-0.005185421705792955,0.994814578294207,-0.000014293083511307536,1.0002089043350657,366.84839641499997,7.1835978745149465,0.000045359300000000005,0.00001804821697625653
2022-01-27T12:00:00.000Z,0.02045769748496995,0.9998100036148441,0.000020044478702224646,0.00004432953714204181,0.00003207334505272996,190500437.1866,4894188.3547,1609092.0844,-0.00022206973020866272,-0.00022206973020866272,-0.0001699519064537081,0.9998300480935463,-9.147128265940552e-8,1.0003004826084632,370.50912134454796,7.2581745504023285,0.0000442712,0.000014359318980462763
2022-01-27T13:00:00.000Z,0.02045769748496995,1.0020985228694161,0.000026772774992687284,0.00006032138063913528,0.00004855345745169437,190939182.1196,6686585.4524,1792397.0977,0.0020499694119644474,0.0020499694119644474,0.002125295644408829,1.0021252956444089,-0.0000012892280367715614,1.000537071225749,372.1070213991959,7.297351775456483,0.0000443448,0.000015958354028045332
2022-01-27T14:00:00.000Z,0.02045769748496995,1.0034907911336488,0.00003343562468027378,0.00007916240858035547,0.00006749862118282657,191248816.26380002,8798814.670699999,2112229.2183,0.0034232925124659808,0.0034232925124659808,0.003524226758329081,1.003524226758329,-0.000007986291447159566,0.9995157929499112,373.50892758400926,7.322737761877689,0.00004385470000000002,0.00001877548703965323
2022-01-27T15:00:00.000Z,0.02045769748496995,1.0064153813414127,0.000040254543933163814,0.00010412927513608684,0.00009381231367155962,192210488.0689,11603698.919999998,2804884.2493,0.00632156902774117,0.00632156902774117,0.006455635885345893,1.0064556358853458,-0.000023791859911526103,0.9994984477706408,375.67624096214996,7.357704644350722,0.00004424120000000002,0.000024807716122653766
2022-01-27T16:00:00.000Z,0.02045769748496995,1.0034657716355748,0.00004655169565355876,0.00012105927999906455,0.00011318838399532183,191651274.96899998,13505728.792299997,1902029.8723,0.0033525832515794995,0.0033525832515794995,0.00351232333122838,1.0035123233312284,-0.000005804808438703013,1.0000344934309426,373.2625832885022,7.306124537726696,0.00004401890000000001,0.000016871532857963078
2022-01-27T17:00:00.000Z,0.02045769748496995,1.003283860594809,0.000052873685276903026,0.0001380372233845588,0.00012952437323665578,191608506.2339,15413064.456999997,1907335.6647,0.0031543362215722404,0.0031543362215722404,0.0033367342800857992,1.0033367342800859,-0.000004780226754541594,1.000152192848643,373.0711872288679,7.26616596398591,0.00004424239999999998,0.000016922373091473594
2022-01-27T18:00:00.000Z,0.02045769748496995,0.9982765787559263,0.00005701051089451438,0.0001642588300832148,0.00015249547123208362,190658004.6555,18358940.951799996,2945876.4948,-0.0018759167153057366,-0.0018759167153057366,-0.0016664107331791386,0.9983335892668208,-0.0000023167378732091848,1.0003697569467016,369.2587597425443,6.967983908256612,0.00004424170000000002,0.000026266875341577914
2022-01-27T19:00:00.000Z,0.02045769748496995,0.998638529964657,0.00006379510867893745,0.00018336048909039352,0.00017174102450145945,190755926.1886,20505248.206699997,2146307.2549,-0.001533211059844497,-0.001533211059844497,-0.0012976749266641,0.9987023250733359,-0.0000011921847390405915,1.00010457296291,369.6103515977823,7.020685995737158,0.000044235399999999966,0.000019127701069284292
2022-01-27T20:00:00.000Z,0.02045769748496995,0.9957398224818331,0.00006994505763322054,0.0001996589443743127,0.00018776694889510726,190207045.9009,22336627.1914,1831378.9847,-0.004447944467061982,-0.004447944467061982,-0.004190232460533654,0.9958097675394664,-0.000010168429890544672,1.0001466186010728,367.44011384185904,7.000335343897059,0.000044234599999999964,0.000016368185832674603
2022-01-27T21:00:00.000Z,0.02045769748496995,0.9887694887526598,0.00007553010172861025,0.0002218703227403985,0.00021207170666603936,188876755.9246,24832428.7276,2495801.5362,-0.011442582954006242,-0.011442582954006242,-0.011154981145611592,0.9888450188543884,-0.000067685248463345,1.0002214963898535,362.2679428929542,6.931522585396769,0.000044234599999999964,0.000022463656741509043
2022-01-27T22:00:00.000Z,0.02045769748496995,1.0044361879247896,0.00008361081550527147,0.00031833743323355713,0.00034587039773303907,191872415.3467,35672210.5151,10839781.7875,0.004090317527056575,0.004090317527056575,0.0045197987402948855,1.004519798740295,-0.000010393294820332244,0.9996176110401389,373.96757718239974,7.085187009642217,0.00004419760000000001,0.00009604105418411794
2022-01-27T23:00:00.000Z,0.02045769748496995,1.0233016147716476,0.00009099342384787156,0.0006196315996077808,0.0006147441990964619,195505750.59660003,69533046.66420001,33860836.1491,0.022686870572551143,0.022686870572551143,0.023392608195495476,1.0233926081954954,-0.0002533807512350439,1.0000144239525735,387.79427011517157,7.175654739848147,0.00004301860000000002,0.0002944333927662538
2022-01-28T00:00:00.000Z,0.02045769748496995,1.0264615650505917,0.00009779415819409127,0.0006360232458410532,0.0006339448426828653,196110785.9742,71375228.3619,1842181.6977,0.025827620207908852,0.025827620207908852,0.02655935920878581,1.0265593592087858,-0.00030745838537893366,1.0007941575096753,389.87582447740573,7.198661996635423,0.00004419820000000002,0.000015969080285579
2022-01-28T01:00:00.000Z,0.02045769748496995,1.027057789523507,0.0001045377364549148,0.0006478374679416755,0.0006456646851331627,196271503.2304,72703291.1353,1328062.7734,0.02641212483837374,0.02641212483837374,0.02716232725996182,1.027162327259962,-0.00035136760935405853,0.9996511866723296,390.76652478720484,7.2145769633506704,0.00004422529999999997,0.000011502977648923969
2022-01-28T02:00:00.000Z,0.02045769748496995,1.0189615428337062,0.00010935662900674665,0.0006657776554945333,0.00065834059122305,194738330.59980002,74720132.2686,2016841.1333,0.018303202242483163,0.018303202242483163,0.01907089946271296,1.019070899462713,-0.00018930469945399597,0.9987738584031498,384.95444915141996,7.1035983063240415,0.00004422520000000002,0.000017606343425301608
2022-01-28T03:00:00.000Z,0.02045769748496995,1.0216495080994947,0.00011590986083277212,0.0006824524955883204,0.000676666918526303,190488188.2863,76548985.5211,1828853.2525,0.020972841180968427,0.020972841180968427,0.0217654179603275,1.0217654179603275,-0.000224592393247125,0.9996548486008717,386.6344905627694,7.109457801681934,0.000044436799999999994,0.000016321487212515024
2022-01-28T04:00:00.000Z,0.02045769748496995,1.0261102112687561,0.0001230539345310552,0.0007020407777540346,0.000700098128842308,191324610.5337,78697430.5488,2148445.0277,0.025410113139913815,0.025410113139913815,0.026233265203287177,1.0262332652032873,-0.0003060046958699436,1.0004455777353485,389.69426551246477,7.14133365779474,0.00004534289999999995,0.00001908984179767439
2022-01-28T05:00:00.000Z,0.02045769748496995,1.029683377348686,0.00013065540081921826,0.0007280370961049071,0.0007283270718976276,191996277.7825,81548790.3674,2851359.8186,0.028955050276788352,0.028955050276788352,0.029814032749505198,1.0298140327495051,-0.0004097357584774697,1.0000072855854665,392.5653224901281,7.195146976545726,0.00004534219999999999,0.00002524690451088433
2022-01-28T06:00:00.000Z,0.02045769748496995,1.0277502049177705,0.0001366328489695047,0.0007420157200959718,0.0007426299355337562,191786747.3614,83083218.46280001,1534428.0954,0.027007574982236715,0.027007574982236715,0.027886837766739975,1.02788683776674,-0.00035690329942861254,1.0000229877340605,391.0745926143235,7.158918270677621,0.000045306200000000213,0.000013601188810322383
2022-01-28T07:00:00.000Z,0.02045769748496995,1.022893978877207,0.00014185208389339276,0.0007619207283341483,0.0007608925958593193,190986846.3308,85269400.3295,2186181.8667,0.02213308628134758,0.02213308628134758,0.023035830961100293,1.0230358309611003,-0.00023978436918370427,1.0000852761300285,387.3469591429943,7.088158457381963,0.00004530619999999971,0.000019459503336438136
2022-01-28T08:00:00.000Z,0.02045769748496995,1.021177450461513,0.0001475748538896567,0.0007826191433623449,0.0007773302468445653,190669169.5858,87542756.3252,2273355.9957,0.020400120214668416,0.020400120214668416,0.02132502531540264,1.0213250253154027,-0.00019492333790438465,1.0005436476552951,385.857773821262,7.0534332258924595,0.00004447570000000015,0.00002026916675142336
2022-01-28T09:00:00.000Z,0.02045769748496995,1.0196853036429854,0.00015418866628951866,0.0008060467952627744,0.0007986989681176837,189894666.2677,90109168.76400001,2566412.4388,0.01888660467486769,0.01888660467486769,0.019839492309274894,1.0198394923092748,-0.00017877812082978117,0.9998947202588031,384.96364802266953,7.056127552547457,0.000045426699999999956,0.000022975374883934296
2022-01-28T10:00:00.000Z,0.02045769748496995,1.018839326024451,0.00015969604216293292,0.0008227532486364851,0.0008146732377560806,189759493.1629,91939514.50670001,1830345.7427,0.01802465278669496,0.01802465278669496,0.018999022066613976,1.018999022066614,-0.00015268025942716257,1.0004833859435722,384.08646249416176,7.010065280384121,0.00004542170000000002,0.000016397534113978905
2022-01-28T11:00:00.000Z,0.02045769748496995,1.0194884828645392,0.000166277389037359,0.0008377527608305238,0.0008310647736593513,196003249.14769998,93635839.7766,1696325.2699,0.01865741809087984,0.01865741809087984,0.01965476025357655,1.0196547602535766,-0.00017103971156351427,1.0000836134939488,384.7178031494414,7.021114747961114,0.00004406720000000004,0.000014712781402194625
2022-01-28T12:00:00.000Z,0.02045769748496995,1.0140880721488923,0.00017137685810329485,0.0008522965532638478,0.0008421204568542784,194966172.1328,95280637.0012,1644797.2246,0.013245951692038016,0.013245951692038016,0.014259449006995589,1.0142594490069956,-0.00008252113710760511,1.0004065680228913,380.5182679778201,6.971076247197768,0.0000440671,0.000014341745807654345
2022-01-28T13:00:00.000Z,0.02045769748496995,1.0105833397347335,0.0001767703863017784,0.0008710013574890551,0.0008568047750732166,194376763.6268,97396933.23820001,2116296.237,0.009726534959660249,0.009726534959660249,0.010760110121035244,1.0107601101210353,-0.00004613082651372391,1.0001688873765016,377.9692677393433,6.937344019109283,0.000043846599999999954,0.000018508918122577286
2022-01-28T14:00:00.000Z,0.02045769748496995,1.016578106188324,0.0001845726784863111,0.0008918788714756536,0.0008817606325193239,195530132.066,99759057.91020001,2362124.672,0.01569634555580457,0.01569634555580457,0.016762678866810203,1.0167626788668103,-0.00011801725850724143,1.0003051221076498,382.39973115703606,6.996025676063016,0.00004406730000000008,0.00002053704920039922
2022-01-28T15:00:00.000Z,0.02045769748496995,1.013153756443485,0.00018807740239544315,0.0009229503149609,0.0009109967661178331,194885910.3637,103274804.75030002,3515746.8401,0.012242759677367099,0.012242759677367099,0.013341833845880375,1.0133418338458804,-0.00007343248539637415,1.0001440908956538,379.8648211405552,6.894849988335788,0.00004377079999999997,0.000030668043764764895
2022-01-28T16:00:00.000Z,0.02045769748496995,1.0178538138427378,0.00019666673276839478,0.0009445187385815795,0.0009395476460358765,201372930.37699997,105784870.83410002,2510066.0838,0.016914266196701888,0.016914266196701888,0.01805048057550616,1.0180504805755062,-0.0001462757026098327,0.9997624783040889,383.5254055865652,6.985371444341402,0.00004282639999999994,0.000021190099058852316
2022-01-28T17:00:00.000Z,0.02045769748496995,1.0210387024845278,0.00020578100588466584,0.0009651896380066588,0.0009607031338538796,202063395.4192,108191204.69610003,2406333.862,0.020077999350673892,0.020077999350673892,0.021244483490412438,1.0212444834904124,-0.00020378815977639686,0.9997836977449998,385.90730726259244,7.088573616612941,0.00004281400000000007,0.000020244970925650874
2022-01-28T18:00:00.000Z,0.02045769748496995,1.0183920351521945,0.00021106208358880315,0.0009800341299522355,0.0009740474078347994,201520686.6885,109919114.52600002,1727909.8299,0.017417987744359653,0.017417987744359653,0.018603097235783256,1.0186030972357834,-0.00014970304900874254,1.0000584145255438,383.7918481861943,7.057561437938479,0.000042812700000000025,0.00001457640284528481
2022-01-28T19:00:00.000Z,0.02045769748496995,1.0215999566184608,0.0002189792241816516,0.000994989678554379,0.0009904645837055526,202154970.1099,111659947.05720003,1740832.5312,0.02060949203475526,0.02060949203475526,0.021818935842642464,1.0218189358426424,-0.00022284486116563862,0.99938167000346,386.46495493461043,7.1139491678554325,0.0000428131999999999,0.000014639339816533506
2022-01-28T20:00:00.000Z,0.02045769748496995,1.0247966161365818,0.0002261071336479893,0.0010097084293081342,0.0010079021618936146,202821441.27260002,113373502.64130002,1713555.5841,0.02378871397468818,0.02378871397468818,0.025022723270229783,1.0250227232702298,-0.00026503839828617703,1.000579213297382,388.41097257290784,7.1423187979591,0.000042806200000000126,0.000014362606215063592
2022-01-28T21:00:00.000Z,0.02045769748496995,1.0262681030782919,0.00023328628688223853,0.001034501164034413,0.0010343381022550613,203121037.1219,116259989.42400002,2886486.7827,0.0252337649760368,0.0252337649760368,0.0265013893651741,1.026501389365174,-0.00031599515054914207,0.9998727441416474,389.78342081099805,7.17267256708652,0.00004237689999999995,0.00002415814531138457
2022-01-28T22:00:00.000Z,0.02045769748496995,1.0164271701861896,0.00023628736566294777,0.0010896612946785325,0.0010805234281725529,201038580.5144,122677690.72990003,6417701.3059,0.015346646758017002,0.015346646758017002,0.0166634575518525,1.0166634575518525,-0.0001256861090664918,0.9994694802204835,382.4559588712115,7.074336836903497,0.000042835699999999845,0.00005426864929166434
2022-01-28T23:00:00.000Z,0.02045769748496995,1.0188654096971703,0.00024365249798027373,0.0010970664329017989,0.0010904860513869519,201518019.8793,123539242.42900003,861551.6991,0.01777492364578337,0.01777492364578337,0.019109062195150593,1.0191090621951506,-0.00016386789806999147,0.9996089766248488,384.23386232437866,7.108343621710255,0.00004283640000000014,0.000007268024414626793
2022-01-29T00:00:00.000Z,0.02045769748496995,1.0209484128662896,0.0002509439678761498,0.001106766632237805,0.0011029414217895717,201931718.118,124667822.73250003,1128580.3035,0.019845471444499996,0.019845471444499996,0.021199356834165718,1.0211993568341657,-0.00020058551149371162,0.9997150434465714,385.7578809879449,7.138560270162421,0.00004283620000000038,0.000009501164719595276
2022-01-29T01:00:00.000Z,0.02045769748496995,1.022986343664951,0.0002594504673622746,0.001117607276606657,0.001115452018989993,202337115.9252,125929103.82540002,1261281.0929,0.0218708916459609,0.0218708916459609,0.023245794132313168,1.0232457941323132,-0.0002606905640020196,0.9988943280833562,387.60984620527415,7.2016152436792975,0.00004269309999999966,0.00001059705654163154
2022-01-29T02:00:00.000Z,0.02045769748496995,1.0204803333891996,0.00026231697884160674,0.001129329778666375,0.0011287883525610276,201841583.54419997,127292987.73440002,1363883.909,0.019351545036638607,0.019351545036638607,0.02074265036804124,1.0207426503680412,-0.00018549291204328355,0.9999990178307074,385.27487547353854,7.108418044084539,0.000042800299999999984,0.00001148723966878839
2022-01-29T03:00:00.000Z,0.02045769748496995,1.0208992965368473,0.0002692367643743097,0.0011393174270639727,0.0011350020083658041,201935118.5066,128455087.08410002,1162099.3497,0.019764294528481496,0.019764294528481496,0.02116853330122161,1.0211685333012217,-0.00019912744997141463,0.9997083925179072,385.6990388710676,7.126703147067176,0.00004283400000000046,0.000009783186347675483
2022-01-29T04:00:00.000Z,0.02045769748496995,1.0235512896399788,0.0002776827925804895,0.0011525892621561688,0.0011512488845304425,202526627.0815,129999824.14430003,1544737.0602,0.022400040755448325,0.022400040755448325,0.023828972432559256,1.0238289724325593,-0.00025340901361647905,0.9997326975067061,387.68599352721566,7.183658269467705,0.000042829999999999785,0.000012966457992129763
2022-01-29T05:00:00.000Z,0.02045769748496995,1.0240505224813579,0.00028717210934563767,0.0011649798614715024,0.0011644593199000575,203580125.0451,131448787.41240002,1448963.2681,0.022886063161457804,0.022886063161457804,0.0243376945907035,1.0243376945907035,-0.0002728400389713226,0.9993606717307598,388.1991315237933,7.265522879821515,0.000042552700000000064,0.000012099597420054183
2022-01-29T06:00:00.000Z,0.02045769748496995,1.024279637830152,0.0002935209941899416,0.0011758195545574213,0.001177218018734827,203667252.7105,132716645.64830002,1267858.2359,0.02310241981141714,0.02310241981141714,0.02457315882434191,1.0245731588243419,-0.000257014835104985,1.0002597960110744,388.0142732151744,7.266149322252628,0.00004254410000000012,0.000010582746967641898
2022-01-29T07:00:00.000Z,0.02045769748496995,1.0264749531079091,0.00029991149408034666,0.0011869681977449884,0.0011897330753103397,205259685.51270002,134028025.24850002,1311379.6002,0.02528522003259881,0.02528522003259881,0.026774864601989495,1.0267748646019894,-0.0003137687383145682,1.0000116775453682,389.7683884273402,7.268627305933836,0.00004230279999999985,0.000010861096833367523
2022-01-29T08:00:00.000Z,0.02045769748496995,1.0290356555690237,0.00030984945530303584,0.0011994145176909617,0.0012049008278733897,205774202.2459,135492063.87,1464038.6215,0.027830754741150265,0.027830754741150265,0.02934550502432669,1.0293455050243268,-0.000365531218973314,1.0005031732226801,391.5137668009155,7.355213907243447,0.0000423026000000001,0.00001209512965855558
