query_ts,assumedLPToken,equityValue,totalDexYield,totalTradingfee,newTotalTradingFee,liquidity,totalVolume,volume,priceImpact,priceEffect,totalReturn,totalEquityVal,impermanentLoss,tokenPrice,quoteTokenPrice,rewardPrice,rewardTokenPerLP,feePerDollar
2022-01-01T10:00:00.000Z,0.017617932145637068,0.9999999999999999,0.000007206080607321473,0.000007958113325224636,5.171418848703979e-13,283738491.0655,1328248.9289,1328248.9289,-5.172529071728604e-13,-5.172529071728604e-13,0.00000720608060721045,1.0000072060806071,0,0.99981035436618,515.0318649798426,11.898165312583014,0.0000343767,0.000007958113721725344
2022-01-01T11:00:00.000Z,0.017617932145637068,0.9991728234029776,0.000014377250183633767,0.000018475321146056998,0.00001056814095135028,283358758.15389997,3082725.3455,1754476.4166,-0.0008377447379737113,-0.0008377447379737113,-0.0008127993468387272,0.9991872006531612,-6.478965191014652e-7,1.0001105760152402,514.0149482817736,11.896007053323038,0.00003422260000000001,0.000010525913960280918
2022-01-01T12:00:00.000Z,0.017617932145637068,0.9986424131985774,0.000021587802963098923,0.00003035917134315179,0.000022459322816192895,283080490.8316,5064289.6081,1981564.2626,-0.0013800461242388096,-0.0013800461242388096,-0.0013359989984595177,0.9986640010015405,-7.86200178959362e-7,0.9996833415643075,513.6765662898065,11.895911807762923,0.000034405100000000014,0.000011900004965103584
2022-01-01T13:00:00.000Z,0.017617932145637068,1.0009704887041218,0.000028870192430266603,0.00004117075366861917,0.00003551144952629315,283743712.2942,6867080.4297,1802790.8216,0.0009349772545954593,0.0009349772545954593,0.0009993588965520191,1.000999358896552,-5.607569479870733e-7,0.9996859103748346,516.0596340725865,11.925564193138676,0.0000344048,0.000010801100655024616
2022-01-01T14:00:00.000Z,0.017617932145637068,1.001361199716053,0.00003612069302837016,0.00005391561158939661,0.00004708033358480357,283856127.1407,8992250.002700001,2125169.573,0.0013141193824681707,0.0013141193824681707,0.0013973204090813444,1.0013973204090814,-8.701766974761327e-7,0.9998043871782628,516.3894630840925,11.958747332560147,0.00003403210000000001,0.000012727533171440881
2022-01-01T15:00:00.000Z,0.017617932145637068,1.0007306039971027,0.0000431950277711417,0.00006804885065291097,0.00006049983475309162,283656971.6131,11348758.876300002,2356508.8736,0.0006701041623495829,0.0006701041623495829,0.0007737990248738163,1.0007737990248737,-8.059068220545029e-7,0.9992109549292111,516.0317140321035,11.922033062721608,0.00003420860000000001,0.000014122921295881838
2022-01-01T16:00:00.000Z,0.017617932145637068,1.0036077603652545,0.000050599655039667935,0.00008116866926175077,0.00007717071474777626,284473291.35800004,13536300.860900002,2187541.9846,0.003530589650506677,0.003530589650506677,0.0036583600202941212,1.0036583600202942,-0.000007959473856455901,0.9993450538697036,518.9165151406746,11.963258429775601,0.000034423,0.000013072655629874189
2022-01-01T17:00:00.000Z,0.017617932145637068,1.0067585223774909,0.00005808652283769726,0.00009600476515745604,0.00008985726086385704,285361561.9058,16009965.852100002,2473664.9912,0.006668665116627004,0.006668665116627004,0.006816608900328558,1.0068166089003285,-0.000023076843270297687,0.9996632052596994,522.0007455880816,12.011110451884027,0.0000344239,0.000014736499397309082
2022-01-01T18:00:00.000Z,0.017617932145637068,1.0086217033683884,0.00006549490122338385,0.00010805024931122776,0.0001037074742098465,285891047.4364,18018353.7703,2008387.9182,0.008517995894178565,0.008517995894178565,0.008687198269611795,1.0086871982696117,-0.000034520932258863546,0.9999829960497844,523.7528736565537,12.033876447104413,0.0000344239,0.00001194251968208114
2022-01-01T19:00:00.000Z,0.017617932145637068,1.0088734365523204,0.00007289185038097975,0.0001194639262295655,0.00011422175261532885,285970665.3376,19921453.0174,1903099.2471,0.008759214799705095,0.008759214799705095,0.008946328402701403,1.0089463284027014,-0.000026557734190357785,1.0012440683991408,523.3434624838559,12.05021602553274,0.00003442309999999997,0.000011313288781737923
2022-01-01T20:00:00.000Z,0.017617932145637068,1.0083251256373928,0.00008008752911400205,0.00012723999874730892,0.00012006767049643763,285816474.8192,21218029.1061,1296576.0887,0.008205057966896412,0.008205057966896412,0.008405213166506852,1.0084052131665069,-0.00003024643920401804,1.0002041218861255,523.3121686510785,12.033336447686311,0.00003442309999999997,0.00000771186948612499
2022-01-01T21:00:00.000Z,0.017617932145637068,1.0101618264781103,0.00008751548260461886,0.00013858101578989162,0.00013465782961574746,286337572.1954,23109024.425,1890995.3189,0.010027168648494511,0.010027168648494511,0.010249341960714878,1.0102493419607148,-0.00004712572140275206,1.0000790607871293,525.2711006505937,12.051258505666663,0.00003442320000000004,0.00001122693056828832
2022-01-01T22:00:00.000Z,0.017617932145637068,1.0094803717002365,0.00009434564089459586,0.00014647792089525589,0.00013947178650686176,286147323.8441,24425763.874,1316739.449,0.009340899913729661,0.009340899913729661,0.009574717341131118,1.0095747173411311,-0.0000515876736543186,0.9989506858129278,525.1500655885991,11.990446376557529,0.00003442310000000002,0.000007822743310084444
2022-01-01T23:00:00.000Z,0.017617932145637068,1.0095437979719475,0.00010157065965670742,0.00015264208123257818,0.00014602529643070739,286165635.9594,25453584.5439,1027820.6699,0.00939777267551678,0.00939777267551678,0.009645368631604196,1.0096453686316043,-0.000049886552407674145,0.9991757082062962,525.0909665840481,11.984929664276057,0.00003442310000000002,0.0000061058873577605204
2022-01-02T00:00:00.000Z,0.017617932145637068,1.0111141229442582,0.00010910625169326082,0.00016000925563956707,0.00015435132703189858,286614381.5348,26682012.758100003,1228428.2142,0.010959771617226277,0.010959771617226277,0.011223229195951437,1.0112232291959515,-0.00005667654968022351,1.0000634942689248,526.2497520058644,12.015024851295072,0.0000343941,0.000007286193920057848
2022-01-02T01:00:00.000Z,0.017617932145637068,1.0093203681228564,0.00011624683228468126,0.00016920461996199694,0.00016277852439783302,286117517.41539997,28215341.978600003,1533329.2205,0.009157589598458582,0.009157589598458582,0.009436614955141096,1.009436614955141,-0.00005254386443465098,0.9986756721544843,525.1038962648187,11.999978395577763,0.00003442149999999996,0.000009110451182426271
2022-01-02T02:00:00.000Z,0.017617932145637068,1.0080477552913834,0.00012276785690502084,0.00017840177250453957,0.0001730806627711079,285757652.5854,29748974.088900004,1533632.1103,0.007874674628612244,0.007874674628612244,0.008170523148288372,1.0081705231482885,-0.00002917128931279045,1.0000158434781625,523.0677139763491,11.927102740475021,0.000034392799999999967,0.000009123726220178247
2022-01-02T03:00:00.000Z,0.017617932145637068,1.0088592579717468,0.00013017691651594424,0.00018924915094454045,0.00018249262049985226,285990146.016,31557798.137800004,1808824.0489,0.008676765351246951,0.008676765351246951,0.008989434888262747,1.0089894348882626,-0.000025806594623478674,1.001266166618442,523.2463681200701,11.94325369856211,0.00003442149999999996,0.000010752121798483107
2022-01-02T04:00:00.000Z,0.017617932145637068,1.006559538364144,0.00013707003735920304,0.00019729979893477363,0.00019079727890214393,286315868.91330004,32904861.142400004,1347063.0046,0.006368741085241769,0.006368741085241769,0.006696608401503116,1.0066966084015032,-0.000025988672842536253,0.9989498248974343,522.0622995224359,11.91506542673306,0.00003430070000000002,0.00000799818437067993
2022-01-02T05:00:00.000Z,0.017617932145637068,1.0044815990950227,0.00014339259872298246,0.00020867414734318266,0.00020377960377482296,286528635.73880005,34813411.6657,1908550.5233,0.004277819491247836,0.004277819491247836,0.004624991693745642,1.0046249916937458,-0.000009026196757022653,0.9998302196135639,519.4373959209955,11.844235739230692,0.00003420399999999995,0.000011323600802565938
2022-01-02T06:00:00.000Z,0.017617932145637068,1.006607299672629,0.00015099102758110925,0.00021791633308208277,0.00021241627631995996,287136879.2856,36364207.71080001,1550796.0451,0.0063948833963090035,0.0063948833963090035,0.006758290700210072,1.0067582907002102,-0.000020520994950645743,0.9997784267812004,521.6567228107162,11.880980383757873,0.000034175600000000066,0.000009181520963901532
2022-01-02T07:00:00.000Z,0.017617932145637068,1.0065378142311239,0.00015873438443751584,0.00022843192181495095,0.00022145358418312888,287120301.5211,38128694.645500004,1764486.9347,0.006316360646940744,0.006316360646940744,0.006696548615561388,1.0066965486155615,-0.000024730272578654677,0.9990743694708042,521.9428818535067,11.924839003496125,0.00003420410000000002,0.0000104472855910872
2022-01-02T08:00:00.000Z,0.017617932145637068,1.007537485769592,0.0001656728706387021,0.00024060787204164074,0.00023809945231589857,287409034.966,40171811.3294,2043116.6839,0.007299386317276113,0.007299386317276113,0.007703158640230714,1.0077031586402307,-0.000022604568639117417,1.000359438330612,522.2913033338345,11.907057892901202,0.00003420370000000003,0.000012084861434647957
2022-01-02T09:00:00.000Z,0.017617932145637068,1.0059943913216185,0.0001727610369470651,0.00025275987068957857,0.00024703326660002745,286971262.76339996,42210926.0103,2039114.6809,0.00574735805501847,0.00574735805501847,0.006167152358565562,1.0061671523585656,-0.00001915319977774388,0.9993521855214726,521.2078691561512,11.901068433313341,0.00003420340000000002,0.000012079589169135834
2022-01-02T10:00:00.000Z,0.017617932145637068,1.0076404514784008,0.00018028200930953863,0.0002639951854246671,0.00025897153885767743,287442972.3122,44096234.5754,1885308.5651,0.007381479939543079,0.007381479939543079,0.007820733487710294,1.0078207334877103,-0.00003074781654166525,0.999322920234731,522.9182584472047,11.924184389272996,0.00003420330000000004,0.000011150123222316709
2022-01-02T11:00:00.000Z,0.017617932145637068,1.007478719490264,0.00018742414544662626,0.0002721878709456516,0.00026595951833852105,287399190.8081,45470995.077700004,1374760.5023,0.0072127599719253865,0.0072127599719253865,0.007666143635710534,1.0076661436357106,-0.00002709307338477629,0.9996360679307544,522.5793571592128,11.92371803400238,0.00003403220000000006,0.000008131869986615606
2022-01-02T12:00:00.000Z,0.017617932145637068,1.0073976902722206,0.00019560053421214225,0.0002811263270579474,0.0002788870196785975,287298537.9942,46970493.7474,1499498.6697,0.007118803252541994,0.007118803252541994,0.007593290806432734,1.0075932908064327,-0.00002942325212440533,0.9992329733194504,522.6926365327954,11.98433217830165,0.00003421260000000008,0.00000887281834529023
2022-01-02T13:00:00.000Z,0.017617932145637068,1.008917735579495,0.00020320566591646013,0.00029620314556952457,0.0002941575009240971,287734256.3786,49499772.0354,2529278.288,0.008623578078570837,0.008623578078570837,0.009120941245411395,1.0091209412454114,-0.00003740740799451636,0.9997472850978084,523.9860545777783,12.00758845755718,0.00003415549999999991,0.000014943556404150814
2022-01-02T14:00:00.000Z,0.017617932145637068,1.0074740728522737,0.0002107403714206111,0.0003100057894217057,0.00030404422187335634,287338219.2697,51815421.800900005,2315649.7655,0.0071700286304003935,0.0071700286304003935,0.007684813223694361,1.0076848132236944,-0.000026998176416492825,0.999606556258666,522.5504438400648,12.024552040843671,0.000034211500000000084,0.000013700247086361468
2022-01-02T15:00:00.000Z,0.017617932145637068,1.007457731663482,0.00021753378269578574,0.00032472418519812564,0.00032091475327122865,287305678.9649,54284466.3259,2469044.525,0.007136816910210841,0.007136816910210841,0.007675265446177856,1.0076752654461778,-0.000029654788992417025,0.999220744163337,522.7177321079826,12.026774161284285,0.000031877699999999907,0.000014609442137107185
2022-01-02T16:00:00.000Z,0.017617932145637068,1.0100437471715948,0.00023352542867807174,0.0003409030881696935,0.00033567109349386115,288052706.4774,56998604.357700005,2714138.0318,0.00970807607810098,0.00970807607810098,0.010277272600272913,1.010277272600273,-0.00004880334487167293,0.9995918644779256,525.1951136986178,12.494501078377422,0.000034215000000000024,0.000016018022224075185
2022-01-02T17:00:00.000Z,0.017617932145637068,1.0158331525401632,0.00024058440780754984,0.0003590795122879337,0.00035627111015501534,289463637.0642,60045314.7735,3046710.4158,0.015476881430008138,0.015476881430008138,0.016073736947970704,1.0160737369479707,-0.00010773600767599589,1.0004891680142531,530.7370668629388,12.469672218915912,0.000034243899999999965,0.000017893120391184963
2022-01-02T18:00:00.000Z,0.017617932145637068,1.0143461969952026,0.00024604065995213943,0.00037590098881326974,0.0003721371328277989,289042697.65959996,62864937.4283,2819622.6548,0.013974059862374766,0.013974059862374766,0.014592237655154704,1.0145922376551546,-0.00011150711372198696,0.9987540812630374,530.0866321747909,12.365798445393231,0.00003424380000000009,0.000016583565514618353
2022-01-02T19:00:00.000Z,0.017617932145637068,1.0111045599782578,0.0002508297344808228,0.0004022134920365105,0.0003992747078711556,288121934.82210004,67275495.0812,4410557.6529,0.01070528527038661,0.01070528527038661,0.011355389712738589,1.0113553897127385,-0.00005346036010112076,1.0001182548472125,525.9560424855371,12.235493553765192,0.00003424380000000009,0.000026023523736780346
2022-01-02T20:00:00.000Z,0.017617932145637068,1.013338434851274,0.0002591417748711536,0.00041335593912767294,0.00041000702016114055,288760165.351,69143226.57800001,1867731.4968,0.01292842783111281,0.01292842783111281,0.013597576626145105,1.0135975766261451,-0.0000823186490864769,0.9998243741198671,528.4276443567954,12.279575623835871,0.000034243899999999965,0.000010995781016749594
2022-01-02T21:00:00.000Z,0.017617932145637068,1.013849087122641,0.00026671072647279113,0.00042128546735799126,0.00041899714518178754,288906506.6531,70472402.4288,1329175.8508,0.013430089977459314,0.013430089977459314,0.014115797849113893,1.014115797849114,-0.00008380299319532547,1.000204337827163,528.7502501040337,12.287259510664152,0.00003421530000000004,0.00000782121168725763
2022-01-02T22:00:00.000Z,0.017617932145637068,1.0136530122315803,0.0002740108970233302,0.00042737187976075487,0.0004234423802342846,288847463.2023,71492617.38780001,1020214.959,0.013229569851346046,0.013229569851346046,0.013927023128603661,1.0139270231286037,-0.00009402755704090993,0.999239592819501,529.0513261361332,12.282199783526687,0.00003424419999999979,0.0000060044336587623165
2022-01-02T23:00:00.000Z,0.017617932145637068,1.0153977494555622,0.0002819606136061393,0.00043393228324817144,0.0004320947612681536,289344614.35550004,72592283.5039,1099666.1161,0.014965654694294006,0.014965654694294006,0.0156797100691683,1.0156797100691684,-0.00010212437696277554,1.0003730096087329,530.264382557994,12.30575309417941,0.00003424440000000012,0.000006460919970928308
2022-01-03T00:00:00.000Z,0.017617932145637068,1.016286620798688,0.00029038877368960786,0.0004586277228076317,0.0004564297050186905,289600652.80979997,76731814.72760001,4139531.2237,0.015830191093669344,0.015830191093669344,0.016577009572377642,1.0165770095723776,-0.00012738015205870923,0.9995545763487442,531.6030332101518,12.348442196360352,0.0000342445,0.00002429967961747586
2022-01-03T01:00:00.000Z,0.017617932145637068,1.0118552816189998,0.00029516612884639387,0.000469598081461182,0.00046508407659962003,288486753.42390007,78571651.9088,1839837.1812,0.011390197542400227,0.011390197542400227,0.01215044774784624,1.0121504477478462,-0.00008613396095402681,0.9980125730075616,527.7803264375748,12.239064927205005,0.000034084299999999914,0.000010841826083585021
2022-01-03T02:00:00.000Z,0.017617932145637068,1.0125026296411883,0.000302074591211415,0.0004771653074876846,0.0004728468646704176,288673246.3051,79840758.79210001,1269106.8833,0.012029782776517894,0.012029782776517894,0.012804704232399726,1.0128047042323998,-0.00007483192516966053,0.9995343456558784,527.6435029079312,12.21997968880475,0.000034226899999999854,0.000007473784734903172
2022-01-03T03:00:00.000Z,0.017617932145637068,1.010754878239191,0.0003076511282979554,0.0004872760044275682,0.0004823408762693049,288180715.5949,81536467.41080001,1695708.6187,0.010272537362921774,0.010272537362921774,0.011062529367489034,1.011062529367489,-0.000052507085480213433,0.9997826270172896,525.6821604198584,12.14920962642383,0.00003422640000000027,0.000010003114350795982
2022-01-03T04:00:00.000Z,0.017617932145637068,1.0086464223877885,0.0003166514263347431,0.0004998916982406131,0.0004939951590277047,287581227.7529,83652312.02380002,2115844.613,0.00815242722876075,0.00815242722876075,0.008963073814123198,1.008963073814123,-0.00004063684296551351,0.9989149565718948,523.9328319506768,12.213650042903003,0.000034243499999999876,0.000012507547416101216
2022-01-03T05:00:00.000Z,0.017617932145637068,1.009229326086057,0.0003240030344720096,0.0005089901903631403,0.0005031530559860276,287764635.3245,85178359.47590001,1526047.4521,0.00872617303007095,0.00872617303007095,0.009553329120528987,1.009553329120529,-0.00003988749400574143,0.9995669172730247,524.1872278053523,12.213167764197244,0.0000342245000000001,0.000009015286627019124
2022-01-03T06:00:00.000Z,0.017617932145637068,1.0106352055668926,0.00033157363827628707,0.000522598615893141,0.000518560834732229,288167327.96290004,87460851.41420001,2282491.9383,0.01011664473216034,0.01011664473216034,0.010966779205168857,1.0109667792051689,-0.00004959882116628567,0.9999161467585832,525.4497663649654,12.22077842397461,0.00003422449999999991,0.000013465219400616988
2022-01-03T07:00:00.000Z,0.017617932145637068,1.0094558401003988,0.0003385829488700147,0.0005320672537228751,0.0005262166036172911,287802965.3521,89048836.7485,1587985.3343,0.008929623496781502,0.008929623496781502,0.009794423049268808,1.0097944230492688,-0.00004317629721894978,0.9994077251726337,524.4822258790564,12.207792472673406,0.00003422809999999992,0.000009379941811952224
2022-01-03T08:00:00.000Z,0.017617932145637068,1.0095719921161304,0.0003458053835032518,0.0005421272374450774,0.0005385108806663652,287525493.16370004,90734176.23730001,1685339.4888,0.009033481235463992,0.009033481235463992,0.009917797499633608,1.0099177974996336,-0.00004023043807144244,0.9998331246846784,524.3670126362881,12.202597007686819,0.00003426540000000014,0.000009964602092965696
