query_ts,assumedLPToken,equityValue,totalDexYield,totalTradingfee,newTotalTradingFee,liquidity,totalVolume,volume,priceImpact,priceEffect,totalReturn,totalEquityVal,impermanentLoss,tokenPrice,quoteTokenPrice,rewardPrice,rewardTokenPerLP,feePerDollar
2021-06-29T10:00:00.000Z,0.025645647398200803,1,0.00002510270004664975,0.00003695458801486749,5.613287612504791e-13,144866466.0015,3149106.2233,3149106.2233,-5.613287612504791e-13,-5.613287612504791e-13,0.00002510270004664975,1.0000251027000466,0,1.0000081439959208,302.45779113278184,13.775321248449233,0.0000710567,0.000036954588093248354
2021-06-29T11:00:00.000Z,0.025645647398200803,1.0069153663009982,0.000051192066082369835,0.00006673689372578653,0.000030174166538277092,146355692.1759,5695502.891100001,2546396.6678,0.006885192134459928,0.006885192134459928,0.006966558367080575,1.0069665583670806,-0.000028529373836017058,0.9993161614399312,306.8494221352968,14.069515328313571,0.0000708196,0.00002957776544869379
2021-06-29T12:00:00.000Z,0.025645647398200803,1.0082212391838357,0.00007587378385623923,0.00010381982281849357,0.0000680526032548201,150697627.16700003,8955938.8288,3260435.9377,0.00815318658058084,0.00815318658058084,0.0082971129676919,1.0082971129676919,-0.00003331657293581536,0.9999652473347629,307.42307377261164,14.050577032118664,0.00006868759999999999,0.00003678054657056841
2021-06-29T13:00:00.000Z,0.025645647398200803,1.0093128606397435,0.00010091348405125711,0.00014603960842440186,0.00011036225870020289,151294748.8165,12678699.799800001,3722760.971,0.009202498381043256,0.009202498381043256,0.009413774123794716,1.0094137741237947,-0.00004078796238904392,1.0001364740122527,308.01061304787464,14.118308605369139,0.00006814629999999999,0.000041830226760717555
2021-06-29T14:00:00.000Z,0.025645647398200803,1.0196971091248708,0.00012783986113747855,0.00018712880053563098,0.00015513838389935586,152907934.8935,16303111.475900002,3624411.6761,0.019541970740971415,0.019541970740971415,0.01982494898600825,1.0198249489860083,-0.00018195120195041437,1.000283989891653,314.3078391097915,14.391538141516287,0.0000676639,0.00004029548795921852
2021-06-29T15:00:00.000Z,0.025645647398200803,1.017631659582336,0.00015243274692577894,0.00021305254676965313,0.00017824416361023054,152708976.983,18591463.379,2288351.9031,0.017453415418725804,0.017453415418725804,0.017784092329261814,1.0177840923292618,-0.00015552256625539496,0.9996734365770787,313.212603021286,14.321812703058496,0.00006864360000000001,0.000025474587755918683
2021-06-29T16:00:00.000Z,0.025645647398200803,1.0115326766913437,0.00017482411968844185,0.00024162891463840183,0.00020582405204061516,152154426.0959,21119962.4555,2528499.0765,0.011326852639303109,0.011326852639303109,0.011707500811032166,1.0117075008110321,-0.000057882913250484336,1.0005117466341302,309.1926764190976,14.130818890178366,0.00006739679999999998,0.000028250564510957906
2021-06-29T17:00:00.000Z,0.025645647398200803,1.009094306057829,0.00019846062151720198,0.0002683283416881947,0.0002319826458103691,151930737.872,23484612.6575,2364650.202,0.008862323412018647,0.008862323412018647,0.009292766679346217,1.0092927666793463,-0.000038212355456868075,1.0000891694630902,307.81756307110305,14.063506057636362,0.00006784440000000004,0.00002645880221279993
2021-06-29T18:00:00.000Z,0.025645647398200803,1.0099640893631476,0.0002247125257595972,0.00028472634558957135,0.0002488841160355193,152402015.71809998,24940161.6227,1455548.9652,0.009715205247112113,0.009715205247112113,0.01018880188890723,1.0101888018889071,-0.00004850480511797706,0.9998269302891505,308.4191070295132,14.167708435633635,0.00006820449999999994,0.000016236223839827626
2021-06-29T19:00:00.000Z,0.025645647398200803,1.0072224179391944,0.0002475515773718789,0.0002986053775830724,0.0002620397755852544,152352711.4336,26175070.9828,1234909.3601,0.006960378163609171,0.006960378163609171,0.007469969516566304,1.0074699695165663,-0.00002433663192125124,0.9999677176219975,306.69528395153793,14.05970852121816,0.00006809219999999997,0.000013779511322218635
2021-06-29T20:00:00.000Z,0.025645647398200803,1.0069569151579996,0.00027292979539284343,0.00031176524150940946,0.00027521320282319905,151900395.9452,27342822.6446,1167751.6618,0.006681701955176367,0.006681701955176367,0.007229844953392409,1.0072298449533925,-0.000026036122573125375,0.999451584326111,306.68384650287925,14.102147763135784,0.00006810560000000001,0.000013068944374418734
2021-06-29T21:00:00.000Z,0.025645647398200803,1.001509839053635,0.0002956877469384541,0.00032585550131314107,0.00028777792607415087,151242074.6449,28594485.8404,1251663.1958,0.0012220611275608473,0.0012220611275608473,0.0018055268005734522,1.0018055268005734,-7.264980221854955e-7,1.0000240560507336,303.1926622732608,14.012932183328207,0.00006813189999999998,0.000014069017750886507
2021-06-29T22:00:00.000Z,0.025645647398200803,1.007524081888494,0.0003222665626953029,0.00033737636217251807,0.00030094025152505033,152131696.07459998,29617779.4225,1023293.5821,0.0072231416369690216,0.0072231416369690216,0.007846348451189375,1.0078463484511895,-0.000029166450349893402,0.9995677264579885,306.97815989134494,14.12607794363172,0.00006677660000000005,0.000011434823475030228
2021-06-29T23:00:00.000Z,0.025645647398200803,0.9970044361333754,0.0003402236000118921,0.00036504558450780336,0.00032573496014176584,150651149.57750002,32077146.6923,2459367.2698,-0.00332129882676635,-0.00332129882676635,-0.002655340266612692,0.9973446597333873,-0.000004291541449430447,0.9996110881632928,300.5713647807557,13.856865829505137,0.00006781340000000002,0.000027752356157821362
2021-06-30T00:00:00.000Z,0.025645647398200803,0.9963269376167586,0.000362258369142344,0.00038327016630577526,0.00034412224650837153,150570497.5668,33697264.7,1620118.0077,-0.004017184629749759,-0.004017184629749759,-0.0033108040140990436,0.996689195985901,-0.000004875538228477083,0.9991059463860583,300.30354548323174,13.781629032263966,0.00006757049999999995,0.000018291768026257
2021-06-30T01:00:00.000Z,0.025645647398200803,0.9984329802568722,0.00038701558354146156,0.000410067562293194,0.00037161600924484617,150892759.2724,36079546.63550001,2382281.9355,-0.0019386357523726305,-0.0019386357523726305,-0.0011800041595863228,0.9988199958404137,-0.000002245400230527217,1.0001867969335831,301.2324012727521,13.80572133240395,0.00006813580000000005,0.000026839454125422496
2021-06-30T02:00:00.000Z,0.025645647398200803,0.9943549405850967,0.0004069683062432184,0.0004257512605421533,0.00038605995368634627,150366010.764,37474654.63130001,1395107.9958,-0.006031119368589688,-0.006031119368589688,-0.005238091108660124,0.9947619088913399,-0.00002073304288330302,1.000398315442069,298.7039299742972,13.66764821309821,0.00006796649999999997,0.000015772737341435264
2021-06-30T03:00:00.000Z,0.025645647398200803,0.996840790959838,0.0004336998801495333,0.000443630705782005,0.00040561696612040343,150427095.91030002,39061758.54690001,1587103.9156,-0.0035648260062823844,-0.0035648260062823844,-0.002725509160012448,0.9972744908399875,-0.000007758239994326566,1.0003761286175807,300.1947498109637,13.767685284972265,0.00006727309999999996,0.00001793610812063319
2021-06-30T04:00:00.000Z,0.025645647398200803,0.9869798507550546,0.00044770424602804055,0.00046723737803185865,0.0004242464007174762,152011519.692,41200479.15850001,2138720.6116,-0.01344439564566291,-0.01344439564566291,-0.012572444998917394,0.9874275550010826,-0.00010071350784357502,1.0006658699172333,294.1862441526269,13.483906879262134,0.00006634909999999992,0.000023918088886202642
2021-06-30T05:00:00.000Z,0.025645647398200803,0.9852662765055812,0.00046800328877242057,0.000487953244696775,0.00044431532057365164,151713607.6096,43076877.74380001,1876398.5853,-0.015178038814992467,-0.015178038814992467,-0.014265720205646395,0.9857342797943536,-0.00012121771974094031,1.0002849052574758,293.2648733174373,13.403042600322728,0.00006686640000000006,0.00002102565251245237
2021-06-30T06:00:00.000Z,0.025645647398200803,0.9892017814082529,0.0004956839697613384,0.0005035416360263084,0.0004616737833164075,152380464.221,44489404.705400005,1412526.9616,-0.01125989237506353,-0.01125989237506353,-0.010302534621985783,0.9896974653780142,-0.00006218158981474708,0.9998365054427424,295.73561316456016,13.557934162942257,0.00006405550000000003,0.000015758554398662022
2021-06-30T07:00:00.000Z,0.025645647398200803,0.9938519227896286,0.0005222091386807304,0.0005180767247132912,0.0004785604769271812,153091751.2419,45806444.3465,1317039.6411,-0.006626637687298542,-0.006626637687298542,-0.005625868071690631,0.9943741319283094,-0.000031572336744556395,1.0013067725328566,298.0754302560192,13.646790135624343,0.00006650810000000006,0.000014625003448632654
2021-06-30T08:00:00.000Z,0.025645647398200803,0.9968252587273471,0.0005485325761459073,0.0005339097857772624,0.0004958187757326815,156455679.0224,47268245.351500005,1461801.005,-0.0036705600483856182,-0.0036705600483856182,-0.0026262086965070297,0.997373791303493,-0.000009060595348331368,1.0005879188949238,300.06751698383596,13.739744067540567,0.00006461050000000007,0.000015883486774195073
2021-06-30T09:00:00.000Z,0.025645647398200803,0.986212741812278,0.0005606798910556965,0.000548463211102135,0.0005052984816898975,154885670.3174,48612733.374000005,1344488.0225,-0.014292556669411871,-0.014292556669411871,-0.013226578296666278,0.9867734217033337,-0.00010733888263247948,1.0002650414649932,293.7983106890854,13.481371939961265,0.00006496910000000008,0.000014756882502856237
2021-06-30T10:00:00.000Z,0.025645647398200803,0.9816570279097876,0.0005730107941518158,0.0005799263838348269,0.000534252943118263,154907956.1956,51533302.764400005,2920569.3904,-0.01887722503333067,-0.01887722503333067,-0.01776996129606059,0.9822300387039394,-0.00017834673980865468,0.9998382167977107,291.1959259858037,13.252699253828297,0.00006426269999999996,0.00003205108430590103
2021-06-30T11:00:00.000Z,0.025645647398200803,0.9838169396990117,0.000599608970189957,0.0005959342712771116,0.0005521530970888922,155047276.1083,53017306.4275,1484003.6631,-0.016735213398077153,-0.016735213398077153,-0.015583451330798304,0.9844165486692017,-0.00014889301284126688,1.0003889387560787,292.30779996132634,13.351377379031796,0.00006521990000000008,0.00001627120637390513
2021-06-30T12:00:00.000Z,0.025645647398200803,0.98597383274421,0.0006250260028562209,0.0006144328973340512,0.0005718084854894334,155425756.09129998,54732638.369,1715331.9415,-0.014597975741279412,-0.014597975741279412,-0.013401141252933757,0.9865988587470662,-0.00010952832202915097,1.0001038125144839,293.66360803035417,13.418923797094957,0.00006504250000000001,0.000018761782949519957
2021-06-30T13:00:00.000Z,0.025645647398200803,0.9834480717410355,0.000645615732345391,0.0006597760509491979,0.0006185444402467821,154965179.7872,58935503.9348,4202865.5658,-0.017170472699211237,-0.017170472699211237,-0.015906312526619063,0.9840936874733809,-0.00014713965363821746,0.999844184223088,292.2081867986513,13.387739064103448,0.00006420000000000003,0.00004610630253629506
2021-06-30T14:00:00.000Z,0.025645647398200803,0.9804219297611801,0.0006603854264585818,0.0006870623735105692,0.0006407459987790576,154413159.2825,61463447.4938,2527943.559,-0.020218816237598913,-0.020218816237598913,-0.018917684812361273,0.9810823151876388,-0.00020960687504367748,1.0000586299956722,290.33610125239034,13.237242941477168,0.0000648858,0.00002783120344320969
2021-06-30T15:00:00.000Z,0.025645647398200803,0.980604623731719,0.0006784917317987392,0.0007021875839315731,0.0006558118659882872,154626478.1921,62866398.334699996,1402950.8409,-0.020051188134269315,-0.020051188134269315,-0.01871688453648229,0.9812831154635178,-0.00020663153517053168,1.000083829307731,290.42813722160037,13.175221569658754,0.00006274419999999997,0.000015424372703923178
2021-06-30T16:00:00.000Z,0.025645647398200803,0.9693434145247105,0.000680375564708164,0.0007405060997994075,0.0006864098195470403,152861016.2757,66420900.8572,3554502.5225,-0.03134299529483653,-0.03134299529483653,-0.029976209910581326,0.9700237900894186,-0.0005168774075238192,1.0003224823512056,283.70587547168213,12.798750209649086,0.00006480529999999989,0.00003953038148949287
2021-06-30T17:00:00.000Z,0.025645647398200803,0.9694304930432978,0.0007049839896180968,0.0007584084850708568,0.0007049292438315868,152829747.3828,68081073.337,1660172.4798,-0.03127443620053383,-0.03127443620053383,-0.029864522967084146,0.9701354770329158,-0.0004853545135762305,0.9993969091932398,284.00882306170837,12.86016202622628,0.00006471599999999997,0.000018466910166322964
2021-06-30T18:00:00.000Z,0.025645647398200803,0.9780644753177536,0.0007397459742751521,0.0007703851408923125,0.0007231524129278633,157351248.54,69214489.419,1133416.082,-0.022658677095174218,-0.022658677095174218,-0.0211957787079712,0.9788042212920288,-0.0002533521463435884,0.9996013633908665,289.02405927167786,13.105514362342653,0.00006340970000000006,0.000012245262476644342
2021-06-30T19:00:00.000Z,0.025645647398200803,0.9851491841113452,0.0007720734801320811,0.0007850545640449319,0.0007426681090682008,158832033.2775,70605723.4169,1391233.9979,-0.015593483997722979,-0.015593483997722979,-0.014078742408522697,0.9859212575914773,-0.00012773307805569178,1.0002760002278248,293.0201077097945,13.302560304053031,0.00006215739999999995,0.000014890559212938298
2021-06-30T20:00:00.000Z,0.025645647398200803,0.9913160020529431,0.0008031282221616588,0.0008024175751894318,0.0007681085045629921,160205901.2209,72256325.9948,1650602.5779,-0.009452106451619868,-0.009452106451619868,-0.007880869724895217,0.9921191302751048,-0.00003243003230468666,0.99856579578127,297.19574319358435,13.45999403822539,0.00006349359999999989,0.00001751511249614277
2021-06-30T21:00:00.000Z,0.025645647398200803,0.9911539058200882,0.0008234589440883164,0.0008289526392850496,0.0007911628262633474,160461681.9624,74783304.08,2526978.0852,-0.009637257006175126,-0.009637257006175126,-0.008022635235823462,0.9919773647641765,-0.00004466353007304136,0.999775648515365,296.7251421808448,13.4353282758124,0.00006327669999999991,0.000026771891533871767
2021-06-30T22:00:00.000Z,0.025645647398200803,0.9964393552531435,0.0008523331536016487,0.0008447991720075991,0.0008116248370545476,161406328.3758,76293227.7323,1509923.6523,-0.004372269583911015,-0.004372269583911015,-0.0027083115932548187,0.9972916884067452,-0.000020815945270702407,1.002080783785782,299.19859328009625,13.546755247726594,0.00006345370000000005,0.000015903157173203228
2021-06-30T23:00:00.000Z,0.025645647398200803,0.9983529327566691,0.0008788211534811828,0.0008626178011592106,0.0008315412792798682,161432592.567,77988082.6036,1694854.8713,-0.0024786085226107257,-0.0024786085226107257,-0.0007682460898496747,0.9992317539101503,-0.000003559438174316476,1.000194603746759,300.90419430079123,13.616991009359525,0.00006319549999999985,0.000017848027064387148
2021-07-01T00:00:00.000Z,0.025645647398200803,1.003362354173252,0.0009155860064189597,0.0008744427655408707,0.0008488780868936008,162184276.6907,79112433.54619999,1124350.9426,0.002513476086358324,0.002513476086358324,0.004277940179670884,1.0042779401796709,-1.7014772468737505e-7,1.0019369915790053,303.39494493885564,13.838995204079383,0.00006321890000000023,0.000011785338513826499
2021-07-01T01:00:00.000Z,0.025645647398200803,0.9980849401703613,0.0009268871750371171,0.0008915949130433331,0.000860115140285389,161139579.3806,80741370.6818,1628937.1356,-0.002775174969924077,-0.002775174969924077,-0.0009881726546015707,0.9990118273453984,-0.000003614515090566428,0.9999178040697709,300.8085487588165,13.672390026916048,0.00006366619999999989,0.000017185058699820523
2021-07-01T02:00:00.000Z,0.025645647398200803,0.9996666828642371,0.0009518155887071744,0.000902632658632458,0.0008723367580021346,161577035.2969,81790806.5623,1049435.8805,-0.0012056538937650352,-0.0012056538937650352,0.0006184984529442739,1.0006184984529443,-0.00000121406131148305,1.000360071724187,301.62276340955816,13.712150459998545,0.00006322339999999977,0.000011041426732281603
2021-07-01T03:00:00.000Z,0.025645647398200803,0.9899995775787962,0.0009496390722570954,0.0009343489026136754,0.0008959393803034121,160033948.7832,84806658.0362,3015851.4739,-0.010896361801507215,-0.010896361801507215,-0.009050783348946708,0.9909492166510533,-0.00007150978633252425,1.0010119291026323,295.6056010315223,13.373164001352938,0.00006226290000000013,0.000032036624382589844
2021-07-01T04:00:00.000Z,0.025645647398200803,0.9844852827477175,0.0009558152459560343,0.0009470586726053503,0.00090292932037217,159203388.0207,86015673.5766,1209015.5404,-0.016417646572654654,-0.016417646572654654,-0.01455890200632645,0.9854410979936735,-0.0001477671577529982,1.0006466134026324,292.421324554625,13.164236426850929,0.00006223919999999975,0.000012910067079808388
2021-07-01T05:00:00.000Z,0.025645647398200803,0.9855817644051528,0.000988275802179362,0.000963278059701728,0.0009213826354207422,161511895.7878,87579171.7997,1563498.2231,-0.01533961823026797,-0.01533961823026797,-0.013429959792667867,0.9865700402073322,-0.00010466315671897597,0.9990188828997152,293.5401720411357,13.317272397221597,0.00006251009999999979,0.000016456663865565073
2021-07-01T06:00:00.000Z,0.025645647398200803,0.9857294516361461,0.0010090708240106088,0.0009732736815860033,0.0009306314569836882,161538778.5253,88542734.4423,963562.6426,-0.015201179820837574,-0.015201179820837574,-0.013261477539843277,0.9867385224601567,-0.00011840473475888125,1.0000796191810088,293.3112869794765,13.30903542390489,0.00006271640000000023,0.000010140329816617066
2021-07-01T07:00:00.000Z,0.025645647398200803,0.9739353541813043,0.0010029541012637358,0.0009954488804767726,0.0009418048156992764,160171353.64540002,90687961.77690001,2145227.3346,-0.027006450634394996,-0.027006450634394996,-0.025061691717431982,0.974938308282568,-0.0003777477224500281,1.00012092946842,286.30947413506215,12.959666289899918,0.00006129489999999983,0.00002276865610372355
2021-07-01T08:00:00.000Z,0.025645647398200803,0.9721168488549002,0.0010064491818485674,0.001014186459853345,0.0009582016274428673,159297019.8616,92494111.58350001,1806149.8066,-0.028841352772542628,-0.028841352772542628,-0.026876701963251193,0.9731232980367488,-0.00044759216039846894,1.0006681409895384,285.0746520839747,12.745659241395694,0.00006136119999999982,0.000019275028960916304
