query_ts,assumedLPToken,equityValue,totalDexYield,totalTradingfee,newTotalTradingFee,liquidity,totalVolume,volume,priceImpact,priceEffect,totalReturn,totalEquityVal,impermanentLoss,tokenPrice,quoteTokenPrice,rewardPrice,rewardTokenPerLP,feePerDollar
2022-04-17T10:00:00.000Z,0.018666043789914336,1,0.0000041946484412285755,0.000009508716032129735,1.0391687510491465e-13,335136136.56,1874537.9677,1874537.9677,-1.0391687510491465e-13,-1.0391687510491465e-13,0.0000041946484412285755,1.0000041946484413,0,0.9995201161909655,414.61593518763596,8.197540160388575,0.0000274132,0.000009508716600364213
2022-04-17T11:00:00.000Z,0.018666043789914336,0.9998295303820877,0.000008430850030990597,0.00001967091159130058,0.000010624060509112354,335083601.24950004,3877929.6338,2003391.6661,-0.0001810936784214512,-0.0001810936784214512,-0.00016203876788134822,0.9998379612321187,-3.0116717075756583e-7,0.9985638211104724,414.8627017724004,8.234749068546195,0.000027435799999999996,0.000010163928702181099
2022-04-17T12:00:00.000Z,0.018666043789914336,1.0006577590311694,0.00001262719216063299,0.00003111609713772302,0.00002172450937854009,335364288.47630006,6134272.7009,2256343.0671,0.0006360345217908403,0.0006360345217908403,0.0006703862233300134,1.00067038622333,-1.398941952279742e-7,0.9996269526439293,415.0991539993319,8.22120389235257,0.000027435700000000006,0.00001143766150980942
2022-04-17T13:00:00.000Z,0.018666043789914336,1.0007481093375572,0.000016855649477422513,0.000041653573507290095,0.00003223262983431674,335447360.7021,8211993.9557,2077721.2548,0.0007158767077228845,0.0007158767077228845,0.0007649649870346238,1.0007649649870347,-8.709505227022518e-7,0.9989163976542439,415.4607172103232,8.230436135139126,0.0000274314,0.000010529598819222094
2022-04-17T14:00:00.000Z,0.018666043789914336,1.0021148388875272,0.00002105380763558807,0.00005345274750795761,0.000044038975502536104,335925257.0674,10538626.635,2326632.6793,0.0020707999120246345,0.0020707999120246345,0.002135892695162759,1.0021358926951627,-8.202506529553233e-7,1.0003078861612342,416.00701126020766,8.236583305247988,0.00002722420000000001,0.000011774272614507264
2022-04-17T15:00:00.000Z,0.018666043789914336,1.0013046407557094,0.00002534461107203451,0.00006527531006149388,0.00005644701836060584,335924414.99649996,12871751.736,2333125.101,0.0012481937373487462,0.0012481937373487462,0.0013299853667813866,1.0013299853667814,-9.829855026621814e-7,0.9993654863356295,415.71593613943645,8.261680560360382,0.0000274079,0.000011807158082693468
2022-04-17T16:00:00.000Z,0.018666043789914336,1.0024979952415205,0.000029874441464799737,0.0000755118935383763,0.00006677183417136412,336333878.4635,14891946.507399999,2020194.7714,0.0024312234073491368,0.0024312234073491368,0.0025278696829853006,1.0025278696829854,-0.000003496560312621355,0.9993040612884299,416.7245124537466,8.352376791170856,0.000027270300000000006,0.000010211076942558744
2022-04-17T17:00:00.000Z,0.018666043789914336,1.0020982536055032,0.00003398436454635082,0.00008523981238914851,0.00007587715956414165,336204127.4412,16811780.779,1919834.2716,0.002022376445939056,0.002022376445939056,0.0021322379700495484,1.0021322379700495,-0.000001691716466245552,0.999700967599438,416.2193399785415,8.31770914552012,0.00002727010000000001,0.000009707549656096366
2022-04-17T18:00:00.000Z,0.018666043789914336,1.0014620573137292,0.000037933033719518955,0.00009183904470932678,0.00008262722621177332,335972282.151,18114088.1181,1302307.3391,0.001379430087517397,0.001379430087517397,0.0014999903474486893,1.0014999903474486,-4.435076104147839e-7,0.9999566664678636,415.5790832550479,8.311100749279026,0.000025627099999999987,0.000006589598589192457
2022-04-17T19:00:00.000Z,0.018666043789914336,0.9984712814952554,0.00004196367138946133,0.00009860028522337085,0.00008904203678528066,335020395.9802,19448571.452299997,1334483.3342,-0.0016177605415298446,-0.0016177605415298446,-0.0014867548333551027,0.9985132451666449,-0.0000015708592514540598,0.9996734743141075,413.2121218397692,8.273857987411434,0.00002719900000000001,0.000006771592701102524
2022-04-17T20:00:00.000Z,0.018666043789914336,0.9994216008280974,0.00004636959941599545,0.00010358623564464375,0.00009441774062890484,335395472.98270005,20432826.0767,984254.6244,-0.0006728169125315153,-0.0006728169125315153,-0.000532029572486615,0.9994679704275133,-5.622108067981912e-7,0.9999073496779949,413.89784959241416,8.306339258579508,0.0000273543,0.0000049888355576173995
2022-04-17T21:00:00.000Z,0.018666043789914336,0.9985367724391879,0.0000507417436352384,0.00010676196620540142,0.0000973061601411418,335103774.30520004,21059743.158,626917.0813,-0.0015605337209532166,-0.0015605337209532166,-0.0014124858171768364,0.9985875141828232,-2.8200392521160467e-7,0.9987100856925862,413.6581371730132,8.329005734599969,0.000027308300000000024,0.000003180385062566757
2022-04-17T22:00:00.000Z,0.018666043789914336,0.9989600360342888,0.000055035617412943726,0.00010971286800191832,0.00010020785680964206,335256962.68700004,21642296.4006,582553.2426,-0.0011401718225207969,-0.0011401718225207969,-0.0009849283482982112,0.9990150716517018,-4.92817416430924e-7,0.9993721675050823,413.7322479028174,8.33470443210244,0.000027376699999999995,0.0000029539744811939787
2022-04-17T23:00:00.000Z,0.018666043789914336,1.0003703788235732,0.00005963257922643793,0.00011471575785793056,0.00010582270354086987,335733326.1401,22629952.2591,987655.8585,0.0002645561200322888,0.0002645561200322888,0.0004300114027995966,1.0004300114027995,-1.0370590586283868e-7,1.0002399758198888,414.5367910022896,8.383716476200787,0.000027307199999999995,0.000005001037516154576
2022-04-18T00:00:00.000Z,0.018666043789914336,0.9906974526017237,0.00006362885213906705,0.000131470848615413,0.0001218735519376013,333223597.3401,25945021.083300002,3315068.8242,-0.009424420950213896,-0.009424420950213896,-0.009238918546137228,0.9907610814538628,-0.00005082839968162389,1.0001336113155335,406.58817142270186,8.385095884960434,0.00002546989999999998,0.000016912418706614245
2022-04-18T01:00:00.000Z,0.018666043789914336,0.9922155911256503,0.00006631310007603935,0.00014139754589971278,0.00013286647351207215,333445583.02860004,27907363.418,1962342.3347,-0.007917275347861796,-0.007917275347861796,-0.007718095774273685,0.9922819042257263,-0.00003789550921828866,1.0002771972219633,407.76780612791595,8.331799645124347,0.000019860099999999983,0.000010004576874853577
2022-04-18T02:00:00.000Z,0.018666043789914336,0.9916429888989732,0.00006928229653269844,0.0001543693935688335,0.00014523152418044472,333254089.75,30471688.530100003,2564325.1121,-0.008502242625207268,-0.008502242625207268,-0.008287728804494125,0.9917122711955059,-0.00003723656379317486,0.9996113989887281,407.5583555150528,8.262150903902432,0.000022847200000000014,0.00001308116786755803
2022-04-18T03:00:00.000Z,0.018666043789914336,0.994640828547597,0.00007386238418134755,0.0001645084842990012,0.0001554173431219663,334316002.7829,32476349.708200004,2004661.1781,-0.005514588795525022,-0.005514588795525022,-0.005285309068221708,0.9947146909317783,-0.000023548273666240682,1.0008532743303609,409.5094681683374,8.302724904432091,0.000027357599999999997,0.000010193720834186502
2022-04-18T04:00:00.000Z,0.018666043789914336,0.9936087011190512,0.0000788671421292672,0.00017491020813189737,0.00016542773534389266,333971254.08529997,34532950.830900006,2056601.1227,-0.006556726616292696,-0.006556726616292696,-0.006312431738819536,0.9936875682611804,-0.000026621095475021228,1.000238518689284,408.9028152855933,8.384038646106305,0.000027357599999999997,0.000010468631254404385
2022-04-18T05:00:00.000Z,0.018666043789914336,0.9783665376844571,0.00007840108858359219,0.0002041175566969601,0.00019200146967035536,329565772.6213,40320353.69230001,5787402.8614,-0.021825463785213217,-0.021825463785213217,-0.02155506122695927,0.9784449387730407,-0.00023290829559630133,0.999038180793419,396.90644279461844,7.906232133456317,0.000027298000000000036,0.00002985317554710209
2022-04-18T06:00:00.000Z,0.018666043789914336,0.980873106010298,0.00008278144788913007,0.0002152200710114873,0.00020326811262716404,330409092.68329996,42520297.465900004,2199943.7736,-0.019330162102329185,-0.019330162102329185,-0.01904411254181289,0.9809558874581871,-0.00019972636104081953,0.9999885451622573,398.5548878085537,7.939968133704075,0.00002729829999999999,0.000011319011788530683
2022-04-18T07:00:00.000Z,0.018666043789914336,0.9815499759288133,0.00008744057076711607,0.00022481950774964476,0.00021410587899850508,330638992.5401,44422420.03210001,1902122.5662,-0.018664129950185182,-0.018664129950185182,-0.01836258350041956,0.9816374164995805,-0.000182600365318919,0.9997911999333888,399.1752132924231,7.996053250730342,0.000027298200000000036,0.000009779876044558861
2022-04-18T08:00:00.000Z,0.018666043789914336,0.9796667388131147,0.00009121639069002065,0.00023862959704705228,0.00023035052482744955,329988763.236,47158749.186900005,2736329.1548,-0.020563611711712726,-0.020563611711712726,-0.020242044796195256,0.9797579552038047,-0.00022662099238468514,1.0000335059956031,397.53506992382205,7.969952121775438,0.000027299299999999974,0.000014096721105115854
2022-04-18T09:00:00.000Z,0.018666043789914336,0.9823741322033881,0.00009542128738432212,0.0002549305242930823,0.00024373690258716607,330892343.9769,50388530.98990001,3229781.803,-0.01786960469919907,-0.01786960469919907,-0.017530446509227582,0.9824695534907724,-0.0001733451962502297,1.0001097818793885,399.69448648912737,7.982238765497362,0.000027277599999999967,0.00001659340013464714
2022-04-18T10:00:00.000Z,0.018666043789914336,0.9839664419285247,0.0000997199542421215,0.0002682264742137361,0.0002615063081726765,331438597.36950004,53023000.84120001,2634469.8513,-0.016295064379648005,-0.016295064379648005,-0.015933838117233208,0.9840661618827667,-0.0001505956671205011,1.0004467656583411,400.84202269952715,8.000781565394801,0.000027299600000000016,0.000013512604695877024
2022-04-18T11:00:00.000Z,0.018666043789914336,0.9855566724337104,0.00010433273188292224,0.0002807554158624141,0.00027354435461401927,331977133.8732,55505516.72380001,2482515.8826,-0.014716871920903651,-0.014716871920903651,-0.01433899483440671,0.9856610051655933,-0.0001154746827207731,0.9998915170142482,402.3525302915169,8.044976940532086,0.000027049300000000033,0.00001271255327492511
2022-04-18T12:00:00.000Z,0.018666043789914336,0.9860889581878617,0.00010831322028277655,0.00029014700993617963,0.00027982530174186504,332153420.4569,57366373.81580001,1860857.092,-0.014190867113880179,-0.014190867113880179,-0.013802728591855537,0.9861972714081445,-0.00011172717310115043,1.0001765816467958,402.66744737833477,8.036140857750526,0.00002730000000000001,0.000009524083937020566
2022-04-18T13:00:00.000Z,0.018666043789914336,0.9896064093487702,0.00011394125719642624,0.00031185088702174926,0.00030337413477043995,333357075.0573,61667038.28260001,4300664.4668,-0.01069696478600024,-0.01069696478600024,-0.010279649394033374,0.9897203506059666,-0.00006386802410351944,1.000067752815654,405.57090140682243,8.154906642592511,0.00002645699999999998,0.000021931826682554453
2022-04-18T14:00:00.000Z,0.018666043789914336,0.9886369851614478,0.00011770049497194824,0.00033404294461697405,0.0003245980957296002,333064316.59150004,66064883.20260001,4397844.92,-0.011687612934281777,-0.011687612934281777,-0.011245314343580228,0.9887546856564198,-0.00007166761565657875,0.9997362126294077,404.89329270694344,8.135686684394214,0.00002652280000000003,0.00002244712504933289
2022-04-18T15:00:00.000Z,0.018666043789914336,0.9900607793645316,0.00012216347115992567,0.00034908118306497843,0.0003400477709438743,333546163.82750005,69045060.90640001,2980177.7038,-0.010279268406412245,-0.010279268406412245,-0.009817057164308446,0.9901829428356915,-0.000060032926716191426,1.0001452772335064,405.881984503846,8.157133467618515,0.000027273499999999982,0.000015189208109376238
2022-04-18T16:00:00.000Z,0.018666043789914336,0.9893761033662348,0.00012622752917906368,0.0003645025065962876,0.00035624716790449984,333322520.98590004,72101220.0004,3056159.094,-0.010980143801669673,-0.010980143801669673,-0.01049766910458611,0.9895023308954138,-0.00006654883753420826,1.0000162471094638,405.35962957657654,8.15118903283431,0.00002729590000000002,0.000015586916972885172
2022-04-18T17:00:00.000Z,0.018666043789914336,0.9914979931128783,0.00013043704475743865,0.00037769837665655733,0.000369493083643313,334042905.492,74716387.5942,2615167.5938,-0.008871499970764973,-0.008871499970764973,-0.008371569842364222,0.9916284301576358,-0.00004231245863095534,0.9998082758029363,407.1746487828317,8.154936909353562,0.000027272799999999947,0.000013309023590583252
2022-04-18T18:00:00.000Z,0.018666043789914336,0.9987525716802061,0.00013606966941462074,0.00040258371104511935,0.0003976031322361351,339996766.7095,79699623.4179,4983235.8237,-0.001645031452029988,-0.001645031452029988,-0.0011113586503792322,0.9988886413496207,-0.000002208449499496723,0.9999752592247795,413.0648508313548,8.248156075161734,0.00002690040000000004,0.000024916416065592227
2022-04-18T19:00:00.000Z,0.018666043789914336,1.001417651521662,0.00014083053430417457,0.00041100769100769455,0.00040659603271375744,340906308.9382,81386519.0255,1686895.6076,0.0010110554889481982,0.0010110554889481982,0.00155848205596613,1.0015584820559662,-7.822752012831558e-8,1.0001350108465885,415.199332030761,8.283562205114778,0.00002701290000000001,0.000008412054742700185
2022-04-18T20:00:00.000Z,0.018666043789914336,1.0008925215503257,0.00014471132244111583,0.0004166187653688873,0.00041211043005073833,340727613.3678,82510132.6758,1123613.6503,0.00048041112027497057,0.00048041112027497057,0.0010372328727668247,1.0010372328727668,-7.35492178272068e-9,1.0001215883056804,414.7648138472264,8.266653281581455,0.000027012999999999963,0.0000056060710390621825
2022-04-18T21:00:00.000Z,0.018666043789914336,1.002064066369248,0.00014916906498720094,0.00042180256465470704,0.0004178112515373922,341127056.4958,83548186.6933,1038054.0175,0.0016462551177105489,0.0016462551177105489,0.002213235434235142,1.0022132354342352,-1.0620434232055942e-7,1.0007042722309885,415.489944925516,8.284467475915845,0.000026810299999999932,0.000005173121850484841
2022-04-18T22:00:00.000Z,0.018666043789914336,1.0026928501529073,0.00015482615959875077,0.00042730775214929275,0.0004243004004416129,341466041.87969995,84651002.17109999,1102815.4778,0.0022685497524657094,0.0022685497524657094,0.002847676312506073,1.002847676312506,-0.0000021860444838761595,0.999695072003178,416.42633150108634,8.364500187099438,0.000027002999999999928,0.000005490403385179062
2022-04-18T23:00:00.000Z,0.018666043789914336,1.0041501489152935,0.0001605174667653299,0.0004352453752746911,0.0004322929676705556,341983439.1458,86241188.17159998,1590186.0005,0.0037178559476229722,0.0037178559476229722,0.004310666382058858,1.004310666382059,-0.000003580994500596013,1.000554923464906,417.27262677701043,8.460604359597703,0.00002477380000000006,0.000007904816115079414
2022-04-19T00:00:00.000Z,0.018666043789914336,1.0034667554963312,0.00016439653975161602,0.0004408032439446651,0.00043737839208635165,341577148.11480004,87354060.12009999,1112871.9485,0.0030293771042448903,0.0030293771042448903,0.003631152036082858,1.0036311520360828,-0.0000015984006300762132,1.000757123996919,416.616191301302,8.44436006344725,0.00002656510000000001,0.000005538667685738041
2022-04-19T01:00:00.000Z,0.018666043789914336,1.0055825387363457,0.0001697472761913631,0.000453478389247932,0.0004511060436671599,342335936.81430006,89892335.69389999,2538275.5738,0.0051314326926785725,0.0051314326926785725,0.005752286012537095,1.0057522860125372,-0.00000974216815741169,1.000224213469258,418.58713265574966,8.499083849259629,0.000027012400000000063,0.000012604777972231138
2022-04-19T02:00:00.000Z,0.018666043789914336,1.0035041993673808,0.00017260015769080992,0.00046333439262458625,0.00046124342678233177,341629521.47230005,91866067.57589999,1973731.882,0.0030429559405984463,0.0030429559405984463,0.003676799525071588,1.0036767995250715,-0.0000025928406938158233,1.0002811644675489,416.8257136086283,8.43501151372142,0.00002624710000000005,0.000009821587387821979
2022-04-19T03:00:00.000Z,0.018666043789914336,1.0019349367782393,0.00017586988359146423,0.0004743270143395091,0.0004703812473767499,341101868.90040004,94067457.4662,2201389.8903,0.0014645555308625546,0.0014645555308625546,0.002110806661830769,1.0021108066618307,-6.595482298088484e-7,0.9998349791808344,415.70032913904123,8.389795150651292,0.00002678699999999995,0.000010971393459596524
2022-04-19T04:00:00.000Z,0.018666043789914336,1.00243675581945,0.000180653028999247,0.0004848934884081038,0.00048089960555453004,341462079.7771,96184680.75369999,2117223.2875,0.0019558562138954905,0.0019558562138954905,0.0026174088484492673,1.0026174088484492,-8.253159556881329e-7,1.000189195275255,415.9609351724234,8.415662871416858,0.000026997099999999966,0.000010540788573359424
2022-04-19T05:00:00.000Z,0.018666043789914336,1.00375540725163,0.00018519698297140102,0.0004965620672999995,0.0004931970297648025,341910563.5112,98522730.1405,2338049.3868,0.003262210221865125,0.003262210221865125,0.003940604234601328,1.0039406042346013,-0.000003951209649688536,0.9999657735200271,417.13948569789636,8.429455430802195,0.000026997300000000054,0.000011624922952782068
2022-04-19T06:00:00.000Z,0.018666043789914336,1.002856950649754,0.00018870231843603306,0.0005059161146266817,0.0005026627050366272,341603268.0816,100397006.6364,1874276.4959,0.0023542879447173704,0.0023542879447173704,0.0030456529681900306,1.00304565296819,-0.000002866180099592164,0.9994774209100397,416.58827875661694,8.396414147346242,0.00002699749999999996,0.000009327399181289109
2022-04-19T07:00:00.000Z,0.018666043789914336,1.00541199330443,0.00019389256734312946,0.0005197326567754274,0.0005173126589579358,342476854.8784999,103165462.6008,2768455.9644,0.00489468064547216,0.00489468064547216,0.005605885871773225,1.0056058858717731,-0.000010852079265100123,0.9997439811519107,418.5909408657031,8.43814908328645,0.00002699749999999996,0.000013742169937731044
2022-04-19T08:00:00.000Z,0.018666043789914336,1.0084146069001496,0.0001990787289680066,0.0005363885991081109,0.0005367618532912122,343497412.1533,106502834.6325,3337372.0317,0.0078778450468584,0.0078778450468584,0.008613685629117619,1.0086136856291177,-0.000026753046363903188,1.0000521117662957,420.95017546959264,8.477913261135335,0.000026998299999999948,0.000016516958361706524
