query_ts,assumedLPToken,equityValue,totalDexYield,totalTradingfee,newTotalTradingFee,liquidity,totalVolume,volume,priceImpact,priceEffect,totalReturn,totalEquityVal,impermanentLoss,tokenPrice,quoteTokenPrice,rewardPrice,rewardTokenPerLP,feePerDollar
2022-04-03T10:00:00.000Z,0.01816511152226338,1,0.000004909862857688693,0.000011708458870011277,1.1102230246251565e-14,319269073.4354,2198911.1932,2198911.1932,-1.1102230246251565e-14,-1.1102230246251565e-14,0.000004909862857688693,1.0000049098628576,-2.220446049250313e-16,0.9995457390953129,443.5721278408453,9.169238696329,0.000029478,0.000011708459539211732
2022-04-03T11:00:00.000Z,0.01816511152226338,0.9997006303554833,0.000009807214770076929,0.000021777467379337176,0.000009841282647249372,319119329.53150004,4089603.8808000004,1890692.6876,-0.0003092109271639609,-0.0003092109271639609,-0.00028956242974663464,0.9997104375702534,-3.557538053033937e-8,0.9995032415740608,443.31670397672906,9.13872289338621,0.000029599500000000007,0.000010072024072119802
2022-04-03T12:00:00.000Z,0.01816511152226338,1.0001388816580512,0.000014740373312123337,0.000033505017781558356,0.000021601117302871842,319233223.0960999,6291547.458800001,2201943.578,0.00011728054074833238,0.00011728054074833238,0.00015362203136332756,1.0001536220313634,-7.060161717475921e-7,0.9984757823318713,444.15161770079914,9.157954052080049,0.000029530300000000008,0.00001172592265396243
2022-04-03T13:00:00.000Z,0.01816511152226338,1.0022443591519212,0.000019740980657448296,0.000047801914217934556,0.00003592515373052052,318899652.0617,8967468.351200001,2675920.8924,0.0022084339981907064,0.0022084339981907064,0.0022641001325786753,1.0022641001325787,-0.000005196798377848921,0.9985288010091904,445.98723828613436,9.213960220853078,0.00002933849999999999,0.000014264880778859727
2022-04-03T14:00:00.000Z,0.01816511152226338,1.0046897729879276,0.000024876875479889204,0.0000676387736691699,0.000056375853407564236,319635486.5488,12679802.0566,3712333.7054,0.004633397134520045,0.004633397134520045,0.004714649863407499,1.0047146498634074,-0.000012255156085161367,0.9992178236138161,447.83906236498495,9.293450115348259,0.000029414100000000004,0.000019744263590133257
2022-04-03T15:00:00.000Z,0.01816511152226338,1.0047104212120666,0.000029845030141992417,0.00010502586106717347,0.00009330551977360102,319652497.11660004,19676770.316800002,6996968.2602,0.00461711569229295,0.00461711569229295,0.004740266242208544,1.0047402662422085,-0.000009392893366433341,0.9998178676768604,447.55578339675,9.28387210498651,0.0000296117,0.00003721180391092362
2022-04-03T16:00:00.000Z,0.01816511152226338,1.0049795699311121,0.00003484679134293202,0.00012180359039879016,0.00011013572157581031,319744908.482,22816777.671200003,3140007.3544,0.0048694342095363385,0.0048694342095363385,0.005014416722455081,1.005014416722455,-0.000011957330005030187,0.9995130852135683,447.91716902118367,9.284930209781203,0.000029635400000000014,0.00001669459735206543
2022-04-03T17:00:00.000Z,0.01816511152226338,1.0037896643553414,0.00003985404492657054,0.00014004828145812142,0.00012822029727099782,319371168.93479997,26231383.657300003,3414605.9861,0.003661444058070451,0.003661444058070451,0.0038295184002680193,1.0038295184002681,-0.000005278233857319847,0.9999513153925438,446.6450725281325,9.287981665070705,0.00002961049999999998,0.000018175811535308193
2022-04-03T18:00:00.000Z,0.01816511152226338,1.0043704848681136,0.000045027931133107556,0.00015595943142899046,0.00014422192160856717,319530188.5894,29209012.881100003,2977629.2238,0.004226262946505077,0.004226262946505077,0.004415512799246752,1.0044155127992467,-0.00000642947934770266,1.0001770603086382,447.046996994035,9.329142910793863,0.0000294885,0.000015841913725919305
2022-04-03T19:00:00.000Z,0.01816511152226338,1.0052319842518829,0.000050121470004293206,0.00016526510743843895,0.0001536810831739288,319684747.36679995,30949835.7668,1740822.8857,0.005078303168708942,0.005078303168708942,0.005282105721887164,1.0052821057218873,-0.000009659679361173623,1.0002157142895922,447.7886110743191,9.358528723073126,0.000029127899999999996,0.000009257241485764238
2022-04-03T20:00:00.000Z,0.01816511152226338,1.0068820386617219,0.000055962049043115317,0.00017187819621460962,0.0001605648137639193,320210382.0517,32186957.0942,1237121.3274,0.0067214738479579594,0.0067214738479579594,0.006938000710764994,1.006938000710765,-0.00000977598341600494,1.001824505117219,448.5325193735828,9.49431692291516,0.0000296485,0.0000065678890331558335
2022-04-03T21:00:00.000Z,0.01816511152226338,1.0057690934718824,0.00006289133456104563,0.0001792477092987458,0.00016791933491644428,319859573.9807001,33565597.3961,1378640.3019,0.005601174136965925,0.005601174136965925,0.005831984806443415,1.0058319848064434,-0.000012186832201721565,1.0001942064139278,448.26427671692534,9.775246721445491,0.000029697899999999975,0.000007327242027063461
2022-04-03T22:00:00.000Z,0.01816511152226338,1.0064360170819298,0.00006771544051845603,0.00018468443998482392,0.00017372182343255993,320071218.21449995,34582663.9995,1017066.6034,0.006262295258497197,0.006262295258497197,0.006503732522448213,1.0065037325224482,-0.00001528724957877703,1.0002589815311715,448.8248159935056,9.723366926805696,0.000029202299999999993,0.000005401964086071865
2022-04-03T23:00:00.000Z,0.01816511152226338,1.0096101749201571,0.00007338470864474754,0.00019936272746969925,0.00018944952188193476,321088979.6782,37328648.9731,2745984.9736,0.00942072539827521,0.00942072539827521,0.009683559628801892,1.0096835596288019,-0.00003935364051854684,1.0000504063814308,451.74095482770844,9.779861549419088,0.000029697499999999978,0.000014538569526112393
2022-04-04T00:00:00.000Z,0.01816511152226338,1.0068503255740637,0.00007811471810331838,0.00020820346563322426,0.00019708081421643264,320271998.18700004,38982870.5131,1654221.54,0.006653244759847299,0.006653244759847299,0.00692844029216705,1.006928440292167,-0.000020316400134223755,0.9998024247909224,449.3787492075516,9.72082547037015,0.00002929550000000001,0.00000878058848078885
2022-04-04T01:00:00.000Z,0.01816511152226338,1.0018513534237568,0.0000823139204914799,0.00022362591960880987,0.000211454156390678,318624405.5440999,41868099.7712,2885229.2581,0.001639899267366074,0.001639899267366074,0.001933667344248232,1.0019336673442483,-6.730228729878718e-7,1.0000239998351903,444.81531355752725,9.609582555459784,0.000029177099999999995,0.00001539395493070956
2022-04-04T02:00:00.000Z,0.01816511152226338,1.001798969607203,0.0000872552589522736,0.00023297670685621275,0.00022106449349035273,318610223.8679,43617456.411,1749356.6398,0.0015779051137125855,0.0015779051137125855,0.0018862248661552117,1.0018862248661553,-0.0000012173404306814462,0.9995620461639471,444.9658023119925,9.593846802369113,0.00002912739999999996,0.000009333995160472378
2022-04-04T03:00:00.000Z,0.01816511152226338,1.0021781611331733,0.00009261499898176389,0.00024334589928297752,0.00023189154250857769,318754523.8634,45557481.7631,1940025.3521,0.0019462695906646843,0.0019462695906646843,0.002270776132155026,1.002270776132155,-0.0000015929595383878947,0.9997051419388124,445.22942687347677,9.61659825764381,0.000029497500000000037,0.000010346655032834462
2022-04-04T04:00:00.000Z,0.01816511152226338,1.001333908316631,0.00009923203893938873,0.00025435164263026117,0.00024288660117921523,318414462.5903001,47616140.378,2058658.6149,0.0010910217154518342,0.0010910217154518342,0.0014331403555704382,1.0014331403555705,-4.848826232750625e-7,0.9996513568674841,444.4935817275736,9.756613763479626,0.000029727400000000016,0.00001099108255592349
2022-04-04T05:00:00.000Z,0.01816511152226338,1.002934228196973,0.00010861014882138102,0.00026790119731443304,0.000256245140339173,318823679.054,50149834.5844,2533694.2064,0.0026779830566339147,0.0026779830566339147,0.0030428383457944685,1.0030428383457946,-0.0000041627367062258,0.9993348661849675,446.04516783459934,10.142265507814392,0.000029612900000000043,0.000013509912951448202
2022-04-04T06:00:00.000Z,0.01816511152226338,1.0048826167600455,0.00011393162643064465,0.0002796885000344956,0.0002689009429186484,319422557.4551,52353855.8896,2204021.3052,0.004613715817126884,0.004613715817126884,0.004996548386476177,1.0049965483864762,-0.000006756493841519884,1.0004728409577266,447.2597575658746,10.13720059404272,0.000029193100000000027,0.000011730030116506966
2022-04-04T07:00:00.000Z,0.01816511152226338,1.0051112027015023,0.00011939820461205657,0.00029215710161080097,0.0002818984645049927,319541586.705,54685606.417500004,2331750.5279,0.004829304236997345,0.004829304236997345,0.005230600906114394,1.0052306009061145,-0.000008015546157480458,1.0003594830158975,447.50244453333534,10.142655670477327,0.000029337800000000002,0.000012405195637616749
2022-04-04T08:00:00.000Z,0.01816511152226338,1.0043035946696077,0.00012271769045204333,0.000305469848635124,0.0002954811168918159,321628313.20510006,57193493.753000006,2507887.3355,0.004008113552715908,0.004008113552715908,0.0044263123600597675,1.0044263123600599,-0.000004664421824118747,1.000491537603488,446.71233685590454,9.970145031265858,0.00002954169999999994,0.000013255700121249137
2022-04-04T09:00:00.000Z,0.01816511152226338,1.002975951521739,0.0001275786488871873,0.000321439410338604,0.00031007236935010063,321193789.99689996,60201790.76270001,3008297.0097,0.002665879152388806,0.002665879152388806,0.0031035301706260937,1.0031035301706261,-0.0000026126300235462807,0.99992208566207,445.7724584671794,9.938611937101058,0.00002907500000000021,0.000015922178683900952
2022-04-04T10:00:00.000Z,0.01816511152226338,1.001819832784556,0.0001305487238308222,0.00033728934206713184,0.00032552355859105653,320832891.3161,63187639.16610001,2985848.4034,0.0014943092259649404,0.0014943092259649404,0.0019503815083868191,1.0019503815083868,-4.221389572345302e-7,1.0001199908122702,444.6433329259425,9.77136665888892,0.000028828199999999888,0.000015821140609860157
2022-04-04T11:00:00.000Z,0.01816511152226338,1.0002812357315736,0.00013569946326096876,0.0003575403842261863,0.00034536382760486095,320342682.1767,67002609.44540001,3814970.2793,-0.00006412809603129066,-0.00006412809603129066,0.000416935194834539,1.0004169351948344,-5.185179577926746e-7,1.0004999805078116,443.09222968136476,9.766250263908926,0.00002941909999999987,0.00002024534923270901
2022-04-04T12:00:00.000Z,0.01816511152226338,1.0036354472451163,0.00014381301047915665,0.00037190936345810516,0.00036094429501676295,321367813.93649995,69709080.3796,2706470.9342,0.003274502950099567,0.003274502950099567,0.0037792602555954866,1.0037792602555955,-0.0000061026624023075016,0.9993213987985052,446.58207235362255,9.970558331403634,0.0000291235000000002,0.000014316930285523633
2022-04-04T13:00:00.000Z,0.01816511152226338,1.0007939895424287,0.00014562111935687892,0.00039209508205961444,0.0003804346747560139,320462625.63640004,73511219.31480001,3802138.9352,0.0004135548676726941,0.0004135548676726941,0.000939610661785587,1.0009396106617856,-0.0000010304367822344673,1.001395653197866,443.1189819339653,9.7419260493107,0.00002885259999999984,0.000020169703649541035
2022-04-04T14:00:00.000Z,0.01816511152226338,1.0017010602519134,0.00015225424871417095,0.000415821851189428,0.0004049145879452265,320752237.36649996,77980331.22320001,4469111.9084,0.0012961456639681845,0.0012961456639681845,0.001853314500627582,1.0018533145006276,-2.3806254545455374e-7,1.000150935419226,444.4536372686704,9.83381187530581,0.000029443900000000147,0.00002368647622432297
2022-04-04T15:00:00.000Z,0.01816511152226338,1.0008581042481324,0.0001573903817556468,0.00044359051021988197,0.0004319052852879146,320510333.8119,83211220.4816,5230889.2584,0.00042619896284445957,0.00042619896284445957,0.001015494629888021,1.001015494629888,-9.135633700640966e-7,1.0013243332449742,443.1617452745393,9.826674518695695,0.000029392499999999993,0.000027744851885177608
2022-04-04T16:00:00.000Z,0.01816511152226338,0.9955226385275143,0.00015871898850471978,0.0004641395038041692,0.00045047269303410964,318772646.6855,87081760.3511,3870539.8695,-0.004927834165519784,-0.004927834165519784,-0.004318642483980955,0.995681357516019,-0.0000155862119068928,1.0001889010168579,438.92876900605285,9.597186286606687,0.000028704899999999946,0.000020641412764131307
2022-04-04T17:00:00.000Z,0.01816511152226338,0.9964681068386521,0.0001627380547158878,0.0004773191895700805,0.0004646093869232759,318760149.9952,89561789.2435,2480028.8924,-0.003996502548271219,-0.003996502548271219,-0.003369155106632055,0.996630844893368,-0.000011206038639244298,1.000275325531413,439.7127840308432,9.539395439792804,0.000028708999999999965,0.00001322639958960832
2022-04-04T18:00:00.000Z,0.01816511152226338,0.9922953937612109,0.0001644189404631799,0.0004888186878962066,0.0004734835517296032,317213252.9232,91724210.42729999,2162421.1838,-0.008178089790518706,-0.008178089790518706,-0.007540187298325922,0.992459812701674,-0.000039705814904644754,1.0002454199370576,436.0414205943649,9.346374211828643,0.000029295599999999954,0.000011588784448895705
2022-04-04T19:00:00.000Z,0.01816511152226338,0.9945824534700354,0.0001712137067777365,0.000501280464840113,0.00048746711597091874,317942594.9544,94067570.24239999,2343359.8151,-0.005905013645935542,-0.005905013645935542,-0.005246332823186887,0.9947536671768131,-0.00001814350683315702,0.9996470968563786,438.30455014640387,9.449416085211546,0.00002902469999999997,0.00001252965707926411
2022-04-04T20:00:00.000Z,0.01816511152226338,0.9996731941924707,0.0001795786273671638,0.0005102656810346415,0.0004984279865865027,319572246.88659996,95757196.45199999,1689626.2096,-0.0008252337941158094,-0.0008252337941158094,-0.00014722718016214298,0.9998527728198379,-5.507753865208187e-7,0.9997696360691632,442.74115504279047,9.628063028230173,0.000029320600000000022,0.000008988153959875172
2022-04-04T21:00:00.000Z,0.01816511152226338,1.0037975624223086,0.00018624656224402268,0.0005177474672235634,0.0005080064931806128,320882031.58040005,97164071.9399,1406875.4879,0.003289555929127941,0.003289555929127941,0.003983808984552576,1.0039838089845525,-0.0000011644692488044228,1.0013045565119758,445.71095799649476,9.706511281596741,0.000029518799999999945,0.000007453481635137116
2022-04-04T22:00:00.000Z,0.01816511152226338,1.0033987717146557,0.00019302684580083337,0.0005446755084706573,0.0005347366764871797,320758993.8502,102227692.23809999,5063620.2982,0.0028640350381685664,0.0028640350381685664,0.0035917985604565794,1.0035917985604565,-0.0000020975691177316236,1.000357435805819,445.75459658666546,9.788390595270808,0.000029296899999999936,0.00002683682974439107
2022-04-04T23:00:00.000Z,0.01816511152226338,1.0056831373521573,0.0002001458576224196,0.0005534091069899128,0.0005462874766573034,321493887.564,103870004.79179999,1642312.5537,0.005136849875500005,0.005136849875500005,0.005883283209779728,1.0058832832097797,-0.000014395100983666254,0.999303897177089,448.2494141033835,9.880508568033378,0.000029543299999999934,0.000008684243929005364
2022-04-05T00:00:00.000Z,0.01816511152226338,1.005914548744106,0.0002056025841377877,0.0005611128690251255,0.0005530935113522428,321569698.2096,105318669.94199999,1448665.1502,0.005361455232753665,0.005361455232753665,0.006120151328243695,1.0061201513282436,-0.0000112026379127661,1.0001593391296013,448.0662042366434,9.889632822322792,0.00002934600000000004,0.000007658466481922018
2022-04-05T01:00:00.000Z,0.01816511152226338,1.0046009686695414,0.0002107040275329481,0.0005691604366765867,0.0005619036863369065,321162310.2967,106832045.55279998,1513375.6108,0.004039064983204499,0.004039064983204499,0.0048116726970743534,1.0048116726970744,-0.000005567512192605761,1.0002396683242893,446.85237274959337,9.899116459365255,0.0000272735,0.000008010711269274474
2022-04-05T02:00:00.000Z,0.01816511152226338,1.008662300848897,0.00021857286482352938,0.0005796357424188199,0.0005731954049812416,322466721.3776,108802003.26979998,1969957.717,0.008089105443915834,0.008089105443915834,0.008880873713720604,1.0088808737137207,-0.000025522338219619023,1.0004576728891341,450.36646475158636,10.016072147678926,0.000029566499999999938,0.000010385344895724894
2022-04-05T03:00:00.000Z,0.01816511152226338,1.0094446152799676,0.0002212202054668111,0.0005903405934093154,0.0005843037917618865,322711270.0014,110815093.98959997,2013090.7198,0.008860311488205763,0.008860311488205763,0.009665835485434461,1.0096658354854344,-0.00004079413647584129,0.9993343705329137,451.5628145242578,9.893678918865486,0.000029591800000000017,0.000010604693860382233
2022-04-05T04:00:00.000Z,0.01816511152226338,1.0143255272588287,0.00022808129338904167,0.0006161454004349636,0.0006142222710883161,324251667.61340004,115667493.71239997,4852399.7228,0.013711304987740425,0.013711304987740425,0.014553608552217783,1.0145536085522178,-0.00008247718836063012,1.0003199446381583,455.4666397538796,9.961043136220635,0.000029594000000000032,0.00002544036115365563
2022-04-05T05:00:00.000Z,0.01816511152226338,1.0140561643367882,0.0002318971406498849,0.0006259365826461122,0.0006224729981816335,324074755.0826,117508136.09899998,1840642.3866,0.013433691338606613,0.013433691338606613,0.01428806147743813,1.014288061477438,-0.00007421764920034768,1.0007063652406503,455.0414257777524,9.895306956804221,0.00002960250000000008,0.000009655463772309134
2022-04-05T06:00:00.000Z,0.01816511152226338,1.012545847872009,0.0002351947079630439,0.0006394422195401567,0.0006370371857686852,323442129.9184,120045881.27019998,2537745.1712,0.01190881068624039,0.01190881068624039,0.012781042579972118,1.0127810425799721,-0.00006404107489443867,1.000066456422911,453.96337410619105,9.810796991265107,0.00002961639999999995,0.000013338295762918719
2022-04-05T07:00:00.000Z,0.01816511152226338,1.010178803164479,0.0002400980108051501,0.0006515850480064219,0.0006468241443517986,322586973.6968,122326851.07369998,2280969.8035,0.009531979020127146,0.009531979020127146,0.010418901175284094,1.010418901175284,-0.00004597973466069494,0.9994428937459616,452.1151897034675,9.79544000406275,0.000029625700000000088,0.00001202047504123526
2022-04-05T08:00:00.000Z,0.01816511152226338,1.0126939281772327,0.0002467671499846094,0.0006647510154801115,0.0006626234755453542,323389812.18439996,124800009.77399997,2473158.7003,0.01203130470168734,0.01203130470168734,0.012940695327217304,1.0129406953272173,-0.00007040839329197635,0.9996382321800985,454.2678030522417,9.851235719311173,0.00002962589999999997,0.00001300093457524453
