query_ts,assumedLPToken,equityValue,totalDexYield,totalTradingfee,newTotalTradingFee,liquidity,totalVolume,volume,priceImpact,priceEffect,totalReturn,totalEquityVal,impermanentLoss,tokenPrice,quoteTokenPrice,rewardPrice,rewardTokenPerLP,feePerDollar
2022-04-09T10:00:00.000Z,0.018500554096433083,1,0.000004741280345196603,0.00004141489453692137,1.454392162258955e-14,307091993.97630006,7481283.9591,7481283.9591,-1.454392162258955e-14,-1.454392162258955e-14,0.000004741280345196603,1.0000047412803452,0,0.9999897128500143,425.06066882759677,8.460747972915724,0.0000302902,0.00004141489514523628
2022-04-09T11:00:00.000Z,0.018500554096433083,1.0018414446708495,0.00000952419833004673,0.0000717971427432001,0.000034584010668359255,307656823.23399997,12969592.7757,5488308.8166,0.0018068606601810977,0.0018068606601810977,0.0018509688691795037,1.0018509688691795,-2.9723513517154743e-7,1.001024448360266,426.1571428789296,8.497884836117025,0.0000302903,0.00003032640358872724
2022-04-09T12:00:00.000Z,0.018500554096433083,1.0021204257355552,0.00001431172108520245,0.00009834299949855167,0.000060015182272943335,307748007.16499996,17764974.2461,4795381.4704,0.0020604105532822103,0.0020604105532822103,0.002134737456640356,1.0021347374566403,-0.0000016095548653893843,1.000253846862645,426.7013648066713,8.511878765044136,0.000030302299999999993,0.000026489687373699877
2022-04-09T13:00:00.000Z,0.018500554096433083,1.001903434368307,0.000019109707023646958,0.00012660678255624523,0.00009094327722491968,307684619.5964,22870744.7008,5105770.4547,0.001812491091082169,0.001812491091082169,0.0019225440753307356,1.0019225440753308,-0.000002083302870659054,0.9997593639652349,426.7011937106749,8.523541252818996,0.000030302300000000003,0.000028210086628235068
2022-04-09T14:00:00.000Z,0.018500554096433083,1.0020799760149255,0.00002392747172029722,0.00015041525662626954,0.0001104894455226102,308215499.3657,27178338.266000003,4307593.5652,0.0019694865694028785,0.0019694865694028785,0.002103903486645786,1.0021039034866457,-9.267659064615685e-7,1.0005959947270864,426.4780515691142,8.544493497978912,0.000030179999999999985,0.0000237590551932345
2022-04-09T15:00:00.000Z,0.018500554096433083,1.000431250123104,0.000028591298804448315,0.00023411102148631355,0.00019325516642676455,307716940.5014,42321575.2751,15143237.0091,0.00023799495667731208,0.00023799495667731208,0.00045984142190852494,1.0004598414219086,-1.1415824774374528e-7,0.9997498859445386,425.36503252354254,8.509075332312717,0.000030256199999999997,0.00008365968696271006
2022-04-09T16:00:00.000Z,0.018500554096433083,0.9957531003110937,0.000032957550591788474,0.00026720968014979583,0.00022539710370328425,306624768.1312999,48316959.614,5995384.3389,-0.004472296792609631,-0.004472296792609631,-0.004213942138314559,0.9957860578616854,-0.000011282245575450212,1.0002576504743743,421.15433146884556,8.415352466024284,0.00003006750000000002,0.000033239824161124564
2022-04-09T17:00:00.000Z,0.018500554096433083,0.9972837804907153,0.00003780917676202193,0.00031708284301406545,0.00027593030068717717,307101092.0631,57350970.3421,9034010.7281,-0.002992149809971867,-0.002992149809971867,-0.002678410332522668,0.9973215896674773,-0.000004529800181618526,1.0000030002454832,422.5151697961563,8.459622220469182,0.0000298915,0.000050008999103833967
2022-04-09T18:00:00.000Z,0.018500554096433083,0.9982563898501701,0.000042743076227973566,0.0003353760188494654,0.0002941219605637757,307401951.61230004,60664605.7043,3313635.3622,-0.0020377321103937085,-0.0020377321103937085,-0.0017008670736019592,0.998299132926398,-0.0000018524152165522167,0.9998747046295197,423.37880682579765,8.500269701520565,0.00003021900000000002,0.000018325128016248418
2022-04-09T19:00:00.000Z,0.018500554096433083,0.9970536039672684,0.00004738884307072104,0.0003467944738851797,0.0003051302859007343,307232407.9554,62734303.637600005,2069697.9333,-0.0032515263186323473,-0.0032515263186323473,-0.002899007189660892,0.9971009928103391,-0.000005011594824133603,0.9998988426499728,422.33934930151554,8.481769006675526,0.000030199299999999977,0.00001145219838631336
2022-04-09T20:00:00.000Z,0.018500554096433083,0.9967209817003945,0.000052170551059988145,0.00035322133882146516,0.0003112726210023897,307126253.01720005,63899216.8259,1164913.1883,-0.003590290920607919,-0.003590290920607919,-0.0032268477485455412,0.9967731522514545,-0.000007979040366867807,1.0003878064275395,421.84602909745314,8.48874099113941,0.00003019969999999998,0.000006448007621149514
2022-04-09T21:00:00.000Z,0.018500554096433083,0.9962770946036099,0.00005690588853472713,0.0003626091878399982,0.00032208238161390845,306990781.4245,65600835.83140001,1701619.0055,-0.0040449877780039944,-0.0040449877780039944,-0.003665999507855359,0.9963340004921446,-0.000006848021445460262,0.9996374147540787,421.77748615211266,8.487634722118214,0.00003019969999999998,0.000009422928909874876
2022-04-09T22:00:00.000Z,0.018500554096433083,0.9974390726876572,0.00006163106687444064,0.0003736076821477788,0.00033279289260779166,307352112.0192999,67594418.07820001,1993582.2468,-0.0028937202049506006,-0.0028937202049506006,-0.002499296245468368,0.9975007037545316,-0.000003982996312323905,0.9999142150639162,422.6361232511368,8.486934222732211,0.000030124100000000063,0.000011026733466361165
2022-04-09T23:00:00.000Z,0.018500554096433083,0.9981538612871628,0.00006673731777386742,0.00038634968347405055,0.0003475972133095695,307573877.90830004,69904038.8727,2309620.7945,-0.0021937359261468004,-0.0021937359261468004,-0.0017794013950633634,0.9982205986049366,-9.944694594477e-7,0.9992041819806419,423.5304723851465,8.533544739060071,0.000030199599999999957,0.000012765568315982288
2022-04-10T00:00:00.000Z,0.018500554096433083,1.0026525999629625,0.0000721657289358648,0.00040256043324024516,0.00036565337581540014,308963277.5193,72842436.3762,2938397.5035,0.0022869465871471206,0.0022869465871471206,0.0027247656918983855,1.0027247656918983,-0.0000011817777233469329,1.000736933033429,426.68824069436147,8.612388603725117,0.000030199500000000025,0.00001616786239470793
2022-04-10T01:00:00.000Z,0.018500554096433083,1.0012045858018097,0.00007695915008414804,0.00041813777768578476,0.0003784973733189645,309254334.23870003,75672769.0196,2830332.6434,0.0008260884284907455,0.0008260884284907455,0.001281544951893858,1.001281544951894,-2.6524345053680065e-8,1.0005853084134035,425.5097999421085,8.611652513216558,0.0000301254,0.000015558603262989875
2022-04-10T02:00:00.000Z,0.018500554096433083,1.0021426790123467,0.00008260266937499,0.0004578212516162062,0.0004181929446072097,309093557.0544,82872580.9106,7199811.891,0.0017244860677394502,0.0017244860677394502,0.00222528168172165,1.0022252816817216,-0.000003202542100733119,0.9991822180528195,426.8726562928999,8.699785932946181,0.000030170099999999998,0.000039598626161417634
2022-04-10T03:00:00.000Z,0.018500554096433083,1.0020827537621197,0.00008744705917156838,0.0004798266968350449,0.00044238639490612464,309186692.2237,86866492.48390001,3993911.5733,0.0016403673672136243,0.0016403673672136243,0.0021702008212913172,1.0021702008212914,-0.0000010051558668733307,1.0002109032507551,426.36201572820426,8.700422699704749,0.00003005880000000004,0.000021959708633570854
2022-04-10T04:00:00.000Z,0.018500554096433083,1.0017905988450537,0.00009213403535200441,0.0005472928524640484,0.0005092112268330062,309003523.28510004,99107679.3252,12241186.8413,0.0012813876182207196,0.0012813876182207196,0.0018827328804057301,1.0018827328804056,-0.0000018520604505578575,0.9993458833959944,426.42524967382207,8.688669344007813,0.000029892699999999962,0.0000673455674840632
2022-04-10T05:00:00.000Z,0.018500554096433083,1.0029975665377018,0.00009702938214905079,0.0006260657308823561,0.0005888943554324122,309646229.50049996,113412871.943,14305192.6178,0.002408672182269367,0.002408672182269367,0.00309459591985083,1.0030945959198507,-0.0000051684592003997665,0.9991807098195149,427.4566157754132,8.69287849674686,0.00003016180000000002,0.00007853745705054914
2022-04-10T06:00:00.000Z,0.018500554096433083,1.0016003383401018,0.00010174255236092114,0.0006805263780929815,0.0006411766688032561,309223612.49009997,123303231.0598,9890359.1168,0.0009591616712985029,0.0009591616712985029,0.00170208089246268,1.0017020808924626,-0.0000011811344456935657,0.9994116197405568,426.1228048741076,8.681142692823546,0.00003016180000000002,0.00005437363066540819
2022-04-10T07:00:00.000Z,0.018500554096433083,1.00213192929499,0.00010660299509300143,0.0007119292778180401,0.0006725846129194135,309083526.2018,129000566.3867,5697335.3269,0.0014593446820705402,0.0014593446820705402,0.002238532290082955,1.0022385322900829,-7.439901454908693e-7,1.0002281913480582,426.20055341353276,8.682069490543379,0.000030192299999999985,0.0000313360927861499
2022-04-10T08:00:00.000Z,0.018500554096433083,1.001151470609246,0.00011132832979988886,0.0007381571711003025,0.0006982343594872376,308788606.7519001,133759130.9149,4758564.5282,0.0004532362497586817,0.0004532362497586817,0.0012627989390458082,1.001262798939046,-0.0000011472255013744714,0.9989286753868465,425.89796029190967,8.67239832205963,0.000030191700000000028,0.000026197727251121195
2022-04-10T09:00:00.000Z,0.018500554096433083,1.0008302925113277,0.00011634139389895824,0.0007949639272275034,0.0007586241516059911,308758206.4208999,144067955.2578,10308824.3429,0.00007166835972172159,0.00007166835972172159,0.0009466339052266709,1.0009466339052266,-1.360711386899638e-7,1.0005832212025716,424.8694316621965,8.685148536274042,0.000030180399999999986,0.00005675962943974314
2022-04-10T10:00:00.000Z,0.018500554096433083,0.9985834431376015,0.00011999823456204234,0.0008530663678107927,0.0008134447811933843,307911132.9915,154606641.66860002,10538686.4108,-0.0022300016435918835,-0.0022300016435918835,-0.0012965586278364568,0.9987034413721635,-9.67782683214402e-7,0.9991488299852751,423.52314765602074,8.599706150219996,0.000030178499999999955,0.000058184862379934055
2022-04-10T11:00:00.000Z,0.018500554096433083,0.997785799736273,0.0001245961304371912,0.0008941714391184273,0.0008514496816548478,307778402.0224999,162065069.82160002,7458428.153,-0.003065649945381832,-0.003065649945381832,-0.002089604133289793,0.9979103958667102,-0.0000012563521931685528,0.9985056238631427,423.0863935209772,8.585797243717394,0.000030168199999999966,0.000041196288552999525
2022-04-10T12:00:00.000Z,0.018500554096433083,0.9998019759280773,0.00012954242663240824,0.0009185024557887392,0.0008795214921099026,308403847.64790004,166479931.6491,4414861.8275,-0.0010775455640326115,-0.0010775455640326115,-0.00006848164529030064,0.9999315183547097,-1.6368018052048683e-10,0.9989302519512328,424.59496428127306,8.596037363669236,0.000030168199999999966,0.000024335834860655322
2022-04-10T13:00:00.000Z,0.018500554096433083,0.9989423101073611,0.00013410667692052546,0.0009527826930408092,0.0009109141649046304,308176909.16489995,172700851.2711,6220919.622,-0.0019686040575435104,-0.0019686040575435104,-0.0009235832157183546,0.9990764167842816,-0.0000018585208155785793,0.9999471344604743,423.4067919586157,8.58163644563943,0.000030115399999999945,0.00003431653392221286
2022-04-10T14:00:00.000Z,0.018500554096433083,0.9974788075524269,0.00013830592955777076,0.0009736787414329228,0.0009323886305095952,308306903.5934,176500074.6547,3799223.3836,-0.0034535810780826903,-0.0034535810780826903,-0.0023828865180153245,0.9976171134819847,-0.000007662915371131618,1.0004450877933484,421.93763385218364,8.545748736898494,0.000030107799999999993,0.000020948865162739945
2022-04-10T15:00:00.000Z,0.018500554096433083,0.9986129260257718,0.00014301656011439092,0.0009991149312534595,0.0009575065335044597,308672205.93649995,181124986.82450002,4624912.1698,-0.0023445805077326742,-0.0023445805077326742,-0.0012440574141138235,0.9987559425858862,-0.000004309260844270746,1.0005782837525667,422.8209648162143,8.54304162870019,0.000030081700000000055,0.000025471521366188192
2022-04-10T16:00:00.000Z,0.018500554096433083,0.9984145404456216,0.00014701500745902514,0.0010240846074017896,0.0009833641654212188,308624077.51150006,185665269.63410002,4540282.8096,-0.0025688237197996067,-0.0025688237197996067,-0.0014384445469193628,0.9985615554530807,-0.000007835783169651833,1.0013772774108032,422.2936960897248,8.502538399883468,0.000029729499999999967,0.000025009327977764116
2022-04-10T17:00:00.000Z,0.018500554096433083,0.9987204273545647,0.00015252677424695303,0.0010432835962665267,0.0010015881629308332,308690268.63000005,189155936.6865,3490667.0524,-0.002281160808366156,-0.002281160808366156,-0.0011270458711883698,0.9988729541288116,-0.0000037902349981910888,1.0004593213151451,422.92500602962525,8.545994098563101,0.000030108900000000023,0.000019223586203142433
2022-04-10T18:00:00.000Z,0.018500554096433083,1.0033455642543243,0.00015880320875917653,0.0010604933889043165,0.0010235663740012502,310135742.39100003,192285098.23490003,3129161.5484,0.0023219978803230568,0.0023219978803230568,0.0035043674630834834,1.0035043674630835,-0.0000014442713798246132,1.0006096323879905,426.7723733061609,8.628377879120093,0.00003010760000000004,0.000017152407495081323
2022-04-10T19:00:00.000Z,0.018500554096433083,1.0020099207696527,0.00016425694183002876,0.0010737234107969318,0.0010360806682905288,309712152.68630004,194690556.65150002,2405458.4166,0.0009738401013621445,0.0009738401013621445,0.002174177711482702,1.0021741777114828,-0.000003000515624074218,0.9985144802033024,426.51817419758123,8.662524037175487,0.000030108799999999955,0.000013203483533828046
2022-04-10T20:00:00.000Z,0.018500554096433083,1.0043552154361413,0.0001696245238026508,0.001081834342321452,0.001045836925631427,310439402.3431,196165282.4686,1474725.8171,0.0033093785105098306,0.0033093785105098306,0.004524839959943908,1.004524839959944,-0.000004887888068405566,1.0001670111830738,427.80284786023964,8.690307518100083,0.000030108799999999955,0.000008075759295204437
2022-04-10T21:00:00.000Z,0.018500554096433083,1.0048699418483318,0.00017885657902567978,0.0010905489820771917,0.001054991762650781,310600030.1138,197749782.2673,1584499.7987,0.0038149500856810015,0.0038149500856810015,0.005048798427357462,1.0050487984273575,-0.000007079260955333844,1.0000346127748145,428.29079514194655,8.909249782651008,0.00003008360000000009,0.000008672406299519932
2022-04-10T22:00:00.000Z,0.018500554096433083,1.0008643414084013,0.00018187274544185822,0.0010980117152380013,0.0010583860868045303,309374219.22449994,199106713.68760002,1356931.4203,-0.0001940446784032268,-0.0001940446784032268,0.0010462141538431617,1.0010462141538432,-3.884285448840785e-8,1.0000743736214153,424.85975398646127,8.814915059083905,0.00003010760000000004,0.000007456288440233812
2022-04-10T23:00:00.000Z,0.018500554096433083,0.9946443058753605,0.00018404525736825795,0.0011108110608817503,0.0010650311782955946,307454654.3785,201434012.19000003,2327298.5024,-0.0064207253029351374,-0.0064207253029351374,-0.005171648867271285,0.9948283511327287,-0.000015497985645596124,0.9991161153479197,419.9866997799066,8.685724964102757,0.00003010760000000004,0.000012868263328384557
2022-04-11T00:00:00.000Z,0.018500554096433083,0.9933761412913495,0.00018852235958189732,0.0011329281939456693,0.001087889122869501,307071582.536,205455676.33020002,4021664.1402,-0.007711747831519955,-0.007711747831519955,-0.006435336349068557,0.9935646636509314,-0.00003609999023534982,1.000745538427232,418.2139262177166,8.669318209119186,0.00003008190000000001,0.000022264610036125607
2022-04-11T01:00:00.000Z,0.018500554096433083,0.9918520540006367,0.00019201673979553496,0.0011768358753422089,0.0011287255515199934,306619047.20470005,213440104.31390002,7984427.9837,-0.009276671550883298,-0.009276671550883298,-0.007955929259567769,0.9920440707404322,-0.000043046390502010645,0.9999485322709383,417.22813356354055,8.609497622526478,0.000030105599999999934,0.00004426837698451349
2022-04-11T02:00:00.000Z,0.018500554096433083,0.9920332793159822,0.00019613245504286584,0.001199848520326944,0.001151990824991178,306679109.2701,217624912.47940004,4184808.1655,-0.009118711509009003,-0.009118711509009003,-0.007770588228974959,0.9922294117710251,-0.00004413375842449163,1.000224448706136,417.24605816063297,8.579772206622247,0.000030105599999999934,0.000023197451884746305
2022-04-11T03:00:00.000Z,0.018500554096433083,0.985350805235186,0.00019781451695123577,0.0012278617781313406,0.0011712623685771195,304841709.23870003,222722893.43600005,5097980.9566,-0.015820457133391086,-0.015820457133391086,-0.01445138024786273,0.9855486197521373,-0.00012568334427709438,0.9998981598934807,411.75544556503905,8.447682166234152,0.000030083300000000065,0.0000284297304586815
2022-04-11T04:00:00.000Z,0.018500554096433083,0.987355738812321,0.00020424738073846513,0.0012727884737476227,0.00121842387219806,305538752.0574,230900914.22560006,8178020.7896,-0.013862685059877089,-0.013862685059877089,-0.012440013806940564,0.9875599861930594,-0.00007617824251049399,0.9983750337781788,414.02591594464053,8.51994387367353,0.000030076400000000046,0.00004550203615320188
2022-04-11T05:00:00.000Z,0.018500554096433083,0.990089440022437,0.00020947107119631905,0.0012975830236508761,0.0012486826364600523,306974826.7659,235422967.16670007,4522052.9411,-0.011159242614023013,-0.011159242614023013,-0.009701088906366642,0.9902989110936333,-0.00007801117735017904,1.0012598285277312,415.099660809344,8.540004369831486,0.000030018599999999953,0.00002504273748066158
2022-04-11T06:00:00.000Z,0.018500554096433083,0.9900432205784027,0.00021428795355157086,0.001316337336897462,0.0012666611669580607,306884034.0059,238842544.10940006,3419576.9427,-0.0112234405885554,-0.0112234405885554,-0.009742491468045768,0.9902575085319543,-0.00006650713987543799,1.0002363433623054,415.4704567857728,8.542909317923614,0.000030026400000000042,0.00001894292357509298
2022-04-11T07:00:00.000Z,0.018500554096433083,0.9891237298137637,0.00021838397841944968,0.001331191557585256,0.0012791162312683069,306604616.6752,241551045.28240007,2708501.173,-0.012155386417504577,-0.012155386417504577,-0.01065788620781682,0.9893421137921832,-0.00007146445550321179,0.999715529962144,414.9036802932521,8.517574816042812,0.000030026100000000017,0.000015017555978218366
2022-04-11T08:00:00.000Z,0.018500554096433083,0.9924680404982933,0.00022347300845320845,0.0013450812074839026,0.001298967280222385,307631880.1539,244083590.43480006,2532545.1524,-0.008830926781929094,-0.008830926781929094,-0.0073084864932535,0.9926915135067464,-0.000044146481595341847,1.000516301909328,417.3666750233919,8.531818774987283,0.000029927299999999926,0.00001399506044993178
