query_ts,assumedLPToken,equityValue,totalDexYield,totalTradingfee,newTotalTradingFee,liquidity,totalVolume,volume,priceImpact,priceEffect,totalReturn,totalEquityVal,impermanentLoss,tokenPrice,quoteTokenPrice,rewardPrice,rewardTokenPerLP,feePerDollar
2021-12-08T10:00:00.000Z,0.01674823068994652,1,0.000004848656829902705,0.00003096997403208392,-6.572520305780927e-13,270721888.4634,4931911.6784,4931911.6784,6.572520305780927e-13,6.572520305780927e-13,0.000004848656829902705,1.0000048486568298,0,1.0008726278415603,582.4956950688288,12.0984512384511,0.0000239289,0.000030969974023410004
2021-12-08T11:00:00.000Z,0.01674823068994652,0.9916889479655421,0.000009321254186680306,0.00007792445441018359,0.00005243439734048394,268477649.343,12409486.6024,7477574.924,-0.008363486431798406,-0.008363486431798406,-0.008301730780271242,0.9916982692197288,-0.00003678702505438558,1.0010518066464502,572.6905251991004,11.848077150305578,0.000023045099999999997,0.000047347991171360556
2021-12-08T12:00:00.000Z,0.01674823068994652,0.9920813244154623,0.000014508457358259177,0.0001237899296575385,0.00009208382236947088,268629925.147,19714888.129,7305401.5266,-0.008010759406907209,-0.008010759406907209,-0.007904167127179479,0.9920958328728205,-0.000026280241629317302,1.000079172825283,573.6553822926188,11.732485447121027,0.000026861000000000003,0.00004623156779135444
2021-12-08T13:00:00.000Z,0.01674823068994652,0.9949616314497651,0.00002108532866488986,0.00016650817955784586,0.00013497519904592803,269420415.2382,26519270.2749,6804382.1459,-0.005173343749280801,-0.005173343749280801,-0.005017283221569983,0.99498271677843,-0.000006635026525758647,0.9993285195150834,577.3751362169902,11.771997025540834,0.000033110200000000014,0.000042934569890715164
2021-12-08T14:00:00.000Z,0.01674823068994652,0.9989959999078362,0.000028666113528584848,0.00020502265872626108,0.00017408012600084177,268601854.61340004,32610715.8707,6091445.5958,-0.0011780802181646788,-0.0011780802181646788,-0.0009753339786352521,0.9990246660213647,-5.957842041937056e-8,1.000038664399179,581.6086676629607,11.906079180337347,0.00003681249999999998,0.00003855318693820882
2021-12-08T15:00:00.000Z,0.01674823068994652,1.008406416104944,0.000036497498025113824,0.0002638562873220185,0.00023481448383688708,270855243.5527,41906335.7299,9295619.8592,0.008171601621107083,0.008171601621107083,0.008442913602969084,1.0084429136029691,-0.000037908641148831634,1.000303238614112,592.3914440176363,12.09349711702166,0.000036437100000000004,0.000058343170888494606
2021-12-08T16:00:00.000Z,0.01674823068994652,1.0080408925354423,0.00004424459202108355,0.00031320926674381774,0.0002861209318103519,269703101.9443,49673674.51710001,7767338.7872,0.007754771603631916,0.007754771603631916,0.008085137127463352,1.0080851371274633,-0.000030779568236605215,1.000751323643273,591.6366719010108,12.15251266114125,0.00003718800000000002,0.00004895930318579366
2021-12-08T17:00:00.000Z,0.01674823068994652,1.0052759069709938,0.000051717717173766154,0.00036406420907083767,0.00033597447093058896,268846767.57490003,57673928.7295,8000254.2124,0.004939932500063193,0.004939932500063193,0.0053276246881675485,1.0053276246881675,-0.00001882102032546573,0.9996647155307624,588.9756992265992,12.114006404528663,0.00003752469999999998,0.00005058804419990265
2021-12-08T18:00:00.000Z,0.01674823068994652,1.0059545949387292,0.00005938082778849649,0.00039371316640725204,0.0003647919525067156,269047732.3065,62338497.14830001,4664568.4188,0.00558980298622247,0.00558980298622247,0.006013975766517681,1.0060139757665176,-0.000019266398007533603,1.0002389850181088,589.3991109222076,12.105738951220678,0.00003797,0.00002947345530095896
2021-12-08T19:00:00.000Z,0.01674823068994652,1.0094401546737375,0.00006754024943212856,0.00042055114090041944,0.00039259976255578977,269981162.6783,66560841.922400005,4222344.7741,0.009047554911181699,0.009047554911181699,0.009507694923169618,1.0095076949231696,-0.00005182988956131673,0.9996975995069107,593.7808016763668,12.204253855366849,0.000037554799999999995,0.00002658698868010667
2021-12-08T20:00:00.000Z,0.01674823068994652,1.0092135989956939,0.0000756391070314858,0.0004359760821597918,0.0004095769502545643,269891521.9144,68987344.35700001,2426502.4346,0.008804022045439286,0.008804022045439286,0.009289238102725335,1.0092892381027254,-0.00004487305725120461,1.0001641336909537,593.2173792646679,12.253534128088402,0.000038134399999999985,0.000015284119002924144
2021-12-08T21:00:00.000Z,0.01674823068994652,1.014241077055818,0.00008430214992313286,0.00045289869375285895,0.00043022502878065083,271249998.3597,71649583.12040001,2662238.7634,0.013810852027037246,0.013810852027037246,0.01432537920574103,1.014325379205741,-0.00010516931862836199,1.0000849105236158,599.1678872072606,12.378397520515266,0.0000380688,0.000016684998802390426
2021-12-08T22:00:00.000Z,0.01674823068994652,1.013232522829985,0.0000920998480503918,0.00047408492588018876,0.00045025634120854363,270971944.24979997,74982465.57360001,3332882.4532,0.01278226648877645,0.01278226648877645,0.013324622678035386,1.0133246226780355,-0.00009753251520039363,0.9996064517182041,598.2389127207624,12.357648106020239,0.00003835850000000001,0.000020909545400083175
2021-12-08T23:00:00.000Z,0.01674823068994652,1.0125390958397535,0.00009906019215701986,0.000492191464876259,0.0004665096033134031,270598321.8566,77828891.1351,2846425.5615,0.012072586236440142,0.012072586236440142,0.012638156031910564,1.0126381560319107,-0.00008465842087501674,0.999859911423118,597.2493681847136,12.236041057604616,0.000038386700000000017,0.00001788231139553897
2021-12-09T00:00:00.000Z,0.01674823068994652,1.0199479770129187,0.00010875191138110683,0.0005122726889384198,0.0004896210279894397,272574164.5649,80985697.4439,3156806.3088,0.019458355984929288,0.019458355984929288,0.020056728924299834,1.0200567289242999,-0.00020942134152579506,0.9996763299614232,606.1095165639045,12.445652182863224,0.00003835470000000005,0.000019688479036619107
2021-12-09T01:00:00.000Z,0.01674823068994652,1.0259455815587937,0.00011754289014016318,0.0005400426773471367,0.0005197269358396817,274038912.5384,85348993.49620001,4363296.0523,0.02542585462295399,0.02542585462295399,0.026063124448933838,1.0260631244489338,-0.00034218089976723043,0.9998162181831747,613.1403277932529,12.529492479215964,0.00003840119999999998,0.000027067700788188608
2021-12-09T02:00:00.000Z,0.01674823068994652,1.0211976865437669,0.00012401636971983628,0.0005653089509773136,0.0005444855610350352,273005252.72499996,89322312.79720001,3973319.301,0.020653200982731823,0.020653200982731823,0.021321702913486694,1.0213217029134867,-0.00022800688749147202,0.9999585555605891,607.359649259479,12.381981743660958,0.000037889200000000044,0.000024741805310625275
2021-12-09T03:00:00.000Z,0.01674823068994652,1.0187650198030977,0.00013076402381035862,0.0005988081858642089,0.0005753391959910648,271883706.3954,94581215.2731,5258902.4759,0.018189680607106684,0.018189680607106684,0.018895783826908107,1.0188957838269082,-0.00016867006475940194,1.0005305031093537,604.0857359798273,12.269156162484139,0.00003833680000000003,0.000032882199259224376
2021-12-09T04:00:00.000Z,0.01674823068994652,1.0162714400304544,0.0001380533761168861,0.000626367278877255,0.0006012377590121076,271246670.66690004,98908053.92300001,4326838.6499,0.015670202271442335,0.015670202271442335,0.01640949340657133,1.0164094934065713,-0.00012785098266454575,1.0004294963090739,601.1605415983653,12.218310577264159,0.00003826940000000003,0.000027117846964702296
2021-12-09T05:00:00.000Z,0.01674823068994652,1.0187081691867885,0.00014639361104776898,0.0006511488453126804,0.0006294165976468147,271929244.7544,102799275.61770001,3891221.6947,0.01807875258914171,0.01807875258914171,0.018854562797836295,1.0188545627978363,-0.00016760518910918787,1.0004796073911848,603.9848412581633,12.263761664205617,0.00003810530000000003,0.000024326463624626246
2021-12-09T06:00:00.000Z,0.01674823068994652,1.0176774896471592,0.00015388878884546527,0.0006748717376631404,0.0006517807433166212,271837519.2608,106526778.1051,3727502.4874,0.017025708903842585,0.017025708903842585,0.017831378436004672,1.0178313784360047,-0.00015372150369441506,1.0002194913397335,602.892778117837,12.24197950620765,0.000037824399999999976,0.00002331081539373724
2021-12-09T07:00:00.000Z,0.01674823068994652,1.0153938971643706,0.0001608853960761423,0.0007058671991526883,0.0006813406011916268,268660757.5056,111350906.6288,4824128.5237,0.014712556563178936,0.014712556563178936,0.015554782560446704,1.0155547825604467,-0.00011657352202576465,1.0002077507173168,600.1604684761578,12.171459936205869,0.00003867090000000009,0.000030525554109327104
2021-12-09T08:00:00.000Z,0.01674823068994652,1.0186853572206562,0.0001689124631760403,0.0007316133012180168,0.0007102801036635853,269537046.2206,115358106.0249,4007199.3961,0.017975077116992644,0.017975077116992644,0.01885426968383227,1.0188542696838323,-0.00016269581979211356,1.000648054645219,603.7601816232135,12.18137488047271,0.00003870279999999994,0.00002527385036264955
2021-12-09T09:00:00.000Z,0.01674823068994652,1.0123465779928988,0.00017398089843396374,0.0007742069895022138,0.0007500440746051051,268420644.1918,122001393.10610001,6643287.0812,0.011596533918293739,0.011596533918293739,0.012520558891332807,1.0125205588913329,-0.00008924920932029679,0.9990416893710489,597.1763308501677,11.9881256816659,0.00003859010000000004,0.00004207421553600834
2021-12-09T10:00:00.000Z,0.01674823068994652,1.0085802275112772,0.00018030489433739085,0.0008171759654404189,0.0007882306566060482,267440165.53159997,128703668.52960001,6702275.4235,0.007791996854671135,0.007791996854671135,0.008760532405614575,1.0087605324056146,-0.00004479491581532713,0.9991690216141271,592.6173770958676,11.894193817891503,0.00003858909999999996,0.000042603429433653004
2021-12-09T11:00:00.000Z,0.01674823068994652,1.0087422099202947,0.00018812038650522575,0.0008461761850855273,0.0008157697755015736,267367959.14589998,133225158.04720001,4521489.5176,0.007926440144793157,0.007926440144793157,0.008930330306799955,1.0089303303068,-0.000040051350761460824,0.999817294334299,592.3911520616564,11.905321680345551,0.00003835039999999994,0.000028748890497105288
2021-12-09T12:00:00.000Z,0.01674823068994652,1.0079517943347946,0.00019574669399630566,0.0008828909446042237,0.0008524955965025782,267221725.9554,138950794.59550002,5725636.5483,0.00709929873829207,0.00709929873829207,0.008147541028790953,1.008147541028791,-0.000043199043658681546,0.9986521493877447,592.1092944114919,11.911982024756009,0.00003769870000000004,0.00003642511512606037
2021-12-09T13:00:00.000Z,0.01674823068994652,1.0084315506470405,0.00020379589728080515,0.0009164051607834712,0.0008870981068433981,267359596.2831,144177517.67190003,5226723.0764,0.0075444525401970886,0.0075444525401970886,0.008635346544321292,1.0086353465443212,-0.000039364247328310675,0.9995154468115968,592.1209869809887,11.937492242262946,0.0000381630000000001,0.00003323400152232222
2021-12-09T14:00:00.000Z,0.01674823068994652,1.0094313176037997,0.00021156635294947244,0.0009496649797126537,0.0009205354385100062,267628726.56359997,149364644.92470002,5187127.2528,0.008510782165289665,0.008510782165289665,0.009642883956749143,1.009642883956749,-0.00004310555278774775,1.0000618585419623,592.9331880564265,11.941425167690578,0.00003851699999999994,0.00003294906508350642
2021-12-09T15:00:00.000Z,0.01674823068994652,1.0003355981507962,0.00021556346885709282,0.0010035652779483725,0.0009663313407504148,265250974.3362,157771886.2411,8407241.3164,-0.0006307331899542135,-0.0006307331899542135,0.0005511616196532942,1.0005511616196532,-4.853253904313348e-7,0.9992563754544996,582.7021006054791,11.74685969763282,0.00003783809999999992,0.000053882215790712986
2021-12-09T16:00:00.000Z,0.01674823068994652,0.9974789313412519,0.00022141841940387532,0.001051015564573702,0.0010124744071570158,264517676.1967,165173746.61080003,7401860.3697,-0.0035335430659051426,-0.0035335430659051426,-0.0022996502393442513,0.9977003497606558,-0.0000035267163004393254,0.9999882804460815,578.8979213374898,11.660194450406951,0.000038124899999999924,0.00004757021462389129
2021-12-09T17:00:00.000Z,0.01674823068994652,0.9990261565073945,0.00022901638256352932,0.0010859550384364333,0.0010469100318776237,264929740.2552,170624057.84430003,5450311.2335,-0.0020207535244831654,-0.0020207535244831654,-0.0007448271100420124,0.999255172889958,-4.1808910289375945e-7,0.9997639051574072,580.7872838125951,11.663484757287716,0.0000385756999999999,0.00003497353331500176
2021-12-09T18:00:00.000Z,0.01674823068994652,0.996200941141644,0.00023455858135661188,0.0011124037957721278,0.001071768257468242,264176686.7307,174749817.09000003,4125759.2457,-0.004870827115824206,-0.004870827115824206,-0.003564500276999352,0.9964354997230006,-0.00001381651507093018,1.001247039101713,576.619338557096,11.568268007630294,0.000038254899999999965,0.000026549620273040263
2021-12-09T19:00:00.000Z,0.01674823068994652,0.9920986858524721,0.00023938138141466587,0.00114334032693717,0.001100812233003734,263115190.03379998,179576110.61870003,4826293.5287,-0.009002126380531661,-0.009002126380531661,-0.007661932766113261,0.9923380672338867,-0.000033144379359639764,0.9999712607102855,572.5711466347962,11.441278173623763,0.00003860559999999999,0.00003118291649271947
2021-12-09T20:00:00.000Z,0.01674823068994652,0.9939884303204742,0.0002489446489629746,0.0011643683686759871,0.001120781560206896,263707819.16009998,182857755.51460004,3281644.8959,-0.007132351239732659,-0.007132351239732659,-0.005762625030562789,0.9942373749694372,-0.00001725842919053644,0.9995895707383712,574.9532537730988,11.54179799101292,0.00003859259999999994,0.000021155217698126158
2021-12-09T21:00:00.000Z,0.01674823068994652,0.9897432141573191,0.00025418078130992237,0.0011870926276736822,0.001138632283270824,263471595.1888,186416133.45930004,3558377.9447,-0.011395418125951684,-0.011395418125951684,-0.010002605061370937,0.989997394938629,-0.000059294659538688954,1.0003015907551602,569.6207623499727,11.443081968281358,0.00003843089999999991,0.00002295975208126401
2021-12-09T22:00:00.000Z,0.01674823068994652,0.9958936010545206,0.00026489540130785247,0.0012048962146240943,0.001165192512609159,265106968.00899997,189203966.59160003,2787833.1323,-0.0052715914580885315,-0.0052715914580885315,-0.00384150354417152,0.9961584964558284,-0.000008040756444782637,0.9995969828359603,577.1060643895242,11.589347066500945,0.00003846290000000008,0.00001787699644601234
2021-12-09T23:00:00.000Z,0.01674823068994652,0.9954395642263771,0.0002723496956242986,0.0012219795187913393,0.0011804720334588348,265030924.14189997,191879464.46720004,2675497.8756,-0.005740907807081697,-0.005740907807081697,-0.004288086077998563,0.9957119139220014,-0.000010834086586974934,0.9997697531892928,576.4619958278148,11.588912561189519,0.00003845680000000007,0.000017161568610328558
2021-12-10T00:00:00.000Z,0.01674823068994652,0.9919432647018376,0.0002767837821653804,0.0012430314686294663,0.0011981960635061295,264083445.31890002,195176303.54730004,3296839.0801,-0.00925493136166855,-0.00925493136166855,-0.0077799515159970405,0.9922200484840029,-0.00003960394366309128,1.0004743636469142,571.9912776897531,11.463381412922137,0.00003846100000000005,0.000021222937429500756
2021-12-10T01:00:00.000Z,0.01674823068994652,0.9937517846038587,0.0002859298900152786,0.0012697759092786995,0.0012279389334425295,264546267.0321,199364319.31850004,4188015.7712,-0.007476154329583817,-0.007476154329583817,-0.0059622855061260095,0.994037714493874,-0.000019172520784871416,0.9995604898857215,574.5718572332146,11.534445415655318,0.000038462600000000095,0.000026912596011706737
2021-12-10T02:00:00.000Z,0.01674823068994652,0.9979702788309621,0.00029363693642539746,0.0012961319969791636,0.0012572945478492858,265681036.7385,203491704.16470003,4127384.8462,-0.003287015716887165,-0.003287015716887165,-0.0017360842326124817,0.9982639157673875,-0.000005376365682652207,1.0008593296252017,578.6803323241452,11.545578916276716,0.00003842960000000004,0.000026409691578575607
2021-12-10T03:00:00.000Z,0.01674823068994652,0.9991914410478195,0.00030096678598977674,0.0013132476553784553,0.0012758782288303516,266004996.37080002,206172018.91680002,2680314.7521,-0.002084437181010812,-0.002084437181010812,-0.0005075921661906837,0.9994924078338093,-3.43652439838138e-10,0.998812556750264,581.2662804154273,11.54145761712988,0.00003846200000000013,0.00001712950937289305
2021-12-10T04:00:00.000Z,0.01674823068994652,0.9962986399690826,0.0003056022636022091,0.0013788519404611612,0.0013393703259677592,265339838.39079997,216449725.40540004,10277706.4886,-0.005040730356885126,-0.005040730356885126,-0.0033957577673151577,0.9966042422326848,-0.000010679948326930422,1.0004405640382112,576.8871229433878,11.440938092253766,0.000037871300000000025,0.0000658480126338458
2021-12-10T05:00:00.000Z,0.01674823068994652,0.9971655178365341,0.00031385476930870004,0.0014097156084485868,0.0013728885921214795,265582104.1647,221285100.41150004,4835375.0061,-0.004207370755587414,-0.004207370755587414,-0.0025206273941572343,0.9974793726058427,-0.0000075970633754973704,1.000554130927336,577.7883190356479,11.476233732252787,0.00003803049999999986,0.000030951398386663525
2021-12-10T06:00:00.000Z,0.01674823068994652,0.9970507371084301,0.0003208152336661667,0.0014356891179902235,0.001396919318807921,265582697.2432,225354817.69840005,4069717.2869,-0.004346182210377858,-0.004346182210377858,-0.0026284476579037704,0.9973715523420962,-0.000006549464154348428,1.0001358562743323,577.8688192606841,11.460925980670067,0.000038442800000000146,0.000026050339346446796
2021-12-10T07:00:00.000Z,0.01674823068994652,0.9937299763926881,0.00032552590411040217,0.001469084073368374,0.0014266790385516481,263030440.48819998,230554413.18860006,5199595.4902,-0.007696702645863529,-0.007696702645863529,-0.005944497703201479,0.9940555022967985,-0.00002533648819391665,1.0002643776616444,573.9123873100706,11.388015018054922,0.00003539889999999969,0.00003360566296788203
2021-12-10T08:00:00.000Z,0.01674823068994652,0.9906819517572677,0.00032890887394117517,0.0015137859167186757,0.0014661969441531753,262238538.4128,237514886.47140005,6960473.2828,-0.010784245186885477,-0.010784245186885477,-0.008989139368791126,0.9910108606312089,-0.00005963701681999112,1.0009514195899778,569.9550178942967,11.256115328467313,0.000037944600000000484,0.00004512229458102575
