query_ts,assumedLPToken,equityValue,totalDexYield,totalTradingfee,newTotalTradingFee,liquidity,totalVolume,volume,priceImpact,priceEffect,totalReturn,totalEquityVal,impermanentLoss,tokenPrice,quoteTokenPrice,rewardPrice,rewardTokenPerLP,feePerDollar
2021-09-08T10:00:00.000Z,0.021366299306783916,0.9999999999999999,0.000022028970688582787,0.00003546374513006119,-7.450706718259426e-13,198651843.70769998,4144081.33,4144081.33,7.4495964952348e-13,7.4495964952348e-13,0.000022028970688471764,1.0000220289706885,0,0.999949661325524,406.1236111484924,19.339916085102615,0.000053310199999999997,0.00003546374465754293
2021-09-08T11:00:00.000Z,0.021366299306783916,1.001369267115414,0.00004414141298146331,0.00006977184268299664,0.00003457625308889156,198944777.4632,8153542.506899999,4009461.1769,0.001334690862325072,0.001334690862325072,0.001413408528395427,1.0014134085283954,-6.627224193866965e-7,1.000132189777808,407.1341162607651,19.403782853839836,0.0000531606,0.00003426118588104586
2021-09-08T12:00:00.000Z,0.021366299306783916,1.002798160841809,0.00006657740796047895,0.00010836312474331688,0.00007231085987702279,199288880.8393,12664926.809799999,4511384.3029,0.002725849981932038,0.002725849981932038,0.00286473824976954,1.0028647382497695,-0.000007249501536299441,0.9988646794631187,408.7842386394368,19.50003882642468,0.00005332379999999998,0.00003848359869667949
2021-09-08T13:00:00.000Z,0.021366299306783916,1.0069605295627577,0.00009108299388515447,0.00015150263170740283,0.00011413876905819187,192097582.9844,17505933.8217,4841007.0119,0.0068463907936995305,0.0068463907936995305,0.007051612556642877,1.0070516125566429,-0.00002255926106509154,1.000055626909088,411.65998532546763,19.816354747500096,0.00005532710000000003,0.00004284130904915303
2021-09-08T14:00:00.000Z,0.021366299306783916,1.0081337855152384,0.00011550807830220468,0.0002022132205953198,0.00016428034461801744,192366041.8139,23197869.2686,5691935.4469,0.007969505170620339,0.007969505170620339,0.008249293593540562,1.0082492935935405,-0.00003547100961187599,0.9994648866352353,412.8227498151252,20.0142950401466,0.00005498960000000001,0.00005030144701470283
2021-09-08T15:00:00.000Z,0.021366299306783916,1.002994625049343,0.00013601871746994284,0.0002442142542136628,0.00020674633043893387,200062470.98430002,28125953.059499998,4928083.7909,0.0027878787189039578,0.0027878787189039578,0.0031306437668128344,1.0031306437668128,-0.000003772319337125296,0.9999869050523046,408.3760041848752,19.70794308376253,0.00005290770000000001,0.000041875632162853004
2021-09-08T16:00:00.000Z,0.021366299306783916,1.007567396788451,0.00015960956432427157,0.00028015805949317874,0.0002437901572813761,200919981.5652,32342181.807099998,4216228.7476,0.00732360663116971,0.00732360663116971,0.007727006352775357,1.0077270063527755,-0.00002736557521221261,0.999848455981244,412.1356852517366,19.901090292805158,0.00005234509999999999,0.00003567384794226683
2021-09-08T17:00:00.000Z,0.021366299306783916,1.01518067946311,0.00018568276651235137,0.0003028546310046928,0.00026812774201623313,202724323.4405,35008265.8614,2666084.0543,0.014912551721093736,0.014912551721093736,0.015366362229622321,1.0153663622296223,-0.00010691673150753367,1.0001284240504924,418.2518337331561,20.30523210169923,0.00005262660000000002,0.000022357173601026972
2021-09-08T18:00:00.000Z,0.021366299306783916,1.0109973822703768,0.0002085416917634874,0.00033722397719122105,0.0003048295141270252,202302667.5691,39053781.8252,4045515.9638,0.010692552756249807,0.010692552756249807,0.01120592396214032,1.0112059239621403,-0.000054657106426603264,1.0001298782981425,414.7802856034329,20.29181319995686,0.00005300670000000003,0.00003399548419751268
2021-09-08T19:00:00.000Z,0.021366299306783916,1.0161174542148061,0.00023413617703621294,0.00035969454239855774,0.00032851671717493147,203349183.4887,41699012.8255,2645231.0003,0.015788937497631217,0.015788937497631217,0.01635159039184236,1.0163515903918423,-0.0001198790177789899,1.0001303619142077,418.9736619520064,20.538076955673624,0.0000525579,0.00002211414190782767
2021-09-08T20:00:00.000Z,0.021366299306783916,1.016529749289278,0.00025736242766451477,0.0003745197948850118,0.00034086855772619273,203367094.6143,43443684.770799994,1744671.9453,0.01618888073155178,0.01618888073155178,0.01678711171694249,1.0167871117169425,-0.00011688002964516109,1.000719198203654,419.05692538091523,20.583159467205018,0.000051643999999999934,0.000014584179965963116
2021-09-08T21:00:00.000Z,0.021366299306783916,1.0116740295733249,0.00027722934562097654,0.00039368763019092347,0.0003586261720500694,202401299.2661,45699465.34199999,2255780.5712,0.011315403401274793,0.011315403401274793,0.011951258918945839,1.0119512589189459,-0.000060019330347715893,1.0002450635551436,415.2438453956576,20.347161248501685,0.000052485500000000106,0.00001894665194810976
2021-09-08T22:00:00.000Z,0.021366299306783916,1.0094618144294718,0.0002983087485782665,0.00040806526511679017,0.0003752527150093776,201975584.7998,47391649.06339999,1692183.7214,0.009086561714462427,0.009086561714462427,0.00976012317805007,1.00976012317805,-0.00003862585480030045,1.0002057718953838,413.4317879207031,20.21901726640701,0.00005283580000000005,0.000014242871628426886
2021-09-08T23:00:00.000Z,0.021366299306783916,1.0172600039748314,0.0003251258869193637,0.0004292435687658635,0.000397386502810404,203469574.496,49883429.520899996,2491780.4575,0.016862617472021002,0.016862617472021002,0.01758512986175077,1.0175851298617509,-0.0001369349100829309,1.0001217323713543,419.8634557522445,20.461299867013874,0.000053164399999999955,0.000020818969068189974
2021-09-09T00:00:00.000Z,0.021366299306783916,1.0099927645635367,0.0003422925596716524,0.00044458214018327325,0.0004081062630800769,201680281.16979998,51685124.042899996,1801694.522,0.009584658300456628,0.009584658300456628,0.010335057123208357,1.0103350571232084,-0.000050659482071613304,0.999422898867527,414.1642091882463,20.10554398464868,0.000053120499999999947,0.000015186812858621908
2021-09-09T01:00:00.000Z,0.021366299306783916,1.0134781921500526,0.0003668909845977766,0.0004753891431120195,0.0004406939574845836,203492114.32140002,55323718.8952,3638594.8523,0.013037498192568053,0.013037498192568053,0.013845083134650413,1.0138450831346504,-0.00008591713536520995,0.9997938963999726,416.8472477024314,20.22199904736067,0.000052343000000000044,0.000030397301976725774
2021-09-09T02:00:00.000Z,0.021366299306783916,1.008635332465655,0.00038387860370658216,0.0005002153043585904,0.0004655841882135192,202777797.0765,58259656.9248,2935938.0296,0.008169748277441435,0.008169748277441435,0.009019211069361537,1.0090192110693614,-0.00003272877835724941,0.9999955218261242,412.76764244332315,19.916631382727104,0.0000529391,0.00002461361511111129
2021-09-09T03:00:00.000Z,0.021366299306783916,1.0005892485325523,0.00040160827349989035,0.0005268652565912795,0.000489895999153056,201179286.7905,61411575.1083,3151918.1835,0.00009935253339921069,0.00009935253339921069,0.0009908568060521571,1.0009908568060522,-1.4383066959666735e-8,0.999879409106414,406.23285417214163,19.682501572043726,0.000052889700000000084,0.00002663425741999909
2021-09-09T04:00:00.000Z,0.021366299306783916,1.0035107502834653,0.0004257766792957645,0.0005488940436476294,0.0005096795690089362,202932371.01590002,64031995.5254,2620420.4171,0.003001070714456322,0.003001070714456322,0.003936526962761023,1.003936526962761,-0.000004202577756240444,1.0000470679567084,408.5250851661074,19.800320732863565,0.000051445200000000054,0.00002195172059917916
2021-09-09T05:00:00.000Z,0.021366299306783916,1.0071827701485572,0.0004524429827264035,0.0005661849115217081,0.0005304136951918004,203942176.0698,66091518.4816,2059522.9562,0.006652356453365371,0.006652356453365371,0.007635213131283575,1.0076352131312836,-0.00002715047864354503,0.9992112967324708,411.8490517967817,19.99693908073538,0.0000525167,0.00001716755745678473
2021-09-09T06:00:00.000Z,0.021366299306783916,1.0109275708038916,0.00047807676014759935,0.0005831186545226535,0.0005482947808983507,204707083.3429,68108569.5763,2017051.0947,0.010379276022993267,0.010379276022993267,0.011405647564039216,1.0114056475640392,-0.000046796717332098225,1.000601063170912,414.32799310199135,20.13628075525865,0.00005225269999999996,0.00001675069960938374
2021-09-09T07:00:00.000Z,0.021366299306783916,1.0115308386457107,0.000499561522830944,0.0006074958606783004,0.000574515551759136,204824160.7358,71012171.3518,2903601.7755,0.010956323093951559,0.010956323093951559,0.012030400168541639,1.0120304001685416,-0.000054423700316941215,1.000413250482217,414.87926242862136,20.099201720330402,0.000052079,0.000024099320122283032
2021-09-09T08:00:00.000Z,0.021366299306783916,1.0128930877821811,0.0005235755804784859,0.0006412267668851325,0.0006082791005179722,205083994.5725,75029591.4301,4017420.0783,0.01228480868166315,0.01228480868166315,0.01341666336265961,1.0134166633626596,-0.00007246232643354222,1.0001208010852376,416.09199017184386,20.154906690340507,0.00005254909999999994,0.00003330154626325868
2021-09-09T09:00:00.000Z,0.021366299306783916,1.0151504416669412,0.0005427384935802301,0.0006572972601149655,0.0006258278860207245,255355136.0536,77407496.3378,2377904.9077,0.014524613780920514,0.014524613780920514,0.01569318016052147,1.0156931801605216,-0.00010005378371213958,1.0002232989924105,417.89250908476856,20.201437105645056,0.00004159619999999984,0.000015830652187240427
2021-09-09T10:00:00.000Z,0.021366299306783916,1.0142583651792088,0.0005592789149557166,0.0006781054503175569,0.0006517983803047134,254954836.67139998,80484301.7674,3076805.4296,0.01360656679890404,0.01360656679890404,0.014817644094164471,1.0148176440941645,-0.00008951128434331324,1.0000840616664974,417.1946224942605,20.14676916275765,0.000041836800000000175,0.000020515669750017133
2021-09-09T11:00:00.000Z,0.021366299306783916,1.0102772618684333,0.0005719435662610049,0.0006971673301452063,0.0006631595961696934,253896533.3783,83302249.8917,2817948.1243,0.009614102272263558,0.009614102272263558,0.010849205434694257,1.0108492054346943,-0.00004184692314967986,1.000369315514547,413.79651722599345,19.963105217564472,0.000041645099999999904,0.000018867968568016038
2021-09-09T12:00:00.000Z,0.021366299306783916,1.012694981422845,0.000592396068144021,0.0007136997456730125,0.0006809214793146445,254372750.63480002,85745001.602,2442751.7103,0.01201405994353033,0.01201405994353033,0.013287377490988996,1.013287377490989,-0.00006569675632506211,1.000429201410954,415.7412422605195,20.058421981811744,0.00004135030000000009,0.00001632516807380815
2021-09-09T13:00:00.000Z,0.021366299306783916,1.0109678201492376,0.0006079601737323446,0.0007569019990482727,0.0007249605821295635,253940863.3063,92128411.5147,6383409.9127,0.01024285956710802,0.01024285956710802,0.011575780322969928,1.01157578032297,-0.00005130844895384623,1.0000102006069018,414.4608618884648,19.99095058396902,0.00004110380000000004,0.00004273355894872543
2021-09-09T14:00:00.000Z,0.021366299306783916,1.0125639768794183,0.0006282602021160985,0.0007867402774693786,0.0007539724940621717,254291890.49730003,96536343.3848,4407931.8701,0.011810004385356176,0.011810004385356176,0.013192237081534447,1.0131922370815345,-0.00008120508281972416,0.998946569916628,416.1903970126673,20.06646987570969,0.00004199069999999986,0.00002946804227423667
2021-09-09T15:00:00.000Z,0.021366299306783916,1.0186769381331258,0.0006534939603100977,0.0008083283418699275,0.0007802337206581633,255842373.84829998,99725683.22760001,3189339.8428,0.0178967044124676,0.0178967044124676,0.01933043209343586,1.0193304320934358,-0.00016231437400482385,0.9996694831039767,420.9081729905787,20.299055266650456,0.00004139060000000011,0.000021192258542655902
2021-09-09T16:00:00.000Z,0.021366299306783916,1.017025837464306,0.0006720051745692818,0.0008344313809392609,0.000805417709780043,255387658.37730002,103581443.91540001,3855760.6878,0.016220419754525928,0.016220419754525928,0.017697842638875253,1.0176978426388752,-0.00012316537930179283,1.0003442601961734,419.2400140151323,20.308487566049354,0.00004196089999999996,0.00002566605297573228
2021-09-09T17:00:00.000Z,0.021366299306783916,1.022839237146523,0.0007010025760458101,0.0008649253569000131,0.0008404646885926681,257078308.45810002,108089851.67620002,4508407.7608,0.02199877245793025,0.02199877245793025,0.023540239722568728,1.0235402397225688,-0.00023262165232285081,1.000138369934496,424.10855789870857,20.623709343875323,0.000042134699999999886,0.00002981306839666392
2021-09-09T18:00:00.000Z,0.021366299306783916,1.0290583294368276,0.000730515027102541,0.0008942982281797289,0.0008771675644334564,257640981.8677,112415711.52240002,4325859.8462,0.028181161872394167,0.028181161872394167,0.029788844463930163,1.0297888444639303,-0.000374505468502484,1.0003687712127984,429.1563432689402,20.939843150104338,0.0000419462000000001,0.000028543447107014583
2021-09-09T19:00:00.000Z,0.021366299306783916,1.0187508101024103,0.0007367585058586745,0.0009163702435328363,0.0008902155620948982,255959961.79399997,115677810.60870002,3262099.0863,0.01786059454031541,0.01786059454031541,0.019487568608268984,1.019487568608269,-0.00015463769850609932,1.0000652696923187,420.7117429778442,20.58790369498214,0.00004210480000000001,0.000021665765254228112
2021-09-09T20:00:00.000Z,0.021366299306783916,1.0186152988829855,0.0007537823752313605,0.0009347824297509446,0.000906367302933031,255566817.2571,118395192.65960002,2717382.0509,0.01770893158005249,0.01770893158005249,0.01936908125821688,1.0193690812582168,-0.00015739553241167492,0.999760128270516,420.71474790510223,20.547927639774077,0.000042034299999999876,0.0000180757014392942
2021-09-09T21:00:00.000Z,0.021366299306783916,1.015646992394573,0.0007652426179520415,0.0009535462112439256,0.0009225815654125835,254858227.97059998,121164858.03360002,2769665.374,0.014724410829160428,0.014724410829160428,0.016412235012525055,1.016412235012525,-0.0001127407528503932,0.9995500734602637,418.33869538452166,20.363519496692938,0.00004188779999999995,0.00001847470718639367
2021-09-09T22:00:00.000Z,0.021366299306783916,1.0190442387255336,0.0007911250364021813,0.0009623931411348925,0.0009356268332147977,255711843.56419998,122470732.55580002,1305874.5222,0.018108611892318827,0.018108611892318827,0.019835363761935804,1.0198353637619357,-0.0001574433569692113,1.0001500633923783,420.8811079626759,20.563752196995086,0.0000417820999999999,0.00000868159509859637
2021-09-09T23:00:00.000Z,0.021366299306783916,1.0196912783543923,0.0008123970563069751,0.0009785236181133992,0.0009512270073228635,255890491.39049998,124851865.82870002,2381133.2729,0.018740051347069464,0.018740051347069464,0.020503675410699303,1.0205036754106993,-0.00017171990211495292,0.9999828250897764,421.47381379625676,20.633070866744966,0.000042202800000000076,0.000015818979993878273
2021-09-10T00:00:00.000Z,0.021366299306783916,1.0187181110859016,0.0008235648266650979,0.000995632541265731,0.0009675641090742815,255553446.5194,127376517.60930002,2524651.7806,0.01775054697682732,0.01775054697682732,0.019541675912566697,1.0195416759125666,-0.0001481490190154977,1.0003301878288566,420.5093828099761,20.460093606662575,0.000041125999999999924,0.000016794561315744908
2021-09-10T01:00:00.000Z,0.021366299306783916,1.0280956643304786,0.0008597069670920336,0.00101640351351156,0.0009971654526923501,258229161.9759,130445395.75850001,3068878.1492,0.02709849887778626,0.02709849887778626,0.028955371297570642,1.0289553712975708,-0.00035472788000456834,1.0000479483992368,428.3904124297081,20.896142085362886,0.000041637899999999936,0.000020203345020059743
2021-09-10T02:00:00.000Z,0.021366299306783916,1.038528492149497,0.0009037481691435806,0.0010354142936977874,0.0010274340118572312,260845632.21469998,133254165.62320001,2808769.8647,0.03750105813763982,0.03750105813763982,0.039432240318640635,1.0394322403186407,-0.0007380875242659624,0.9983331987136403,437.86270934179765,21.49781988352696,0.000041989599999999866,0.00001830549635602029
2021-09-10T03:00:00.000Z,0.021366299306783916,1.0326203852110525,0.0009148958584342835,0.0010543481744361796,0.001039943347228789,259394887.40429997,136051931.89130002,2797766.2681,0.031580441863823694,0.031580441863823694,0.033535281069486764,1.0335352810694867,-0.0005741178111497991,0.9971520244925391,433.39230960613713,21.31054436032077,0.00004177339999999989,0.000018335760983433928
2021-09-10T04:00:00.000Z,0.021366299306783916,1.0321621714338736,0.0009280896264330053,0.001065570786824359,0.00105085359897239,259284846.2583,137710274.2946,1658342.4033,0.031111317834901175,0.031111317834901175,0.03309026106030657,1.0330902610603065,-0.0004919318434748465,0.9992141062224071,432.104638181756,21.1735966550956,0.00004215979999999989,0.000010872914967045648
2021-09-10T05:00:00.000Z,0.021366299306783916,1.0299071798969035,0.0009425384685800629,0.0010796318266102474,0.0010620971668042767,258661054.5513,139787584.93800002,2077310.6434,0.028845082730099225,0.028845082730099225,0.030849718365483565,1.0308497183654837,-0.00041198001310405186,0.9996769738617718,430.00812380101445,21.071170375570496,0.00004206550000000001,0.000013652724411512114
2021-09-10T06:00:00.000Z,0.021366299306783916,1.027626767886525,0.0009560732777047893,0.001097203486116556,0.0010776064196533763,258089307.27670002,142383547.63230002,2595962.6943,0.026549161466871585,0.026549161466871585,0.02858284116422975,1.0285828411642297,-0.00034747213922659004,0.9997869180830432,428.0440180478783,20.952765366370688,0.0000420636999999999,0.00001709926159621419
2021-09-10T07:00:00.000Z,0.021366299306783916,1.0249639553567913,0.0009703462365649874,0.0011057452796138629,0.0010836427635150248,257422813.2712,143645487.27220002,1261939.6399,0.023880312593276276,0.023880312593276276,0.025934301593356288,1.0259343015933562,-0.00027619316542892847,1.000043692880492,425.7118961920319,20.85311552816671,0.00004223949999999988,0.000008333750068879431
2021-09-10T08:00:00.000Z,0.021366299306783916,1.0159144681559351,0.0009698016597735016,0.001131822653484469,0.0010995770905584124,255292540.9537,147500234.5927,3854747.3205,0.0148148910653767,0.0148148910653767,0.016884269815708616,1.0168842698157086,-0.00010968932585597724,0.9998437812826612,418.29039251377765,20.448658922568164,0.00004182940000000011,0.000025668867646385595
