query_ts,assumedLPToken,equityValue,totalDexYield,totalTradingfee,newTotalTradingFee,liquidity,totalVolume,volume,priceImpact,priceEffect,totalReturn,totalEquityVal,impermanentLoss,tokenPrice,quoteTokenPrice,rewardPrice,rewardTokenPerLP,feePerDollar
2021-10-05T10:00:00.000Z,0.020388293393869435,0.9999999999999999,0.000025184718635855428,0.00002237640685343913,5.563327576396659e-13,176178450.49150002,2318965.021,2318965.021,-5.564437799421285e-13,-5.564437799421285e-13,0.000025184718635744406,1.0000251847186357,0,0.9998723875614948,435.4928904090033,19.42412445263469,0.0000635938,0.000022376405994615098
2021-10-05T11:00:00.000Z,0.020388293393869435,1.0035498073571711,0.00005062172820260779,0.000054949223504379696,0.00003039648207225909,176677997.0837,5692225.9241,3373260.9031,0.003519410875098883,0.003519410875098883,0.0036004290853737498,1.0036004290853737,-0.000007610681739489422,0.9994842757352813,438.7339409270165,19.509390369470726,0.00006367220000000001,0.00003245759873853052
2021-10-05T12:00:00.000Z,0.020388293393869435,1.006440513615376,0.00007630733793652906,0.00007716335789186768,0.000052276917053895033,176931432.2342,7989418.318700001,2297192.3946,0.006388236698322114,0.006388236698322114,0.006516820953312538,1.0065168209533126,-0.000015920771961552838,1.0005976076852083,440.755040793984,19.58382280423885,0.00006384599999999998,0.000022071980210111805
2021-10-05T13:00:00.000Z,0.020388293393869435,1.0047214094968862,0.00010114361582405565,0.00009988135225165703,0.00007537132181756334,178882354.54700002,10368683.8026,2379265.4839,0.00464603817506859,0.00464603817506859,0.004822553112710209,1.0048225531127102,-0.000012513715359485644,0.999505012214128,439.71048341182416,19.519323086113182,0.00006303959999999999,0.000022611237049472486
2021-10-05T14:00:00.000Z,0.020388293393869435,1.0058001392597171,0.00012664571998668823,0.00012043775731870562,0.0000977711806076087,180204944.8531,12535156.6797,2166472.8771,0.00570236807910951,0.00570236807910951,0.005926784979703807,1.0059267849797038,-0.000013420033308730872,1.0003778529729839,440.2511727048381,19.60793563440412,0.00006264299999999999,0.000020437862535194704
2021-10-05T15:00:00.000Z,0.020388293393869435,1.0013865488687337,0.0001501477255409419,0.00015659371459215176,0.0001321479634084355,179414880.1584,16345706.5434,3810549.8637,0.001254400905325248,0.001254400905325248,0.0015366965942746255,1.0015366965942747,-3.6517694423920943e-9,1.001041075019656,436.07643890967364,19.419382955584922,0.00006243520000000004,0.0000361058946870562
2021-10-05T16:00:00.000Z,0.020388293393869435,0.9993370469305687,0.00017274542745475052,0.0001880191372169362,0.00016300724300322145,178960444.2438,19656082.0064,3310375.463,-0.0008259603124345372,-0.0008259603124345372,-0.0004902076419765652,0.9995097923580234,-1.57716229631788e-7,0.999607788526462,434.88887368234253,19.1846135907667,0.00006241450000000002,0.00003144626909527224
2021-10-05T17:00:00.000Z,0.020388293393869435,1.0000679057963837,0.00019847318846772212,0.00021172375779298302,0.00018826307163699596,178273873.1009,22141745.335500002,2485663.3291,-0.00012035727525328,-0.00012035727525328,0.0002663789848514381,1.0002663789848514,-2.9557101210997416e-10,0.9997277385515054,435.4510628467815,19.29149540631605,0.0000629648,0.00002370301147313026
2021-10-05T18:00:00.000Z,0.020388293393869435,1.001191215498543,0.00022316602881497974,0.00022734588187899694,0.00020378380946239893,187272418.3512,23860634.833800003,1718889.4983,0.0009874316890805535,0.0009874316890805535,0.0014143815273579322,1.001414381527358,-0.0000012585171073054013,0.9992730710499111,436.6150579952184,19.38654484330749,0.00005999859999999999,0.000015603537204448534
2021-10-05T19:00:00.000Z,0.020388293393869435,1.0043802881688644,0.00024804662853690127,0.00024410968311369935,0.00022183888503479743,190802936.1305,25733948.190600004,1873313.3568,0.0041584492838295795,0.0041584492838295795,0.004628334797401278,1.0046283347974012,-0.000008492893077138852,0.9999008149997984,439.1098870916769,19.50698182603716,0.0000590731,0.000016690690254272947
2021-10-05T20:00:00.000Z,0.020388293393869435,1.0045192111456893,0.00027186075677489266,0.00025586455163110545,0.00023749485211621568,190829745.6984,27047528.742800005,1313580.5522,0.004281716293573101,0.004281716293573101,0.004791071902464209,1.0047910719024642,-0.00000949231894353808,0.9997878240945203,439.26733906098184,19.5299675164292,0.00005907300000000001,0.000011701985613235155
2021-10-05T21:00:00.000Z,0.020388293393869435,1.0071411439757572,0.00029703458978521725,0.0002734449916858939,0.0002518987241362236,191329913.3442,29012125.142000005,1964596.3992,0.006889245251620935,0.006889245251620935,0.007438178565542375,1.0074381785655424,-0.000020630396918575045,1.0003145399592503,441.31883921005283,19.64440422562569,0.00005887619999999998,0.00001745578524687731
2021-10-05T22:00:00.000Z,0.020388293393869435,1.0087138284194168,0.0003213589314856506,0.0002851727621225502,0.0002630120885154241,191635234.43449998,30322736.501100004,1310611.3591,0.00845081633090139,0.00845081633090139,0.009035187350902463,1.0090351873509025,-0.000032826405556241056,1.0001849515537875,442.74612839991306,19.69121053373358,0.000058825299999999974,0.000011626459596768636
2021-10-05T23:00:00.000Z,0.020388293393869435,1.0076307080641083,0.0003448132643083345,0.00030326130699232466,0.0002821193866411331,191489799.62489998,32344819.380100004,2022082.879,0.007348588677467127,0.007348588677467127,0.007975521328416595,1.0079755213284165,-0.0000309743233800619,0.9993234798695833,442.15965985171573,19.68240393511859,0.00005880539999999999,0.000017951561394046215
2021-10-06T00:00:00.000Z,0.020388293393869435,1.0092788774197945,0.00037504221320300713,0.00031492672595012384,0.00029307030636860354,191807153.2458,33648901.688300006,1304082.3082,0.008985807113425892,0.008985807113425892,0.009653919632997502,1.0096539196329974,-0.00003528289240017912,1.0004176737785735,443.11291018947253,20.03131207996157,0.000059050499999999946,0.00001155817124869687
2021-10-06T01:00:00.000Z,0.020388293393869435,1.007148454791653,0.0003961016798024767,0.00033135487267185363,0.0003090737775723884,191479298.0353,35486150.663100004,1837248.9748,0.006839381014080548,0.006839381014080548,0.007544556471455413,1.0075445564714554,-0.000019835625634567755,1.0003899901046038,441.24184807951167,19.880375109534118,0.00005892879999999996,0.000016311545369171983
2021-10-06T02:00:00.000Z,0.020388293393869435,1.0036896935524124,0.000417987089340666,0.000349354934387128,0.0003263333169170046,190779149.5801,37498746.287700005,2012595.6246,0.0033633602354954384,0.0033633602354954384,0.004107680641753109,1.004107680641753,-0.0000034544141782610893,1.0006018084204913,438.10765008548566,19.784501821822946,0.00005899170000000003,0.000017933891462198256
2021-10-06T03:00:00.000Z,0.020388293393869435,1.0037132991103486,0.00044305917222969756,0.00036279575166185994,0.00034042820572355303,190783769.88099998,39001571.63110001,1502825.3434,0.003372870904625014,0.003372870904625014,0.004156358282578264,1.0041563582825783,-0.000007006601144943225,0.9994962697372469,438.60055382784776,19.844337116043583,0.00005884429999999993,0.000013391092362696995
2021-10-06T04:00:00.000Z,0.020388293393869435,1.0024489199375644,0.00046498182014778643,0.0003778776206330351,0.000354657512692258,190673807.5384,40689037.543800004,1687465.9127,0.0020942624248720954,0.0020942624248720954,0.0029139017577121396,1.0029139017577122,-0.0000012457327485115854,1.000386087950744,437.09430907251976,19.761518473227405,0.00005900100000000002,0.000015045024215044696
2021-10-06T05:00:00.000Z,0.020388293393869435,0.9987326694219416,0.00048301486949689834,0.00039662471553474885,0.00037242674368953566,188943615.432,42775295.5912,2086258.0474,-0.0016397573217479255,-0.0016397573217479255,-0.0007843157085614915,0.9992156842914385,-0.000002001759842995554,1.0002321845711706,433.9097167094459,19.52669386276418,0.00005917470000000003,0.000018770883961709835
2021-10-06T06:00:00.000Z,0.020388293393869435,0.9976119631030047,0.000505430464294052,0.0004142800682959544,0.00038899532894642874,188710917.0166,44739844.568500005,1964548.9773,-0.0027770322259417224,-0.0027770322259417224,-0.0018826064327012418,0.9981173935672988,-0.0000060332485659619906,1.0005653389509812,432.7775612214631,19.4802637480777,0.00005933010000000012,0.00001769761556039823
2021-10-06T07:00:00.000Z,0.020388293393869435,1.0003182688157797,0.0005322366560385873,0.0004305854305983783,0.00040683314853939834,189233923.4853,46554283.4425,1814438.874,-0.00008856433275972186,-0.00008856433275972186,0.0008505054718182638,1.0008505054718182,-5.968718330695566e-8,1.0001293254919261,435.3038951941037,19.59969977288389,0.0000593269999999999,0.00001630017509011598
2021-10-06T08:00:00.000Z,0.020388293393869435,0.9974238633056214,0.0005461984555810481,0.000456950488996951,0.0004316595079304486,188283215.108,49481882.879,2927599.4365,-0.0030077962023090654,-0.0030077962023090654,-0.0020299382387975688,0.9979700617612024,-0.00000675870355093533,1.0005368077478678,432.58962455712,19.257091796676608,0.00005925699999999986,0.00002643315305188101
2021-10-06T09:00:00.000Z,0.020388293393869435,0.9843959211011111,0.0005589638852730166,0.0005065396587116932,0.00047995559587887815,185831690.5031,54988538.0582,5506655.1792,-0.016084034494767807,-0.016084034494767807,-0.015045115013615912,0.9849548849863841,-0.0001315768815799423,0.999880504268194,421.5931630224613,18.89945728773093,0.00005945380000000031,0.00005037522813948591
2021-10-06T10:00:00.000Z,0.020388293393869435,0.9813402082741896,0.0005777354670854743,0.0005465382445341568,0.0005138377460630617,184941388.8024,59422686.6205,4434148.5623,-0.01917362947187351,-0.01917362947187351,-0.018082056258724975,0.9819179437412751,-0.00018151574741631649,0.99956747217455,419.08083168523046,18.764407468753,0.00005950679999999977,0.000040759143233016424
2021-10-06T11:00:00.000Z,0.020388293393869435,0.9856194971802873,0.0006063217658592111,0.0005703544624729242,0.0005409084436397427,185767391.0851,62063173.7539,2640487.1334,-0.014921411263352446,-0.014921411263352446,-0.013774181053853493,0.9862258189461465,-0.00011270104359684119,0.9998526367903616,422.60186299225904,18.945756965264348,0.00005955070000000005,0.00002416370333113883
2021-10-06T12:00:00.000Z,0.020388293393869435,0.9848597070264384,0.0006272316677474589,0.0005878361538674888,0.0005575923477648681,185697081.92940003,64002117.628299996,1938943.8744,-0.015697885321326432,-0.015697885321326432,-0.014513061305814106,0.9854869386941859,-0.00013509509644815676,1.0004884851794478,421.66774958050695,18.88301514381868,0.00005952800000000008,0.000017750438252622517
2021-10-06T13:00:00.000Z,0.020388293393869435,0.9931796420990159,0.000659972275039659,0.0006166923232731221,0.0005951213744792572,187103668.76540002,67199865.66579999,3197748.0375,-0.007415479275463377,-0.007415479275463377,-0.00616038562594446,0.9938396143740555,-0.00003494149781024802,1.0007893068330147,428.6649595390756,19.173917859023636,0.000059033999999999916,0.000029054329611067888
2021-10-06T14:00:00.000Z,0.020388293393869435,1.0024067474519975,0.0006915833465724377,0.0006614486600770988,0.0006426220952500117,188834394.6695,72159420.9221,4959555.2563,0.0017641253567475257,0.0017641253567475257,0.003098330798569975,1.00309833079857,-2.9534007239817583e-8,1.001879754185605,436.15513881438056,19.408234511667402,0.000059504099999999856,0.00004464887845493642
2021-10-06T15:00:00.000Z,0.020388293393869435,1.0035671301870612,0.0007181189619344138,0.000688563029034483,0.0006706262366891202,189058154.8758,75164110.1485,3004689.2264,0.002896503950372109,0.002896503950372109,0.004285249148995643,1.0042852491489958,-0.0000022667256397435054,1.0006357062618387,437.6852218797225,19.488524140751746,0.00005958309999999998,0.00002701799183555787
2021-10-06T16:00:00.000Z,0.020388293393869435,1.0044887834996383,0.0007439486996104121,0.0007083831251574175,0.0006899286796766546,189235828.8623,77360528.8267,2196418.6782,0.0037988548199616723,0.0037988548199616723,0.005232732199248739,1.0052327321992487,-0.000005961885618854801,1.0002109690731522,438.65938275613945,19.544929270576112,0.000059603599999999925,0.0000197315263995648
2021-10-06T17:00:00.000Z,0.020388293393869435,1.0035085763785274,0.0007679780465090504,0.0007315930849591422,0.0007125906013600858,188907500.8304,79930649.7872,2570120.9605,0.0027959857771673313,0.0027959857771673313,0.004276554425036468,1.0042765544250365,-0.0000028338455629883796,1.0002838098411833,437.75143506695036,19.552178470827503,0.0000595868,0.000023128809674808238
2021-10-06T18:00:00.000Z,0.020388293393869435,1.0049639617488502,0.0008004414218205226,0.0007462819818081264,0.0007292224844170914,189378213.2116,81558894.8336,1628245.0464,0.004234739264433074,0.004234739264433074,0.005764403170670688,1.0057644031706707,-0.000006291659285451168,1.0005510225050476,438.89121286824167,19.766885818534814,0.00005962589999999992,0.000014616341193309192
2021-10-06T19:00:00.000Z,0.020388293393869435,1.0017716058109642,0.0008243263595873019,0.0007642911693235239,0.0007438749292225655,188767924.3277,83555097.6423,1996202.8087,0.0010277308817416841,0.0010277308817416841,0.0025959321705515516,1.0025959321705515,-3.705570525980306e-7,1.000038703319324,436.3159139015757,19.763375634931982,0.00005962919999999996,0.0000179773379766513
2021-10-06T20:00:00.000Z,0.020388293393869435,1.0030412066907346,0.0008473110503631088,0.000776009122796911,0.0007577433548735524,188981991.9636,84853784.6064,1298686.9641,0.0022834633358610468,0.0022834633358610468,0.0038885177410977077,1.0038885177410977,-0.000002099728448889948,1.0001039855821492,437.3827153556184,19.73901417029522,0.00005963749999999985,0.000011682424425895776
2021-10-06T21:00:00.000Z,0.020388293393869435,0.9983396938378186,0.0008663965495078896,0.0007992865841604041,0.0007773842923670671,188123717.5031,87433975.895,2580191.2886,-0.002437690454548447,-0.002437690454548447,-0.0007939096126734902,0.9992060903873266,-0.000004956567782099519,1.0005804010603168,433.06562908575756,19.62773544779143,0.00005962929999999987,0.000023316173254697246
2021-10-06T22:00:00.000Z,0.020388293393869435,0.9976379864597223,0.0008915664869449796,0.0008164931701957173,0.0007930488976455319,188014622.2613,89341475.47379999,1907499.5788,-0.003155062437923184,-0.003155062437923184,-0.0014704470533326726,0.9985295529466673,-0.0000033939602201993324,0.9993179294607334,432.9893160413742,19.656627149218817,0.00005962249999999997,0.000017247324941850926
2021-10-06T23:00:00.000Z,0.020388293393869435,0.9996625300726069,0.0009182169938275865,0.0008244984011702754,0.0008027248255807473,188400824.1838,90228946.75909999,887471.2853,-0.0011401947529738887,-0.0011401947529738887,0.0005807470664344451,1.0005807470664345,-0.0000011629694564030402,1.0002566707414695,434.3334348166024,19.718385653942576,0.0000593230999999999,0.000008007933041408256
2021-10-07T00:00:00.000Z,0.020388293393869435,1.0007455641201919,0.0009460290970602219,0.0008358740474305555,0.0008154729538067951,188584946.9814,91489933.37339999,1260986.6143,-0.00006990883361490674,-0.00006990883361490674,0.0016915932172521103,1.001691593217252,-3.799451464558956e-8,0.9995269189981604,435.5825022046449,19.798748540017137,0.000059628700000000075,0.000011367170490661851
2021-10-07T01:00:00.000Z,0.020388293393869435,0.9944625561021405,0.0009551383310725095,0.000857139180158415,0.0008308607864431217,187664634.8332,93850483.14799999,2360549.7746,-0.006368304684302606,-0.006368304684302606,-0.004582305566786975,0.995417694433213,-0.00002152488007178821,1.0000450020412517,429.8896344820174,19.49410132292292,0.00005954430000000013,0.000021383542084989932
2021-10-07T02:00:00.000Z,0.020388293393869435,0.9918743148861293,0.0009779534516981504,0.0008790382032773541,0.0008529229694276275,187122436.72,96280700.05189998,2430216.9039,-0.008978608083298312,-0.008978608083298312,-0.007147731662172534,0.9928522683378275,-0.000042082265049980805,1.0000275048222291,427.64141484125946,19.47740792224486,0.000059512399999999746,0.000022078425276237495
2021-10-07T03:00:00.000Z,0.020388293393869435,0.9949465986736514,0.0010060477159506106,0.0008948196843033638,0.0008694255673142859,187696990.3671,98031983.18999998,1751283.1381,-0.005922826893662858,-0.005922826893662858,-0.004047353610397961,0.995952646389602,-0.000016748270347699545,0.9997196423214031,430.41522170768627,19.56376167044661,0.00005956420000000027,0.000015861635974808084
2021-10-07T04:00:00.000Z,0.020388293393869435,0.9942108821277124,0.001031847315731904,0.000913275693501464,0.0008869019940745959,187649620.61990002,100081059.20239998,2049076.0124,-0.006676019866362237,-0.006676019866362237,-0.004757270556555737,0.9952427294434443,-0.00002380176888139296,1.0000735780901928,429.61113689793035,19.602749061537644,0.00005953639999999988,0.0000185634759589308
2021-10-07T05:00:00.000Z,0.020388293393869435,0.9971342327247015,0.00106897618241638,0.0009364231713392539,0.0009162990539912652,188231946.2955,102651422.14559999,2570362.9432,-0.0037820663292897905,-0.0037820663292897905,-0.0017967910928821452,0.9982032089071179,-0.000004311264042433649,0.9990200428934586,432.5737426961433,19.85080039508094,0.000059477499999999716,0.00002321400319890579
2021-10-07T06:00:00.000Z,0.020388293393869435,0.9972348030626295,0.0011264608282468642,0.0009758761256539106,0.0009545879816665881,188221119.9515,107031698.8448,4380276.6992,-0.003719784919037128,-0.003719784919037128,-0.0016387361091236756,0.9983612638908763,-0.000002122611140964459,0.9982076625962096,432.9799209429468,20.45714983931341,0.00005953779999999996,0.00003956235299502401
2021-10-07T07:00:00.000Z,0.020388293393869435,0.9998088997186427,0.0011572608903384896,0.0009965327065617206,0.0009757179894036572,188709126.5568,109325128.4864,2293429.6416,-0.0011668182707609276,-0.0011668182707609276,0.0009661606089812192,1.0009661606089812,-9.207087485751941e-7,1.0000618707125832,434.3948801792313,20.563190441016648,0.00005953750000000023,0.000020660529047313894
2021-10-07T08:00:00.000Z,0.020388293393869435,1.0112141411057118,0.001197740390577567,0.0010316708047922592,0.00102270329541998,190946642.027,113228125.49309999,3902997.0067,0.010191437810291859,0.010191437810291859,0.012411881496289405,1.0124118814962895,-0.00005398470156059432,0.9996212400615101,444.5263764104328,20.834036360126362,0.00005941269999999985,0.00003474842417208778
