query_ts,assumedLPToken,equityValue,totalDexYield,totalTradingfee,newTotalTradingFee,liquidity,totalVolume,volume,priceImpact,priceEffect,totalReturn,totalEquityVal,impermanentLoss,tokenPrice,quoteTokenPrice,rewardPrice,rewardTokenPerLP,feePerDollar
2021-10-16T10:00:00.000Z,0.019334637492584815,1,0.00002055107128218637,0.000013122629213765982,-6.021849685566849e-13,221630994.2685,1710812.6161,1710812.6161,6.021849685566849e-13,6.021849685566849e-13,0.00002055107128218637,1.0000205510712823,-1.1102230246251565e-16,0.998955675318346,479.32956064525155,19.91700417312507,0.0000533672,0.000013122629607691846
2021-10-16T11:00:00.000Z,0.019334637492584815,0.9992570873468167,0.00004085964038187945,0.000030171257110516274,0.000017156311561628,221608645.3788,3934890.2832000004,2224077.6671,-0.0007600689647448977,-0.0007600689647448977,-0.0007020530128013903,0.9992979469871986,-0.0000019995834236175014,1.0001945839632929,478.0083627121933,19.864334780372452,0.0000530188,0.000017061302042649008
2021-10-16T12:00:00.000Z,0.019334637492584815,1.0005117922298572,0.00006152804509556964,0.0000450899098029247,0.00003234101510551923,221926525.4587,5881449.8726,1946559.5894,0.0004794512147516805,0.0004794512147516805,0.0005733202749527694,1.0005733202749527,-1.2417160966116114e-8,0.9995921382362855,479.4838084126861,19.93088308031707,0.0000532793,0.000014911021993158834
2021-10-16T13:00:00.000Z,0.019334637492584815,0.9883166248943489,0.00008088441387540735,0.00008367987217163599,0.00007046646717134841,219221795.53980002,10916607.5317,5035157.6591,-0.011753841572822443,-0.011753841572822443,-0.011602490691775687,0.9883975093082243,-0.00008870527501081416,1.000451815107169,467.4277855206192,19.657662723435596,0.00005314710000000002,0.00003904615414444939
2021-10-16T14:00:00.000Z,0.019334637492584815,0.9891193561800831,0.00010170070774350649,0.00011061634775645536,0.00009782839066141413,218977427.6355,14424469.6077,3507862.076,-0.01097847221057835,-0.01097847221057835,-0.01077894311217343,0.9892210568878266,-0.00005727041907810371,0.9986195337326161,469.02054233161533,19.776744290454182,0.00005315789999999999,0.00002723278647297999
2021-10-16T15:00:00.000Z,0.019334637492584815,0.9892457990113669,0.00012206209336107748,0.00012952897198341702,0.00011618630914578265,219429776.3151,16892180.0974,2467710.4897,-0.010870387297778894,-0.010870387297778894,-0.010632138895272035,0.989367861104728,-0.00006111310891554478,0.9990815282407695,468.9061299404596,19.78880268272237,0.00005305510000000003,0.00001911822498723166
2021-10-16T16:00:00.000Z,0.019334637492584815,0.988493060812498,0.0001419985242439295,0.0001564750607499977,0.00014313544368171893,219463372.3092,20411309.587899998,3519129.4905,-0.011650074631183727,-0.011650074631183727,-0.011364940663258077,0.9886350593367419,-0.00007503262081531847,0.9994872875514703,467.97712453019966,19.764486350107745,0.00005256310000000004,0.000027259765813774517
2021-10-16T17:00:00.000Z,0.019334637492584815,0.9887181444554314,0.00016280211082078,0.00017436895066133006,0.00016111391339213021,218643121.2656,22738967.496,2327657.9081,-0.01144296945796075,-0.01144296945796075,-0.01111905343374784,0.9888809465662521,-0.00006869135118270364,0.9991679042340068,468.3229221831686,19.856679351828447,0.000052461799999999986,0.00001809806968024003
2021-10-16T18:00:00.000Z,0.019334637492584815,0.9855434188814264,0.00018203457310006466,0.00019595408195413928,0.00018302874029374472,217898744.3239,25546241.1074,2807273.6114,-0.014639609858867364,-0.014639609858867364,-0.014274546545473554,0.9857254534545264,-0.00011404794512759331,0.9993111021385923,465.23236523269316,19.764990025706897,0.000052294300000000025,0.000021901756038970194
2021-10-16T19:00:00.000Z,0.019334637492584815,0.9882925158291452,0.00020234163125593997,0.00021485941315583875,0.0002021883063212382,218526610.5569,28005216.5732,2458975.4658,-0.011909672477176003,-0.011909672477176003,-0.011505142539598825,0.9884948574604012,-0.00007772463187927237,0.9994424575272131,467.75230120791866,19.78505304435367,0.00005260220000000003,0.00001912928718935831
2021-10-16T20:00:00.000Z,0.019334637492584815,0.9867193563151813,0.00022246734543739877,0.00022647035020300073,0.00021389337796251517,218185499.7876,29515472.5099,1510255.9367,-0.013494537062781253,-0.013494537062781253,-0.01305817633938134,0.9869418236606187,-0.00011160803438625688,1.0003098739116447,465.84867560397083,19.773278003663595,0.000052957499999999996,0.000011767212279868989
2021-10-16T21:00:00.000Z,0.019334637492584815,0.986993140901489,0.00024253912045145654,0.00024392119269658175,0.000231073547129923,218248807.0221,31785364.6496,2269892.1397,-0.013237932645640882,-0.013237932645640882,-0.012764319978059503,0.9872356800219405,-0.00011384162787952956,1.0007189453962242,465.9005275723747,19.742445428117602,0.000053492199999999975,0.000017680814342775555
2021-10-16T22:00:00.000Z,0.019334637492584815,0.9854371084502458,0.00026295166716370117,0.00025472632199042904,0.00024202948506568678,217917125.215,33190905.6523,1405541.0027,-0.014804921034819896,-0.014804921034819896,-0.014299939882590507,0.9857000601174095,-0.00011508276884653057,0.9992117677941417,465.1225113340498,19.74206598060731,0.00005348940000000004,0.000010964809223839412
2021-10-16T23:00:00.000Z,0.019334637492584815,0.9861249137883993,0.0002834682835913088,0.00026405849799735246,0.0002511412478387598,218110384.4026,34405072.7074,1214167.0551,-0.014126227459439478,-0.014126227459439478,-0.01359161792800941,0.9864083820719906,-0.00011061311507210014,0.9996026176005792,465.5814549869607,19.7539888620824,0.00005330160000000003,0.00000946348336106731
2021-10-17T00:00:00.000Z,0.019334637492584815,0.9869771635343176,0.00030378126135796217,0.0002737104901765045,0.0002610436892502843,218303897.9512,35660878.2482,1255805.5408,-0.013283880154932648,-0.013283880154932648,-0.012719055204324401,0.9872809447956756,-0.00010171839061579036,0.9998459725484679,466.2638835574096,19.7466528751343,0.000053479700000000016,0.00000977934631216357
2021-10-17T01:00:00.000Z,0.019334637492584815,0.982959250416991,0.0003221595935581362,0.0002931904042682811,0.00027942688831494866,216896961.618,38189338.022,2528459.7738,-0.017320176471324,-0.017320176471324,-0.016718589989450916,0.9832814100105491,-0.00016254183436104075,0.9995146199816323,462.6103649384828,19.61942317229257,0.00005360869999999998,0.000019817620234949768
2021-10-17T02:00:00.000Z,0.019334637492584815,0.9853696615994232,0.00034370004520178595,0.0003060136134189094,0.00029299460728759996,217447475.4185,39853911.5654,1664573.5434,-0.014923333007864414,-0.014923333007864414,-0.014286638355375029,0.985713361644625,-0.00012458365424494744,0.9997052205424678,464.78118213076635,19.688376914816498,0.00005361160000000004,0.00001301360256463685
2021-10-17T03:00:00.000Z,0.019334637492584815,0.9842262839156207,0.00036247349681588643,0.0003216889754861839,0.0003081919064199523,217219083.1841,41888945.69679999,2035034.1314,-0.016081907990799227,-0.016081907990799227,-0.015411242587563389,0.9845887574124366,-0.0001418685088812044,0.9995880802481718,463.7428809175711,19.60009199622654,0.00005360620000000004,0.000015926584223946455
2021-10-17T04:00:00.000Z,0.019334637492584815,0.9863058074038953,0.00038458230289125435,0.000331358347570978,0.00031890611992146933,217833049.2789,43145153.67199999,1256207.9752,-0.014013098716026184,-0.014013098716026184,-0.01330961029321346,0.9866903897067866,-0.00011360292714135412,0.9999169865890489,465.54190168700427,19.69270423128512,0.00005356799999999996,0.00000980362513819365
2021-10-17T05:00:00.000Z,0.019334637492584815,0.9869105384693928,0.00040626835078590276,0.00034208503624051786,0.00033149926139564023,217992932.1414,44538892.37839999,1393738.7064,-0.013420960792002834,-0.013420960792002834,-0.01268319317982129,0.9873168068201787,-0.00010182165061534132,0.9997143044689656,466.1957326496973,19.755547673729925,0.000053561699999999965,0.000010868956977665355
2021-10-17T06:00:00.000Z,0.019334637492584815,0.9858408021429778,0.0004272631226079047,0.00035296003704733583,0.0003416443210599862,217758592.81100002,45951914.16489999,1413021.7865,-0.01450084217808223,-0.01450084217808223,-0.013731934734414338,0.9862680652655856,-0.00012160317767584417,0.9999439891879828,465.068872245756,19.781950593118346,0.00005347200000000005,0.000011031192872994431
2021-10-17T07:00:00.000Z,0.019334637492584815,0.9858368856743376,0.00044800322596993546,0.00036524409209762843,0.000352169577390149,217760130.6296,47548036.43059999,1596122.2657,-0.014515283903052567,-0.014515283903052567,-0.013715111099692482,0.9862848889003075,-0.00010405318627593196,0.9987607547590112,465.606194037589,19.793184078236813,0.000053561000000000025,0.000012460535561972924
2021-10-17T08:00:00.000Z,0.019334637492584815,0.9869284279123376,0.0004673820827672198,0.00038030682070824037,0.00036818775972469187,217952118.6789,49504763.05919999,1956726.6286,-0.0134397598473871,-0.0134397598473871,-0.01260419000489519,0.9873958099951048,-0.00010117922167185434,0.9996501745295512,466.20787272313146,19.74572314293665,0.00005357350000000007,0.000015262229561166602
2021-10-17T09:00:00.000Z,0.019334637492584815,0.9887885487807413,0.0004893012239154585,0.00039936987228182186,0.0003875458701765311,219031341.6811,51988732.892599985,2483969.8334,-0.011598997089435237,-0.011598997089435237,-0.010722149995343247,0.9892778500046567,-0.00006174364479605288,0.9984023863882713,468.5340694426444,19.80771531465852,0.00005340240000000012,0.000019279198512732192
2021-10-17T10:00:00.000Z,0.019334637492584815,0.9902993712154136,0.0005103970377439968,0.00041477221379999105,0.0004051345950815133,219395695.652,53995973.42619999,2007240.5336,-0.010105763379667954,-0.010105763379667954,-0.009190231746842444,0.9908097682531576,-0.000055798724651556775,0.9993623747501011,469.4993858806152,19.832749633067596,0.000053401799999999764,0.000015553217199541232
2021-10-17T11:00:00.000Z,0.019334637492584815,0.9908807066406291,0.0005313383927246935,0.00043269639142095554,0.00042212273013741974,219514574.4317,56331755.39509999,2335781.9689,-0.009541416089508314,-0.009541416089508314,-0.0085879549666462,0.9914120450333538,-0.00004794497335325332,0.9991607917847598,470.1297004288334,19.85003926838428,0.00005340479999999994,0.00001808913762291209
2021-10-17T12:00:00.000Z,0.019334637492584815,0.9899107684141252,0.0005505635200783518,0.0004503987311451851,0.0004397005622219785,219345579.6904,58639111.33929999,2307355.9442,-0.010528932148096803,-0.010528932148096803,-0.009538668065796473,0.9904613319342035,-0.00005984088193666803,0.9993108025749907,469.12226924856225,19.815495140447727,0.000052593200000000044,0.000017882763403194645
2021-10-17T13:00:00.000Z,0.019334637492584815,0.9879450746439552,0.0005667693609653586,0.000505507650950001,0.000493697679559868,227804722.3132,66113968.42449999,7474857.0852,-0.012548623035604667,-0.012548623035604667,-0.01148815599507944,0.9885118440049205,-0.00008338245193173499,0.9992415927504832,467.24145561356045,19.720209455399683,0.000049447000000000016,0.00005578135920891612
2021-10-17T14:00:00.000Z,0.019334637492584815,0.9903963852551344,0.0005890706976471233,0.0005536456682870954,0.0005442416055637667,228236430.4511,72639489.46199998,6525521.0375,-0.010147856350429363,-0.010147856350429363,-0.009014544047218473,0.9909854559527815,-0.00004891893635194933,0.9986478522529331,469.79535149302257,19.816304806993998,0.00005099820000000005,0.00004860479872483273
2021-10-17T15:00:00.000Z,0.019334637492584815,0.9900216761136006,0.000608586780693384,0.0005784547247066495,0.0005687453714575685,228143771.432,76002476.73239999,3362987.2704,-0.010547069257856978,-0.010547069257856978,-0.009369737105706025,0.990630262894294,-0.00005653106370784311,0.9989858785053348,469.25764954590005,19.816049920610556,0.00005095749999999985,0.000025059103405696168
2021-10-17T16:00:00.000Z,0.019334637492584815,0.9855579003644308,0.0006223777787483182,0.0005997411783864007,0.0005870004473971235,227121242.4538,78888036.16639999,2885559.434,-0.015029100082966318,-0.015029100082966318,-0.013819721856820876,0.9861802781431791,-0.00013006268728843473,0.9999412267251392,464.5717068254609,19.64083010353452,0.000050486900000000054,0.00002159838060412973
2021-10-17T17:00:00.000Z,0.019334637492584815,0.9869002932035296,0.0006415033584201261,0.0006189106536051325,0.0006068628873241444,227436919.3117,81486693.35619998,2598657.1898,-0.013706569683794578,-0.013706569683794578,-0.012458203438050307,0.9875417965619497,-0.00011911179267087846,1.0005891905858015,465.5184577897591,19.6423873715771,0.00005022990000000005,0.00001942392306415988
2021-10-17T18:00:00.000Z,0.019334637492584815,0.9860462841970123,0.0006586746238190809,0.000630082245817623,0.0006188710941715803,227240379.1959,83001141.42039998,1514448.0642,-0.014572586897159234,-0.014572586897159234,-0.013295041179168573,0.9867049588208314,-0.00011611728897509277,0.9995154191110602,465.20054252360757,19.575645583508816,0.00005112710000000016,0.00001132968409157826
2021-10-17T19:00:00.000Z,0.019334637492584815,0.9873152296167385,0.0006793395271424181,0.000639105784939716,0.0006270704118269688,227560827.2311,84224544.70729998,1223403.2869,-0.013311840795088514,-0.013311840795088514,-0.012005430856119128,0.9879945691438808,-0.00008835273761309548,0.9988481065407555,466.7032378701236,19.613179446845137,0.00005116370000000013,0.00000913947102863125
2021-10-17T20:00:00.000Z,0.019334637492584815,0.9820773486301843,0.0006904498898004962,0.0006554239250969677,0.0006409029617607809,226512318.0611,86438495.04139997,2213950.3341,-0.018563554331576526,-0.018563554331576526,-0.01723220148001525,0.9827677985199847,-0.00020408025328044754,1.0004218997658676,461.02195127053585,19.38126329903544,0.00005108539999999985,0.00001661594212706245
2021-10-17T21:00:00.000Z,0.019334637492584815,0.9810290720132021,0.0007008160951885887,0.0006870985276110825,0.0006710836902575901,226049321.67769998,90731719.28319997,4293224.2418,-0.019642011677055482,-0.019642011677055482,-0.018270111891609302,0.9817298881083907,-0.00020094686072025247,0.9991669628531075,460.5870784232038,19.142747058206798,0.00005096550000000008,0.00003228711839032253
2021-10-17T22:00:00.000Z,0.019334637492584815,0.9864901708192363,0.0007256341795697322,0.0006992397944300285,0.0006884626033983876,227566203.0659,92379236.87139997,1647517.5882,-0.014198291784162098,-0.014198291784162098,-0.012784195001193979,0.987215804998806,-0.00011775775366407171,1.0000023452891709,465.3273141888928,19.302561132741083,0.00005082230000000009,0.000012307538914857815
2021-10-17T23:00:00.000Z,0.019334637492584815,0.9900941310299602,0.0007496288956639616,0.0007144472041329975,0.000705157715420901,228445698.68310001,94443251.65659997,2064014.7852,-0.010611026685460656,-0.010611026685460656,-0.009156240074375793,0.9908437599256242,-0.00007086602292172284,1.0001929015797273,468.63076428165033,19.43215835271507,0.000050897300000000025,0.00001535955877071445
2021-10-18T00:00:00.000Z,0.019334637492584815,0.9913719811155902,0.000768854011846027,0.0007272793536200024,0.0007198089966192756,228743372.1241,96184907.49009997,1741655.8335,-0.009347827881029058,-0.009347827881029058,-0.007859164872563756,0.9921408351274362,-0.000060551778753414887,1.0005684819423661,469.6518154857719,19.435849005667357,0.0000507809999999999,0.000012943828227484863
2021-10-18T01:00:00.000Z,0.019334637492584815,0.9955189520661877,0.0007931301583923756,0.0007501125531641316,0.0007444858944856136,229727004.4116,99284327.11629997,3099419.6262,-0.005225533828297935,-0.005225533828297935,-0.0036879177754199455,0.99631208222458,-0.000026761198440694578,1.0010324093738674,473.3490957943889,19.57005470981181,0.000050127300000000146,0.00002293597732680809
2021-10-18T02:00:00.000Z,0.019334637492584815,0.9952743829659217,0.0008096496146173779,0.0007658507914725319,0.000761666115138171,229609616.5325,101420096.81929997,2135769.703,-0.0054872831492164265,-0.0054872831492164265,-0.003915967419460878,0.9960840325805391,-0.000029063226452574753,1.0010774790575476,473.0787297620353,19.50125272382908,0.000051207699999999974,0.000015812963541908442
2021-10-18T03:00:00.000Z,0.019334637492584815,0.9933372254811136,0.0008273971694558412,0.0007821421821588127,0.0007756051904722616,228913851.3417,103628531.64179997,2208434.8225,-0.007438379709358678,-0.007438379709358678,-0.005835377349430575,0.9941646226505694,-0.000030666263774903335,0.9993207866958618,472.05267916675143,19.464457414134678,0.00005121779999999985,0.000016400664163593547
2021-10-18T04:00:00.000Z,0.019334637492584815,0.9919607821393084,0.0008480863246733696,0.0007955644615179025,0.000787267098991018,228387785.169,105446371.99889997,1817840.3571,-0.008826484959682634,-0.008826484959682634,-0.007191131536018247,0.9928088684639818,-0.000048512349560270174,0.9999397730648658,470.4418686094,19.49618217595116,0.00005130789999999988,0.000013531059048465532
2021-10-18T05:00:00.000Z,0.019334637492584815,0.991937724168803,0.0008802996940121183,0.000809104227801716,0.0008007919948240794,228382346.656,107280122.93349996,1833750.9346,-0.008863067826021087,-0.008863067826021087,-0.00718197613718489,0.9928180238628151,-0.00004843757528449899,0.9998952728157852,470.42807793873925,19.78550563319575,0.0000513083,0.000013649814157989787
2021-10-18T06:00:00.000Z,0.019334637492584815,0.992021563810818,0.000898151084867301,0.0008244710593246663,0.0008162155666927573,227373161.9454,109351949.90329996,2071826.9698,-0.008794651755874794,-0.008794651755874794,-0.007080285104314735,0.9929197148956853,-0.00004531561630882752,0.9996418643092848,470.6122951251953,19.744492792054242,0.000051541600000000015,0.000015490420322807388
2021-10-18T07:00:00.000Z,0.019334637492584815,0.9932972111650027,0.0009174198336260611,0.0008409078522852825,0.0008339513701782764,227900234.9197,111570318.54999995,2218368.6467,-0.007536740205175585,-0.007536740205175585,-0.005785369001371247,0.9942146309986287,-0.00003525162250639369,0.9997866118375119,471.739227857117,19.736159864166503,0.00005148910000000006,0.000016547708696828597
2021-10-18T08:00:00.000Z,0.019334637492584815,0.9925808102440876,0.000938529181212819,0.0008591943126762643,0.0008520586952180942,227937329.9802,114040508.36449996,2470189.8145,-0.008271248451130475,-0.008271248451130475,-0.006480660574699562,0.9935193394253005,-0.00003335665817372213,0.9988181191078304,471.4979707870585,19.767307815339038,0.00005144369999999999,0.000018423145892841586
