query_ts,assumedLPToken,equityValue,totalDexYield,totalTradingfee,newTotalTradingFee,liquidity,totalVolume,volume,priceImpact,priceEffect,totalReturn,totalEquityVal,impermanentLoss,tokenPrice,quoteTokenPrice,rewardPrice,rewardTokenPerLP,feePerDollar
2021-07-14T10:00:00.000Z,0.025561008813783353,1,0.000014808998774325573,0.000040445375953615505,-2.795541576006144e-13,220981731.13009998,5257464.3808,5257464.3808,2.795541576006144e-13,2.795541576006144e-13,0.000014808998774325573,1.0000148089987744,0,1.0000591353265162,300.21986960719863,13.767511983358984,0.00004208160000000001,0.00004044537709815504
2021-07-14T11:00:00.000Z,0.025561008813783353,1.0033394667617694,0.000029126119165478228,0.00006188519098465521,0.000021180848311930234,226469323.3783,8104111.181400001,2846646.8006,0.0033182859134575082,0.0033182859134575082,0.0033685928809349167,1.0033685928809348,-0.000005342778000017034,1.000103047290131,302.20233654964505,13.677163198934897,0.00004123060000000001,0.000021368455068575947
2021-07-14T12:00:00.000Z,0.025561008813783353,1.0049074885150955,0.000043630823446385135,0.0000789446389401848,0.00003951260930867839,227646810.2427,10377383.926900001,2273272.7455,0.004867975905786803,0.004867975905786803,0.004951119338541867,1.0049511193385419,-0.00001449284823873409,0.9995315398570151,303.30992563757263,13.722021044705842,0.000041081199999999996,0.000016976138006194293
2021-07-14T13:00:00.000Z,0.025561008813783353,1.004493155714492,0.00005791979425752946,0.00009520972742480845,0.000054230695535562035,227718328.2599,12546378.6116,2168994.6847,0.0044389250189564855,0.0044389250189564855,0.004551075508749577,1.0045510755087497,-0.000008409794187036468,1.0003871270235711,302.791784817938,13.69604301305686,0.00004105169999999999,0.0000161923328357725
2021-07-14T14:00:00.000Z,0.025561008813783353,1.0159961669643647,0.00007462109018709708,0.00011871054960141144,0.00007830800726038589,230864073.66109997,15687598.9352,3141220.3236,0.01591785895710429,0.01591785895710429,0.016070788054551775,1.0160707880545519,-0.00012955828442640094,0.9997536951344231,309.948318944414,14.143958090058476,0.00004095629999999999,0.000023130816611852016
2021-07-14T15:00:00.000Z,0.025561008813783353,1.019246099099896,0.00008993367782310681,0.00013369072451447942,0.00009361135431551482,227469333.704,17654179.5768,1966580.6416,0.019152487745580427,0.019152487745580427,0.01933603277771905,1.019336032777719,-0.0001826945648556455,0.9999139151073696,311.8751982489445,14.181076426808803,0.0000417034,0.000014697309023072109
2021-07-14T16:00:00.000Z,0.025561008813783353,1.015167061770041,0.00010391655117635381,0.0001479585729022275,0.00010868754391690771,226753880.1751,19528857.8703,1874678.2935,0.015058374226124105,0.015058374226124105,0.015270978321217366,1.0152709783212173,-0.00011520012867161089,0.9998256012899646,309.40184373596793,14.029689784207113,0.00004166869999999995,0.000014054679445789527
2021-07-14T17:00:00.000Z,0.025561008813783353,1.016837503914246,0.0001191656431664766,0.00016190834520849866,0.00012181786869613909,227185426.5208,21362215.0541,1833357.1838,0.01671568604554996,0.01671568604554996,0.016956669557412575,1.0169566695574126,-0.00013977705500212156,0.9999158081228836,310.38500144341,14.066272507598184,0.00004165820000000001,0.000013718781438538486
2021-07-14T18:00:00.000Z,0.025561008813783353,1.0162251982758888,0.00013394114845661687,0.00017120435500118922,0.00013080104320262187,231368439.82099998,22607193.414699998,1244978.3606,0.01609439723268613,0.01609439723268613,0.01635913942434537,1.0163591394243454,-0.0001336609052704496,0.9996745524919386,310.08059574654874,14.084770597198865,0.00004060540000000003,0.000009147588213230025
2021-07-14T19:00:00.000Z,0.025561008813783353,1.0128091553608118,0.0001478990141508605,0.00018764799224457891,0.00014912080494955404,230790319.22460002,24811332.246799998,2204138.8321,0.012660034555862287,0.012660034555862287,0.012957054374962702,1.0129570543749626,-0.00008575186649795175,0.9995433928611854,308.0284295843918,14.025613159305887,0.00004050230000000003,0.000016235672393708454
2021-07-14T20:00:00.000Z,0.025561008813783353,1.0146076959741308,0.0001626257148690017,0.00020016029521039108,0.00016069185677936026,231298289.6071,26489218.975799996,1677886.729,0.014447004117351447,0.014447004117351447,0.01477032168899981,1.0147703216889998,-0.00010541723631107836,0.9998820029688461,309.0118184156613,14.03340772805691,0.000040825700000000005,0.000012332159672020512
2021-07-14T21:00:00.000Z,0.025561008813783353,1.014082488453422,0.0001773767068147974,0.00020903230665718126,0.000169601965266164,231095200.91459998,27678517.262899995,1189298.2871,0.013912886488155918,0.013912886488155918,0.01425986516023688,1.0142598651602368,-0.00009573155085962348,1.0000385538213288,308.6381844874096,14.041411254343787,0.00004084070000000002,0.000008748806033480324
2021-07-14T22:00:00.000Z,0.025561008813783353,1.0162348882805152,0.00019250830157008594,0.0002171589156332465,0.0001781682098016546,231722708.5808,28768538.453199994,1090021.1903,0.01605672007071357,0.01605672007071357,0.01642739658208531,1.0164273965820854,-0.00010650329195915909,1.0013938857888642,309.5252500422124,14.076656308707708,0.000040816600000000005,0.00000799678216631867
2021-07-14T23:00:00.000Z,0.025561008813783353,1.017831243440793,0.0002079909165647145,0.0002258421027957275,0.00018689609039990174,232089518.2498,29933227.493799992,1164689.0406,0.017644347350393108,0.017644347350393108,0.018039234357357724,1.0180392343573577,-0.00014556248585551046,1.0004863251359084,310.774950235774,14.130760309500344,0.00004081630000000003,0.000008531067598188296
2021-07-15T00:00:00.000Z,0.025561008813783353,1.013947252997906,0.0002204761744991234,0.00023400310666525257,0.00019342596307647675,231231722.24150002,31028007.057399992,1094779.5636,0.013753827034829413,0.013753827034829413,0.014167729172405014,1.014167729172405,-0.00010241351478801342,0.9994070208704556,308.7363253604742,13.987649059076167,0.000040811599999999974,0.000008048745388732726
2021-07-15T01:00:00.000Z,0.025561008813783353,1.0195372952270605,0.00023799367365590117,0.00025260464517031596,0.00021566975516473796,232424660.86819997,33522481.447899994,2494474.3905,0.019321625471895754,0.019321625471895754,0.019775288900716392,1.0197752889007163,-0.0001885823188602087,0.9997742388347058,312.022309817663,14.161432549040766,0.000040826200000000026,0.000018245079708881245
2021-07-15T02:00:00.000Z,0.025561008813783353,1.0150617761127665,0.0002497527860893499,0.00026889060677473694,0.00022957306937043676,231444102.724,35706810.81369999,2184329.3658,0.014832203043396053,0.014832203043396053,0.01531152889885584,1.015311528898856,-0.00010662685428841634,1.0001785734697817,309.15483768220383,13.992420866437358,0.00004081939999999996,0.000016044305636459562
2021-07-15T03:00:00.000Z,0.025561008813783353,1.013484839459177,0.00026345463287075736,0.0002844955515335341,0.0002446559137450066,229399583.8224,37784538.81539999,2077728.0017,0.013240183545431883,0.013240183545431883,0.013748294092047647,1.0137482940920477,-0.00008422029643484485,1.0002335372661113,308.1686892049074,13.943749793868541,0.000040880800000000024,0.00001539731478163693
2021-07-15T04:00:00.000Z,0.025561008813783353,1.0117710460382872,0.00027586969333687103,0.0003017862550480037,0.00026353479001284263,229123062.7724,40087837.78169999,2303298.9663,0.011507511248274316,0.011507511248274316,0.012046915731624029,1.012046915731624,-0.00005346336558365028,1.0011608416810824,306.83117475403,13.83174323079229,0.000041100800000000025,0.000017089542167126056
2021-07-15T05:00:00.000Z,0.025561008813783353,1.0059898372187754,0.00028727407072222025,0.000328104388611154,0.00028555935422835965,228080663.5047,43597788.64129999,3509950.8596,0.00570427786454708,0.00570427786454708,0.00627711128949766,1.0062771112894977,-0.000017542999274811066,0.9998238323497373,303.72617695805036,13.683598701371576,0.00004105329999999987,0.000026161430651910748
2021-07-15T06:00:00.000Z,0.025561008813783353,1.0054786952566308,0.00030182232706539895,0.00035117509824854836,0.0003089735370915836,227891695.9471,46673656.482599996,3075867.8413,0.005169721719539222,0.005169721719539222,0.005780517583696205,1.0057805175836962,-0.000019710551211526983,0.998937428873856,303.6726110362877,13.691965102165527,0.000041066900000000005,0.000022945001609114315
2021-07-15T07:00:00.000Z,0.025561008813783353,1.0061086454037622,0.0003175923761668353,0.00036660001682227,0.0003241835560312545,228189309.2008,48731556.81429999,2057900.3317,0.0057844618477309595,0.0057844618477309595,0.00642623777992905,1.0064262377799291,-0.00001580429224223856,1.0002047623687602,303.65891739174805,13.752894433587663,0.00004103950000000015,0.000015331264098842956
2021-07-15T08:00:00.000Z,0.025561008813783353,1.0048597031829924,0.0003366247274888099,0.0003893145849238619,0.00034603893845597256,161023954.6181,50872674.960999995,2141118.1467,0.004513664244536475,0.004513664244536475,0.005196327910481258,1.0051963279104812,-0.000007392171420650406,1.0007178461427886,302.7367652279265,13.695235522235064,0.000058171800000000025,0.00002260471653439851
2021-07-15T09:00:00.000Z,0.025561008813783353,1.0249548343003463,0.00036823768322355254,0.00046959008079284424,0.0004323542625082055,164385825.1781,58446123.991799995,7573449.0308,0.02452248003783808,0.02452248003783808,0.025323071983569836,1.0253230719835698,-0.00028616871818520906,1.0003594010418957,315.03009181058604,14.12745649152842,0.00005812349999999993,0.00007832100692630297
2021-07-15T10:00:00.000Z,0.025561008813783353,1.031914268266424,0.0003944701758558921,0.000503315771705321,0.0004701390426002927,165451452.6478,61626942.5435,3180818.5517,0.03144412922382367,0.03144412922382367,0.032308738442279855,1.0323087384422798,-0.0004891707351176722,0.9997342285775235,319.5008135614636,14.317523525542581,0.00005814219999999996,0.00003268264769727243
2021-07-15T11:00:00.000Z,0.025561008813783353,1.0233024374615332,0.00040542681370170353,0.0005642538813036096,0.0005273066224316114,164189840.42409998,67378458.5347,5751515.9912,0.022775130839101543,0.022775130839101543,0.023707864275234858,1.0237078642752349,-0.00021988085757118636,1.0016076560000697,313.5651558377178,13.963148842881699,0.00005805410000000003,0.000059550439660484835
2021-07-15T12:00:00.000Z,0.025561008813783353,1.0212038073559364,0.00042463124118721616,0.0005924399724932571,0.0005551203265397042,163961240.56579998,70040499.3319,2662040.7972,0.020648687029396706,0.020648687029396706,0.021628438597123628,1.0216284385971237,-0.0002058697965868772,1.0002044390424012,312.7007321987108,13.913348491592568,0.00005806559999999989,0.000027600848466524405
2021-07-15T13:00:00.000Z,0.025561008813783353,1.0159709080841193,0.0004411305900022087,0.0006281954963449478,0.0005863215376837871,163006572.6481,73415066.4914,3374567.1595,0.015384586546435486,0.015384586546435486,0.01641203867412148,1.0164120386741216,-0.00012085952419471635,0.999778502409771,309.61532754637574,13.78318261248384,0.000058107500000000006,0.000035193453110228733
2021-07-15T14:00:00.000Z,0.025561008813783353,1.018034355746238,0.00046089835816678335,0.0006645254757526186,0.0006239756241208649,164529838.26790002,76868876.66170001,3453810.1703,0.017410380122117042,0.017410380122117042,0.01849525410440469,1.0184952541044048,-0.0001569168649582231,0.9996032569260496,310.90648392464425,13.766533799474368,0.00005769080000000003,0.00003568639798909674
2021-07-15T15:00:00.000Z,0.025561008813783353,1.021255824379507,0.0004825003146773876,0.0006994085614758809,0.0006626451001729983,165184426.4832,80187825.3083,3318948.6466,0.020593179279333906,0.020593179279333906,0.021738324694184293,1.0217383246941842,-0.0002520292794330192,0.9979915532565194,313.3600089796957,13.80422299794013,0.00005764529999999996,0.000034157049906843596
2021-07-15T16:00:00.000Z,0.025561008813783353,1.0225139406584967,0.0005019764352101343,0.0007303843913918682,0.0006937507017572564,165299675.9306,83133445.8337,2945620.5254,0.0218201899567394,0.0218201899567394,0.02301591709370679,1.0230159170937068,-0.00024194910954478122,0.9996448289357632,313.5944361620022,13.780201914772134,0.00005767649999999989,0.00003029379740152903
2021-07-15T17:00:00.000Z,0.025561008813783353,1.0191351036449214,0.0005132780528545568,0.0007531884767024268,0.000715504816854784,201136058.5566,85780860.124,2647414.2903,0.018419598828066652,0.018419598828066652,0.019648381697775993,1.019648381697776,-0.00018438552350263926,0.999106657745791,311.67843697713914,13.638720941582818,0.0000472016,0.000022375919692408224
2021-07-15T18:00:00.000Z,0.025561008813783353,1.0161198284359878,0.0005251209699291589,0.0007762166451528523,0.0007381114588180804,200557833.816,88454514.0593,2673653.9353,0.015381716977169724,0.015381716977169724,0.016644949405916962,1.0166449494059169,-0.00012204113343750045,0.9996998693259804,309.6379307261746,13.520719934939665,0.00004711689999999991,0.00002266284793532405
2021-07-15T19:00:00.000Z,0.025561008813783353,1.0216453977338598,0.000548919759939248,0.0007897140438373389,0.000753981194796749,201644863.0263,90021583.15370001,1567069.0944,0.020891416539063012,0.020891416539063012,0.02219431749379901,1.022194317493799,-0.0002182319641393926,0.9998417104423526,312.9629795693327,13.707695976111662,0.00004719690000000008,0.000013211432319664593
2021-07-15T20:00:00.000Z,0.025561008813783353,1.0264562074281096,0.0005696258218898789,0.0008029426940751573,0.0007705089313796432,199065082.5932,91530694.3983,1509111.2446,0.02568569849672997,0.02568569849672997,0.027025833249999492,1.0270258332499995,-0.00031346507808471813,1.0003787240197437,315.7397544175068,13.801572599152964,0.000048037600000000124,0.000012887690208647552
2021-07-15T21:00:00.000Z,0.025561008813783353,1.027800165685204,0.0005887262141566066,0.0008202146741506709,0.0007894998354349703,202191112.2201,93529389.62130001,1998695.223,0.027010665849769078,0.027010665849769078,0.028388891899360655,1.0283888918993607,-0.0003337949578773314,1.0008704728024822,316.40048760494307,13.857940558056287,0.000047354199999999785,0.000016804803345664686
2021-07-15T22:00:00.000Z,0.025561008813783353,1.0286579377017226,0.0006049528972306968,0.0008325907548322118,0.0008021567599227897,203643252.1708,94970619.55300002,1441229.9317,0.027855780941799857,0.027855780941799857,0.029262890598953345,1.0292628905989534,-0.0003878296401281789,0.9996788894309262,317.2991859963042,13.84784099775724,0.00004705480000000036,0.0000120312893148802
2021-07-15T23:00:00.000Z,0.025561008813783353,1.0290093760374643,0.0006211997619176842,0.000850937273708441,0.0008208768574633485,203661174.6393,97106582.26990002,2135962.7169,0.028188499180000992,0.028188499180000992,0.029630575799382025,1.029630575799382,-0.00037917198304215916,1.0003153009126036,317.3026396455329,13.838635332563026,0.00004706709999999988,0.000017829302149322416
2021-07-16T00:00:00.000Z,0.025561008813783353,1.0251383558051232,0.0006321628889840281,0.0008752256177860922,0.0008410455377159121,171331648.58819997,99494416.19680002,2387833.9269,0.024297310267407335,0.024297310267407335,0.025770518694107274,1.0257705186941073,-0.00029222304643405916,0.9998877023731804,315.04018291089756,13.649297081731826,0.000055783499999999985,0.000023692748591281427
2021-07-16T01:00:00.000Z,0.025561008813783353,1.0225862543142084,0.0006471962227646029,0.0008985373958537102,0.0008634787011123635,170982734.7476,101787282.90400003,2292866.7072,0.02172277561309599,0.02172277561309599,0.02323345053697296,1.023233450536973,-0.00022887537065441332,1.0001521925440915,313.3755946406117,13.556706390244432,0.00005575860000000011,0.0000227968830185921
2021-07-16T02:00:00.000Z,0.025561008813783353,1.0285466942717334,0.0006746063562448092,0.0009236854691262078,0.0008950616430236646,172527098.7655,104268639.03370003,2481356.1297,0.027651632628709732,0.027651632628709732,0.029221300627978206,1.0292213006279782,-0.0003753846567361441,0.9999309101399954,317.09321757538635,13.722487261110782,0.00005558139999999994,0.00002445010349489241
2021-07-16T03:00:00.000Z,0.025561008813783353,1.0356744480917577,0.000703595638998464,0.0009569453694433735,0.0009339111285737722,173136826.523,107539320.15730004,3270681.1236,0.03474053696318391,0.03474053696318391,0.03637804373075615,1.0363780437307561,-0.0005366184430842802,1.0014432586417266,320.9975315004235,13.908841233327578,0.00005577119999999993,0.000032114241792351275
2021-07-16T04:00:00.000Z,0.025561008813783353,1.0344735008851582,0.0007231866818428268,0.0009763749312679506,0.0009534597399984968,172803944.9218,109448506.59870005,1909186.4414,0.03352004114515972,0.03352004114515972,0.03519668756700104,1.0351966875670011,-0.0005505296150710715,0.9998398110502248,320.75430440797766,13.904053055585026,0.00005580519999999988,0.00001878207671618121
2021-07-16T05:00:00.000Z,0.025561008813783353,1.0341264487520703,0.000746296180671502,0.0009861748584566988,0.00096169657974432,172842641.29950002,110412005.46200004,963498.8633,0.03316475217232595,0.03316475217232595,0.03487274493274177,1.0348727449327417,-0.0005191121201313376,1.0004574456477742,320.3359312603535,13.965569406126257,0.00005577399999999995,0.000009476527639795666
2021-07-16T06:00:00.000Z,0.025561008813783353,1.0257489216487525,0.000752157474919378,0.0010218469690683274,0.0009911407787570603,171340974.606,113917102.59560004,3505097.1336,0.02475778086999547,0.02475778086999547,0.02650107912367191,1.026501079123672,-0.00030702619735056835,0.9997321914761016,315.3725471966495,13.709067835531268,0.00005584280000000004,0.000034776650131832145
2021-07-16T07:00:00.000Z,0.025561008813783353,1.0191952069779817,0.0007637925077464494,0.0010364457405005823,0.000997895368984203,170176696.08659998,115350973.65380004,1433871.0582,0.018197311608997513,0.018197311608997513,0.019958999485728164,1.019958999485728,-0.00017271316455125252,0.9995059916712096,311.4179227591091,13.568213241123146,0.000055830899999999954,0.000014323822562047845
2021-07-16T08:00:00.000Z,0.025561008813783353,1.01946348212423,0.0007835690951984054,0.0010595554996911415,0.0010230798374841754,171148587.24780002,117633144.36030003,2282170.7065,0.018440402286745927,0.018440402286745927,0.02024705121942851,1.0202470512194286,-0.00016957786085491922,0.999914094700405,311.4394779501635,13.578312827922023,0.00005534260000000013,0.00002266854937828223
