query_ts,assumedLPToken,equityValue,totalDexYield,totalTradingfee,newTotalTradingFee,liquidity,totalVolume,volume,priceImpact,priceEffect,totalReturn,totalEquityVal,impermanentLoss,tokenPrice,quoteTokenPrice,rewardPrice,rewardTokenPerLP,feePerDollar
2022-03-26T10:00:00.000Z,0.018831483631235598,1,0.000003872389220445956,0.000010162378128074117,2.036149027162537e-13,320526565.51320004,1916065.9032,1916065.9032,-2.036149027162537e-13,-2.036149027162537e-13,0.000003872389220445956,1.0000038723892204,0,1.0001114791008707,414.7254227256987,7.201096204229856,0.0000285559,0.00001016237774308868
2022-03-26T11:00:00.000Z,0.018831483631235598,0.9998002477453491,0.000007746502222590321,0.000019069174617629055,0.00000880348024179245,321740421.3564,3602094.635,1686028.7318,-0.0002085557348926459,-0.0002085557348926459,-0.00019200575242826312,0.9998079942475717,-1.9357085490057102e-8,1.000099659539451,414.55735337385056,7.217092268640953,0.000028441999999999993,0.000008908575527987462
2022-03-26T12:00:00.000Z,0.018831483631235598,0.9996136782655509,0.000011615383992737733,0.000029117784220493427,0.00001916598290530036,321583297.9436,5503691.0635,1901596.4285,-0.00040548771735438027,-0.00040548771735438027,-0.00037470635045634216,0.9996252936495437,-5.428032145982087e-8,0.9993766118963108,414.69386974106277,7.217607495620579,0.00002846070000000001,0.000010052493239300507
2022-03-26T13:00:00.000Z,0.018831483631235598,0.9977443832061517,0.0000153502760742732,0.00004373611508409959,0.000034014800665005396,320998637.9668,8270204.4012,2766513.3377,-0.0022896315945133416,-0.0022896315945133416,-0.002240266517774063,0.9977597334822259,-0.0000014215301514797218,0.9995054770823555,413.07875868440516,7.165924540096511,0.00002829349999999998,0.000014651378908892524
2022-03-26T14:00:00.000Z,0.018831483631235598,0.997289855664644,0.000019148535994998484,0.0000560656711934621,0.00004594294831516965,321025586.2846,10604827.594700001,2334623.1935,-0.0027560872836711603,-0.0027560872836711603,-0.002690995799360992,0.9973090042006391,-0.0000034330884404187856,0.9999719238225159,412.5000942084119,7.150938578865286,0.000028444100000000004,0.000012363062629629378
2022-03-26T15:00:00.000Z,0.018831483631235598,0.997114360326917,0.00002301808903059569,0.00006793324393064133,0.00005857244153051333,320980681.6776,12852054.393600002,2247226.7989,-0.002944212114613487,-0.002944212114613487,-0.002862621584052378,0.9971373784159476,-0.000005785819544690263,1.0005647968932512,412.1001469923105,7.168646522494786,0.000028312899999999988,0.000011901917393169404
2022-03-26T16:00:00.000Z,0.018831483631235598,0.9976030693820991,0.000026906114939376863,0.00007879458835350766,0.00006865133063027606,320806468.49430007,14906620.080900002,2054565.6873,-0.0024655819485311925,-0.0024655819485311925,-0.0023700245029615397,0.9976299754970385,-9.353461536409924e-7,0.999011068777047,413.137434872534,7.182390464806702,0.0000284196,0.0000108874415307248
2022-03-26T17:00:00.000Z,0.018831483631235598,0.998208044672556,0.000030854187249071927,0.00008904815040847257,0.00007901917076580389,320976325.05750006,16846066.4715,1939446.3906,-0.001870974498209832,-0.001870974498209832,-0.001761101140194956,0.998238898859805,-0.0000013136088887755193,0.9998596261222024,413.27906707374336,7.205896296967162,0.000028445700000000018,0.000010271969010266913
2022-03-26T18:00:00.000Z,0.018831483631235598,0.9987454138727979,0.00003494168455783989,0.00009557105620311086,0.00008583672904893813,321128596.6626,18079785.6231,1233719.1516,-0.0013404228562510223,-0.0013404228562510223,-0.0012196444426442444,0.9987803555573558,-3.6716105866752e-7,0.9996271464890432,413.8147546458557,7.253062365124942,0.000028447600000000002,0.000006531098692289908
2022-03-26T19:00:00.000Z,0.018831483631235598,0.9988475942637728,0.00003895449396617628,0.000101323631912588,0.00009175838533892477,321208054.2265,19167965.3986,1088179.7755,-0.001244164121566138,-0.001244164121566138,-0.001113451242261037,0.998886548757739,-6.707915971571055e-7,1.0000248021068576,413.72994858621837,7.28240575148138,0.00002823020000000001,0.000005759213052128321
2022-03-26T20:00:00.000Z,0.018831483631235598,0.9986782972429727,0.00004281306116068549,0.00010777992133388078,0.00009773053886108496,321177722.52790004,20389353.9107,1221388.5121,-0.0014194332958883393,-0.0014194332958883393,-0.0012788896958665689,0.9987211103041335,-1.319728391013797e-7,0.9992051038063784,413.9240368653316,7.301321098099558,0.000027327499999999982,0.000006464833408206358
2022-03-26T21:00:00.000Z,0.018831483631235598,1.0004779157319612,0.00004686966397217035,0.00011336624517326792,0.00010410254566894928,321785999.11160004,21446261.0879,1056907.1772,0.00037381318629226,0.00037381318629226,0.0005247853959333797,1.0005247853959334,-2.371509310039599e-7,0.9997965410870321,415.1662774098435,7.324199351073677,0.000028438900000000013,0.000005583655616467215
2022-03-26T22:00:00.000Z,0.018831483631235598,0.9993172749578118,0.00005066170400313696,0.00012033219740014991,0.00011183671015280172,321583499.1836,22764887.9197,1318626.8318,-0.0007945617523410498,-0.0007945617523410498,-0.0006320633381851111,0.9993679366618149,-1.057872611731625e-8,0.9991714826987126,414.45617852721824,7.305693763131834,0.000028423800000000004,0.000006970710934332415
2022-03-26T23:00:00.000Z,0.018831483631235598,0.9997853968833256,0.00005460323654305703,0.00012484342807273307,0.00011505253865196075,321741127.64809996,23618864.3592,853976.4395,-0.0003296556553263885,-0.0003296556553263885,-0.00015999988013137075,0.9998400001198686,-4.718447854656915e-14,0.9997820939280264,414.5885787420969,7.309862373804686,0.00002842330000000002,0.000004512198853041389
2022-03-27T00:00:00.000Z,0.018831483631235598,1.00095237004515,0.00005875169166443178,0.00013107714630583993,0.00012182613551692256,322183179.27000004,24799151.579,1180287.2198,0.000830543909632997,0.000830543909632997,0.0010111217368143513,1.0010111217368143,-3.9614392688402944e-7,1.0000515677396729,415.4394909238569,7.339395021253262,0.000028419100000000017,0.00000622778718059175
2022-03-27T01:00:00.000Z,0.018831483631235598,1.0015415245768502,0.00006279429814502619,0.00013844600565760567,0.00012892474501691176,322439019.6856,26194652.108,1395500.529,0.0014125998318332833,0.0014125998318332833,0.0016043188749952212,1.0016043188749952,-0.0000017112874451941096,0.9996731078202419,416.0803097366162,7.355996663189721,0.00002822400000000003,0.000007357518024999592
2022-03-27T02:00:00.000Z,0.018831483631235598,1.0022838821220004,0.00006692739952396936,0.00014677342142287183,0.00013757437596351174,322698103.0564,27771780.273,1577128.165,0.0021463077460368574,0.0021463077460368574,0.0023508095215243386,1.0023508095215243,-0.000003331108305082431,0.9996744030375598,416.68969478040844,7.377755952837282,0.00002841170000000012,0.000008308440164680497
2022-03-27T03:00:00.000Z,0.018831483631235598,1.0029266139081665,0.00007085454656892376,0.00015567153283217605,0.00014643917777656945,322784825.49649996,29456364.965299997,1684584.6923,0.0027801747303899393,0.0027801747303899393,0.0029974684547354326,1.0029974684547354,-0.000006530441309271495,0.9992740595554912,417.38413324401876,7.380636783251777,0.000028067199999999937,0.000008872145623651856
2022-03-27T04:00:00.000Z,0.018831483631235598,1.0024117353748032,0.00007461305411782663,0.00016394054651725667,0.00015453605378068502,322607308.15830004,31021791.9557,1565426.9904,0.0022571993210225294,0.0022571993210225294,0.0024863484289210412,1.002486348428921,-0.000002084402651481021,1.000324414157093,416.51109168905964,7.362011850155013,0.000028400000000000047,0.000008249118406127873
2022-03-27T05:00:00.000Z,0.018831483631235598,1.0017107820609503,0.0000787066099087652,0.00017400726447478084,0.00016466332695497243,322883126.7019,32930510.8937,1908718.938,0.0015461187339953497,0.0015461187339953497,0.0017894886708590874,1.0017894886708592,-0.0000015895275502497697,0.99987341394896,416.10789335794595,7.376921540141678,0.00002837959999999998,0.000010049525435857674
2022-03-27T06:00:00.000Z,0.018831483631235598,1.0018320378465821,0.0000826685407767493,0.00018332033327534441,0.00017436906416845588,322904523.70049995,34696236.1454,1765725.2517,0.0016576687824136904,0.0016576687824136904,0.0019147063873588956,1.0019147063873588,-0.0000011423674161070707,1.0002562674317053,416.041285899899,7.378641900994261,0.000028381100000000114,0.000009296038635476546
2022-03-27T07:00:00.000Z,0.018831483631235598,1.002011851333897,0.00008712648157016957,0.0001929814756867543,0.00018402337068956776,323258780.053,36529635.371,1833399.2256,0.0018278279632073513,0.0018278279632073513,0.0020989778154670885,1.0020989778154672,-0.000003482911272500999,0.9992985902029642,416.58149848302236,7.422772383615917,0.000028354999999999873,0.000009641744867715544
2022-03-27T08:00:00.000Z,0.018831483631235598,1.0023102985600245,0.00009159673790548606,0.00020207179440003746,0.00019369390509615947,323002192.5931,38252826.6982,1723191.3272,0.0021166046549283557,0.0021166046549283557,0.0024018952979300012,1.00240189529793,-0.00000580507925540541,0.9988191619201127,417.0217645415669,7.463707531218788,0.000028386300000000037,0.00000906936647309489
2022-03-27T09:00:00.000Z,0.018831483631235598,1.0005545266892661,0.00009642048477608133,0.00021276879269895726,0.00020318210488223798,321816816.47209996,40276689.1659,2023862.4677,0.0003513445843839058,0.0003513445843839058,0.0006509471740422251,1.0006509471740421,-2.815797681687826e-7,0.9997123574917389,415.18258685457806,7.528217180833601,0.000028441399999999978,0.00001069107025794061
2022-03-27T10:00:00.000Z,0.018831483631235598,1.000331128586153,0.00010054550562597802,0.00022351690906019406,0.00021595349730407776,321803394.821,42310592.489,2033903.3231,0.00011517508884884009,0.00011517508884884009,0.00043167409177889584,1.000431674091779,-8.619021872879884e-7,0.9989142933712781,415.31811780335005,7.535489768295743,0.000028412600000000003,0.000010744559271020978
2022-03-27T11:00:00.000Z,0.018831483631235598,1.0004550094523557,0.00010440401448905144,0.00023714799751128432,0.00022815575328727355,324697951.3452,44912929.8483,2602337.3593,0.0002268536990683856,0.0002268536990683856,0.0005594134668447106,1.0005594134668447,-4.4223843442825483e-7,0.9993980156474801,415.2098120670453,7.5253421687048645,0.000028182999999999998,0.000013624888892836557
2022-03-27T12:00:00.000Z,0.018831483631235598,1.000309640492398,0.00010833584010916087,0.000247700944376167,0.00023897146826845628,324989447.3498,46929715.0508,2016785.2025,0.00007066902412944387,0.00007066902412944387,0.000417976332507061,1.000417976332507,-0.0000019491541105587373,0.9982093295916239,415.57443787922875,7.5225959393458055,0.000028023999999999974,0.000010549680527194845
2022-03-27T13:00:00.000Z,0.018831483631235598,0.9982010789896193,0.00011090551861627508,0.00026203518724400907,0.0002519783626465655,324839365.8638,49673666.8892,2743951.8384,-0.0020508993730272707,-0.0020508993730272707,-0.0016880154917644301,0.9983119845082356,-0.00000208705494775252,1.000101538322106,413.0301523038716,7.429015655565379,0.000028001299999999985,0.000014360076442323317
2022-03-27T14:00:00.000Z,0.018831483631235598,0.9987153261560646,0.00011491462850790332,0.0002758723768677014,0.00026644793914376574,325084503.167,52323103.543800004,2649436.6546,-0.0015511217830791457,-0.0015511217830791457,-0.0011697592154274767,0.9988302407845725,-0.000001256286781825544,1.0001442680584263,413.4262869661091,7.43501133760351,0.000027994700000000015,0.000013854989299524428
2022-03-27T15:00:00.000Z,0.018831483631235598,1.0000513463224963,0.00011978239245787657,0.0002886401660820915,0.00028005264034602906,325447320.8786,54767238.384100005,2444134.8403,-0.00022870631784976947,-0.00022870631784976947,0.00017112871495413614,1.0001711287149542,-3.5283886368198125e-8,0.9996171677534018,414.7407319682047,7.493440774244415,0.000028095899999999915,0.000012767132994958435
2022-03-27T16:00:00.000Z,0.018831483631235598,1.0043922654958923,0.00012487433505938225,0.00030761942789797484,0.00030101414177630126,327094570.86620003,58403041.5063,3635803.1222,0.004091251354116032,0.004091251354116032,0.004517139830951716,1.0045171398309518,-0.00000919290687495522,0.9999064975717555,418.2115725267264,7.562075486714803,0.00002805250000000005,0.000018896263827834423
2022-03-27T17:00:00.000Z,0.018831483631235598,1.0041979704545456,0.00012905856041362014,0.0003192965710232299,0.0003116123975823726,327018911.85910004,60639913.940400004,2236872.4341,0.003886358056963246,0.003886358056963246,0.004327029014959239,1.0043270290149593,-0.00000644141343220106,1.0004011038470753,417.8342279799725,7.572983195627975,0.000028077200000000067,0.000011628327904192988
2022-03-27T18:00:00.000Z,0.018831483631235598,1.0043647495741639,0.00013318741288714065,0.00032891141811528077,0.0003209893977045297,326733849.09929997,62479821.9707,1839908.0303,0.0040437601764593545,0.0040437601764593545,0.004497936987051025,1.004497936987051,-0.000005695127973104341,1.0007724238727427,417.8101859350737,7.579653271640373,0.000028130100000000078,0.000009573062785298976
2022-03-27T19:00:00.000Z,0.018831483631235598,1.0032123004991602,0.00013736515689610852,0.00033541803844287473,0.0003276720972453795,326487078.144,63725425.157900006,1245603.1872,0.002884628401914835,0.002884628401914835,0.003349665656056323,1.0033496656560563,-0.00000739370061364486,0.9991468619993465,417.52423728275915,7.58872156111405,0.000028118999999999983,0.000006485786299040132
2022-03-27T20:00:00.000Z,0.018831483631235598,1.0051134066611151,0.0001447350708987768,0.0003408977384219418,0.00033301335526214615,327185490.94089997,64774694.1172,1049268.9593,0.0047803933058530035,0.0047803933058530035,0.005258141732013926,1.0052581417320139,-0.000005255243916257868,1.0016398240891156,418.061130953208,7.771242236366945,0.000027784300000000025,0.000005451822529417121
2022-03-27T21:00:00.000Z,0.018831483631235598,1.01035404805307,0.00015155538038313308,0.0003534918881752134,0.0003476158479753799,328963225.03870004,67186785.2055,2412091.0883,0.010006432205094562,0.010006432205094562,0.010505603433453074,1.010505603433453,-0.00004539733298691839,1.0005395139724964,422.88580259609114,7.9125794962110545,0.000028106200000000036,0.000012465085875868343
2022-03-27T22:00:00.000Z,0.018831483631235598,1.0147074929708546,0.00015706185113420823,0.0003664083199393499,0.00036258846266212785,330102839.12030005,69658521.05150001,2471735.846,0.01434490450819248,0.01434490450819248,0.014864554821988816,1.0148645548219888,-0.00011029650536298341,0.9995015304855673,426.9695570159099,7.97974049424846,0.00002808329999999996,0.000012729217807995508
2022-03-27T23:00:00.000Z,0.018831483631235598,1.0184856028110714,0.0001627167454246169,0.000379746254918456,0.0003784143398604112,331465593.6355,72211946.9326,2553425.8811,0.018107188471210955,0.018107188471210955,0.018648319556495985,1.018648319556496,-0.0001651903217775308,0.9998790588060674,429.98034666957005,8.050458102657537,0.000028119599999999964,0.000013095850915505387
2022-03-28T00:00:00.000Z,0.018831483631235598,1.0188710929114237,0.0001670068878672776,0.0003900073646320603,0.0003870231766636145,331447070.42249995,74175489.51130001,1963542.5787,0.018484069734760133,0.018484069734760133,0.019038099799291025,1.019038099799291,-0.00016251308484693805,1.000397164306405,430.07589280421473,8.05168167306893,0.000028131300000000037,0.00001007105713601565
2022-03-28T01:00:00.000Z,0.018831483631235598,1.0187598913132803,0.00016966921640685885,0.00040577538205228216,0.00040361615808137685,331237105.69329995,77191239.17540002,3015749.6641,0.018356275155198887,0.018356275155198887,0.018929560529687122,1.018929560529687,-0.00014125284888555356,1.0014935244448113,429.4972750364076,7.976442012599866,0.000028113900000000056,0.000015477657366433454
2022-03-28T02:00:00.000Z,0.018831483631235598,1.0167583084032452,0.0001737884751444281,0.0004199999917887199,0.00041641827670857445,330324998.5226,79909650.51190002,2718411.3365,0.01634189012653664,0.01634189012653664,0.016932096878389643,1.0169320968783897,-0.00013530621737944948,0.9998700504378852,428.49441209116145,7.9718590183263025,0.000028088800000000052,0.000013990159063707138
2022-03-28T03:00:00.000Z,0.018831483631235598,1.0187764627684168,0.00017793750251029024,0.00043046505400264393,0.00042789575170121275,330956443.01420003,81909442.55420002,1999792.0423,0.01834856701671561,0.01834856701671561,0.018954400270927114,1.0189544002709272,-0.0001609306504015695,1.0003521016905443,429.98083115368934,7.968495688519818,0.000028137999999999913,0.000010272187001248785
2022-03-28T04:00:00.000Z,0.018831483631235598,1.0195497362333013,0.0001831656983741658,0.0004428088711945604,0.00044173251712287254,331379913.6809,84269476.74940002,2360034.1952,0.01910800371617838,0.01910800371617838,0.019732901931675418,1.0197329019316754,-0.0002066300947217714,0.9987094924147488,431.3306477895503,8.012592357157194,0.000028123400000000023,0.000012107125284918093
2022-03-28T05:00:00.000Z,0.018831483631235598,1.020490323726096,0.00018883918860873028,0.0004567027661817631,0.00045453318460753067,331658837.08860004,86925658.42490003,2656181.6755,0.02003579054148852,0.02003579054148852,0.020679162914704778,1.0206791629147047,-0.0002165995278712307,0.9991342501401316,431.9326606153169,8.07386692339034,0.000028102399999999977,0.000013614920947044498
2022-03-28T06:00:00.000Z,0.018831483631235598,1.0251636888590305,0.00019781141441468472,0.00047206799699859637,0.00047199409835374517,333367812.3618,89864800.89430003,2939142.4694,0.024691694760676786,0.024691694760676786,0.025361500273445216,1.0253615002734453,-0.0003162195086436892,0.9993518103760348,435.78983853868374,8.272149779866202,0.000027825699999999956,0.00001498807627101477
2022-03-28T07:00:00.000Z,0.018831483631235598,1.0230854557939575,0.00020074064160817735,0.0005007142389858153,0.0005009663163026978,332557173.34849995,95342184.34990002,5477383.4556,0.02258448947765479,0.02258448947765479,0.023286196435565665,1.0232861964355657,-0.00025409701754386393,0.999899167282925,433.76176360332335,8.212933295087648,0.000028095299999999934,0.00002799985271934595
2022-03-28T08:00:00.000Z,0.018831483631235598,1.0201773985521658,0.00020465452248560878,0.0005235499325411983,0.000521113958313002,331012304.6782,99700650.93590002,4358466.586,0.019656284593852824,0.019656284593852824,0.020382053074651435,1.0203820530746515,-0.00019028253114805604,1.000067446057286,431.2085671740295,8.195743769549537,0.00002808139999999993,0.00002238404159447542
