query_ts,assumedLPToken,equityValue,totalDexYield,totalTradingfee,newTotalTradingFee,liquidity,totalVolume,volume,priceImpact,priceEffect,totalReturn,totalEquityVal,impermanentLoss,tokenPrice,quoteTokenPrice,rewardPrice,rewardTokenPerLP,feePerDollar
2021-09-22T10:00:00.000Z,0.02252014814392526,1,0.000016155735165013667,0.00001347455680745849,-1.0234035840994693e-12,270801004.4486,2146425.6125,2146425.6125,1.0234035840994693e-12,1.0234035840994693e-12,0.000016155735165013667,1.000016155735165,0,0.9995362614826467,361.2693672648993,19.211556825031984,0.0000373416,0.00001347455689346452
2021-09-22T11:00:00.000Z,0.02252014814392526,0.9998683374357025,0.000032361916983256326,0.000026862429060681384,0.000013374294107970641,271049151.8321,4281278.0613,2134852.4488,-0.00014503685840550062,-0.00014503685840550062,-0.00009930064731427366,0.9999006993526858,-0.000001036554614031182,1.0008312820728962,360.6972530284893,19.245622697883086,0.000037325800000000015,0.000013389634826114931
2021-09-22T12:00:00.000Z,0.02252014814392526,0.994437394865697,0.00004756609337161769,0.000039955303137322555,0.00002660627228867618,269239216.0442,6366474.377,2085196.3157,-0.005589211406591632,-0.005589211406591632,-0.005515039040931338,0.9944849609590687,-0.000012477317447578962,0.9989273275524692,357.46000183622164,18.867491769786138,0.000037279499999999994,0.000013166112235700677
2021-09-22T13:00:00.000Z,0.02252014814392526,0.9979577201288196,0.00006402563728666575,0.00005190736731339247,0.00003858447910165541,270195901.54649997,8270008.2537,1903533.8767,-0.0020808643502820967,-0.0020808643502820967,-0.0019782542338937755,0.9980217457661062,-0.000003606469675232482,1.0001388268327474,359.5506731707484,19.035974467136892,0.0000374039,0.00001197652359591062
2021-09-22T14:00:00.000Z,0.02252014814392526,1.000458013802333,0.0000801880692216554,0.0000681004753322523,0.000056416039294182596,270873068.95100003,10848990.0482,2578981.7945,0.0004015977630387191,0.0004015977630387191,0.0005382018715545571,1.0005382018715545,-2.4455136804490962e-9,0.9998677439315382,361.4397289562544,19.07904322944658,0.00003727939999999999,0.00001618569563828842
2021-09-22T15:00:00.000Z,0.02252014814392526,1.0048027249313316,0.00009674167396931964,0.0000835988322768424,0.00007301883214227978,272375851.9501,13320284.6509,2471294.6027,0.004729706099189324,0.004729706099189324,0.004899466605300923,1.0048994666053008,-0.0000017801911035286722,1.0023706166752238,363.6636146870333,19.17848542166871,0.000037359499999999994,0.00001542427786645224
2021-09-22T16:00:00.000Z,0.02252014814392526,1.0113448934106923,0.000115902462137491,0.00011029425191888843,0.00009938840608336719,274173416.56600004,17577384.8852,4257100.2343,0.011245505004608969,0.011245505004608969,0.011460795872829827,1.0114607958728299,-0.0000719514842789648,0.9987233978689226,369.74105533428894,19.694717985467697,0.00003732969999999999,0.00002639595949510249
2021-09-22T17:00:00.000Z,0.02252014814392526,1.01714219052807,0.00013321877684261196,0.00013401103515861892,0.00012288967541573825,275620600.9769,21357777.2621,3780392.3769,0.01701930085265424,0.01701930085265424,0.01727540930491259,1.0172754093049126,-0.00013316669666763037,1.0000916235738557,373.4636116620968,19.862707341655003,0.00003650189999999999,0.000023317077961340868
2021-09-22T18:00:00.000Z,0.02252014814392526,1.0134368234637459,0.00014854858739319607,0.00015432223151543248,0.00014300539177236615,274620185.4763,24595370.9532,3237593.6911,0.013293818071973496,0.013293818071973496,0.013585372051139058,1.013585372051139,-0.00007662863747359694,1.0003623426994805,370.6321969502232,19.700809664823744,0.000037000100000000005,0.00002004189628422268
2021-09-22T19:00:00.000Z,0.02252014814392526,1.0168579841506078,0.0001658072206295843,0.0002011991066888201,0.00018956966887229143,274682747.1481,32044076.5535,7448705.6003,0.016668414481735505,0.016668414481735505,0.01702379137123738,1.0170237913712374,-0.00012019463377110906,1.0005620645402062,373.0304826769824,19.7885761072192,0.00003724260000000001,0.00004609972650988025
2021-09-22T20:00:00.000Z,0.02252014814392526,1.0211939183198573,0.00018541623446413568,0.00021651802534501422,0.00020706701494832558,275859323.21209997,34478289.986,2434213.4325,0.02098685130490896,0.02098685130490896,0.021379334554321422,1.0213793345543214,-0.00020688383426592516,0.9999627818634199,376.4316703220897,20.11229181906076,0.00003730499999999999,0.000015000989587973036
2021-09-22T21:00:00.000Z,0.02252014814392526,1.0208193022719025,0.00020081084412501858,0.00022916664445922017,0.0002193892668578279,275761590.6209,36488211.4251,2009921.4391,0.020599913005044712,0.020599913005044712,0.02102011311602756,1.0210201131160275,-0.00021468135971003388,0.9992041519609657,376.4319839601248,19.96997994168125,0.000037148300000000005,0.000012390653965900919
2021-09-22T22:00:00.000Z,0.02252014814392526,1.0211040988529034,0.00021762301851303593,0.00024442890692671383,0.00023419345137165593,275833499.86579996,38913408.210999995,2425196.7859,0.020869905401531774,0.020869905401531774,0.021321721871416465,1.0213217218714166,-0.00020054999574914412,1.0001621246526087,376.2704311788598,19.983503561526657,0.00003705560000000001,0.000014946823130750486
2021-09-22T23:00:00.000Z,0.02252014814392526,1.024256305337996,0.00023579064186903767,0.00026328580841676304,0.0002551565040920245,276334340.95849997,41906000.87499999,2992592.664,0.02400114883390403,0.02400114883390403,0.02449209597986509,1.0244920959798651,-0.00028574370206368993,0.9993453673361905,378.89159979317395,20.112505414274477,0.00003700909999999999,0.00001841033405820534
2021-09-23T00:00:00.000Z,0.02252014814392526,1.024152317569811,0.0002539808393635485,0.0002750775178779741,0.00026562970280008535,276588480.97609997,43779257.85769999,1873256.9827,0.02388668786701098,0.02388668786701098,0.024406298409174614,1.0244062984091746,-0.0002881928603397643,0.9991314774884205,378.8879942952983,20.226408996738886,0.00003700279999999996,0.000011513627969435127
2021-09-23T01:00:00.000Z,0.02252014814392526,1.0170906471854393,0.0002667721891211481,0.0003014081223801626,0.0002896376973517967,274943554.2435,47966188.68849999,4186930.8308,0.016801009488087493,0.016801009488087493,0.017357419374560437,1.0173574193745605,-0.00013057971090479903,1.0000362812979249,373.3239683312603,19.90736958909545,0.000037467900000000075,0.0000258881588693519
2021-09-23T02:00:00.000Z,0.02252014814392526,1.020974202769026,0.000285548909581156,0.00031439257320356483,0.0003037279336577381,276225498.1645,50032632.76109999,2066444.0726,0.020670474835368324,0.020670474835368324,0.02125975167860722,1.0212597516786073,-0.000202736023027561,0.9998578659774786,376.2378890907049,20.0512652288482,0.00003731179999999995,0.000012717706898035666
2021-09-23T03:00:00.000Z,0.02252014814392526,1.0222645876133476,0.00030372053590532115,0.00032550463810588113,0.0003153715410557645,276281863.879,51799219.15959999,1766586.3985,0.021949216072291833,0.021949216072291833,0.022568308149252918,1.022568308149253,-0.0002348110690326699,0.9995751565632782,377.2878926692264,20.143440559240144,0.00003716430000000006,0.000010870047115236182
2021-09-23T04:00:00.000Z,0.02252014814392526,1.0248463067604447,0.0003223642721055614,0.00034168215993021057,0.00033320309009687854,276985602.72120005,54371163.354799986,2571944.1952,0.02451310367034787,0.02451310367034787,0.02516867103255031,1.0251686710325503,-0.00028628774337280394,0.9998222441469645,379.08965476488055,20.256497347105565,0.00003713250000000005,0.00001578531551418196
2021-09-23T05:00:00.000Z,0.02252014814392526,1.028354802730231,0.00034199487358655897,0.00036419670956530723,0.0003564111142555504,277657913.4236,57947030.798799984,3575867.444,0.027998391615975393,0.027998391615975393,0.028696797603817503,1.0286967976038175,-0.00036245245888155697,1.0002216555223526,381.52087890005356,20.407578952122158,0.00003748249999999999,0.000021893756168677264
2021-09-23T06:00:00.000Z,0.02252014814392526,1.0252549853071604,0.00035764615667880555,0.0003740103370421337,0.000364899422770959,276825892.7228,59505705.36279999,1558674.564,0.024890085884389457,0.024890085884389457,0.02561263146383922,1.0256126314638392,-0.00029587010805887104,0.9997928385031261,379.37984539861156,20.319579496223238,0.00003742569999999994,0.000009571889149304857
2021-09-23T07:00:00.000Z,0.02252014814392526,1.026962748753893,0.00037581060169028643,0.0003850364222708513,0.00037665924289709274,277288405.9426,61256960.76389999,1751255.4011,0.026586089510995947,0.026586089510995947,0.027338559355583325,1.0273385593555833,-0.0003308537554754798,1.0000477530657688,380.53946616663296,20.377442558286745,0.00003736300000000007,0.000010736598134168942
2021-09-23T08:00:00.000Z,0.02252014814392526,1.030195573419307,0.00039499280779298814,0.00039417850793808517,0.00038698164443773386,278305144.62,62709734.44729999,1452773.6834,0.029808591774869164,0.029808591774869164,0.030590566227099887,1.0305905662271,-0.0003879518538264515,1.001050104685183,382.5488484556987,20.489475294739965,0.00003709380000000007,0.00000887412722877318
2021-09-23T09:00:00.000Z,0.02252014814392526,1.0230046598191607,0.0004069545918361471,0.00040708391078948743,0.0003973978377775911,276369358.1311,64760589.46469998,2050855.0174,0.022607261981383076,0.022607261981383076,0.023411614410996814,1.0234116144109968,-0.00023756106026595614,1.00009220921486,377.5786189047621,20.224030439751843,0.00003749929999999994,0.000012615195668421922
2021-09-23T10:00:00.000Z,0.02252014814392526,1.0211785946426937,0.00042190124496166345,0.0004195781565401816,0.00040881356201394325,275858615.6496,66745979.974099986,1985390.5094,0.020769781080679728,0.020769781080679728,0.021600495887655335,1.0216004958876552,-0.00020928807544606798,0.9996323334993582,376.39600645680804,20.141826620338755,0.00003659809999999998,0.000012235122176742838
2021-09-23T11:00:00.000Z,0.02252014814392526,1.0181850537374881,0.00043493282486741457,0.0004384863026273323,0.0004267565278850416,277475140.8975,69777060.06529999,3031080.0912,0.01775829720960309,0.01775829720960309,0.018619986562355546,1.0186199865623555,-0.00014055909808452505,1.0003711218555917,373.902052891244,19.969550426048517,0.000037001399999999974,0.000018570442520987746
2021-09-23T12:00:00.000Z,0.02252014814392526,1.0130241583778858,0.0004441112372887887,0.00045964701302049027,0.0004485294151017616,268752299.5761,73079338.7365,3302278.6712,0.01257562896278408,0.01257562896278408,0.01346826961517463,1.0134682696151747,-0.00007496044248300748,0.9997887878322872,370.3193209933793,19.62540137085463,0.000037726600000000006,0.000020888653789733893
2021-09-23T13:00:00.000Z,0.02252014814392526,1.016105419061513,0.00046181200195400795,0.0004841318414086397,0.0004715231715473056,269725632.1976,76902579.1071,3823240.3706,0.015633895889965777,0.015633895889965777,0.01656723106346709,1.016567231063467,-0.00011240179763716274,1.000054946956956,372.46048413158206,19.68091570186848,0.000037102600000000027,0.00002409674074008096
2021-09-23T14:00:00.000Z,0.02252014814392526,1.0238574399615985,0.00048743981505413323,0.0005044266183254415,0.0004953470478756827,272206644.431,80076488.88679999,3173909.7797,0.02336209291372282,0.02336209291372282,0.024344879776652638,1.0243448797766526,-0.00023945639842004596,1.0007435464572756,377.8901278384841,20.04400742850756,0.00003790010000000002,0.000019821877003658923
2021-09-23T15:00:00.000Z,0.02252014814392526,1.0245634245204012,0.0005040331644337259,0.0005214232137018692,0.0005129083157084935,272370713.8697,82734364.0419,2657875.1551,0.024050516204692673,0.024050516204692673,0.02506745768483489,1.0250674576848349,-0.00027255048021357364,0.9999519635529517,378.69826619137837,20.047431809147387,0.00003656950000000007,0.00001658911011200551
2021-09-23T16:00:00.000Z,0.02252014814392526,1.0173346394424576,0.0005121575323059693,0.0005423949485238922,0.0005310968531824223,270645089.7858,86016237.0437,3281873.0018,0.01680354258927519,0.01680354258927519,0.01784679697476358,1.0178467969747635,-0.0001512911751496704,0.9988048026631093,373.78612133946734,19.701675703439616,0.00003790389999999998,0.000020614392477896435
2021-09-23T17:00:00.000Z,0.02252014814392526,1.0193457333043918,0.0005307718051726996,0.000556574307147737,0.0005471342135656698,271181739.736,88235182.24059999,2218945.1969,0.01879859909082615,0.01879859909082615,0.01987650510956452,1.0198765051095646,-0.00016250907844583828,1.0001307707240992,374.7568514997289,19.768077088663773,0.000037935500000000186,0.000013910253833470892
2021-09-23T18:00:00.000Z,0.02252014814392526,1.0295691815048071,0.0005611410353672283,0.0005784931065318195,0.0005733864561685564,273888870.3059,91665123.53739999,3429941.2968,0.028995795048638584,0.028995795048638584,0.030130322540174368,1.0301303225401743,-0.0003991791918654952,0.9998595970302505,382.39999088521864,20.25990366305499,0.000037618599999999843,0.000021289292252173687
2021-09-23T19:00:00.000Z,0.02252014814392526,1.0292670560526522,0.0005758810054478406,0.000590681895749134,0.0005873532566249562,273155068.0572,93567922.06009999,1902798.5227,0.028679702796027273,0.028679702796027273,0.02984293705810007,1.0298429370581001,-0.0003852358804118383,1.0000504635585628,382.0921529103032,20.17002073726892,0.000037930999999999966,0.000011842201982914063
2021-09-23T20:00:00.000Z,0.02252014814392526,1.0290006913616458,0.0005929554339723205,0.000602162764109544,0.0005962808603328096,273106378.2708,95360351.17369999,1792429.1136,0.028404410501313038,0.028404410501313038,0.029593646795618166,1.0295936467956182,-0.0003677758166684697,1.0004195148150457,381.7467944507923,20.162831955532162,0.00003805509999999998,0.00001115729889727659
2021-09-23T21:00:00.000Z,0.02252014814392526,1.0280261999548086,0.0006069208213075599,0.0006092355611924103,0.0006027864205468969,272852345.4451,96464597.16909999,1104245.9954,0.027423413534261698,0.027423413534261698,0.028633120776116155,1.0286331207761161,-0.0003482794695910396,1.000194066763692,381.1047270828396,20.053806167316583,0.00003802279999999997,0.000006879978213556205
2021-09-23T22:00:00.000Z,0.02252014814392526,1.0292792646100557,0.000625251732727106,0.0006160190509401309,0.0006107183092252111,274023854.481,97526926.94069998,1062329.7716,0.02866854630083049,0.02866854630083049,0.029904516342782805,1.029904516342783,-0.00036875170039496474,1.0006404640398205,381.8585796548208,20.092292120614275,0.00003793779999999993,0.0000065905233511165724
2021-09-23T23:00:00.000Z,0.02252014814392526,1.0280164758629369,0.0006423439317931852,0.0006257871269133066,0.0006200043804991395,273522603.824,99055736.04849999,1528809.1078,0.027396471482437734,0.027396471482437734,0.028658819794730058,1.02865881979473,-0.0003439180349202875,1.0003337261163314,381.03153568763537,20.09009954667948,0.000037929300000000016,0.000009501867293323694
2021-09-24T00:00:00.000Z,0.02252014814392526,1.0308533299210718,0.0006600710782155384,0.0006339581167683966,0.0006295398603601843,274275987.721,100334577.4274,1278841.3789,0.03022379006071163,0.03022379006071163,0.03151340099928735,1.0315134009992875,-0.0004341566810895925,0.9998397279022901,383.32085874252914,20.106921709966286,0.00003796129999999997,0.000007926433379000258
2021-09-24T01:00:00.000Z,0.02252014814392526,1.0269597362539438,0.0006703563309364819,0.0006442006517266982,0.0006373172989935227,273242299.028,101937649.5825,1603072.1551,0.026322418954950244,0.026322418954950244,0.02763009258488025,1.0276300925848803,-0.0003345077094436544,0.999649223118079,380.49564580622183,19.901953109998477,0.000037961099999999944,0.00000997364856526382
2021-09-24T02:00:00.000Z,0.02252014814392526,1.0235089072671875,0.0006832873057049644,0.0006540070614960444,0.00064476887494469,272331708.74439996,103472505.6468,1534856.0643,0.022864138392242772,0.022864138392242772,0.024192194572892428,1.0241921945728925,-0.00024560323171785026,0.9999773787618507,377.81171664791276,19.78946029659144,0.00003751740000000009,0.000009581166002813672
2021-09-24T03:00:00.000Z,0.02252014814392526,1.0211065072160983,0.0006971289147913367,0.0006649872281426966,0.0006549835034161955,271695104.4432,105191089.7158,1718584.069,0.020451523712682107,0.020451523712682107,0.02180363613088964,1.0218036361308895,-0.00020315546306537424,0.9996225626280932,376.1650130613007,19.70253101258761,0.00003796019999999996,0.000010753204123009076
2021-09-24T04:00:00.000Z,0.02252014814392526,1.0206646248976508,0.0007101325701855314,0.0006783549020750493,0.0006678043086287833,268585903.9293,107260311.586,2069221.8702,0.01999682058902197,0.01999682058902197,0.021374757467836285,1.0213747574678362,-0.00017763657171421254,1.000485696043692,375.5056230884782,19.59141089106096,0.00003838469999999996,0.00001309702827988307
2021-09-24T05:00:00.000Z,0.02252014814392526,1.0195570146949167,0.0007260014675110967,0.0006883457901419462,0.0006775162997125772,268295275.8598,108806835.5366,1546523.9506,0.018879498395204086,0.018879498395204086,0.02028301616242776,1.0202830161624277,-0.000164614680524644,1.0000937275441508,374.8302532656129,19.562674704788822,0.00003838460000000009,0.000009799243417889526
2021-09-24T06:00:00.000Z,0.02252014814392526,1.015977514736106,0.000738566538226129,0.0007025614399845249,0.0006886672776702518,267336821.81730002,111007189.2771,2200353.7405,0.01528884745843584,0.01528884745843584,0.01671608127433222,1.0167160812743323,-0.00010219985986570368,1.000411937685078,372.07462999773617,19.448218974314248,0.00003838719999999988,0.000013992091824172109
2021-09-24T07:00:00.000Z,0.02252014814392526,1.0159141185643321,0.0007560974394654501,0.0007172185950794505,0.0007033653367036763,267316759.5142,113275852.0006,2268662.7235,0.015210753227628437,0.015210753227628437,0.016670216003797565,1.0166702160037975,-0.00010607697467202026,1.0000662364205806,372.1459919134931,19.467063236532997,0.000038355899999999874,0.000014427552679296669
2021-09-24T08:00:00.000Z,0.02252014814392526,1.0233194444140952,0.0007841912981327628,0.0007421602807049365,0.0007336671786375426,269186004.49590003,117135237.1637,3859385.1631,0.022585777235457627,0.022585777235457627,0.02410363571222793,1.024103635712228,-0.0002257053629517447,1.00062241574249,377.36269167478906,19.75064213640568,0.00003839970000000009,0.00002437331312806023
