query_ts,assumedLPToken,equityValue,totalDexYield,totalTradingfee,newTotalTradingFee,liquidity,totalVolume,volume,priceImpact,priceEffect,totalReturn,totalEquityVal,impermanentLoss,tokenPrice,quoteTokenPrice,rewardPrice,rewardTokenPerLP,feePerDollar
2022-05-20T10:00:00.000Z,0.021307073352438276,1,0,0.00008167808114857447,9.793277300218506e-13,232130990.1144,11152949.2074,11152949.2074,-9.793277300218506e-13,-9.793277300218506e-13,0,1,0,0.9997660449932904,308.3239654026864,4.563343635675094,0,0.00008167808030817439
2022-05-20T11:00:00.000Z,0.021307073352438276,1.0007196294846625,0,0.00012386752461385355,0.00003520190077477281,232305009.96440002,16913991.213,5761042.0056,0.0006844275838877589,0.0006844275838877589,0.0007196294846625317,1.0007196294846625,-0.0000015929209942200373,0.998666207490276,309.08618481637643,4.57701209367874,0,0.000042159105440820504
2022-05-20T12:00:00.000Z,0.021307073352438276,1.009534916237159,0,0.00016367568316914211,0.00007498088131407954,234361466.11420003,22350098.5687,5436107.3557,0.009459935355844884,0.009459935355844884,0.009534916237158964,1.009534916237159,-0.00005297469802734156,0.9988887064288271,314.4609602820456,4.652950142830772,0,0.000039432175681077383
2022-05-20T13:00:00.000Z,0.021307073352438276,1.0051956390816439,0,0.00018928285844515408,0.00010005693369019575,233356138.2178,25846983.9739,3496885.4052,0.005095582147953692,0.005095582147953692,0.005195639081643888,1.0051956390816439,-0.00001279489225325392,0.9997900216573254,311.466681530166,4.589907290607191,0,0.00002547481816523542
2022-05-20T14:00:00.000Z,0.021307073352438276,1.0088318150690454,0,0.00021844250453212003,0.00013833160597265248,234201673.98259997,29829014.2721,3982030.2982,0.008693483463072749,0.008693483463072749,0.008831815069045401,1.0088318150690454,-0.00004382872191832643,0.9990596463629259,313.92989762980864,4.610832105732517,0,0.00002890436858040108
2022-05-20T15:00:00.000Z,0.021307073352438276,0.993282937167452,0,0.00025769358539319445,0.00017567314607191964,230605275.3105,35189436.0853,5360421.8132,-0.006892735978619946,-0.006892735978619946,-0.006717062832548026,0.993282937167452,-0.00002336713006323432,0.9996857790079923,304.11263804995764,4.469729563419845,0,0.000039516516134204304
2022-05-20T16:00:00.000Z,0.021307073352438276,0.9837439532160958,0,0.00028696172496696365,0.00020164706736780502,228395921.0909,39186604.7618,3997168.6765,-0.01645769385127205,-0.01645769385127205,-0.016256046783904243,0.9837439532160958,-0.00012534276230558028,0.9990057646535064,298.48585987898184,4.403644171746305,0,0.000029751786798966352
2022-05-20T17:00:00.000Z,0.021307073352438276,0.9790693591066602,0,0.00030917391427258417,0.0002158451753435653,227342288.4024,42220560.4464,3033955.6846,-0.021146486068683412,-0.021146486068683412,-0.020930640893339847,0.9790693591066602,-0.0002093630396025059,0.9988579770667082,295.69047281479516,4.360022600387523,0,0.000022687044720385382
2022-05-20T18:00:00.000Z,0.021307073352438276,0.9824105332642848,0,0.000326234649839639,0.00023372391280795934,228061384.9993,44550301.0807,2329740.6343,-0.017823190648523113,-0.017823190648523113,-0.017589466735715154,0.9824105332642848,-0.0001672428145316207,1.0000723065282275,297.3401906757817,4.389769629027288,0,0.000017366197606500356
2022-05-20T19:00:00.000Z,0.021307073352438276,0.9838102374864698,0,0.00033413124724912747,0.00024232225545062214,228385287.3624,45628621.467300005,1078320.3866,-0.016432084768980837,-0.016432084768980837,-0.016189762513530215,0.9838102374864698,-0.00013352242630237932,0.999539950848362,298.34187507278153,4.3912641667123005,0,0.000008026544434586017
2022-05-20T20:00:00.000Z,0.021307073352438276,0.9891556795823047,0,0.00034497908099654013,0.00025502377164210444,229407380.9159,47108536.71880001,1479915.2515,-0.011099344189337446,-0.011099344189337446,-0.010844320417695341,0.9891556795823047,-0.00005648815254988282,0.9992341908912783,301.6780481365987,4.458973350756447,0,0.000010966761041015957
2022-05-20T21:00:00.000Z,0.021307073352438276,0.9895701370791721,0,0.00035176900180034697,0.0002615401627309444,229506275.4346,48034862.40670001,926325.6879,-0.01069140308355887,-0.01069140308355887,-0.010429862920827926,0.9895701370791721,-0.00005459124258178072,0.999466473200616,301.8568260758877,4.430291577853289,0,0.0000068614841422004645
2022-05-20T22:00:00.000Z,0.021307073352438276,0.9910379348725182,0,0.00035760791334567775,0.00026695189663605845,229848126.95790002,48831450.25990001,796587.8532,-0.009229017024117825,-0.009229017024117825,-0.008962065127481766,0.9910379348725182,-0.00004076153487631018,0.9995234289834419,302.732637542344,4.441470533295829,0,0.000005891713664858539
2022-05-20T23:00:00.000Z,0.021307073352438276,0.990943882942898,0,0.0003646835066047501,0.00027475988555969444,229826991.9347,49796758.21780001,965307.9579,-0.009330876942661659,-0.009330876942661659,-0.009056117057101964,0.990943882942898,-0.00003386847984199193,0.9986226475439763,302.94340953074015,4.445555390798027,0,0.000007140255870799799
2022-05-21T00:00:00.000Z,0.021307073352438276,0.9911487538665749,0,0.00037249128121755426,0.00028430254338185357,229875009.2908,50861958.47640001,1065200.2586,-0.009135548676806993,-0.009135548676806993,-0.008851246133425139,0.9911487538665749,-0.000051178637370807856,1.000706126073154,302.431903351704,4.414077265599549,0,0.00000787750023461325
2022-05-21T01:00:00.000Z,0.021307073352438276,0.9910760500264232,0,0.00038565915908472787,0.0002984670147815338,229828555.982,52658196.50790001,1796238.0315,-0.00922241698835835,-0.00922241698835835,-0.008923949973576817,0.9910760500264232,-0.000043016728446865216,0.9997764243055859,302.660062782508,4.420377018137485,0,0.000013286445805233864
2022-05-21T02:00:00.000Z,0.021307073352438276,0.987951357157372,0,0.0004068242421003455,0.00031576240876296513,229103319.1636,55545329.97100001,2887133.4631,-0.01236440525139093,-0.01236440525139093,-0.012048642842627966,0.987951357157372,-0.00007906345053343422,0.9998998083527104,300.70638369124845,4.396631934538783,0,0.000021423202881513748
2022-05-21T03:00:00.000Z,0.021307073352438276,0.9890611624255221,0,0.0004204419421158918,0.0003298260280979459,229362244.3152,57402936.10470001,1857606.1337,-0.011268663602575835,-0.011268663602575835,-0.010938837574477889,0.9890611624255221,-0.00006423406596400838,0.9997680901715165,301.41370255488977,4.417080347299199,0,0.000013768309761349511
2022-05-21T04:00:00.000Z,0.021307073352438276,0.9899717525983821,0,0.00043399398651560985,0.0003454525715377299,229576712.9607,59251612.599800006,1848676.4951,-0.010373699973155626,-0.010373699973155626,-0.010028247401617896,0.9899717525983821,-0.00004860316833332767,0.9991979846384259,302.13189396147953,4.42948680561521,0,0.000013689324152872552
2022-05-21T05:00:00.000Z,0.021307073352438276,0.9900944561644542,0,0.00044485733607383776,0.0003563289991045382,229606395.4517,60733523.746300004,1481911.1465,-0.010261872834650299,-0.010261872834650299,-0.00990554383554576,0.9900944561644542,-0.00004772061086211199,0.9992210288973158,302.1932098325074,4.4298503802715725,0,0.000010972033004977638
2022-05-21T06:00:00.000Z,0.021307073352438276,0.9910062736247394,0,0.00045537783138404426,0.0003649492970717594,229818592.9132,62168669.5983,1435145.852,-0.009358675672332395,-0.009358675672332395,-0.008993726375260636,0.9910062736247394,-0.00004093449118913739,0.9994117498116838,302.6872276325264,4.424996083366751,0,0.000010615972874403013
2022-05-21T07:00:00.000Z,0.021307073352438276,0.9923503042306109,0,0.00047523624321137224,0.000388988302230886,229979902.62129998,64875870.4912,2707200.8929,-0.008038684071620006,-0.008038684071620006,-0.00764969576938912,0.9923503042306109,-0.000028176763575471497,0.9992021543454922,303.55806514519963,4.454035668328167,0,0.000020011494332651983
2022-05-21T08:00:00.000Z,0.021307073352438276,0.9962829167787498,0,0.0004900966228818087,0.00040624690205448566,230892729.03069997,66901726.4623,2025855.9711,-0.00412333012330468,-0.00412333012330468,-0.0037170832212501947,0.9962829167787498,-0.000004083806409149737,0.998493207919306,306.1763683222718,4.488995349513356,0,0.00001491582331469643
2022-05-21T09:00:00.000Z,0.021307073352438276,0.9962462298869778,0,0.0005004697009436118,0.0004135960098806679,230884266.60679996,68315846.9326,1414120.4703,-0.004167366122902916,-0.004167366122902916,-0.003753770113022248,0.9962462298869778,-0.000005231382105841398,0.9988252610656877,306.04751431032724,4.4771253553102435,0,0.000010412163785954559
2022-05-21T10:00:00.000Z,0.021307073352438276,0.9955436984188688,0,0.0005098627793429354,0.00042328400976432423,230724371.10450003,69596383.9914,1280537.0588,-0.004879585590895519,-0.004879585590895519,-0.004456301581131195,0.9955436984188688,-0.0000045944351999560595,0.9979080000370943,305.89081223104307,4.474460679415975,0,0.000009435123777947278
2022-05-21T11:00:00.000Z,0.021307073352438276,0.9970095834506716,0,0.0005197524680930063,0.00043288968915433657,231071479.0016,70944665.82100001,1348281.8296,-0.0034233062384827484,-0.0034233062384827484,-0.002990416549328412,0.9970095834506716,-0.000003896733841934896,0.9991289009157959,306.41187815007083,4.475247759998919,0,0.000009919351017371248
2022-05-21T12:00:00.000Z,0.021307073352438276,0.9961390821272282,0,0.000533245771022199,0.0004448430771755163,230871639.96,72784251.24130002,1839585.4203,-0.004305760949947279,-0.004305760949947279,-0.003860917872771763,0.9961390821272282,-0.000004004349743014224,0.9982824062390856,306.1288339043526,4.4687666596955244,0,0.000013545601421862919
2022-05-21T13:00:00.000Z,0.021307073352438276,0.9975263840687829,0,0.0005496376008512567,0.00046727208486996297,231194242.45869997,75019012.52160002,2234761.2803,-0.002940888016087051,-0.002940888016087051,-0.002473615931217088,0.9975263840687829,-0.000002612473971930207,0.99910701264042,306.71532215468875,4.474882670402863,0,0.000016432477453190307
2022-05-21T14:00:00.000Z,0.021307073352438276,0.9986741047285025,0,0.0005615936857970718,0.0004743436959040448,231449004.8142,76648952.33380002,1629939.8122,-0.0018002389674015573,-0.0018002389674015573,-0.0013258952714975125,0.9986741047285025,-4.3887715683865736e-10,0.997995794304651,307.75979047634013,4.488441649335895,0,0.000011971957636907489
2022-05-21T15:00:00.000Z,0.021307073352438276,1.0020262250264496,0,0.0005829679488746196,0.0005019286134262391,232227237.15670002,79562863.37260002,2913911.0388,0.0015242964130233183,0.0015242964130233183,0.0020262250264495574,1.0020262250264496,-0.0000010926598307259283,0.9998108880127744,309.25076503347896,4.556609139209234,0,0.000021331041210370277
2022-05-21T16:00:00.000Z,0.021307073352438276,1.004511758709057,0,0.0005976772379572067,0.0005161680083693998,232819257.79309997,81568289.35280001,2005425.9802,0.003995590700687668,0.003995590700687668,0.004511758709057068,1.004511758709057,-0.000008610931185981663,0.9996037875967536,310.84320886717956,4.58987276201643,0,0.00001464322238055446
2022-05-21T17:00:00.000Z,0.021307073352438276,1.0066063713485411,0,0.0006163367540346764,0.0005418515930635248,233307607.803,84112310.3129,2544020.9601,0.006064519755477615,0.006064519755477615,0.00660637134854114,1.0066063713485411,-0.000021494611703087863,0.999255823738226,312.2343244926092,4.588193288239763,0,0.000018537053604449105
2022-05-21T18:00:00.000Z,0.021307073352438276,1.0039342034684702,0,0.0006265143013457387,0.0005459697741703184,232690452.193,85499920.49810001,1387610.1852,0.003388233694299858,0.003388233694299858,0.0039342034684701765,1.0039342034684702,-0.000009257270667029083,0.9988463208916853,310.7026799123743,4.563180982573551,0,0.000010137662687093973
2022-05-21T19:00:00.000Z,0.021307073352438276,1.0072775654150796,0,0.0006328970120171705,0.0005516436220096566,233466601.03410003,86370146.14890002,870225.6508,0.006725921793069967,0.006725921793069967,0.007277565415079623,1.0072775654150796,-0.00002699829728225467,0.999121487257619,312.68703113491193,4.587877405824953,0,0.0000063365963260154796
2022-05-21T20:00:00.000Z,0.021307073352438276,1.00638363086427,0,0.0006493380270943549,0.000568047568804797,233261085.7253,88611747.91590002,2241601.767,0.005815583295465165,0.005815583295465165,0.006383630864269962,1.00638363086427,-0.000020136842133533506,0.9992188526217534,312.0913746187017,4.572018897040557,0,0.00001633672840050011
2022-05-21T21:00:00.000Z,0.021307073352438276,1.0070239997363657,0,0.0006533056960594839,0.000570380137491,233400129.2172,89152686.14820002,540938.2323,0.006453619598874694,0.006453619598874694,0.007023999736365694,1.0070239997363657,-0.000021902050807320883,0.9995804627016754,312.37440274679636,4.571065914386393,0,0.0000039399935124039
2022-05-21T22:00:00.000Z,0.021307073352438276,1.006930508779373,0,0.0006567251894256453,0.0005751516739298523,233378307.3331,89618887.86520001,466201.717,0.006355357105443105,0.006355357105443105,0.006930508779372957,1.006930508779373,-0.00002302446074531339,0.9993154983170568,312.3962186053545,4.566866138395338,0,0.0000033959579532334444
2022-05-21T23:00:00.000Z,0.021307073352438276,1.0060044281553764,0,0.0006610271876787473,0.0005783763756199711,233165138.22550002,90205410.80430001,586522.9391,0.005426051779756413,0.005426051779756413,0.0060044281553763845,1.0060044281553764,-0.000022455756803707594,0.9984768945174766,312.0814207504434,4.562810327348925,0,0.000004276321083238822
2022-05-22T00:00:00.000Z,0.021307073352438276,1.0072100817397165,0,0.0006654308973772046,0.0005836095869289348,233444967.06370002,90805801.88800001,600391.0837,0.006626472152787555,0.006626472152787555,0.00721008173971649,1.0072100817397165,-0.000023403428791146652,0.9995291216607345,312.4977596274851,4.568679339925344,0,0.000004372186109334675
2022-05-22T01:00:00.000Z,0.021307073352438276,1.0071480792216148,0,0.0006744171491714734,0.000592861683004875,233430638.7926,92030965.89370002,1225164.0057,0.006555217538609881,0.006555217538609881,0.007148079221614756,1.0071480792216148,-0.00002642841352051839,0.9990299638067395,312.609635604216,4.579553626968821,0,0.000008922474018247968
2022-05-22T02:00:00.000Z,0.021307073352438276,1.0095140777233953,0,0.0006859414718442894,0.0006051621265499296,233980433.88579997,93602173.71380001,1571207.8201,0.008908915596845368,0.008908915596845368,0.009514077723395298,1.0095140777233953,-0.00004924095962399733,0.998712303459731,314.1732359259896,4.59910277211928,0,0.000011415712202130861
2022-05-22T03:00:00.000Z,0.021307073352438276,1.009018864503016,0,0.0007083142994373286,0.000632047698826188,233576040.33330002,96648672.08610001,3046498.3723,0.008386816804189845,0.008386816804189845,0.009018864503016033,1.009018864503016,-0.00004996278951607813,0.9981231376358136,314.0334142763004,4.585924805412915,0,0.00002217285311250155
2022-05-22T04:00:00.000Z,0.021307073352438276,1.013339666827904,0,0.0007506535337589826,0.0006716716647690024,234362800.6914,102408741.4344,5760069.3483,0.012667995163134993,0.012667995163134993,0.013339666827903995,1.013339666827904,-0.00009408179857073318,0.9986375625307843,316.54243382915024,4.621354080879039,0,0.00004178187776909138
2022-05-22T05:00:00.000Z,0.021307073352438276,1.0104988536369663,0,0.0007652763203851734,0.0006850723456863772,233713963.51640004,104398177.96000001,1989436.5256,0.009813781291279966,0.009813781291279966,0.010498853636966343,1.0104988536369663,-0.00005752416801918514,0.998806353647188,314.707400749689,4.640655741752196,0,0.000014470860202936387
2022-05-22T06:00:00.000Z,0.021307073352438276,1.0102976274053754,0,0.0007753589958214267,0.0006967914744679948,233633456.4105,105769730.74440001,1371552.7844,0.009600835930907436,0.009600835930907436,0.010297627405375431,1.0102976274053754,-0.00005212237451213131,0.9991112000969827,314.4787040646256,4.642957871821173,0,0.000009979905144164152
2022-05-22T07:00:00.000Z,0.021307073352438276,1.008866318573874,0,0.0007839375921654874,0.0007031556973069453,233300634.0433,106936673.54140002,1166942.797,0.008163162876567043,0.008163162876567043,0.008866318573873988,1.008866318573874,-0.00004264353013294642,0.9986616750031426,313.7248581498591,4.6604993599143105,0,0.000008503203444066985
2022-05-22T08:00:00.000Z,0.021307073352438276,1.0097831178004963,0,0.000793813906465615,0.0007128446205291183,233514857.66200003,108280157.19060002,1343483.6492,0.009070273179967225,0.009070273179967225,0.009783117800496344,1.0097831178004963,-0.000046674975529903406,0.9991338125400604,314.14115306826307,4.6825941027290305,0,0.000009780629063636938
