query_ts,assumedLPToken,equityValue,totalDexYield,totalTradingfee,newTotalTradingFee,liquidity,totalVolume,volume,priceImpact,priceEffect,totalReturn,totalEquityVal,impermanentLoss,tokenPrice,quoteTokenPrice,rewardPrice,rewardTokenPerLP,feePerDollar
2022-03-06T10:00:00.000Z,0.01986236597730223,1,0.000005542059386987924,0.000019303945489033364,-3.2085445411667024e-13,190533761.2166,2163560.7695,2163560.7695,3.2085445411667024e-13,3.2085445411667024e-13,0.000005542059386987924,1.000005542059387,0,1.0002932441360666,378.4417924602175,6.1409601793328745,0.0000454364,0.00001930394532005677
2022-03-06T11:00:00.000Z,0.01986236597730223,0.9943239500811208,0.000010791344680767727,0.00004895962778650166,0.000028520953415323014,189498973.241,5488149.7118999995,3324588.9424,-0.005704570872294479,-0.005704570872294479,-0.005665258574198388,0.9943347414258016,-0.0000114650257180271,0.9993610574802752,374.4853996629736,6.037485823488613,0.0000445524,0.00002982497005349038
2022-03-06T12:00:00.000Z,0.01986236597730223,0.9952899618575728,0.000016248130113932813,0.00007013427843532166,0.00004857545922309914,189686274.3772,7862001.604699999,2373851.8928,-0.004758613601650308,-0.004758613601650308,-0.004693790012313276,0.9953062099876867,-0.000011556013969515888,1.0003308042048922,374.83457084156413,6.046067714916393,0.00004531170000000001,0.000021274856238333426
2022-03-06T13:00:00.000Z,0.01986236597730223,0.996067912724864,0.00002163241866230437,0.00008766188883779975,0.00006719880071692774,189832240.78860003,9826966.5725,1964964.9678,-0.003999286075852981,-0.003999286075852981,-0.003910454856473749,0.9960895451435262,-0.0000041495783240641515,0.9991670742865103,375.8439914731894,6.042811751561597,0.00004493279999999999,0.000017596802478773684
2022-03-06T14:00:00.000Z,0.01986236597730223,1.001544215640055,0.000027316088728757547,0.00010804165355891791,0.00008774510398801283,190756139.6333,12110243.7741,2283277.2016,0.0014564705360669006,0.0014564705360669006,0.001571531728783671,1.0015715317287837,-0.0000016296656643044471,0.9999432506164299,379.67781971183933,6.1297707560923484,0.00004412560000000002,0.000020348342392447953
2022-03-06T15:00:00.000Z,0.01986236597730223,0.9995086822985454,0.00003239459176779255,0.0001286608372532899,0.00010732615956821068,190383297.2492,14420524.7434,2310280.9693,-0.0005986438610228184,-0.0005986438610228184,-0.00045892310968681516,0.9995410768903131,-1.129231702590161e-7,0.9992194498609251,378.39502366682524,6.042226113591253,0.00004556700000000001,0.000020629318351752117
2022-03-06T16:00:00.000Z,0.01986236597730223,1.0019242326490925,0.00003809526817181139,0.00014852544767794755,0.00012850728866653505,190861775.2712,16646473.8385,2225949.0951,0.0017957253604259371,0.0017957253604259371,0.0019623279172642834,1.0019623279172643,-0.0000045085682353063206,0.999084874742762,380.2615295315155,6.078740096399804,0.00004559380000000004,0.000019826460569661283
2022-03-06T17:00:00.000Z,0.01986236597730223,1.006022453510299,0.00004380832631151926,0.00016887055455667193,0.00015065206331876801,191643906.5198,18926282.5772,2279808.7387,0.005871801446980296,0.005871801446980296,0.006066261836610584,1.0060662618366105,-0.000026971548253151845,0.998803867736489,383.4700743719046,6.108478825909272,0.00004555129999999996,0.00002022331378112238
2022-03-06T18:00:00.000Z,0.01986236597730223,1.0045595327406178,0.000048819864810675384,0.0001879651824880901,0.00017157438160975147,191367083.58540002,21065987.164,2139704.5868,0.004387958359008071,0.004387958359008071,0.004608352605428498,1.0046083526054286,-0.000007759341590363178,1.0007324398657362,381.60270355404,6.045261541448381,0.00004551320000000001,0.000019007959620896454
2022-03-06T19:00:00.000Z,0.01986236597730223,1.002417494429273,0.000054086865828578684,0.00020324989877215245,0.00018248950211186,190947716.7628,22778659.520800002,1712672.3568,0.0022350049271611105,0.0022350049271611105,0.002471581295101549,1.0024715812951015,-0.000006561262868021167,0.9989038008396931,380.66407750783463,6.027723882769445,0.000045175499999999954,0.00001524785452227633
2022-03-06T20:00:00.000Z,0.01986236597730223,0.9978904257128645,0.000059068501307702006,0.00021500145965767692,0.00019309774555709147,190095750.5161,24095509.062200002,1316849.5414,-0.002302672032692632,-0.002302672032692632,-0.0020505057858278383,0.9979494942141721,-4.734693381802657e-8,0.9982970492518142,377.4541956562172,5.97993028309139,0.00004555220000000003,0.000011776403282567855
2022-03-06T21:00:00.000Z,0.01986236597730223,0.999939635584403,0.00006670514004567804,0.00022252236836982158,0.00020222219099097494,190487049.8493,24938286.791,842777.7288,-0.00026258660658795563,-0.00026258660658795563,0.000006340724448697344,1.0000063407244486,-2.6452048751401946e-7,0.9993034706390925,378.61770697410685,6.193759096479302,0.00004490620000000007,0.000007521362423815526
2022-03-06T22:00:00.000Z,0.01986236597730223,1.0026085752999514,0.00007225739741147535,0.00023125043025036616,0.00021127995535441535,190941032.45180002,25916056.8227,977770.0317,0.0023972953445969836,0.0023972953445969836,0.0026808326973628742,1.0026808326973629,-0.000004593262166063816,0.9996567527209278,380.50055520717086,6.188791741150292,0.00004560340000000004,0.000008705352812573682
2022-03-06T23:00:00.000Z,0.01986236597730223,1.0042740593383306,0.0000780622264081482,0.00024198836494415395,0.00022408192447631592,191260984.4673,27119002.4499,1202945.6272,0.004049977413854267,0.004049977413854267,0.004352121564738731,1.0043521215647386,-0.000005934225315917807,1.0008903252908736,381.2857693985424,6.204619666789476,0.00004560289999999979,0.000010692235909669472
2022-03-07T00:00:00.000Z,0.01986236597730223,0.9957870900280384,0.00008207232498065337,0.0002566853577914211,0.00024378004604097558,189644666.6002,28765472.0845,1646469.6346,-0.004456690018002529,-0.004456690018002529,-0.0041308376469809,0.9958691623530191,-0.000012536208578439734,1.0008341608346778,374.87339775019,6.094802482725741,0.00004453880000000008,0.000014759172662212099
2022-03-07T01:00:00.000Z,0.01986236597730223,0.9922256308294874,0.00008703811240235216,0.0002731273746915169,0.00024984818001549947,188968852.1013,30607456.4561,1841984.3716,-0.008024217350528051,-0.008024217350528051,-0.007687331058110199,0.9923126689418899,-0.000031697472463343423,1.000198835681115,372.4279112360555,6.057153538399394,0.00004548909999999998,0.000016570844331749305
2022-03-07T02:00:00.000Z,0.01986236597730223,0.9927078774857258,0.00009238800451290085,0.00028906144137529223,0.00027114710281039844,189063352.0684,32392560.778399996,1785104.3223,-0.007563269617084645,-0.007563269617084645,-0.007199734509761345,0.9928002654902387,-0.0000255827886826987,0.9998542836055704,372.9025673841197,6.048215592938918,0.00004560260000000005,0.000016051113633128138
2022-03-07T03:00:00.000Z,0.01986236597730223,0.9841683031182387,0.00009559268525035891,0.00031634871529126105,0.0002968842735617816,192560394.4736,35533133.3776,3140572.5992,-0.01612858115532312,-0.01612858115532312,-0.01573610419651098,0.984263895803489,-0.00012565271444286985,0.9998865910783616,366.4817658676534,5.916584072706071,0.000044379699999999984,0.000027726228091893384
2022-03-07T04:00:00.000Z,0.01986236597730223,0.9875612703448872,0.00010146307789301226,0.00033605373955023746,0.00031254636750366327,193220578.2617,37800999.2968,2267865.9192,-0.012751276022616498,-0.012751276022616498,-0.012337266577219822,0.9876627334227802,-0.00008195019605750087,1.0002627603663268,368.8633347587238,5.955013610530552,0.00004438169999999995,0.000019953216667317094
2022-03-07T05:00:00.000Z,0.01986236597730223,0.9870187053219612,0.00010648891774674178,0.000359329502776654,0.00033678381467039387,193125441.5,40479977.0379,2678977.7411,-0.013318078492709162,-0.013318078492709162,-0.012874805760292027,0.987125194239708,-0.00007060234854994185,0.9987697069637297,368.9906883715543,5.942546440319001,0.00004437959999999999,0.00002358188607620607
2022-03-07T06:00:00.000Z,0.01986236597730223,0.99182814435911,0.00011377281786445198,0.0003769661853756598,0.0003543755486351552,194114194.3725,42510410.8611,2030433.8232,-0.008526231189525113,-0.008526231189525113,-0.008058082823025507,0.9919419171769744,-0.00003930199216950481,1.0005966256170766,371.90314401990406,6.051417164250485,0.00004436910000000001,0.000017781994308031934
2022-03-07T07:00:00.000Z,0.01986236597730223,0.9932969447386985,0.00011936907154015813,0.00039062645209955873,0.0003697902524723018,194402986.1591,44083068.09150001,1572657.2304,-0.007072845513773851,-0.007072845513773851,-0.0065836861897613915,0.9934163138102386,-0.000024381878385937306,1.0001784164461693,373.1502388156324,6.06615251358284,0.00004414719999999994,0.000013752449715417361
2022-03-07T08:00:00.000Z,0.01986236597730223,0.9886212250643214,0.00012276250582114157,0.0004110405807000542,0.00038722326846585275,193394170.2015,46432134.84040001,2349066.7489,-0.011765998204144479,-0.011765998204144479,-0.011256012429857484,0.9887439875701425,-0.0000523775417023975,0.9986935064590072,370.1807109787756,5.9757491053322775,0.000043578000000000036,0.00002064908920971717
2022-03-07T09:00:00.000Z,0.01986236597730223,0.9953953455213718,0.00012929123855313023,0.0004323784324651633,0.00041311929321141694,194720670.3987,48887512.05020001,2455377.2098,-0.005017773771839651,-0.005017773771839651,-0.0044753632400751035,0.9955246367599249,-0.00001141929712789036,1.000041793874236,374.7476530580436,6.036206328556859,0.0000440953000000002,0.000021436559601573077
2022-03-07T10:00:00.000Z,0.01986236597730223,0.9960036038122141,0.000134271890755933,0.0004549405647168546,0.00043678517132450523,194837983.4844,51483746.59400001,2596234.5438,-0.004433181359110416,-0.004433181359110416,-0.003862124297029978,0.9961378757029701,-0.000008854729863894129,1.0000584422268461,375.1818954135736,6.020885733044346,0.00004439209999999976,0.000022652660664666454
2022-03-07T11:00:00.000Z,0.01986236597730223,0.9931266993608248,0.00013855517327160467,0.00047441602769481174,0.0004525614314920823,194261523.84329998,53724639.06680001,2240892.4728,-0.007325862070667322,-0.007325862070667322,-0.0067347454659036346,0.9932652545340964,-0.000024334844274553902,0.9999168137972487,373.05766707969906,5.977199147926488,0.000044284700000000006,0.000019610250802073015
2022-03-07T12:00:00.000Z,0.01986236597730223,0.9955236251203724,0.00014461289944255415,0.0004888176969535454,0.00046821183533463095,194728110.5119,55381709.50520001,1657070.4384,-0.004944586714962229,-0.004944586714962229,-0.004331761980185044,0.995668238019815,-0.00000540365682089039,0.9986247513335424,375.33462797807584,6.010085760521755,0.000044359500000000015,0.00001446642571467795
2022-03-07T13:00:00.000Z,0.01986236597730223,0.9994162830725506,0.00015125750763150727,0.00050963542287199,0.0004906967798812278,195497419.2352,57777114.67400001,2395405.1688,-0.0010744137073306348,-0.0010744137073306348,-0.0004324594198178997,0.999567540580182,-5.368716819997843e-7,1.000254458332213,377.643666140584,6.067223364144025,0.00004372919999999985,0.000020829885135520953
2022-03-07T14:00:00.000Z,0.01986236597730223,1.0061154637185614,0.0001587093340066691,0.0005326467028055259,0.0005191939234421294,196816546.9633,60425039.41870001,2647924.7447,0.005596269795119291,0.005596269795119291,0.00627417305256809,1.0062741730525682,-0.0000176434467257236,0.9999335513206845,382.8270290978905,6.149007619692849,0.000044319600000000225,0.00002287141063819894
2022-03-07T15:00:00.000Z,0.01986236597730223,1.0043741802736128,0.00016336270636217094,0.0005585015426119436,0.0005430926009202253,196513787.45340002,63400748.12450001,2975708.7058,0.003831087672692579,0.003831087672692579,0.004537542979974976,1.004537542979975,-0.000007460833770456254,1.0002541317393603,381.36194591707334,6.12041865580115,0.00004434850000000004,0.000025742238574784926
2022-03-07T16:00:00.000Z,0.01986236597730223,1.0047507706213132,0.00016913476699999995,0.0005807223381180783,0.0005698644378506756,196588687.40129998,65958220.050000004,2557471.9255,0.004180906183462563,0.004180906183462563,0.004919905388313238,1.0049199053883133,-0.000011663963988883808,0.9996355352123762,381.8639485723482,6.134065360592212,0.00004438560000000005,0.000022115729703586442
2022-03-07T17:00:00.000Z,0.01986236597730223,1.0004632399788633,0.00017259466772451924,0.000601886557052287,0.000583359802686978,195752906.6847,68394125.3647,2435905.3147,-0.00012011982382365005,-0.00012011982382365005,0.0006358346465878471,1.0006358346465878,-1.2854054565192286e-7,1.0006803371079762,378.2045238028887,6.065765759680473,0.000044348500000000214,0.000021154419135446034
2022-03-07T18:00:00.000Z,0.01986236597730223,0.9991476401076477,0.0001776001784810438,0.0006142809316328813,0.0005971054905133943,195497266.23409998,69820674.4771,1426549.1124,-0.0014494653828657222,-0.0014494653828657222,-0.0006747597138712841,0.9993252402861287,-9.552762219033895e-7,1.0002249374677779,377.37128041016035,6.05698842609654,0.00004368240000000002,0.00001240494835450027
2022-03-07T19:00:00.000Z,0.01986236597730223,0.9929110606350308,0.00018088789082471872,0.0006406759642343105,0.0006188122280944564,193961422.9884,72853715.58,3033041.1029,-0.007707751593063694,-0.007707751593063694,-0.006908051474144519,0.9930919485258555,-0.0000267853259178219,0.9998748783139688,372.7863201495097,5.988901806502841,0.00004442159999999991,0.000026583481372161142
2022-03-07T20:00:00.000Z,0.01986236597730223,0.9841591670495948,0.00018293305584813252,0.0006669633467846159,0.0006477262078778967,192258379.18870002,75874490.4008,3020774.8208,-0.016488559158283067,-0.016488559158283067,-0.01565789989455704,0.984342100105443,-0.00013638375037994255,1.000183822611063,366.104808644395,5.886386187027887,0.000043975699999999986,0.000026710498741486464
2022-03-07T21:00:00.000Z,0.01986236597730223,1.000438288002765,0.0001939015975481787,0.0007020722257712597,0.0006912537233478844,195526197.14470002,79910783.4902,4036293.0894,-0.00025296572058297606,-0.00025296572058297606,0.000632189600313087,1.0006321896003132,-1.9222270564167587e-7,1.000660458103207,378.1115439399418,6.067016830769488,0.00004443810000000012,0.00003509349822265489
2022-03-07T22:00:00.000Z,0.01986236597730223,1.0044476690990929,0.00019970440468478933,0.000725818802548329,0.0007139108741351929,196313483.6068,82640860.5674,2730077.0772,0.003733758224957695,0.003733758224957695,0.004647373503777677,1.0046473735037778,-0.000008220940213798933,0.999965134051821,381.3981925158845,6.081605029525288,0.00004417870000000005,0.000023641427710262684
2022-03-07T23:00:00.000Z,0.01986236597730223,1.004774670464051,0.000204656098902752,0.0007354743137733446,0.0007251132148111683,196378026.72300002,83750931.0704,1110070.503,0.004049557249239832,0.004049557249239832,0.004979326562953753,1.0049793265629539,-0.00000785558803551023,1.0003709042101652,381.4834245565888,6.069262691076172,0.000044437900000000126,0.000009609628361129561
2022-03-08T00:00:00.000Z,0.01986236597730223,1.003877169479799,0.00020907431089886078,0.0007501809557580036,0.0007349483585634697,196202315.1618,85441715.0457,1690783.9753,0.0031422211212355222,0.0031422211212355222,0.0040862437906978525,1.0040862437906979,-0.000004160992440827016,1.0005458546660562,380.7276769866015,6.042776092546217,0.00004425239999999991,0.000014649841188875144
2022-03-08T01:00:00.000Z,0.01986236597730223,1.0065997137645368,0.00021547227593962038,0.0007652661208098017,0.0007532576084237075,196653254.04070002,87175301.3359,1733586.2902,0.005846456156113122,0.005846456156113122,0.00681518604047645,1.0068151860404764,-0.000017244049370312986,1.0002499652694932,382.8963811555373,6.072710930665743,0.00004445630000000013,0.000014986259483558093
2022-03-08T02:00:00.000Z,0.01986236597730223,1.0046910087603818,0.00022012564806704778,0.0007825599332885976,0.0007713453525866054,196281522.96809998,89162717.15149999,1987415.8156,0.003919663407795149,0.003919663407795149,0.004911134408448802,1.0049111344084487,-0.000009503936753474385,0.999845395374568,381.58517799193754,6.053952671231964,0.0000442339999999999,0.000017213066392750055
2022-03-08T03:00:00.000Z,0.01986236597730223,1.0076102389900687,0.0002263804004240607,0.0007981199022403734,0.0007856672519994667,196803128.8054,90950436.03999999,1787718.8885,0.006824571738069274,0.006824571738069274,0.0078366193904928,1.0078366193904928,-0.000026784209686159244,0.9997754894549604,383.82349277746397,6.078480955779739,0.00004441939999999995,0.00001544244814042108
2022-03-08T04:00:00.000Z,0.01986236597730223,1.0051772780065373,0.00022950340364391038,0.0008115086365177063,0.0007971498391714515,196259598.3365,92488161.69009998,1537725.6501,0.004380128167365882,0.004380128167365882,0.005406781410181244,1.0054067814101812,-0.000012454950617191152,0.9996728101201356,382.0012372546337,6.02049424546265,0.00004417579999999994,0.000013319774560467081
2022-03-08T05:00:00.000Z,0.01986236597730223,1.0059984436379987,0.00023432878915665898,0.0008251177636079235,0.0008129962389924472,196525977.89180002,94052043.85479999,1563882.1647,0.005185447399006282,0.005185447399006282,0.0062327724271553885,1.0062327724271554,-0.000012597383489021396,1.0004458845311364,382.3184082219392,6.008774168452828,0.00004417450000000013,0.000013527980923996355
2022-03-08T06:00:00.000Z,0.01986236597730223,1.0030468213951103,0.00023888208774580156,0.0008397230280766343,0.0008235869285631026,195820350.54659998,95729291.32469998,1677247.4699,0.0022232344665471526,0.0022232344665471526,0.003285703482856057,1.003285703482856,-0.000004011869457976047,0.9996813934132174,380.3590474179046,5.990526184403952,0.00004424830000000016,0.000014560900799487958
2022-03-08T07:00:00.000Z,0.01986236597730223,1.0007875691624009,0.00024192056274621176,0.0008602846287858015,0.0008447754210256786,195377906.96620002,98090538.97209999,2361247.6474,-0.000057206258624820094,-0.000057206258624820094,0.0010294897251470702,1.001029489725147,-9.607692175173099e-8,0.9997976601492615,378.58606140731547,5.935465663491629,0.00004439729999999984,0.000020545419197649785
2022-03-08T08:00:00.000Z,0.01986236597730223,1.0052899404587934,0.00024898176788312607,0.0008746771454662929,0.0008610128978747689,196259168.0673,99743362.2171,1652823.245,0.004428927560918616,0.004428927560918616,0.005538922226676511,1.0055389222266764,-0.000008142522687437648,1.000677091927099,381.65494385629535,5.979132507275745,0.000044471399999999684,0.000014316780939051371
