query_ts,assumedLPToken,equityValue,totalDexYield,totalTradingfee,newTotalTradingFee,liquidity,totalVolume,volume,priceImpact,priceEffect,totalReturn,totalEquityVal,impermanentLoss,tokenPrice,quoteTokenPrice,rewardPrice,rewardTokenPerLP,feePerDollar
2022-05-15T10:00:00.000Z,0.02190403835595798,0.9999999999999999,0,0.000011961039656865373,1.0593748100973244e-12,204337328.40739998,1437698.0538,1437698.0538,-1.0594858323997869e-12,-1.0594858323997869e-12,-1.1102230246251565e-16,0.9999999999999999,-2.220446049250313e-16,0.9993426082501081,293.1184262677172,4.263282290376167,0,0.000011961038692778996
2022-05-15T11:00:00.000Z,0.02190403835595798,1.006736237101266,0,0.000029182384504202274,0.000019235934510364316,205715532.3095,3507694.0999,2069996.0461,0.006717001166755665,0.006717001166755665,0.006736237101266029,1.006736237101266,-0.000025264629932464366,0.9989290401380836,297.19239498907444,4.335050599361076,0,0.000017106113665134713
2022-05-15T12:00:00.000Z,0.02190403835595798,1.0157783675337735,0,0.000050309061681330313,0.00004144710383724437,207555243.8447,6047011.5953,2539317.4954,0.01573692042993624,0.01573692042993624,0.015778367533773485,1.0157783675337735,-0.00011793903119705629,0.9995977749936561,302.3393822381352,4.440071232603125,0,0.000020798509650808958
2022-05-15T13:00:00.000Z,0.02190403835595798,1.0145725420411196,0,0.00007818782515237391,0.00006801486840091187,206971799.54259998,9392446.9784,3345435.3831,0.014504527172718662,0.014504527172718662,0.014572542041119574,1.0145725420411196,-0.00011386984121686261,0.9986518818524224,301.89184310151757,4.430327806630505,0,0.000027478333588627
2022-05-15T14:00:00.000Z,0.02190403835595798,1.0110622439941974,0,0.00010082418560349431,0.00008893229406825576,206262571.8915,12108887.521,2716440.5426,0.010973311700129162,0.010973311700129162,0.011062243994197418,1.0110622439941974,-0.00006180781525033652,0.999137762808776,299.6481033436098,4.411634828580124,0,0.00002238869068717505
2022-05-15T15:00:00.000Z,0.02190403835595798,1.0096794133869709,0,0.00012222003274636338,0.00012035715120162216,205980466.4136,14676462.3774,2567574.8564,0.009559056235769248,0.009559056235769248,0.00967941338697087,1.0096794133869709,-0.00004134618566964399,0.9997623865961452,298.6236429674548,4.395796035005584,0,0.000021190733917047804
2022-05-15T16:00:00.000Z,0.02190403835595798,1.0064043717913767,0,0.00014638488327880855,0.0001353175169092058,205327771.5288,17576544.8774,2900082.5,0.006269054274467445,0.006269054274467445,0.006404371791376651,1.0064043717913767,-0.000019532370781671915,0.9993418640471767,296.8053178027078,4.333818595565693,0,0.00002401107367645336
2022-05-15T17:00:00.000Z,0.02190403835595798,1.0131016372473136,0,0.0001611596850372266,0.00015218614569967315,206697930.7867,19349737.2293,1773192.3519,0.01294945110161394,0.01294945110161394,0.013101637247313613,1.0131016372473136,-0.0000919015267299983,0.9986517080119687,300.9670992774561,4.417334224245955,0,0.00001458373089056566
2022-05-15T18:00:00.000Z,0.02190403835595798,1.0095686325257867,0,0.00017532744265745528,0.00016429013908059176,205978745.0955,21050088.844,1700351.6147,0.009404342386706066,0.009404342386706066,0.009568632525786658,1.0095686325257867,-0.00006634181321918398,0.9971875948630049,299.30294838664565,4.411040158762608,0,0.000014033475850383508
2022-05-15T19:00:00.000Z,0.02190403835595798,1.0159458968496429,0,0.00018578968972819888,0.00017487314369235563,207280539.3921,22305725.4551,1255636.6111,0.015771023705950515,0.015771023705950515,0.01594589684964287,1.0159458968496429,-0.00012170921800203072,0.9993878687882445,302.42319066234677,4.478937236303719,0,0.000010298034948819485
2022-05-15T20:00:00.000Z,0.02190403835595798,1.0168909617968653,0,0.00019299847303143233,0.00018361172456815567,207492093.10300002,23170972.6428,865247.1877,0.016707350072297178,0.016707350072297178,0.016890961796865334,1.0168909617968653,-0.000138423032473578,0.9992723230277728,303.01602191955226,4.523605729677676,0,0.000007089042271889506
2022-05-15T21:00:00.000Z,0.02190403835595798,1.0233051031463847,0,0.00021230000278376168,0.00020429402931343432,207874281.0273,25477392.7366,2306420.0938,0.02310080911707124,0.02310080911707124,0.023305103146384676,1.0233051031463847,-0.00025805551548230277,0.9994600423449764,306.78134348837744,4.5967201952196985,0,0.000018861949347861212
2022-05-15T22:00:00.000Z,0.02190403835595798,1.0259481317020074,0,0.00023128900352642438,0.00022307814219812983,207301771.4389,27734388.7041,2256995.9675,0.025725053559809252,0.025725053559809252,0.025948131702007382,1.0259481317020074,-0.00032966354406716025,0.9990616713534475,308.48010058750435,4.636832991615847,0,0.000018508733032611268
2022-05-16T00:00:00.000Z,0.02190403835595798,1.028149095976097,0,0.00023128900352642438,0.002424042416287797,207794707.6753,27734388.7041,0,0.025725053559809252,0.025725053559809252,0.02814909597609705,1.028149095976097,-0.00032966354406716025,0.9990616713534475,308.48010058750435,4.636832991615847,0,0
2022-05-16T01:00:00.000Z,0.02190403835595798,1.0232198619602235,0,0.0002449290819106389,0.00025602656802825585,206800288.0435,29356012.452400003,1621623.7483,0.022963835392195264,0.022963835392195264,0.02321986196022352,1.0232198619602235,-0.0002639377783040242,0.9990688909285246,306.8192822554718,4.597966876303502,0,0.00001333054416021955
2022-05-16T02:00:00.000Z,0.02190403835595798,1.0173865691442996,0,0.00026261596204677027,0.0002717576345263595,205560484.9513,31458124.8258,2102112.3734,0.01711481150977323,0.01711481150977323,0.01738656914429959,1.0173865691442996,-0.00014681448129982844,0.9991760812727785,303.28815768712496,4.549438606266173,0,0.00001738462056862062
2022-05-16T03:00:00.000Z,0.02190403835595798,1.0172421115732613,0,0.0002738229748968663,0.0002824680171160665,205535856.792,32790124.8075,1331999.9817,0.01695964355614521,0.01695964355614521,0.017242111573261276,1.0172421115732613,-0.00014633094645233324,0.9990518694017747,303.233323538191,4.543534828867427,0,0.000011017055633176198
2022-05-16T04:00:00.000Z,0.02190403835595798,1.013516226285951,0,0.0002870364239452141,0.0003005889083227409,204758515.1068,34360410.0146,1570285.2071,0.013215637377628209,0.013215637377628209,0.01351622628595095,1.013516226285951,-0.00008225885303136948,0.999644642690892,300.82619432106964,4.517571720218631,0,0.000013037234865068362
2022-05-16T05:00:00.000Z,0.02190403835595798,1.0137762994541835,0,0.00030036033724939486,0.0003083034188142708,204817180.2134,35943870.048200004,1583460.0336,0.01346799603536919,0.01346799603536919,0.01377629945418346,1.0137762994541835,-0.00008835344317781324,0.9994270613660516,301.0415890971229,4.548971386486349,0,0.000013142852832537364
2022-05-16T06:00:00.000Z,0.02190403835595798,1.0147289521880944,0,0.0003134404892723275,0.0003226005526348885,205309343.181,37500633.1154,1556763.0672,0.014406351635459558,0.014406351635459558,0.014728952188094446,1.0147289521880944,-0.0001042362739140934,0.9992070671722194,301.66571016834416,4.578945957050521,0,0.00001289029117348477
2022-05-16T07:00:00.000Z,0.02190403835595798,0.9996738193137608,0,0.0003424180513042671,0.00034594284864064573,202488755.7703,40953306.5361,3452673.4207,-0.0006721235348798871,-0.0006721235348798871,-0.00032618068623924135,0.9996738193137608,-1.9249749183547493e-7,0.9992907738729593,292.7397190618133,4.400236829456513,0,0.000028987016058552493
2022-05-16T08:00:00.000Z,0.02190403835595798,1.0023317529541715,0,0.000361721572133683,0.0003686073825386327,203126400.8212,43254443.6612,2301137.1251,0.001963145571632907,0.001963145571632907,0.00233175295417154,1.0023317529541715,-0.000002225778620523755,0.9991940647975169,294.3141714125263,4.432877798797371,0,0.00001925861481744778
2022-05-16T09:00:00.000Z,0.02190403835595798,1.0058190474019166,0,0.0003753175861639368,0.00038291065703588423,203923932.6972,44875921.5063,1621477.8451,0.0054361367448807485,0.0054361367448807485,0.005819047401916633,1.0058190474019166,-0.000014471655515935211,0.999384064891254,296.30166032493423,4.466322218929593,0,0.000013517355713039603
2022-05-16T10:00:00.000Z,0.02190403835595798,1.0019445955036814,0,0.00039480407142574,0.0003992314742613523,203134562.8684,47199860.444800004,2323938.9385,0.001545364029420071,0.001545364029420071,0.0019445955036814233,1.0019445955036814,-9.223621684206762e-7,0.9995284676480394,293.9704025200645,4.4716780149959465,0,0.000019448665651297582
2022-05-16T11:00:00.000Z,0.02190403835595798,1.0113672279782393,0,0.0004179162051131825,0.00042596417702700506,205118748.4451,49957183.1238,2757322.679,0.010941263801212298,0.010941263801212298,0.011367227978239303,1.0113672279782393,-0.000053950788564072205,0.9998364447625315,299.4197262340568,4.546998669677298,0,0.000022852365226646236
2022-05-16T12:00:00.000Z,0.02190403835595798,1.0094718412788692,0,0.0004373392299950609,0.00044550038175450446,204609423.2161,52272974.0873,2315790.9635,0.009026340897114737,0.009026340897114737,0.009471841278869242,1.0094718412788692,-0.00003676788533002462,0.9997528381887897,298.31142494009555,4.520755868695213,0,0.000019240778728905695
2022-05-16T13:00:00.000Z,0.02190403835595798,1.0106152355287459,0,0.0004643308185813808,0.0004737642143033405,218716623.49699998,55709150.6286,3436176.5413,0.01014147131444254,0.01014147131444254,0.010615235528745881,1.0106152355287459,-0.00004622743998972112,0.9998172691469233,298.9518834430678,4.524235242325268,0,0.000026708075622290892
2022-05-16T14:00:00.000Z,0.02190403835595798,1.0041432086223885,0,0.0004949750983190942,0.0005027468581000338,217340953.92790002,59610783.716,3901633.0874,0.0036404617642884496,0.0036404617642884496,0.004143208622388483,1.0041432086223885,-0.000006563287735406043,0.9993533810208868,295.2533010136655,4.4585731931479975,0,0.000030517839039117934
2022-05-16T15:00:00.000Z,0.02190403835595798,1.003375064658518,0,0.0005165230733891531,0.0005244766640555287,217143862.8355,62353884.8313,2743101.1153,0.0028505879944624724,0.0028505879944624724,0.003375064658518001,1.003375064658518,-0.0000035917975431676297,0.999508818550962,294.74290630553287,4.426412440726636,0,0.0000214754947946317
2022-05-16T16:00:00.000Z,0.02190403835595798,1.0047461837437501,0,0.0005353391986994952,0.0005439706197232219,217418782.6087,64748975.658099994,2395090.8268,0.00420221312402691,0.00420221312402691,0.004746183743750132,1.0047461837437501,-0.000008642363848010426,0.9993784882529171,295.57648226204674,4.43069454663212,0,0.00001872724314204247
2022-05-16T17:00:00.000Z,0.02190403835595798,0.9998818314060904,0,0.0005527512839128358,0.0005564899702557025,216188721.7317,66963529.44669999,2214553.7886,-0.0006746585641652647,-0.0006746585641652647,-0.00011816859390956225,0.9998818314060904,-6.978810596081075e-8,0.9990415644283714,292.8112569785594,4.378371583685869,0,0.00001741414358003474
2022-05-16T18:00:00.000Z,0.02190403835595798,1.0071910234344605,0,0.0005653404503448081,0.0005734507437560321,217830933.6722,68565135.61119999,1601606.1645,0.00661757269070451,0.00661757269070451,0.007191023434460542,1.0071910234344605,-0.000022927599815592004,0.9991668006210909,297.0629878697943,4.5096645586326325,0,0.000012499282970284032
2022-05-16T19:00:00.000Z,0.02190403835595798,1.0110975496131966,0,0.0005777635359771579,0.0005881578625759332,218681163.5918,70145651.6194,1580516.0082,0.010509391750620711,0.010509391750620711,0.011097549613196644,1.0110975496131966,-0.0000568299777128356,0.9991359228151552,299.373710042572,4.528377898744809,0,0.000012286733661960225
2022-05-16T20:00:00.000Z,0.02190403835595798,1.0076565162513247,0,0.0005874118486962286,0.000597828673198908,217935632.0826,71373142.20019999,1227490.5808,0.007058687578125777,0.007058687578125777,0.007656516251324685,1.0076565162513247,-0.00002980963460608166,0.9986557406397152,297.4755544374075,4.497561397773312,0,0.000009575001423214286
2022-05-16T21:00:00.000Z,0.02190403835595798,1.0075526665594714,0,0.0006011516233110202,0.000615269184356837,217914351.688,73121171.7744,1748029.5742,0.006937397375114562,0.006937397375114562,0.007552666559471399,1.0075526665594714,-0.000024268099131474763,0.9992892261602578,297.2153677366948,4.499479105519468,0,0.00001363678093306436
2022-05-16T22:00:00.000Z,0.02190403835595798,1.011971991246724,0,0.000611788189290212,0.0006224938963168558,218870088.41619998,74474398.1643,1353226.3899,0.011349497350407134,0.011349497350407134,0.01197199124672399,1.011971991246724,-0.00006704302706139753,0.9990485432427395,299.89792427542176,4.539842672848681,0,0.000010510732094444233
2022-05-16T23:00:00.000Z,0.02190403835595798,1.0094533100878609,0,0.000624665810003294,0.0006362481577186774,218326412.4937,76112748.2774,1638350.1131,0.0088170619301422,0.0088170619301422,0.009453310087860878,1.0094533100878609,-0.000040000349840529914,0.9991766897007004,298.3596360622195,4.527592672028205,0,0.00001275702357977585
2022-05-17T00:00:00.000Z,0.02190403835595798,1.007567875667931,0,0.0006334925066244404,0.0006413744301565494,217951280.2689,77235889.5696,1123141.2922,0.006926501237774385,0.006926501237774385,0.0075678756679309345,1.007567875667931,-0.00002550576104010105,0.9991031067546458,297.2643014043028,4.513800453590568,0,0.000008760399087283766
2022-05-17T01:00:00.000Z,0.02190403835595798,1.0150606818134182,0,0.000655159273865715,0.0006685213293740055,219575518.3705,79992891.764,2757002.1944,0.014392160484044236,0.014392160484044236,0.015060681813418242,1.0150606818134182,-0.00011225763444788761,0.9986483483315176,301.82603957279173,4.636053612323042,0,0.00002134529279612843
2022-05-17T02:00:00.000Z,0.02190403835595798,1.0128040674341714,0,0.0006753675431898276,0.0006894735858054002,219075745.07889998,82564170.0553,2571278.2913,0.012114593848365995,0.012114593848365995,0.012804067434171396,1.0128040674341714,-0.00007590949535063451,0.9990627563870594,300.3475748083056,4.601068826590497,0,0.000019952793467098444
2022-05-17T03:00:00.000Z,0.02190403835595798,1.0134785017777113,0,0.0006992120296380862,0.0007161096586696392,219211550.539,85597976.9976,3033806.9423,0.012762392119041621,0.012762392119041621,0.01347850177771126,1.0134785017777113,-0.00008978256354708058,0.9986242857422777,300.8642132929211,4.611229725124884,0,0.000023527372482101177
2022-05-17T04:00:00.000Z,0.02190403835595798,1.023326421893503,0,0.0007298490569487,0.0007487113509447862,221089252.76259997,89491575.22600001,3893598.2284,0.022577710542558194,0.022577710542558194,0.02332642189350298,1.023326421893503,-0.00025717036908690094,0.9989879989952212,306.612529399611,4.689331206074269,0,0.000029938664614274304
2022-05-17T05:00:00.000Z,0.02190403835595798,1.0219775114726593,0,0.000743903095372996,0.0007631907416658645,223033548.6744,91295760.28500001,1804185.059,0.021214320730993386,0.021214320730993386,0.02197751147265925,1.0219775114726593,-0.00022253523268822573,0.9992364637747507,305.7194318445858,4.665232057109544,0,0.000013751808275164865
2022-05-17T06:00:00.000Z,0.02190403835595798,1.0226359326192527,0,0.0007584958154317725,0.0007769603009508685,223518285.5417,93171961.07640001,1876200.7914,0.021858972318301806,0.021858972318301806,0.022635932619252674,1.0226359326192527,-0.00022463296780783626,0.9997680309110233,305.9427770748494,4.6964089130424735,0,0.000014269711033484786
2022-05-17T07:00:00.000Z,0.02190403835595798,1.0234417323718237,0,0.0007734334912385978,0.0007936704975055608,223695205.5196,95092520.223,1920559.1466,0.022648061874318115,0.022648061874318115,0.023441732371823676,1.0234417323718237,-0.0002529865005015397,0.9992418667326948,306.5768107216148,4.7375996695353955,0,0.000014595532084097026
2022-05-17T08:00:00.000Z,0.02190403835595798,1.0208395000547827,0,0.0007897500087366999,0.0008081271530795409,236971746.44550002,97320532.7429,2228012.5199,0.020031372901703204,0.020031372901703204,0.020839500054782745,1.0208395000547827,-0.0001980427567466192,0.999272501695309,305.00056737319795,4.71362081247086,0,0.000015983429841924623
