query_ts,assumedLPToken,equityValue,totalDexYield,totalTradingfee,newTotalTradingFee,liquidity,totalVolume,volume,priceImpact,priceEffect,totalReturn,totalEquityVal,impermanentLoss,tokenPrice,quoteTokenPrice,rewardPrice,rewardTokenPerLP,feePerDollar
2021-08-21T10:00:00.000Z,0.02038884601580151,1,0.00002306824395758076,0.00003789499464881291,2.0550228185811648e-13,242403609.68780002,5403460.8456,5403460.8456,-2.0550228185811648e-13,-2.0550228185811648e-13,0.00002306824395758076,1.0000230682439575,0,1.0002105329963373,455.3200809842777,23.942704370178532,0.0000472551,0.00003789499442417881
2021-08-21T11:00:00.000Z,0.02038884601580151,1.0029690098292003,0.0000464469988997714,0.00006709629953402575,0.000028851789507733372,242806079.2312,9561852.443,4158391.5974,0.0029401580396926086,0.0029401580396926086,0.0030154568281001133,1.0030154568281,-0.0000036707646047240416,1.0004369207010806,457.8978023930031,24.087380910971405,0.0000473197,0.000029114862930794427
2021-08-21T12:00:00.000Z,0.02038884601580151,0.992137612733644,0.00006741775247615919,0.00011752634651893042,0.00008070826426520572,239804917.3466,16731975.6,7170123.157,-0.007943095530621225,-0.007943095530621225,-0.00779496951387986,0.9922050304861202,-0.00003120218499608196,1.0001354564118594,448.1491450126728,23.420830683145116,0.00004660720000000001,0.0000508296889895816
2021-08-21T13:00:00.000Z,0.02038884601580151,1.0029677069513567,0.00009167602295095912,0.00014522135812153407,0.00010768899648927466,242735876.1503,20674729.1862,3942753.5862,0.0028600179548674554,0.0028600179548674554,0.003059382974307689,1.0030593829743077,-0.000005010151178264088,0.9999009589022624,458.07002934668674,24.011882913063836,0.0000460745,0.00002761306323087468
2021-08-21T14:00:00.000Z,0.02038884601580151,1.0023409208132503,0.00011354021156379132,0.00016942986686101265,0.00013188514277295837,242219287.87320003,24115948.6451,3441219.4589,0.002209035670477366,0.002209035670477366,0.002454461024814116,1.002454461024814,-0.0000029965489524164113,0.9999690271460483,457.44439171666676,23.915748718121478,0.00004559179999999999,0.000024151970437599785
2021-08-21T15:00:00.000Z,0.02038884601580151,0.9957132408842978,0.00013480914820657045,0.00019578703986567427,0.0001579716283238719,241768323.1016,27880515.561100002,3764566.916,-0.004444730744026071,-0.004444730744026071,-0.004151949967495628,0.9958480500325043,-0.00000777030579535154,0.9996980894980884,451.51285191905953,23.677018039016072,0.000046405900000000057,0.000026470646257949115
2021-08-21T16:00:00.000Z,0.02038884601580151,0.999061627600383,0.0001577549325045604,0.00022477256551573267,0.00018793403058436908,242726325.08519998,32022961.530800004,4142445.9697,-0.0011263064302013959,-0.0011263064302013959,-0.0007806174671124664,0.9992193825328876,-8.324431224338014e-7,1.0003739447051303,454.2207893462581,23.84143400113433,0.000045278099999999955,0.000029012749836747675
2021-08-21T17:00:00.000Z,0.02038884601580151,1.0008135451070561,0.00018091185573050375,0.0002589018014719651,0.00022254712747726835,243249421.7957,36902472.4905,4879510.9597,0.0005909979795788445,0.0005909979795788445,0.0009944569627866166,1.0009944569627867,-0.000001135447280309343,1.002310949855926,454.9031414052265,23.921021981704264,0.00004640000000000001,0.00003410149372711329
2021-08-21T18:00:00.000Z,0.02038884601580151,0.9988464683859581,0.00020322958282297256,0.0002813103665740919,0.00024439095006645317,242696827.3032,40105277.3544,3202804.8639,-0.0013979225641083115,-0.0013979225641083115,-0.0009503020312188857,0.9990496979687811,-7.590860993111903e-7,1.0000437529212747,454.1236891758857,23.88791597559091,0.00004633660000000001,0.000022434443536535718
2021-08-21T19:00:00.000Z,0.02038884601580151,0.9959467260869318,0.00022523331392531245,0.00030610490783683345,0.0002675891143023579,241748779.3061,43645538.9613,3540261.6069,-0.004320863027370558,-0.004320863027370558,-0.003828040599142888,0.9961719594008571,-0.000006781606811778751,0.9995632185796391,451.68615175286226,23.785369196177452,0.00004717160000000003,0.00002489545034727767
2021-08-21T20:00:00.000Z,0.02038884601580151,0.9920674260824471,0.0002459013957847159,0.0003231394869281146,0.00028359027933577696,241138672.0199,46081151.3658,2435612.4045,-0.008216164196888642,-0.008216164196888642,-0.00768667252176815,0.9923133274782319,-0.00004210301640195091,1.0011376000170575,447.4541157936146,23.574900401697224,0.000047145300000000024,0.000017170788297732276
2021-08-21T21:00:00.000Z,0.02038884601580151,0.990572717852244,0.00026816710259946704,0.00034009818485117874,0.000270536158911594,240791451.58200002,48506076.3051,2424924.9393,-0.009697818306667605,-0.009697818306667605,-0.009159115045156544,0.9908408849548435,-0.00005036610044784062,1.0005022424315613,446.40148783200624,23.540306155359023,0.00004714259999999996,0.0000171200944623491
2021-08-21T22:00:00.000Z,0.02038884601580151,0.9955681911676375,0.00029437684238087296,0.00035217408037499466,0.00031455777931621576,241465510.0374,50228954.2733,1722877.9682,-0.0047463666116787095,-0.0047463666116787095,-0.0041374319899816206,0.9958625680100184,-0.000011959178263132308,1.0003435675192642,450.94812733199353,23.82628263743098,0.00004724660000000001,0.000012129651748137242
2021-08-21T23:00:00.000Z,0.02038884601580151,0.9976710912631467,0.0003173199316126399,0.00036491536384965163,0.0003282598676366266,241980198.3296,52046798.608,1817844.3347,-0.0026571686044899456,-0.0026571686044899456,-0.002011588805240679,0.9979884111947593,-0.0000035025499517393754,1.0001965437959666,452.90990585781003,23.82563959007764,0.00004724599999999999,0.0000127710258538621
2021-08-22T00:00:00.000Z,0.02038884601580151,0.9942038547972476,0.0003377830098380822,0.0003770093136966145,0.00033856889156136383,241092062.2744,53771948.0581,1725149.4501,-0.006134714094313765,-0.006134714094313765,-0.005458362192914319,0.9945416378070857,-0.000018918403111745086,1.0002081352124401,449.75177797096507,23.655101364026663,0.000047137399999999966,0.000012164457168366136
2021-08-22T01:00:00.000Z,0.02038884601580151,0.9967434127724871,0.0003581984267807217,0.0003956752920296578,0.00035793105245407464,241705874.15570003,56434546.4417,2662598.3836,-0.0036145182799669495,-0.0036145182799669495,-0.0028983888007321533,0.9971016111992679,-0.000007773709167380183,1.000532620439061,451.88898698006835,23.499203268994695,0.00004725639999999997,0.00001872696419948905
2021-08-22T02:00:00.000Z,0.02038884601580151,0.9983436928692634,0.00038086040347222184,0.00041193676481882715,0.0003750191942922809,242098807.1873,58754202.1562,2319655.7145,-0.0020313263250288927,-0.0020313263250288927,-0.00127544672726439,0.9987245532727356,-0.0000027882483771835,1.000538727100585,453.32340567903356,23.50750734557306,0.00004701819999999998,0.00001628845164693097
2021-08-22T03:00:00.000Z,0.02038884601580151,0.9945749258044922,0.0004003375866377683,0.0004308590819184041,0.00039225593623060107,241619600.3709,61458285.4924,2704083.3362,-0.005817330131738352,-0.005817330131738352,-0.005024736608869982,0.9949752633911301,-0.00001145492083443056,0.9991629901027036,450.50982419739603,23.3305401994843,0.00004697319999999998,0.000019025532963730713
2021-08-22T04:00:00.000Z,0.02038884601580151,0.9932723928585326,0.0004227499351372826,0.00044535369808953616,0.0004067219602236216,241041051.95859998,63527380.5485,2069095.0561,-0.007134329101690984,-0.007134329101690984,-0.006304857206330079,0.9936951427936699,-0.000027861391132089075,1.0005155996559327,448.7095920306448,23.327785772725637,0.000047221100000000014,0.000014592790592260364
2021-08-22T05:00:00.000Z,0.02038884601580151,0.9954143131030803,0.0004473329792734592,0.00045997753672783175,0.00042183962041530965,241555711.48999998,65614877.6707,2087497.1222,-0.005007526517335048,-0.005007526517335048,-0.004138353917646279,0.9958616460823537,-0.000010783788100710012,0.999834529665396,450.9409631379431,23.439002807185403,0.000047222900000000005,0.000014691207613556728
2021-08-22T06:00:00.000Z,0.02038884601580151,0.9958928754012119,0.00046954577624319774,0.0004997236285897655,0.0004617741196715208,241236018.0865,71278248.8762,5663371.2055,-0.0045688987184596686,-0.0045688987184596686,-0.00363757882254495,0.9963624211774551,-0.0000049553638922228416,0.9987800249156218,451.8151522293664,23.421362190874195,0.00004722060000000006,0.00003991000649785963
2021-08-22T07:00:00.000Z,0.02038884601580151,1.0006256781653973,0.0004960198513624859,0.0005282595618352141,0.0004924500946181798,240926160.78829998,75319868.8169,4041619.9407,0.00013322807077909005,0.00013322807077909005,0.0011216980167597559,1.0011216980167597,-5.501306775679282e-7,0.9992950449547464,455.85865720364274,23.60150579823851,0.00004751089999999993,0.000028518089844246016
2021-08-22T08:00:00.000Z,0.02038884601580151,1.0009123504355522,0.000521178884036755,0.0005433748593345283,0.0005078911351392712,241002752.23340002,77460755.8358,2140887.0189,0.0004044593004128849,0.0004044593004128849,0.0014335293195889111,1.0014335293195888,-4.81067377045008e-7,0.9996340704592228,455.9512558450457,23.70623446525863,0.00004749839999999999,0.000015101520204239431
2021-08-22T09:00:00.000Z,0.02038884601580151,1.0001491947078887,0.0005402989366788595,0.0005642815759224774,0.0005286080799045134,240928760.248,80423272.15810001,2962516.3223,-0.0003794133720158577,-0.0003794133720158577,0.0006894936445675153,1.0006894936445676,-2.8287821163264226e-7,1.0005833634648906,454.8051079653494,23.56514476189672,0.00004625069999999998,0.000020903597157624137
2021-08-22T10:00:00.000Z,0.02038884601580151,1.0023761393865103,0.000567668018964808,0.0005799091513334771,0.0005455319588980601,240717764.3368,82630870.67940001,2207598.5213,0.0018306074276122075,0.0018306074276122075,0.0029438074054750755,1.002943807405475,-0.0000034818151428694932,0.9994007514082391,457.35891433391294,23.752885045623625,0.00004762520000000006,0.000015590529832933764
2021-08-22T11:00:00.000Z,0.02038884601580151,1.0004948180661217,0.0005882925568245475,0.0005985245510562089,0.0005636399758883748,240341548.84210002,85261365.53000002,2630494.8506,-0.00006882190976664759,-0.00006882190976664759,0.0010831106229462748,1.0010831106229463,-6.996135026859918e-8,1.0005158820205535,455.1184704167747,23.662751201095315,0.00004721390000000005,0.000018606193009756782
2021-08-22T12:00:00.000Z,0.02038884601580151,0.999985162743155,0.0006120649309249197,0.0006190236844178792,0.0005850653467404099,242633270.4304,88187156.92340001,2925791.3934,-0.0005999026035854449,-0.0005999026035854449,0.0005972276740798847,1.00059722767408,-2.548110377142976e-7,1.0003243590829152,454.7222010884938,23.702674862348786,0.00004713680000000011,0.000020499436701145895
2021-08-22T13:00:00.000Z,0.02038884601580151,0.9973607005627886,0.0006319317282320183,0.0006410516529703136,0.0006038318796376396,241979211.69720003,91330930.89570001,3143773.9723,-0.003243131316849057,-0.003243131316849057,-0.0020073677089793994,0.9979926322910206,-0.0000070818775063097306,1.0007258600396198,452.13859416703673,23.59385662707221,0.000047139999999999796,0.000022086259870941797
2021-08-22T14:00:00.000Z,0.02038884601580151,0.995672757407392,0.0006508424427935926,0.0006780403613748395,0.0006402953299098346,241646765.21980003,96611547.18190001,5280616.2862,-0.004967537922517806,-0.004967537922517806,-0.003676400149814379,0.9963235998501856,-0.00001095231786307771,0.9999108578705497,450.9427850127462,23.463104368380346,0.00004685079999999998,0.00003714946350874818
2021-08-22T15:00:00.000Z,0.02038884601580151,0.9864534025972732,0.0006585441718614871,0.0007093769370922876,0.0006655130044024293,240918098.4249,101113443.30070001,4501896.1188,-0.01421211040712922,-0.01421211040712922,-0.012888053230865303,0.9871119467691347,-0.00012555045324036396,1.001744954664502,441.79217707007814,22.950791991486426,0.00004682810000000004,0.00003176690938537229
2021-08-22T16:00:00.000Z,0.02038884601580151,0.9880928403434266,0.0006853160136020819,0.0007512459767679247,0.0007088597527007412,241562231.6465,107134536.53570001,6021093.235,-0.012616019409274148,-0.012616019409274148,-0.011221843642971326,0.9887781563570287,-0.0000850548831664577,1.0005574647722046,443.7499790035418,23.11542585267236,0.000046781299999999796,0.00004237358808010626
2021-08-22T17:00:00.000Z,0.02038884601580151,0.9894678557103722,0.0007094593153142677,0.0007778471940649724,0.0007375256559336574,241760885.8448,110957824.009,3823287.4733,-0.011269669945561445,-0.011269669945561445,-0.00982268497431352,0.9901773150256865,-0.00008724437979368282,1.0020889353452989,444.28093237045834,23.183480466159452,0.000046808500000000296,0.000026884368337326716
2021-08-22T18:00:00.000Z,0.02038884601580151,0.9874815504398632,0.0007294982725409052,0.000798931344585374,0.0007564355871970685,241282171.8841,113988248.285,3030424.276,-0.013274885147333881,-0.013274885147333881,-0.011788951287595908,0.9882110487124041,-0.00008235076820883869,0.9996808277453233,443.546574596744,23.119686299444265,0.000046652400000000096,0.000021351437733553858
2021-08-22T19:00:00.000Z,0.02038884601580151,0.9850729828465863,0.000743469979475491,0.0008158693172464631,0.0007707854116445478,240695762.3416,116422763.7897,2434515.5047,-0.01569780256505826,-0.01569780256505826,-0.014183547173938223,0.9858164528260618,-0.0001425119742538561,1.0012726569932324,440.6692850421119,22.871320407429636,0.00004676710000000002,0.000017194637403363636
2021-08-22T20:00:00.000Z,0.02038884601580151,0.9870438059692064,0.0007713117134924467,0.000831914647879019,0.0007882063938539074,241475885.30499998,118731833.7571,2309069.9674,-0.01374440042464753,-0.01374440042464753,-0.012184882317301176,0.9878151176826988,-0.00009170742324671188,0.9999143765851674,443.0210677213415,23.051894769326537,0.000046748499999999846,0.00001625594597001658
2021-08-22T21:00:00.000Z,0.02038884601580151,0.983738897390719,0.0007882580504818625,0.0008426518362400526,0.0007965591338309208,240671114.48950002,120277037.5783,1545203.8212,-0.017057661743111963,-0.017057661743111963,-0.01547284455879918,0.9845271554412008,-0.00014527455350510365,1.0000522256579378,439.9888095999872,22.90586552951184,0.00004674800000000006,0.000010914672920395703
2021-08-22T22:00:00.000Z,0.02038884601580151,0.9872132348696362,0.0008159455402244067,0.0008562965555983235,0.0008132100571465184,241522972.0688,122240683.3516,1963645.7733,-0.013599975187510327,-0.013599975187510327,-0.011970819590139401,0.9880291804098607,-0.00009547027986256396,1.000335939304152,442.9640742755206,23.07142092460282,0.00004674800000000006,0.000013821450547814077
2021-08-22T23:00:00.000Z,0.02038884601580151,0.9914954886763065,0.0008459713768340155,0.0008691411819778962,0.0008307158810447746,242608742.60140002,124089476.1139,1848792.7623,-0.009335227204738228,-0.009335227204738228,-0.007658539946859438,0.9923414600531406,-0.000050041018760826894,1.0008360962745149,446.57942282230783,23.29276420805458,0.0000467408000000001,0.000012954799823820788
2021-08-23T00:00:00.000Z,0.02038884601580151,0.9934016682184407,0.0008763066073535747,0.0008853654002676255,0.0008469216249237244,243082901.8514,126424785.4376,2335309.3237,-0.0074452534064830544,-0.0074452534064830544,-0.005722025174205755,0.9942779748257943,-0.000017480825210025586,0.9986511944795863,449.2657834082853,23.51160407667014,0.00004670080000000002,0.000016331983122025314
2021-08-23T01:00:00.000Z,0.02038884601580151,0.994214933931023,0.0009008014118391094,0.0009070236537974863,0.0008693463761186848,243280537.5763,129542250.4091,3117464.9715,-0.006654412445095681,-0.006654412445095681,-0.004884264657137887,0.9951157353428621,-0.000010943328177859257,0.9982137952575588,450.17916840815417,23.566244868255392,0.000046740499999999964,0.00002178427631058592
2021-08-23T02:00:00.000Z,0.02038884601580151,0.9987902438309744,0.0009335067615806894,0.0009278717116754479,0.0008944776426679235,244522604.3954,132544600.9561,3002350.547,-0.0021042338116935566,-0.0021042338116935566,-0.0002762494074449437,0.999723750592555,-6.82241039551279e-7,0.9992724356246095,453.8315457988412,23.82809582113298,0.000046716800000000115,0.00002087330920803826
2021-08-23T03:00:00.000Z,0.02038884601580151,1.0004978167413774,0.0009587943749925391,0.0009469347729790719,0.0009160500142046946,244966344.8318,135290180.42700002,2745579.4709,-0.0004182332728273064,-0.0004182332728273064,0.0014566111163699272,1.0014566111163699,-1.439891539334326e-10,0.999809178213516,455.12192752671035,23.89272465615903,0.00004671230000000006,0.000019053576946395683
2021-08-23T04:00:00.000Z,0.02038884601580151,1.0076615557609312,0.0009909709392435238,0.0009795087803833725,0.0009540922031430199,246041691.2504,139968784.30830002,4678603.8813,0.006707463557788174,0.006707463557788174,0.008652526700174717,1.0086525267001747,-0.000018175578469059595,1.0008667171064498,461.14611850404197,24.120491493222858,0.00004684220000000016,0.000032326336881319365
2021-08-23T05:00:00.000Z,0.02038884601580151,1.0228738348390876,0.0010400421415618073,0.0010147852885493756,0.0010059560356059372,250304570.7021,145046675.45170003,5077891.1434,0.021867878803481622,0.021867878803481622,0.023913876980649368,1.0239138769806493,-0.00023471784661854844,1.0001741483273872,475.46888175661275,24.740971432448895,0.0000467435,0.00003448764407124578
2021-08-23T06:00:00.000Z,0.02038884601580151,1.025345404302969,0.001068310341298329,0.0010560802374488612,0.0010484046068579556,250855799.73330003,150989623.93140003,5942948.4797,0.0242969996961111,0.0242969996961111,0.026413714644267384,1.0264137146442673,-0.00034041063195799914,0.9981225451869704,478.71403897319874,24.850365899871903,0.00004671590000000004,0.00004027418312126378
2021-08-23T07:00:00.000Z,0.02038884601580151,1.0280406920883443,0.0010932605850174305,0.0010796088658457507,0.0010755671654560928,251042423.5719,154369373.26710004,3379749.3357,0.026965124922888162,0.026965124922888162,0.029133952673361684,1.0291339526733616,-0.00036176494129747105,0.9999159202451527,480.3481650279108,24.87791540311688,0.00004685410000000016,0.000022886864255612298
2021-08-23T08:00:00.000Z,0.02038884601580151,1.0336498680621726,0.001126638050028397,0.001099513287152409,0.0011014608957125027,252380408.2649,157228166.96060005,2858793.6935,0.032548407166460125,0.032548407166460125,0.034776506112201025,1.034776506112201,-0.0005148722005907658,1.000143932182491,485.47465951159614,25.092913137414307,0.00004677220000000002,0.000019256444318962224
