query_ts,assumedLPToken,equityValue,totalDexYield,totalTradingfee,newTotalTradingFee,liquidity,totalVolume,volume,priceImpact,priceEffect,totalReturn,totalEquityVal,impermanentLoss,tokenPrice,quoteTokenPrice,rewardPrice,rewardTokenPerLP,feePerDollar
2021-11-10T10:00:00.000Z,0.016358997462237818,0.9999999999999999,0.00001053474669792115,0.000032194480831288085,6.196154700432999e-13,299575809.0928,5673345.7181,5673345.7181,-6.197264923457624e-13,-6.197264923457624e-13,0.000010534746697810128,1.0000105347466979,-2.220446049250313e-16,0.9990170666338225,646.02011331347,19.61782113416696,0.0000328259,0.00003219448108970091
2021-11-10T11:00:00.000Z,0.016358997462237818,1.0052041086203982,0.000021230318200916444,0.00006910167310279586,0.000035596438606733116,301290146.9279001,12180524.8661,6507179.148,0.005168512181791485,0.005168512181791485,0.0052253389385991346,1.0052253389385992,-0.000009469778514681337,0.9998198234322316,652.1912303689382,19.719986248855182,0.0000329843,0.000036716117883029305
2021-11-10T12:00:00.000Z,0.016358997462237818,1.0064730184633295,0.000032106146802031476,0.00011261787744645127,0.00007868741619665442,301972297.27150005,19860627.8749,7680103.0088,0.0063943310471328285,0.0063943310471328285,0.006505124610131514,1.0065051246101315,-0.000014491245060033187,1.0000069859926108,653.6605524885716,19.694760890677397,0.00003384060000000002,0.000043236334037692645
2021-11-10T13:00:00.000Z,0.016358997462237818,1.00206698516839,0.00004438229075530657,0.0001594407292189483,0.00012414997644061287,300660617.15320003,28124597.7966,8263969.9217,0.001942835191949488,0.001942835191949488,0.0021113674591454073,1.0021113674591453,-6.711147862992206e-7,0.9997990071263667,648.0255570262877,19.547705712478063,0.00003913889999999999,0.00004672626897366985
2021-11-10T14:00:00.000Z,0.016358997462237818,1.0114663837352404,0.000057744052513112526,0.00020657526569829384,0.0001747270847984872,303490096.27790004,36443832.8025,8319235.0059,0.011291656650441961,0.011291656650441961,0.01152412778775356,1.0115241277877536,-0.00003364717268949935,1.0020436222793678,658.6962142408476,19.75859514545076,0.000039856799999999994,0.00004660020107239283
2021-11-10T15:00:00.000Z,0.016358997462237818,1.006935959061089,0.00006925824408266575,0.00026264916816138054,0.0002304872353595666,302119675.3787,46340501.2358,9896668.4333,0.006705471825729337,0.006705471825729337,0.007005217305171569,1.0070052173051716,-0.000015084331798642658,1.0002070594929258,653.9339574934472,19.562177634139314,0.00003777359999999999,0.00005568765528269909
2021-11-10T16:00:00.000Z,0.016358997462237818,1.0035082442671757,0.00008124796590647323,0.00031751157071350654,0.00028273395673816815,301106282.9555,56023832.1401,9683330.9043,0.003225510310437496,0.003225510310437496,0.0035894922330821375,1.0035894922330821,-0.000005927465466459836,0.9987945223881571,650.3391951710367,19.57277160144888,0.00003732840000000002,0.000054670604597589356
2021-11-10T17:00:00.000Z,0.016358997462237818,1.001640243449394,0.00009331136384295793,0.0003736166092564631,0.0003387747091503357,300741670.28220004,65932945.372600004,9909113.2325,0.0013014687402437275,0.0013014687402437275,0.0017335548132370211,1.0017335548132371,-6.20300868336976e-7,0.9992036997025951,647.58177843375,19.458383956865315,0.0000393888,0.000056013163987029414
2021-11-10T18:00:00.000Z,0.016358997462237818,1.0001394670084156,0.00010624708583584763,0.0004973304642298016,0.00046394531470306255,300253157.09150004,87780178.0165,21847232.6439,-0.0003244783062874568,-0.0003244783062874568,0.0002457140942514534,1.0002457140942516,-0.000001910702418062016,1.000647104499926,644.5492688671262,19.441144348041018,0.00004093349999999998,0.00012369660274150505
2021-11-10T19:00:00.000Z,0.016358997462237818,0.9978905310141497,0.00011893068872277825,0.0005312110407551266,0.0004959873078652643,299599477.0112,93763743.0261,5983565.0096,-0.002605456293715558,-0.002605456293715558,-0.0019905382971275153,0.9980094617028725,-0.000006695863693395587,1.0000672102210084,641.9833064455142,19.386684787448193,0.00004093129999999998,0.00003395219717269311
2021-11-10T20:00:00.000Z,0.016358997462237818,0.9912811694402007,0.00013007532108893618,0.000572198286414398,0.0005349669811928193,297586001.3961,101001690.8473,7237947.8212,-0.009253797540992093,-0.009253797540992093,-0.008588755238710336,0.9914112447612896,-0.00005179130147314748,0.9998974820931402,633.5608095856743,19.11497833333992,0.00004097019999999996,0.00004134774901478701
2021-11-10T21:00:00.000Z,0.016358997462237818,0.9784618276452999,0.00013927343832080682,0.0006489869771733111,0.0006014422080313775,293622926.283,114556531.5271,13554840.6798,-0.022139614562731502,-0.022139614562731502,-0.02139889891637932,0.9786011010836206,-0.00025510620303781373,0.9992187974203761,617.6067826657675,18.668582435813455,0.000040064900000000085,0.00007847898475560607
2021-11-10T22:00:00.000Z,0.016358997462237818,0.9615792171555656,0.00014522254394659453,0.0007979921841263162,0.0007444897776598403,284199820.8483,140461988.32639998,25905456.7993,-0.03916527262209424,-0.03916527262209424,-0.0382755603004878,0.9617244396995122,-0.000799920477666749,0.9990754963379053,596.3730676674695,17.929258317243985,0.000039088000000000016,0.00015495884700897564
2021-11-10T23:00:00.000Z,0.016358997462237818,0.9729574920453626,0.00015890820506037596,0.0008578243274149891,0.0008098463980349413,290250746.5093,150961403.8426,10499415.5162,-0.027852354352672304,-0.027852354352672304,-0.026883599749576985,0.973116400250423,-0.0004313036179993679,1.0001444619689968,609.8466887593015,18.132632371833136,0.00004058359999999996,0.00006149512651457762
2021-11-11T00:00:00.000Z,0.016358997462237818,0.9765930018629071,0.00017248813004416298,0.0008995945343236001,0.0008522945193215614,291229560.75399995,158288629.3539,7327225.5113,-0.024259292656414466,-0.024259292656414466,-0.023234510007048743,0.9767654899929512,-0.00033847753288185345,1.000480332388068,614.1567639817843,18.324083229535102,0.00003970499999999999,0.00004277135650982819
2021-11-11T01:00:00.000Z,0.016358997462237818,0.979283614760108,0.00018555523830322216,0.0009480220646956643,0.0009042184838025102,292169046.09580004,166787654.6088,8499025.2549,-0.021620603723694565,-0.021620603723694565,-0.020530830001588833,0.9794691699984112,-0.00027452437396613405,1.0005934758393624,617.4131526041508,18.409544827662913,0.00004071779999999998,0.000049451997487072925
2021-11-11T02:00:00.000Z,0.016358997462237818,0.9774341832317459,0.00019748084839148696,0.0009774181754210619,0.0009326730209024969,291584086.3958,171946081.0343,5158426.4255,-0.023498489789156585,-0.023498489789156585,-0.022368335919862602,0.9776316640801374,-0.0003164382473240801,1.0003980346183332,615.1654783186277,18.36841444040212,0.000041067,0.00003007477202115346
2021-11-11T03:00:00.000Z,0.016358997462237818,0.9740593055261553,0.00020738594302426396,0.0010162379798808671,0.000967360213817714,290935299.48809993,178766568.8472,6820487.8129,-0.02690805468766244,-0.02690805468766244,-0.025733308530820464,0.9742666914691795,-0.0003910196917247255,0.9997094453331505,611.2979047576448,18.15296739691259,0.000041154399999999993,0.00003985363516332009
2021-11-11T04:00:00.000Z,0.016358997462237818,0.9782515083040318,0.00022141009511198782,0.0010418704169576215,0.0009968732195132501,292292889.10150003,183271713.23860002,4505144.3914,-0.022745364915481403,-0.022745364915481403,-0.021527081600856163,0.9784729183991439,-0.0002721481322841557,0.9993415725875384,616.766065247363,18.302337038951855,0.000041140200000000044,0.000026202298280066832
2021-11-11T05:00:00.000Z,0.016358997462237818,0.9771055506084343,0.0002334092232764621,0.001065128757799468,0.001021510698632877,291936139.54089993,187359386.7824,4087673.5438,-0.023915960090198585,-0.023915960090198585,-0.022661040168289244,0.9773389598317107,-0.00028979598821177177,0.9988882359597581,615.5686191240484,18.286997804678652,0.00004073010000000002,0.00002380330518649763
2021-11-11T06:00:00.000Z,0.016358997462237818,0.9840080115827177,0.00024748209550368513,0.001101817827378313,0.0010743446216436858,294089553.648,193809520.79180002,6450134.0094,-0.017066333038926018,-0.017066333038926018,-0.015744506321778647,0.9842554936782214,-0.00017742374100226943,1.0006419364599897,623.1443594521909,18.424014951752827,0.0000408895000000001,0.00003728533598002069
2021-11-11T07:00:00.000Z,0.016358997462237818,0.9874139976265903,0.0002607262587755035,0.0011306772599252652,0.001096400757669147,295121684.6636,198883406.8253,5073886.0335,-0.013682403131078824,-0.013682403131078824,-0.012325276114634173,0.9876747238853658,-0.00011003165315348618,1.000074927194656,627.7980620649857,18.495917334264604,0.00004057950000000005,0.00002922728726891776
2021-11-11T08:00:00.000Z,0.016358997462237818,0.9888208992660795,0.0002741332193412139,0.0011674506421411308,0.0011348041391782138,295561016.40849996,205349086.161,6465679.3357,-0.012313904873098691,-0.012313904873098691,-0.010904967514579263,0.9890950324854207,-0.00008540966580439235,0.9996965322155257,629.779675718645,18.574536953445023,0.000040474799999999926,0.000037189122585430026
2021-11-11T09:00:00.000Z,0.016358997462237818,0.9891172169000052,0.0002874290585816509,0.0012091986842440803,0.001179030327828956,295688086.3789,212690390.99190003,7341304.8309,-0.012061813427823753,-0.012061813427823753,-0.010595354041413147,0.9894046459585869,-0.00007986341616827985,0.9995202796588673,630.2123098411138,18.642011294637562,0.000040332600000000014,0.00004220737590535733
2021-11-11T10:00:00.000Z,0.016358997462237818,0.9893298194289233,0.0002999011676184702,0.0012460590276186557,0.0012145347939080953,294729766.91529995,219149808.397,6459417.4051,-0.01188471536498481,-0.01188471536498481,-0.010370279403458246,0.9896297205965418,-0.00006157518035476706,0.9981599729276482,631.2974444706243,18.70903426172615,0.0000373739999999999,0.0000372578911984338
2021-11-11T11:00:00.000Z,0.016358997462237818,0.9878560335735296,0.0003119542932788796,0.0012806080147853905,0.0012467616999691788,294297736.5449,225204327.60950002,6054519.2125,-0.0133907281264396,-0.0133907281264396,-0.01183201213319154,0.9881679878668085,-0.00009069173981368639,0.9990042642612929,628.8426514100092,18.6805209446901,0.000040937200000000086,0.00003497370649902936
2021-11-11T12:00:00.000Z,0.016358997462237818,0.9878567538863622,0.00033032324144472016,0.0013121838883071429,0.0012781527097814882,294780799.7783,230746903.76450002,5542576.155,-0.013421398823419306,-0.013421398823419306,-0.011812922872193097,0.988187077127807,-0.00010292720639160091,0.9998525570145005,628.2700662296985,19.021767530494696,0.000040717400000000025,0.000031964020284178696
2021-11-11T13:00:00.000Z,0.016358997462237818,0.9835290188724729,0.00033884581531836957,0.0013534029376886547,0.0013162010745128017,293568909.03830004,237984126.49120003,7237222.7267,-0.017787182202039897,-0.017787182202039897,-0.016132135312208726,0.9838678646877913,-0.00018238992610219995,1.0001699847168348,622.5243230082203,18.78781596879688,0.00004094770000000008,0.000041909338000724294
2021-11-11T14:00:00.000Z,0.016358997462237818,0.9852064260886547,0.00035256739990958486,0.0014019468132506702,0.001364340185262214,294070627.0134,246507468.88990003,8523342.3987,-0.016157914096607495,-0.016157914096607495,-0.014441006511435697,0.9855589934885643,-0.000147558819248772,0.9999067555708095,624.7557149461878,18.872961428933532,0.00003946960000000009,0.00004927279621548107
2021-11-11T15:00:00.000Z,0.016358997462237818,0.9866891491179265,0.000365214182336683,0.0014469727240341258,0.001411724256591973,294441972.2008,254411214.45970002,7903745.5698,-0.014722575138665484,-0.014722575138665484,-0.012945636699736827,0.9870543633002632,-0.00011631133654366188,0.9994374256557276,626.8742100808732,18.929700602176894,0.00003741660000000005,0.00004563332927106203
2021-11-11T16:00:00.000Z,0.016358997462237818,0.9847410670715925,0.00037576705327853344,0.001490325575608622,0.0014518623101739125,293218775.4524,262004652.85830003,7593438.3986,-0.016710795238581433,-0.016710795238581433,-0.014883165875128987,0.985116834124871,-0.00015111687360203074,0.9995506543551439,624.2760614171171,18.845508859178288,0.00003949869999999993,0.00004402462038013514
2021-11-11T17:00:00.000Z,0.016358997462237818,0.9877424663654655,0.000389217350522664,0.0015362810635202726,0.0015026328996511351,293995022.23670006,270050739.69460005,8046086.8363,-0.013760166534185658,-0.013760166534185658,-0.01186831628401186,0.9881316837159881,-0.0000996994987764177,0.9992825831877024,628.1967827293363,18.934600535511485,0.00003768790000000003,0.00004652577964635518
2021-11-11T18:00:00.000Z,0.016358997462237818,0.9878598255989567,0.0004012309954073763,0.0015732770573377046,0.0015395821153482148,293800517.1151001,276523104.82420003,6472365.1296,-0.013679756516391528,-0.013679756516391528,-0.011738943405635936,0.988261056594364,-0.00011615706856071828,1.0004851068257117,627.5440447475982,18.933041496153137,0.0000388915,0.00003745065130708884
2021-11-11T19:00:00.000Z,0.016358997462237818,0.9846922743478688,0.00041146659106761194,0.0016056028763801182,0.0015668645612580967,292933326.59550005,282179879.3611,5656774.5369,-0.01687459021338933,-0.01687459021338933,-0.01489625906106362,0.9851037409389364,-0.0001401413499263482,0.9987414109216013,624.5737560565594,18.84434677642521,0.00003930009999999997,0.00003282834638343852
2021-11-11T20:00:00.000Z,0.016358997462237818,0.9879109215337434,0.00042537135905374953,0.0016263594635503604,0.0015929596580300798,293829845.41169995,285811371.87920004,3631492.5181,-0.0136820381242867,-0.0136820381242867,-0.01166370710720287,0.9883362928927971,-0.00010249843446719087,0.9995585041481305,628.1228795520368,18.90680285011913,0.00004054700000000004,0.000021010586151042424
2021-11-11T21:00:00.000Z,0.016358997462237818,0.9874282684291086,0.00043698469251117673,0.0016486076461143123,0.0016144512815473577,293727247.0776,289704371.0515,3892999.1723,-0.014186182852438778,-0.014186182852438778,-0.012134746878380244,0.9878652531216198,-0.00012014132164417379,1.0002306702062125,627.0592544219284,18.85670454723063,0.00004130120000000004,0.000022531442550038812
2021-11-11T22:00:00.000Z,0.016358997462237818,0.990315879550667,0.0004526837676944437,0.0016739415053129848,0.0016452839421461363,294729861.5024,294139464.99480003,4435093.9433,-0.011329404391479114,-0.011329404391479114,-0.009231436681638535,0.9907685633183615,-0.0000625196030915598,0.9988056105175331,631.5986740771853,18.984161309927693,0.00004103980000000007,0.000025581594159398078
2021-11-11T23:00:00.000Z,0.016358997462237818,0.9910281899363877,0.0004667407431017544,0.0016943906022233277,0.0016675120575251334,297040668.12350005,297744878.65680003,3605413.662,-0.010639322121137385,-0.010639322121137385,-0.008505069320510497,0.9914949306794895,-0.00006262889705010988,0.9995125326297273,632.0333483677665,19.040486793608707,0.00004081720000000002,0.000020634222458898026
2021-11-12T00:00:00.000Z,0.016358997462237818,0.9894425935707852,0.0004750871243273767,0.0017218190740006642,0.0016910911707306298,298730197.16120005,302616137.62700003,4871258.9702,-0.012248497599945396,-0.012248497599945396,-0.010082319304887389,0.9899176806951127,-0.00009820063585008754,1.000707602075929,629.2267046650118,18.879019342659458,0.0000398405999999999,0.000027721135419300618
2021-11-12T01:00:00.000Z,0.016358997462237818,0.9904755674054453,0.00048640970080420827,0.0017510968797282145,0.0017222608140274875,299046146.6352999,307815906.6977,5199769.0707,-0.011246693408582198,-0.011246693408582198,-0.009038022893750502,0.9909619771062494,-0.0000741479185036864,0.9998842283123023,631.0229096039818,18.86537004505237,0.00003780090000000004,0.000029559342327758845
2021-11-12T02:00:00.000Z,0.016358997462237818,0.9905684265209512,0.0004979826141600542,0.001790071605529887,0.0017635680487504413,299298743.20790005,314743056.1075,6927149.4098,-0.011195141527799213,-0.011195141527799213,-0.008933590864888718,0.9910664091351112,-0.000057056933501442586,0.9984421823130292,632.0001910677843,18.85343799866675,0.000038520300000000066,0.00003934581839683838
2021-11-12T03:00:00.000Z,0.016358997462237818,0.9924593713185358,0.000509350307832377,0.001819411657242781,0.0017945339297801288,300623722.1634,319970898.304,5227842.1965,-0.009335162611244341,-0.009335162611244341,-0.007031278373631835,0.9929687216263682,-0.00006586488883875141,1.0011158713799124,632.6858147932353,18.822840241799007,0.00003954199999999981,0.000029562975503374973
2021-11-12T04:00:00.000Z,0.016358997462237818,0.9906157145882575,0.0005194733570837374,0.0018494722540860972,0.0018209051954539701,300094420.7689,325327648.4864,5356750.1824,-0.011205190607196491,-0.011205190607196491,-0.008864812054658784,0.9911351879453412,-0.00007047441509910879,0.9996207493683504,631.2422232291996,18.748410957787282,0.00003957260000000012,0.00003034536692400828
2021-11-12T05:00:00.000Z,0.016358997462237818,0.9920478587039497,0.0005326648645084092,0.0018896143285004796,0.0018678493984366495,300554062.09409994,332481515.5614,7153867.075,-0.009819990694486913,-0.009819990694486913,-0.007419476431541855,0.9925805235684582,-0.000054090913919280226,0.9995494437569704,633.0572306772863,18.792973287724706,0.000038892200000000156,0.000040463848476259665
2021-11-12T06:00:00.000Z,0.016358997462237818,0.9896007253021043,0.0005406211558393946,0.001923100954192518,0.0018933034703182416,299845731.4981,338449948.5631,5968433.0017,-0.012292578168213941,-0.012292578168213941,-0.009858653542056305,0.9901413464579437,-0.00009396633130420717,1.0003572804181389,629.3908780334873,18.63750464539738,0.00004054849999999989,0.000033838521069473
2021-11-12T07:00:00.000Z,0.016358997462237818,0.988573693245087,0.0005514679575967296,0.0019627363348349034,0.0019303712499567638,299543602.46830004,345514508.4364,7064559.8733,-0.013356678004869726,-0.013356678004869726,-0.010874838797316233,0.9891251612026838,-0.00010313586532717522,0.9999326851432526,628.3021474744576,18.587800645574575,0.00004041259999999979,0.00004009350119864757
2021-11-12T08:00:00.000Z,0.016358997462237818,0.984013602243926,0.000560297147517204,0.0020040433334585716,0.001963356724050458,297917574.4665,352870982.9852,7356474.5488,-0.01794975448012448,-0.01794975448012448,-0.015426100608556818,0.9845738993914431,-0.0001782863023551684,0.9997883332984036,622.5558230898655,18.491998892983037,0.00003858200000000008,0.000041978076504399926
