query_ts,assumedLPToken,equityValue,totalDexYield,totalTradingfee,newTotalTradingFee,liquidity,totalVolume,volume,priceImpact,priceEffect,totalReturn,totalEquityVal,impermanentLoss,tokenPrice,quoteTokenPrice,rewardPrice,rewardTokenPerLP,feePerDollar
2021-08-01T10:00:00.000Z,0.023658227383367342,0.9999999999999999,0.000014820868851301866,0.000012246224801211604,8.519851490973451e-13,249668672.60509998,1798528.653,1798528.653,-8.520961713998076e-13,-8.520961713998076e-13,0.000014820868851190844,1.0000148208688513,0,1.0007713895703945,343.93116477752625,16.68834967671155,0.0000375386,0.000012246224879546799
2021-08-01T11:00:00.000Z,0.023658227383367342,0.9926799989707801,0.000030132638441635126,0.000027067538825256782,0.000018618608321752106,248577482.6897,3981712.3784,2183183.7254,-0.007338619637541677,-0.007338619637541677,-0.00728986839077829,0.9927101316092217,-0.000022924813245062126,1.0001767279466163,339.1032235491422,16.489014569751948,0.0000397046,0.000014930605511895728
2021-08-01T12:00:00.000Z,0.023658227383367342,0.9932435345852179,0.0000457232413105894,0.00004063535242708984,0.000028437160272898332,248684186.77639997,5979978.6796,1998266.3012,-0.006784902575055041,-0.006784902575055041,-0.006710742173471553,0.9932892578265284,-0.000020049999762683512,1.0002956201621007,339.44129002638346,16.44372328639647,0.000040288400000000005,0.000013660107448224686
2021-08-01T13:00:00.000Z,0.023658227383367342,0.9949653925179474,0.00006097545355342231,0.00005448855049420298,0.0000426822280071848,248559159.889,8015721.521400001,2035742.8418,-0.005077289710059829,-0.005077289710059829,-0.004973632028499222,0.9950263679715008,-0.00000800622898922132,0.9996824899722989,340.81838555530874,16.57322308420144,0.0000379811,0.000013923296299381949
2021-08-01T14:00:00.000Z,0.023658227383367342,0.991504080377439,0.00007507161185894219,0.00007072158406773202,0.00005887986590547012,247700150.22840002,10401238.699800001,2385517.1784,-0.008554799488466491,-0.008554799488466491,-0.00842084801070208,0.9915791519892979,-0.000027085989734887406,0.9995398409958328,338.4883544689616,16.353409664633627,0.0000385246,0.000016372130576184974
2021-08-01T15:00:00.000Z,0.023658227383367342,0.9938214736573358,0.00009056333054689588,0.000085177768839456,0.00007319081619872048,248598423.66919997,12528372.381300002,2127133.6815,-0.006251717158862968,-0.006251717158862968,-0.006087963012117352,0.9939120369878827,-0.00001589636131937855,1.0001383017207754,339.859281180578,16.475596691638692,0.000038305400000000014,0.000014546058680411571
2021-08-01T16:00:00.000Z,0.023658227383367342,0.9919760022554206,0.0001046852061876794,0.00009682443974485009,0.00008458627915930439,248166372.7027,14242308.672400001,1713936.2911,-0.008108584023738707,-0.008108584023738707,-0.007919312538391723,0.9920806874616083,-0.000025835622009084958,0.9998178200737567,338.6989124642184,16.461043675551068,0.00003646750000000001,0.000011740880374475892
2021-08-01T17:00:00.000Z,0.023658227383367342,0.9901952682072476,0.00011776505705176683,0.0001294676147479228,0.00012003360282242248,247555624.671,19042907.715600003,4800599.0432,-0.009924765395574853,-0.009924765395574853,-0.009686966735700664,0.9903130332642993,-0.000040159745952284,0.9997590412705795,337.4795535981496,16.300707480246274,0.000036560800000000004,0.00003296640253795868
2021-08-01T18:00:00.000Z,0.023658227383367342,0.9883305064379606,0.00013250422336259164,0.0001471804042012448,0.0001347312188577643,247090261.73240003,21647810.338000003,2604902.6224,-0.011804224780897155,-0.011804224780897155,-0.0115369893386768,0.9884630106613232,-0.00006478186986824674,1.000279597627832,336.02453327573136,16.218655372808623,0.00003995769999999997,0.000017921930338460316
2021-08-01T19:00:00.000Z,0.023658227383367342,0.988526193010038,0.0001484808217299521,0.00015805108998010993,0.00014566204021193574,246459900.49670002,23242095.790300004,1594285.4523,-0.011619469030173968,-0.011619469030173968,-0.01132532616823208,0.9886746738317679,-0.00005447384611556583,0.999521742062079,336.4050683206893,16.27319640290503,0.000040340800000000005,0.00001099686100435754
2021-08-01T20:00:00.000Z,0.023658227383367342,0.9937759093024991,0.00016568334549011527,0.00017455924507988016,0.00016314666093730779,247763077.4312,25663112.280100003,2421016.4898,-0.006387237358438158,-0.006387237358438158,-0.006058407352010735,0.9939415926479893,-0.000018151219364326288,1.0003886407514793,339.6815686066601,16.44134018968166,0.00004028129999999996,0.000016611547109164702
2021-08-01T21:00:00.000Z,0.023658227383367342,0.9976862383550051,0.0001833620975639616,0.0001863737308895727,0.00017565584328682604,248730519.74150002,27395723.091600005,1732610.8115,-0.0024894174882816866,-0.0024894174882816866,-0.002130399547430899,0.9978696004525691,-0.0000021561880895193397,1.0003552620724054,342.36327663643857,16.606824197272964,0.00004075239999999999,0.000011841885678569429
2021-08-01T22:00:00.000Z,0.023658227383367342,0.9953945425470592,0.00019755234937723177,0.00019731360988606595,0.0001866414204527711,248287239.548,29000899.390600003,1605176.299,-0.004792098873393602,-0.004792098873393602,-0.004407905103563599,0.9955920948964364,-0.000006381829607771117,0.999540216017482,341.0623418646817,16.522329941136533,0.000038689200000000016,0.000010990495175135475
2021-08-01T23:00:00.000Z,0.023658227383367342,0.9902695257972964,0.00020983405508117245,0.0002140509564294353,0.00020191865457808156,246995378.08370003,31456587.002900004,2455687.6123,-0.009932392857281647,-0.009932392857281647,-0.009520640147622392,0.9904793598523776,-0.00004333761283259463,1.0000991701390476,337.35958039832656,16.25980818047945,0.00004008699999999997,0.000016901809958141477
2021-08-02T00:00:00.000Z,0.023658227383367342,0.9844755000280476,0.00022178083246208118,0.00024066082684596083,0.00022896128168092833,245543030.3677,35360647.625800006,3904060.6229,-0.015753461253633305,-0.015753461253633305,-0.015302719139490295,0.9846972808605097,-0.00010929780633639474,0.9996779309322301,333.5447424064074,16.022039428806718,0.00003961240000000003,0.00002702949071285491
2021-08-02T01:00:00.000Z,0.023658227383367342,0.977629918144659,0.00023277249728786674,0.0002663717461333096,0.00025176328581455465,243848334.75800002,39133015.0952,3772367.4694,-0.022621845141155505,-0.022621845141155505,-0.022137309358053085,0.9778626906419469,-0.00025581413099129424,1.000511190703936,328.63189946138357,15.753272234817642,0.00003947470000000002,0.00002629923515509923
2021-08-02T02:00:00.000Z,0.023658227383367342,0.9764448062646163,0.0002474702813552126,0.0002792960157313285,0.00026412917785467727,243529122.3704,41029110.9116,1896095.8164,-0.023819322913238405,-0.023819322913238405,-0.023307723454028515,0.9766922765459715,-0.0002703081800478069,0.9999172833391395,328.0218322064696,15.74177290112883,0.00003992159999999997,0.000013236046910961916
2021-08-02T03:00:00.000Z,0.023658227383367342,0.9790316484855266,0.0002649214523037526,0.0002900831903333531,0.0002756017015943524,244199450.5597,42611840.4286,1582729.517,-0.021243953216067757,-0.021243953216067757,-0.020703430062169653,0.9792965699378303,-0.00020772813698688442,0.9996827978414413,329.83224356911063,15.906112709029392,0.00003950899999999997,0.000011018207341306906
2021-08-02T04:00:00.000Z,0.023658227383367342,0.9795358295725783,0.00028199330109909273,0.00029948449199931014,0.00028558648796628283,244195851.9638,43990500.0149,1378659.5863,-0.02074975691538794,-0.02074975691538794,-0.020182177126322566,0.9798178228736775,-0.00021202198776071324,1.0003972603903153,329.9296101916096,16.024747335559393,0.00003981869999999995,0.000009597711336462164
2021-08-02T05:00:00.000Z,0.023658227383367342,0.9797592210101027,0.0002981863621075389,0.0003105723153549226,0.00029648781790025946,244370749.69689998,45617273.921,1626773.9061,-0.02053726680779755,-0.02053726680779755,-0.019942592627789753,0.9800574073722103,-0.00020224196665696859,1.0001334929460077,330.15986116998374,16.089911806293152,0.000039527100000000044,0.000011316884871860269
2021-08-02T06:00:00.000Z,0.023658227383367342,0.9808249659095335,0.00031433878531059205,0.0003181449898226233,0.0003047780167542147,246807577.5857,46738175.319,1120901.398,-0.019479812107220718,-0.019479812107220718,-0.01886069530515591,0.9811393046948441,-0.0001870002105072155,1.0004397422014175,330.77186008293785,16.132379476166133,0.000040258999999999934,0.000007720720713845726
2021-08-02T07:00:00.000Z,0.023658227383367342,0.9886018293329699,0.0003347981859856203,0.00033179850062150715,0.00032062884491912413,248647010.5983,48758202.603199996,2020027.2842,-0.011718799511949207,-0.011718799511949207,-0.011063372481044463,0.9889366275189555,-0.00006206078613313348,1.000124368332,336.1347949170754,16.387953460388527,0.00003992559999999999,0.000013810929698599315
2021-08-02T08:00:00.000Z,0.023658227383367342,0.9878510197447743,0.0003487163313278975,0.0003423773810921803,0.0003307320523689983,247544680.7568,50317586.213,1559383.6098,-0.012479712307594704,-0.012479712307594704,-0.011800263923897807,0.9881997360761022,-0.00006499733931208951,0.9996147581909901,335.78848988501784,16.322013014368302,0.00003953200000000004,0.000010708984449011145
2021-08-02T09:00:00.000Z,0.023658227383367342,0.9829457945067561,0.00035886086290010376,0.0003538834771762852,0.0003406133396268718,246305112.41410002,52013574.9642,1695988.7512,-0.01739481883287075,-0.01739481883287075,-0.016695344630343775,0.9833046553696563,-0.00013593791500143837,0.9997128387256781,332.4216047089709,16.088307720543835,0.000039770800000000056,0.000011705728918012296
2021-08-02T10:00:00.000Z,0.023658227383367342,0.9837072589254299,0.0003747701208191245,0.00038034008013253034,0.00036896756004189957,246405397.91910002,55911823.3423,3898248.3781,-0.016661708634612027,-0.016661708634612027,-0.015917970953751002,0.984082029046249,-0.00012528541682188532,0.9997992918369991,332.8890339102695,16.13181745265757,0.00003914249999999993,0.000026894793290793847
2021-08-02T11:00:00.000Z,0.023658227383367342,0.9861760804821079,0.000390815221160894,0.0003890968323200094,0.0003770735248533885,247068316.12610003,57202319.695199996,1290496.3529,-0.014200993042745469,-0.014200993042745469,-0.013433104296731186,0.9865668957032688,-0.00010292786255439168,1.0008169221680894,334.2169905638168,16.188398242736294,0.00003846230000000003,0.000008879502780155324
2021-08-02T12:00:00.000Z,0.023658227383367342,0.9834036748080351,0.00040258070559667976,0.0004033634460815332,0.00039117904092389466,246322267.24109998,59304373.507199995,2102053.812,-0.01698750423288875,-0.01698750423288875,-0.016193744486368174,0.9838062555136319,-0.00012105436163700745,0.9991985946345312,332.86848090600967,16.060169299082204,0.000039112900000000044,0.000014507383032904085
2021-08-02T13:00:00.000Z,0.023658227383367342,0.9805129782904075,0.0004132804029361943,0.0004270719282715083,0.00041301505945001704,244893500.14599997,62787576.2952,3483202.788,-0.019900036769042506,-0.019900036769042506,-0.019073741306656296,0.9809262586933437,-0.00019991489308246457,1.0006680160230808,330.413009449399,15.897933624673534,0.00003926030000000015,0.00002417967294382974
2021-08-02T14:00:00.000Z,0.023658227383367342,0.9839997981780783,0.00043061158645259576,0.00043973315623418795,0.00042820917275709913,261957719.59480003,64770304.2817,1982727.9865,-0.016428410994678844,-0.016428410994678844,-0.015569590235469149,0.9844304097645309,-0.00012831242692412648,1.0002266354323885,332.90471566369615,16.030154694835872,0.00003663589999999985,0.000012867105356787158
2021-08-02T15:00:00.000Z,0.023658227383367342,0.9842047858048149,0.00044351938311500925,0.0004526496777627388,0.00044178246629233975,261507334.13180003,66789112.5894,2018808.3077,-0.016236996661477487,-0.016236996661477487,-0.015351694812070138,0.9846483051879299,-0.0001120807059791229,0.9993737473960143,333.3185214031155,16.02018221682583,0.00003476349999999996,0.000013123815951411446
2021-08-02T16:00:00.000Z,0.023658227383367342,0.9863024342411867,0.00045757633507093265,0.0004713345932425343,0.0004606053693573253,262048203.44140002,69709317.4294,2920204.84,-0.014158171128170638,-0.014158171128170638,-0.01323998942374238,0.9867600105762576,-0.00009819402621569218,1.000526302002204,334.34311469529115,16.026483593943965,0.000036613999999999965,0.000018944408558443492
2021-08-02T17:00:00.000Z,0.023658227383367342,0.9864119150684207,0.000472936382870644,0.00048506718166644707,0.0004743061396653703,262070173.9519,71855480.7629,2146163.3335,-0.014062391071244629,-0.014062391071244629,-0.013115148548708615,0.9868848514512913,-0.00008909765498266164,0.9999583669439854,334.59801444706017,16.087420492755996,0.000035786200000000034,0.000013921758481450227
2021-08-02T18:00:00.000Z,0.023658227383367342,0.988066020328256,0.0004885887483701086,0.0004952257335086682,0.00048568999412779146,262529174.7718,73443202.6925,1587721.9296,-0.012419669665871824,-0.012419669665871824,-0.011445390923373924,0.9885546090766261,-0.00008131502909325405,1.0010272622984768,335.3554504572964,16.13092166157422,0.00003766360000000017,0.000010281246961089867
2021-08-02T19:00:00.000Z,0.023658227383367342,0.9873498364248359,0.0005024806904540661,0.0005072435546852525,0.0004970436946305501,262343995.52089998,75321554.4363,1878351.7438,-0.01314720726979468,-0.01314720726979468,-0.012147682884710064,0.98785231711529,-0.00009347639884482728,1.0012110289777318,334.8000664880549,16.117429515796776,0.000037503899999999816,0.000012171797407139855
2021-08-02T20:00:00.000Z,0.023658227383367342,0.9811171643512215,0.0005108408141106764,0.0005155648346129314,0.0005026928225643212,260690424.6826,76622159.42199999,1300604.9857,-0.019385528471342783,-0.019385528471342783,-0.018371994834667785,0.9816280051653322,-0.00016875354521039831,0.9995679514708576,331.124019001759,15.933285775396852,0.00003740790000000009,0.000008481433402788027
2021-08-02T21:00:00.000Z,0.023658227383367342,0.9777091791091211,0.0005194011334169114,0.0005269382884793887,0.0005119960901130982,259793616.94009998,78399874.93739998,1777715.5154,-0.022802816980991958,-0.022802816980991958,-0.021771419757461948,0.978228580242538,-0.00025259683999867555,1.0001831666402925,328.61795094684476,15.764401661680951,0.00003747059999999993,0.000011632758386349432
2021-08-02T22:00:00.000Z,0.023658227383367342,0.9810365497812797,0.0005376825748010327,0.0005335072342604772,0.0005199176562309393,260731644.33639997,79426839.19619998,1026964.2588,-0.019483367874951196,-0.019483367874951196,-0.018425767643919223,0.9815742323560808,-0.00018788597576779864,1.000481893617628,330.75552537314735,15.883982352124464,0.00003816399999999991,0.000006695923866101543
2021-08-02T23:00:00.000Z,0.023658227383367342,0.9831848081768371,0.0005526557858073077,0.0005398925803679572,0.0005277933171770055,261423611.1618,80425562.50969999,998723.3135,-0.01734298514033994,-0.01734298514033994,-0.016262536037355627,0.9837374639626444,-0.00015220715125563444,1.0007247975864122,332.12048816083706,15.910632611252044,0.000037381600000000035,0.000006494553515669942
2021-08-03T00:00:00.000Z,0.023658227383367342,0.9809187607003378,0.000565232528044435,0.000548182794677259,0.0005349763445765543,260834432.76829997,81722289.86199999,1296727.3523,-0.019616215644238766,-0.019616215644238766,-0.018516006771617778,0.9814839932283822,-0.0001745800512644724,0.9996471728101235,330.94201608209977,15.860648020667558,0.000038144000000000074,0.000008451478110132059
2021-08-03T01:00:00.000Z,0.023658227383367342,0.9834390873157711,0.0005823130549336433,0.000564079377501701,0.00055333401593749,261504049.7342,84208774.59689999,2486484.7349,-0.01711424670016637,-0.01711424670016637,-0.015978599629295237,0.9840214003707047,-0.00015218706710207197,1.0009565892828929,332.19818014624514,15.948221639532719,0.00003699809999999997,0.00001616427758432982
2021-08-03T02:00:00.000Z,0.023658227383367342,0.9761193321191921,0.0005897151237295988,0.0005743573395149942,0.0005603257088347968,265232143.7502,85851561.90749998,1642787.3106,-0.02444099358964269,-0.02444099358964269,-0.023290952757078293,0.9767090472429217,-0.00026899850309647366,0.9992241236345984,327.8314288796735,15.781376764038882,0.00003614220000000004,0.000010529411663807411
2021-08-03T03:00:00.000Z,0.023658227383367342,0.9773331577413987,0.0006069181674874706,0.0005835997619891355,0.0005688363361046056,265450269.35750002,87328211.35389999,1476649.4464,-0.023235678594705877,-0.023235678594705877,-0.022059924091113802,0.9779400759088862,-0.00025009717025603617,0.9996286342363866,328.50902016701923,15.882855852396695,0.000035690299999999986,0.000009456777214639786
2021-08-03T04:00:00.000Z,0.023658227383367342,0.9735113959080923,0.0006124983664740675,0.0005944371062281493,0.0005766778936946437,264024623.71699998,89057141.16619998,1728929.8123,-0.02706528198560232,-0.02706528198560232,-0.02587610572543361,0.9741238942745664,-0.0003683046820238678,1.000477627997012,325.6615096797271,15.724372243254562,0.0000312792,0.000011132221834204444
2021-08-03T05:00:00.000Z,0.023658227383367342,0.9692488021074493,0.0006248128016613669,0.0006092871105845423,0.0005919490092284319,262283398.4614,91420954.72859998,2363813.5624,-0.031343146901779084,-0.031343146901779084,-0.030126385090889284,0.9698736149091107,-0.00047892645221614405,0.9998816213056769,322.99644071671923,15.733164178672945,0.000032163799999999985,0.000015321149106855868
2021-08-03T06:00:00.000Z,0.023658227383367342,0.9671822128733434,0.0006337500330928635,0.0006261008448124871,0.0006048693275254591,261548364.62200004,94095555.65729998,2674600.9287,-0.033422656454182076,-0.033422656454182076,-0.03218403709356375,0.9678159629064362,-0.0005683103311685533,1.0004990489528787,321.4126412459633,15.66372636310413,0.000031558500000000074,0.000017384247786680847
2021-08-03T07:00:00.000Z,0.023658227383367342,0.967831990980949,0.0006503942890278197,0.0006422401421233005,0.0006212782151820972,261783003.79389998,96663449.99749999,2567894.3402,-0.03278928723423313,-0.03278928723423313,-0.031517614730023215,0.9684823852699768,-0.0006183605034201234,1.0026117018284462,321.15585103157576,15.776814282386367,0.000032334100000000054,0.000016675721170106467
2021-08-03T08:00:00.000Z,0.023658227383367342,0.9674913010536805,0.0006683899658032412,0.0006531386097585819,0.0006321818635132148,261596524.3616,98396860.65209998,1733410.6546,-0.033140880809832685,-0.033140880809832685,-0.03184030898051623,0.9681596910194837,-0.0004526502263147991,0.9971665190481357,322.67485155426226,15.912243706329887,0.00003297240000000009,0.000011264668443173564
