query_ts,assumedLPToken,equityValue,totalDexYield,totalTradingfee,newTotalTradingFee,liquidity,totalVolume,volume,priceImpact,priceEffect,totalReturn,totalEquityVal,impermanentLoss,tokenPrice,quoteTokenPrice,rewardPrice,rewardTokenPerLP,feePerDollar
2021-11-15T10:00:00.000Z,0.016289786577438587,1,0.000011913372396150704,0.00003654032399063264,1.8629542353210127e-13,304835851.4762,6552235.8581,6552235.8581,-1.8629542353210127e-13,-1.8629542353210127e-13,0.000011913372396150704,1.0000119133723961,-2.220446049250313e-16,0.9978304941554775,646.2675833062367,18.778067160609282,0.0000389465,0.00003654032458724646
2021-11-15T11:00:00.000Z,0.016289786577438587,1.0015549754621345,0.00002354827488435554,0.00008100261879862964,0.00004488147239478657,288206420.3817,14078367.4178,7526131.5597,0.0015100939897396692,0.0015100939897396692,0.0015785237370188113,1.0015785237370187,-6.926477480462268e-8,0.9989654322574146,647.4844541158473,18.79223591023949,0.00003797810000000001,0.000044393263809130594
2021-11-15T12:00:00.000Z,0.016289786577438587,0.9993012750591814,0.000036120073544318286,0.00011942989791009706,0.00008210361291949297,287568001.4639,20583180.755,6504813.3372,-0.0007808285537380666,-0.0007808285537380666,-0.0006626048672742554,0.9993373951327258,-6.224097451879018e-7,0.9981644056555257,645.0428734333416,18.754819492852032,0.00004130339999999999,0.000038454148642919135
2021-11-15T13:00:00.000Z,0.016289786577438587,0.9992043736314888,0.000047543688435182995,0.0001644788579788299,0.00012777712943567998,287884048.0526,28218006.3343,7634825.5793,-0.0009234034979468397,-0.0009234034979468397,-0.0007480826800759767,0.999251917319924,-0.0000012058837520756427,0.998458484049395,644.6688771038253,18.74988022231013,0.00003743269999999999,0.000045084830412133626
2021-11-15T14:00:00.000Z,0.016289786577438587,0.9974128301689469,0.00005945834126027907,0.00021808727500182725,0.00018150494741775436,287529638.14610004,37308589.1799,9090582.8456,-0.00276867477847087,-0.00276867477847087,-0.0025277114897928363,0.9974722885102072,-0.000004059635467901224,0.9979072538350656,642.6444913554578,18.69063519930481,0.00003962629999999999,0.00005374747082479021
2021-11-15T15:00:00.000Z,0.016289786577438587,0.9967718513568254,0.00007027366731221405,0.0002639388800956116,0.00022794069915932358,287764355.25799996,45095170.9784,7786581.7985,-0.003456089342333879,-0.003456089342333879,-0.003157874975862341,0.9968421250241376,-0.000010185715286548103,0.998880180694294,641.1337329921761,18.62296625974868,0.00003636090000000003,0.00004600009978853001
2021-11-15T16:00:00.000Z,0.016289786577438587,0.9940594877100519,0.0000809130197212697,0.0003252742124025164,0.00028896457645122275,286981465.7639,55511226.2135,10416055.2351,-0.006229476866399297,-0.006229476866399297,-0.0058595992702268045,0.9941404007297732,-0.000025922580084825064,0.998780356830745,637.6338632367917,18.533289196769683,0.000036361799999999954,0.00006170187281097035
2021-11-15T17:00:00.000Z,0.016289786577438587,0.9941254623914949,0.00009220751158713509,0.00037568748715604726,0.00033829874712554275,286997524.532,64072392.784099996,8561166.5706,-0.006212836355630635,-0.006212836355630635,-0.005782330096917958,0.994217669903082,-0.00003298909299109809,0.9997187679730168,637.0566664541691,18.512532526775193,0.000037753400000000003,0.00005071118015304428
2021-11-15T18:00:00.000Z,0.016289786577438587,0.9945933485084887,0.00010478926825477965,0.0004086625763290246,0.0003725269545283849,287141567.87640005,69672386.88,5599994.0959,-0.005779178446039701,-0.005779178446039701,-0.005301862223256537,0.9946981377767434,-0.000028313758529407984,0.9995575072756413,637.7156387187997,18.53787924103352,0.00004124639999999999,0.00003315434276352449
2021-11-15T19:00:00.000Z,0.016289786577438587,0.9917814932162357,0.00011705024533387747,0.0004467681517033315,0.0004100530114677925,286393276.61810005,76145100.9944,6472714.1144,-0.008628559795232138,-0.008628559795232138,-0.008101456538430469,0.9918985434615696,-0.00005280240787841617,0.9994389399468064,634.1407835360255,18.468515130476806,0.00004205800000000001,0.00003842134188489735
2021-11-15T20:00:00.000Z,0.016289786577438587,0.9942787069949026,0.0001299079875769881,0.0004710003364905025,0.00043471883660428645,287107516.1608,80261145.5995,4116044.6051,-0.00615601184170167,-0.00615601184170167,-0.005591385017520395,0.9944086149824796,-0.00002848550794321003,0.9992014224532444,637.4594015728658,18.532847437550124,0.000041239399999999956,0.000024371621900525385
2021-11-15T21:00:00.000Z,0.016289786577438587,0.9918683937119046,0.00014229072347000035,0.0004931977998738162,0.00045463197180928283,286414607.8025,84031616.1049,3770470.5054,-0.008586238259904677,-0.008586238259904677,-0.007989315564625394,0.9920106844353747,-0.000054380888351190926,0.9996340197364877,634.071163580993,18.47938980840226,0.00004238000000000007,0.000022379444639220147
2021-11-15T22:00:00.000Z,0.016289786577438587,0.9928292042894113,0.00015536599804970953,0.0005172818583736812,0.00047979260504971144,286718124.535,88122916.2544,4091300.1495,-0.0076505883156383625,-0.0076505883156383625,-0.007015429712538941,0.992984570287461,-0.000043810785739561986,0.9995090640808462,635.3479611391682,18.51482856618688,0.00004244789999999996,0.000024258006937754533
2021-11-15T23:00:00.000Z,0.016289786577438587,0.9931971184451656,0.000168620549869683,0.0005404476567172402,0.0005026622272239489,286831055.4083,92058317.9375,3935401.6831,-0.007305543782058388,-0.007305543782058388,-0.006634261004964756,0.9933657389950352,-0.00003311388581117569,0.9986348670518584,636.3464302661799,18.555138539515827,0.00004273249999999996,0.00002332447179314882
2021-11-16T00:00:00.000Z,0.016289786577438587,0.991483242163366,0.00018081419844692505,0.0005648694399593647,0.0005272209400409844,286527480.90070003,96209859.2454,4151541.3079,-0.009043978776674955,-0.009043978776674955,-0.008335943638187045,0.991664056361813,-0.00005512133962459753,0.9992431926180861,633.7335622575672,18.4898190013247,0.00004245499999999997,0.000024631564837147027
2021-11-16T01:00:00.000Z,0.016289786577438587,0.9900452136088749,0.00019175220875992932,0.0006135681348556659,0.0005748726487203593,286202599.9378,104490938.7367,8281079.4913,-0.010529659039845485,-0.010529659039845485,-0.009763034182365196,0.9902369658176348,-0.00008129584519511734,0.9999942258475008,631.3602184889413,18.38174826032411,0.00004005830000000001,0.00004918835516612887
2021-11-16T02:00:00.000Z,0.016289786577438587,0.9873488971921277,0.00020161922497040187,0.0007097027892621451,0.0006694781607340383,284320722.70930004,120775232.01879999,16284293.2821,-0.013320580968606333,-0.013320580968606333,-0.012449483582901892,0.9875505164170981,-0.00013638250528136275,1.0009350161079225,627.2135045766296,18.152225053018817,0.000041465999999999986,0.00009736644700314166
2021-11-16T03:00:00.000Z,0.016289786577438587,0.9772209294193897,0.00021086952262148944,0.000756644604612411,0.0007088614696590945,280211021.4149,128693011.6854,7917779.6666,-0.023487932050269444,-0.023487932050269444,-0.02256820105798886,0.9774317989420112,-0.000343050259816402,1.0002572655189856,614.7699900051985,17.89670627756705,0.00004146479999999998,0.000048036031435358316
2021-11-16T04:00:00.000Z,0.016289786577438587,0.9736290672041954,0.0002226629507450783,0.0008369340027983847,0.0007865401876638867,278883232.61789995,142221153.6955,13528142.0101,-0.02715747298346849,-0.02715747298346849,-0.026148269845059524,0.9738517301549404,-0.0004424014596589032,1.0000462074797536,610.2870738647632,17.858527208906853,0.0000420859,0.00008246405207400733
2021-11-16T05:00:00.000Z,0.016289786577438587,0.9756898751374371,0.00023684083156011213,0.0009058325917903893,0.000858310742534063,280070978.6269,153854849.88059998,11633696.1851,-0.02516843560509696,-0.02516843560509696,-0.024073284031002787,0.9759267159689972,-0.0003909318091214198,1.0003039862907523,612.6272501490376,18.0340187685868,0.000040813600000000046,0.00007061525478873892
2021-11-16T06:00:00.000Z,0.016289786577438587,0.9739082513502054,0.00024993596495600145,0.0009435730658071148,0.000894697647368381,279781939.467,160232490.7952,6377640.9146,-0.026986446297162958,-0.026986446297162958,-0.025841812684838577,0.9741581873151615,-0.00046201523740596606,1.0008749759555193,609.9961486590993,18.100255365090792,0.000041462700000000134,0.000038751570510500375
2021-11-16T07:00:00.000Z,0.016289786577438587,0.9710776600341247,0.0002634053571912424,0.000990558510092771,0.0009422755915583503,275956065.26269996,168086662.4759,7854171.6807,-0.029864615557433694,-0.029864615557433694,-0.0286589346086841,0.9713410653913159,-0.0005255417734716383,0.9999360141477792,606.9621708778562,18.16278718924061,0.000042606599999999844,0.00004838484649532636
2021-11-16T08:00:00.000Z,0.016289786577438587,0.9709295783482542,0.00027557077115433087,0.0010340603998086288,0.0009815709290492691,274678534.06700003,175325956.0221,7239293.5462,-0.03005199258079505,-0.03005199258079505,-0.02879485088059145,0.9712051491194086,-0.0005412123109876932,1.000222996686092,606.5536483782995,18.149149340036672,0.000041817600000000086,0.000044804371300227286
2021-11-16T09:00:00.000Z,0.016289786577438587,0.9790115976235538,0.0002924827315927064,0.0010856034592261526,0.0010415605079249213,277237137.2997,183911836.6465,8585880.6244,-0.02202996288437109,-0.02202996288437109,-0.020695919644853462,0.9793040803551465,-0.0003191416559504834,1.0008198566510245,616.2604962427492,18.464895445973973,0.00004028660000000003,0.00005264805863906095
2021-11-16T10:00:00.000Z,0.016289786577438587,0.9675803690056848,0.0003000192583915022,0.0011445544961961843,0.001088418514427092,274084459.6053,193734740.4957,9822903.8492,-0.03350804950874231,-0.03350804950874231,-0.03211961173592372,0.9678803882640763,-0.0006778157894758996,1.0005752994378105,602.0268341110668,18.14953751727072,0.000042386900000000094,0.00006092624356626269
2021-11-16T11:00:00.000Z,0.016289786577438587,0.95875276794663,0.0003051771647809718,0.0012716293359261738,0.0012067128792784265,270135522.4181,214796066.8268,21061326.3311,-0.042453944932648424,-0.042453944932648424,-0.04094205488858903,0.959057945111411,-0.0010549175234226826,1.0003999017956893,591.0372413691093,17.798734207722035,0.00003779030000000003,0.00013254182360901897
2021-11-16T12:00:00.000Z,0.016289786577438587,0.9552421336949969,0.0003171859914285951,0.001308191541987116,0.001241569668576692,269466526.6933,220863078.4833,6067011.6565,-0.045999435973579805,-0.045999435973579805,-0.04444068031357452,0.9555593196864255,-0.001172492035060313,0.9991861633671516,587.3811374922916,17.85152053727861,0.000038183800000000046,0.000038275328452164455
2021-11-16T13:00:00.000Z,0.016289786577438587,0.9453487184867408,0.00031735763546249923,0.0013485949497691004,0.001267156197806596,266218559.6056,227555994.3491,6692915.8658,-0.05591843771106575,-0.05591843771106575,-0.054333923877796654,0.9456660761222033,-0.0016168571154738798,0.9971934733512908,576.379796126032,17.244720758659163,0.00003899169999999993,0.000042739157588097254
2021-11-16T14:00:00.000Z,0.016289786577438587,0.9539999193170162,0.00032927076615709046,0.001388640378088195,0.0013191359222811672,268736209.6832,234191619.9598,6635625.6107,-0.04731921660526495,-0.04731921660526495,-0.04567080991682669,0.9543291900831733,-0.0013382475896094315,1.0011170967367486,584.6272797117108,17.290576984472462,0.00003930000000000006,0.00004197634383356119
2021-11-16T15:00:00.000Z,0.016289786577438587,0.9609111626889315,0.00034539593321160675,0.0014465375033331756,0.0013876867319819741,274386779.0859,243916584.2779,9724964.3181,-0.040476524043050466,-0.040476524043050466,-0.03874344137785689,0.9612565586221431,-0.0009278887143785441,0.9996051187010964,593.9527295890964,17.514971817067213,0.00004153979999999994,0.000060252317534564315
2021-11-16T16:00:00.000Z,0.016289786577438587,0.9548221435871499,0.00035056584321291415,0.001503994714746739,0.001435520528251133,277078369.518,253724478.3856,9807894.1077,-0.04661337694110124,-0.04661337694110124,-0.04482729056963719,0.9551727094303628,-0.0012344268235593425,0.9998065261779348,586.2613790130192,17.213524899753946,0.000039637199999999994,0.00006017582683229567
2021-11-16T17:00:00.000Z,0.016289786577438587,0.9573219487548394,0.0003588385967140411,0.0015475767599864296,0.001483182541192174,281800026.38119996,261270910.9822,7546432.5966,-0.04416123378635273,-0.04416123378635273,-0.042319212648446514,0.9576807873515535,-0.0011425346495378408,1.0004873932368266,588.8799995858699,17.112683651674725,0.00003704400000000002,0.000045524961721848405
2021-11-16T18:00:00.000Z,0.016289786577438587,0.957773310136035,0.00037075769489564844,0.0015758772505542124,0.0015145180206943554,282098703.25420004,266174153.7331,4903242.7509,-0.043741207884659405,-0.043741207884659405,-0.0418559321690694,0.9581440678309306,-0.0011302244399004069,1.0006682453864997,589.2911357859216,17.153205521680942,0.00003961529999999997,0.0000295482133748727
2021-11-16T19:00:00.000Z,0.016289786577438587,0.9516508227115197,0.0003756262561687547,0.0016259464622095266,0.0015635307912487129,280293279.1799,274848902.1591,8674748.426,-0.04991270807972903,-0.04991270807972903,-0.04797355103231156,0.9520264489676884,-0.0013923613557574877,0.9994280029519311,582.4312233570857,16.872144118075774,0.00003981740000000004,0.00005261300723066899
2021-11-16T20:00:00.000Z,0.016289786577438587,0.9531849327782466,0.0003880335080535211,0.001656087345172191,0.0015861352705849319,280922339.15500003,280074261.3206,5225359.1615,-0.04840120249233837,-0.04840120249233837,-0.04642703371369992,0.9535729662863001,-0.0013612939135081437,1.0004245081580156,583.7038946507305,16.932539346399032,0.00004010719999999992,0.000031621232406329595
2021-11-16T21:00:00.000Z,0.016289786577438587,0.9480882571334059,0.0003943866372619958,0.0016895154891474174,0.0016106213948492432,279404274.6186,285869183.6486,5794922.328,-0.0535223642614433,-0.0535223642614433,-0.05151735622933206,0.9484826437706679,-0.0016366713076205741,1.0000723937643385,577.6415415188959,16.72301824252014,0.000040947199999999966,0.00003525847258796445
2021-11-16T22:00:00.000Z,0.016289786577438587,0.9562670545569223,0.00041259582702696273,0.0017164847571793692,0.0016519762044944208,281852616.9573,290545061.1389,4675877.4903,-0.04538492164757213,-0.04538492164757213,-0.043320349616050746,0.9566796503839493,-0.0011440389948702556,0.999238025366963,588.1075727257161,17.033132528508638,0.000039268299999999964,0.000028202653639771783
2021-11-16T23:00:00.000Z,0.016289786577438587,0.9605205071766257,0.00042432915918412767,0.001741892452061456,0.0016845329445391855,285872326.4001,294993235.79359996,4448174.6547,-0.04116402576791345,-0.04116402576791345,-0.03905516366419014,0.9609448363358098,-0.0010886472827968952,1.002478616778567,591.4018329907824,17.056807100473304,0.00004016479999999991,0.000026452007468559764
2021-11-17T00:00:00.000Z,0.016289786577438587,0.9576747880619105,0.0004318446679578347,0.0017646300391562751,0.0017045759639545688,285108507.75,298975110.46799994,3981874.6744,-0.04402978790204404,-0.04402978790204404,-0.04189336727013163,0.9581066327298684,-0.0010953073323085594,0.9996250604447048,589.5501157009581,16.910839433009173,0.00004046409999999991,0.000023742493690913014
2021-11-17T01:00:00.000Z,0.016289786577438587,0.9530316579149313,0.00043654189941156804,0.0018023627217680805,0.001730500382490896,280204576.8342,305500953.95199996,6525843.484,-0.04869884246755962,-0.04869884246755962,-0.04653180018565716,0.9534681998143428,-0.0013607980927654584,1.0001020760496575,583.5268792574473,16.676727176076653,0.00003929780000000008,0.00003959226522329218
2021-11-17T02:00:00.000Z,0.016289786577438587,0.9522757078986736,0.00044645279535161146,0.0018373082593629952,0.0017655373089396909,280104434.5938,311547398.59309995,6046444.6411,-0.04948982941026614,-0.04948982941026614,-0.04727783930597484,0.9527221606940252,-0.0014163350500808747,1.0003260456634535,582.4264694643147,16.638148115797392,0.00004029330000000007,0.00003669686952574052
2021-11-17T03:00:00.000Z,0.016289786577438587,0.9460491995626624,0.00044635214474662653,0.0018757872699496966,0.001793105958850627,282196945.1583,318299105.24579996,6751706.6527,-0.0557439063961882,-0.0557439063961882,-0.05350444829259095,0.9464955517074091,-0.0017185412957312352,0.9991393078796594,575.4700043044153,16.24129999400958,0.0000398689000000001,0.00004067337193587056
2021-11-17T04:00:00.000Z,0.016289786577438587,0.9432981741518155,0.0004523370519810474,0.0019222376028911773,0.001834175991274889,281537239.4721,326454157.7053,8155052.4595,-0.058536001839459395,-0.058536001839459395,-0.05624948879620346,0.9437505112037965,-0.001966268336567434,1.0002703864317735,571.4249081543682,16.133999045026634,0.00003399220000000006,0.00004924247039981318
2021-11-17T05:00:00.000Z,0.016289786577438587,0.9393132697327511,0.0004602272430284953,0.001966108016448776,0.0018684873953971337,280649659.3672,334164557.0546,7710399.3493,-0.06255521766264605,-0.06255521766264605,-0.06022650302422042,0.9397734969757796,-0.002233822832025334,1.0001334760420892,566.6339251004507,16.119621604865678,0.00003158319999999999,0.000046704773928337485
2021-11-17T06:00:00.000Z,0.016289786577438587,0.9405891660463239,0.0004711203719840161,0.002000720168900576,0.0019080162975411152,281849428.1616,340265498.7094,6100941.6548,-0.061318850251217194,-0.061318850251217194,-0.05893971358169206,0.941060286418308,-0.0021946401961389084,1.0008614001523668,567.7163439505215,16.132368714210315,0.0000400664999999999,0.00003679837451085188
2021-11-17T07:00:00.000Z,0.016289786577438587,0.9374636330990117,0.000480558404287717,0.0020447502288825485,0.0019433022251506005,281642180.41830003,348046645.724,7781147.0146,-0.0644796691261389,-0.0644796691261389,-0.062055808496700574,0.9379441915032994,-0.0023338662295275814,0.999563175750312,564.6318291755688,16.12110601489033,0.00003719190000000007,0.00004696721884901477
2021-11-17T08:00:00.000Z,0.016289786577438587,0.9412106888684043,0.0004953633345018088,0.002079356873757506,0.0019872748297692366,281000643.7492,354124230.7222,6077584.9982,-0.060776585961364926,-0.060776585961364926,-0.05829394779709388,0.9417060522029062,-0.0020444572171867126,0.9991257829486072,569.3597987552032,16.28439210842847,0.00003746189999999977,0.00003676822358514406
