query_ts,assumedLPToken,equityValue,totalDexYield,totalTradingfee,newTotalTradingFee,liquidity,totalVolume,volume,priceImpact,priceEffect,totalReturn,totalEquityVal,impermanentLoss,tokenPrice,quoteTokenPrice,rewardPrice,rewardTokenPerLP,feePerDollar
2021-06-25T10:00:00.000Z,0.02631213501670388,1,0.000014641383225004501,0.000030034091763356714,-8.597567102697212e-13,118023535.77660002,2085135.1755,2085135.1755,8.597567102697212e-13,8.597567102697212e-13,0.000014641383225004501,1.000014641383225,0,0.999555613629993,288.8833348923802,12.872410223575516,0.0000432281,0.0000300340925648899
2021-06-25T11:00:00.000Z,0.02631213501670388,1.0044079332854534,0.000029454873439719727,0.0000732592803804131,0.000045025269470588825,118333774.3768,5080754.002599999,2995618.8271,0.004362908015982825,0.004362908015982825,0.0044373881588931335,1.004437388158893,-0.000008978948202842396,0.9996712953404836,291.37585476860875,12.959773909375151,0.000043149999999999985,0.000043035490356744864
2021-06-25T12:00:00.000Z,0.02631213501670388,1.0014046794849065,0.00004395741433573446,0.00011521966308571105,0.0000848982346617344,118106334.8816,7991833.771299999,2911079.7687,0.0013197812502447892,0.0013197812502447892,0.001448636899242258,1.0014486368992424,-5.988590222605339e-7,0.9997800468310547,289.5813431311289,12.902215831364494,0.00004310459999999999,0.000041901525534181884
2021-06-25T13:00:00.000Z,0.02631213501670388,1.0005559017915493,0.00005856291529309032,0.00017274748365053976,0.00014526613263443622,118439402.6697,11997583.929599999,4005750.1583,0.00041063565891485965,0.00041063565891485965,0.0006144647068423862,1.0006144647068425,-8.18304641825307e-8,0.9995616120582346,289.11890017101257,12.908085417490803,0.000042944100000000015,0.00005749585961777334
2021-06-25T14:00:00.000Z,0.02631213501670388,1.0016499856488743,0.00007239107995343864,0.00022542473053659015,0.00019541196765326951,118722275.76009999,15670325.537199998,3672741.6076,0.0014545736812210386,0.0014545736812210386,0.0017223767288277467,1.0017223767288277,-0.000001514032729632575,0.9992691640193154,289.8074024233751,12.777711164781426,0.00004288900000000002,0.00005259047380069141
2021-06-25T15:00:00.000Z,0.02631213501670388,0.9982929589781012,0.00008627109655493599,0.00026495697679827665,0.00023508673727967722,118341838.71,18426983.413099997,2756657.8759,-0.001942127759178458,-0.001942127759178458,-0.0016207699253438447,0.9983792300746561,-8.110947843364968e-7,0.9988857724284742,287.9552979077371,12.698536279642985,0.00004288379999999997,0.00003959984431637871
2021-06-25T16:00:00.000Z,0.02631213501670388,0.9954982705707138,0.00009912147488487707,0.00030997883956189215,0.00027860540167323755,118993050.74350001,21592580.335399996,3165596.9223,-0.00478033483095941,-0.00478033483095941,-0.004402607954401295,0.9955973920455987,-0.000008628679805666728,0.998918515676736,286.3105071365685,12.533830229113697,0.00004235810000000001,0.0000452254542116945
2021-06-25T17:00:00.000Z,0.02631213501670388,0.9847657927269432,0.00010867820383183155,0.0003826555298048329,0.0003487385141985877,117915276.1156,26711559.258499995,5118978.9231,-0.015582945787255387,-0.015582945787255387,-0.015125529069224968,0.9848744709307751,-0.00012872169625766094,0.9998957873968497,279.85493558731577,12.081010660360755,0.00004132970000000003,0.00007380099047335144
2021-06-25T18:00:00.000Z,0.02631213501670388,0.9817685450369521,0.00012034805394840247,0.00043786245166352425,0.00040429426025845316,120663138.07699999,30702820.090599995,3991260.8321,-0.018635749223306353,-0.018635749223306353,-0.018111106909099495,0.9818888930909005,-0.00018971022456204523,1.0002242149946752,278.0305724849277,11.947412079747512,0.0000409454,0.00005623211465161902
2021-06-25T19:00:00.000Z,0.02631213501670388,0.9910068914433621,0.00013700541363976322,0.00047728637086534695,0.0004474059743435621,121773015.30209999,33552429.040399995,2849608.9498,-0.009440514530981492,-0.009440514530981492,-0.008856103142998166,0.9911438968570019,-0.00005179283356560038,1.0002481110482637,283.2584235559128,12.274858758712488,0.00004136179999999999,0.00003978168071671671
2021-06-25T20:00:00.000Z,0.02631213501670388,0.9955562540201024,0.00015233725485250748,0.0005401436328101905,0.000512988973861872,123417446.4719,38136140.747899994,4583711.7075,-0.0049567349537594785,-0.0049567349537594785,-0.004291408725045099,0.9957085912749549,-0.000013401648473410077,0.999763701445427,285.96706356619177,12.445669547285412,0.00004099690000000003,0.00006313783120220504
2021-06-25T21:00:00.000Z,0.02631213501670388,0.9947323629176487,0.0001660311759869453,0.0005602851669585981,0.0005648527014667781,123310437.7415,39604854.66809999,1468713.9202,-0.005832489783818118,-0.005832489783818118,-0.0051016059063643945,0.9948983940936356,-0.000018048019907235258,0.999714033744906,285.4780983283872,12.465783063222979,0.000040999000000000086,0.00002024819398966175
2021-06-25T22:00:00.000Z,0.02631213501670388,0.9901706518822847,0.0001771235228065826,0.0005863216428927994,0.0005579584900848866,122757336.778,41503617.35769999,1898762.6896,-0.010387306607800184,-0.010387306607800184,-0.009652224594908715,0.9903477754050913,-0.00006915675625307482,1.0008752819361968,282.54003983841153,12.302274499594109,0.00004099519999999992,0.000026294938103434715
2021-06-25T23:00:00.000Z,0.02631213501670388,0.9839227699158772,0.00018850770142521186,0.0006120658620497297,0.000577670653134188,122152908.1925,43383685.48759999,1880068.1299,-0.01665490073725695,-0.01665490073725695,-0.01588872238269755,0.9841112776173024,-0.00015377457944576456,1.000298609702288,279.13333329401416,12.181595670951634,0.00004093820000000001,0.0000261648770227661
2021-06-26T00:00:00.000Z,0.02631213501670388,0.9882824258459811,0.00020251316866195908,0.000635932231492361,0.000604745974279397,123209667.02979998,45133939.83219999,1750254.3446,-0.012322320128298259,-0.012322320128298259,-0.011515060985356903,0.9884849390146431,-0.00008039741567589243,0.9998375736352753,281.72830152025864,12.23834712298883,0.00004076570000000006,0.000024149341991974943
2021-06-26T01:00:00.000Z,0.02631213501670388,0.9942609706860489,0.00021941413836569328,0.000671401199991958,0.0006431275790015345,124001949.2943,47736062.39819999,2602122.566,-0.0063821568929526284,-0.0063821568929526284,-0.005519615175585401,0.9944803848244146,-0.000020674634631623334,0.9995833868835071,285.19977968529963,12.45406436376852,0.00004068259999999995,0.00003567370019080288
2021-06-26T02:00:00.000Z,0.02631213501670388,0.9893436889380539,0.0002297375349651488,0.0006946992194245879,0.0006646931553460078,123317539.60339999,49444297.94879999,1708235.5506,-0.011321004217292097,-0.011321004217292097,-0.01042657352698094,0.989573426473019,-0.00005518055622599771,0.9986763483604024,282.628076291745,12.297394773278187,0.00004043500000000005,0.00002354896509741858
2021-06-26T03:00:00.000Z,0.02631213501670388,0.9896432572761479,0.00024242178694038256,0.0007184085369957314,0.0006877074571541852,123925785.0268,51190735.82609999,1746437.8773,-0.011044450181006304,-0.011044450181006304,-0.010114320936911737,0.9898856790630882,-0.00006617142717302293,0.9999539766119456,282.4249000012521,12.274709506071787,0.000040585500000000054,0.000023957438645782557
2021-06-26T04:00:00.000Z,0.02631213501670388,0.9911101704885483,0.00025631479545288536,0.0007401232421222257,0.0007116567404032992,124725673.8244,52798191.283599995,1607455.4575,-0.009601486251854974,-0.009601486251854974,-0.00863351471599879,0.9913664852840012,-0.000046682373625484,0.9995704608978848,283.3583389199664,12.322901180182365,0.000039912299999999974,0.00002190947696620428
2021-06-26T05:00:00.000Z,0.02631213501670388,0.9969915354810572,0.0002726194238294826,0.0007529469189537656,0.0007277684972066822,125455223.2292,53747398.3119,949207.0283,-0.0037362330161494484,-0.0037362330161494484,-0.0027358450951132833,0.9972641549048867,-0.000007244517856941357,0.999618815450122,286.71056794747864,12.469700555390576,0.000040387200000000134,0.000012862373575008064
2021-06-26T06:00:00.000Z,0.02631213501670388,0.9976917635168026,0.0002863727253797813,0.0007718183610824899,0.0007477774647977053,125538764.6345,55144209.1844,1396810.8725,-0.003056013947995151,-0.003056013947995151,-0.002021863757817664,0.9979781362421823,-0.000006455253322656951,1.0000879546458585,286.96753732869274,12.491575594041128,0.00004038899999999991,0.000018915101563755782
2021-06-26T07:00:00.000Z,0.02631213501670388,0.9883046483332141,0.0002944920247382656,0.0007909410683133427,0.000758682788903009,125406011.1175,56571550.9232,1427341.7388,-0.012454034455688934,-0.012454034455688934,-0.011400859642047659,0.9885991403579524,-0.00006777019430470599,0.9986666788186099,281.98339183829745,12.28123170009065,0.0000400485000000001,0.000019349000373566562
2021-06-26T08:00:00.000Z,0.02631213501670388,0.9673092964151431,0.00029185177874537383,0.0008500539029482291,0.0008025914875912088,121616864.59059998,60943361.12679999,4371810.2036,-0.03349329507244814,-0.03349329507244814,-0.03239885180611155,0.9676011481938884,-0.0006001963639341579,1.0001438342613305,269.6973828039824,11.654595274781315,0.00004038999999999979,0.00006111058175310366
2021-06-26T09:00:00.000Z,0.02631213501670388,0.963860713770982,0.0003037873007853319,0.0009162974235275419,0.0008642205407862757,120288424.51779999,65806358.656399995,4862997.5296,-0.03700350676980424,-0.03700350676980424,-0.03583549892823263,0.9641645010717673,-0.0007268043102304222,0.9999877772060365,267.78372044937555,11.633371315808994,0.000040728700000000076,0.00006872727640635658
2021-06-26T10:00:00.000Z,0.02631213501670388,0.9750116051676475,0.0003262678770311075,0.0009578966484988141,0.0009164223819199124,121680099.8837,68860197.2366,3053838.5802,-0.025904817214272402,-0.025904817214272402,-0.02466212695532138,0.9753378730446787,-0.0003404679117621212,0.9994078834205283,274.1507711974275,12.008816181431337,0.00004011809999999985,0.00004266536262956705
2021-06-26T11:00:00.000Z,0.02631213501670388,0.9728638984255328,0.00033562778086307946,0.0009802623711011051,0.000936486245329271,122207369.7172,70512841.18689999,1652643.9503,-0.02807258781979649,-0.02807258781979649,-0.02680047379360414,0.9731995262063958,-0.0004115797599715254,0.9997770618054656,272.83114483865717,11.887496262800816,0.00004046239999999995,0.000022989568648858493
2021-06-26T12:00:00.000Z,0.02631213501670388,0.9840782867216207,0.0003577231162988352,0.00100946764902993,0.0009792611425873954,123627360.28019999,72671069.512,2158228.3251,-0.01690097442096672,-0.01690097442096672,-0.015563990162080488,0.9844360098379195,-0.0001485140072111646,0.9997456887100862,279.14795001046434,12.209701973884224,0.00004045990000000014,0.000029677800645053654
2021-06-26T13:00:00.000Z,0.02631213501670388,0.9797165276994017,0.00036450482645067746,0.001037145620663216,0.0010019551543083427,123009754.18169999,74715274.49399999,2044204.982,-0.02128542745490669,-0.02128542745490669,-0.019918967474147672,0.9800810325258523,-0.00023424803249849635,0.9996872176649464,276.67978019815274,12.004739792433243,0.00004048100000000006,0.000028250999219678088
2021-06-26T14:00:00.000Z,0.02631213501670388,0.9688904172917105,0.00036693140305709717,0.001070031913656608,0.0010222544711060433,121652993.5317,77144199.64409998,2428925.1501,-0.032131837179395495,-0.032131837179395495,-0.030742651305232356,0.9692573486947677,-0.0005370734164846791,0.9996776865307837,270.58384372308933,11.675101699727746,0.00004048059999999998,0.000033942220699189224
2021-06-26T15:00:00.000Z,0.02631213501670388,0.9757223616989991,0.0003859401695755974,0.0011139578128476538,0.0010730994167259533,122666073.78780001,80392603.03029998,3248403.3862,-0.02535073771772689,-0.02535073771772689,-0.02389169813142534,0.9761083018685747,-0.0003490958376177744,1.0003051189010221,274.2165591896717,11.877883657749432,0.00004042980000000006,0.00004501885147227423
2021-06-26T16:00:00.000Z,0.02631213501670388,0.9730565380306039,0.00039739103734378174,0.001151967970510175,0.001113382675996366,122338305.75070001,83203695.60459998,2811092.5743,-0.028056844645392487,-0.028056844645392487,-0.02654607093205234,0.9734539290679477,-0.0003986967860790669,0.999340624286808,272.9591396626712,11.842627981852173,0.00004042430000000011,0.000039062641475911194
2021-06-26T17:00:00.000Z,0.02631213501670388,0.9672672639713935,0.00040753106245889926,0.0011853517523027549,0.0011349593421507986,121768609.6865,85675849.25589998,2472153.6513,-0.03386769537075729,-0.03386769537075729,-0.03232520496614759,0.9676747950338525,-0.0005961548178785581,0.9996395043483782,269.624435471572,11.772441346870322,0.00004033859999999994,0.00003451350243736857
2021-06-26T18:00:00.000Z,0.02631213501670388,0.9730314118019309,0.0004263551069623946,0.0012116039403822503,0.0011681417646741687,122460639.9631,87619356.94959998,1943507.6937,-0.0281367299627433,-0.0281367299627433,-0.02654223309110674,0.9734577669088933,-0.00040375791783875403,0.9994371252191107,272.88792043362696,11.94943127084564,0.00004038330000000011,0.000026979795959628778
2021-06-26T19:00:00.000Z,0.02631213501670388,0.9714631592012638,0.0004377378354474477,0.0012295982069722821,0.0011841714107320156,122319645.75449999,88952126.73379998,1332769.7842,-0.02972101220946821,-0.02972101220946821,-0.028099102963288748,0.9719008970367112,-0.00047776331631166347,1.0003016770258542,271.7638632245912,11.91381955974897,0.00004036440000000004,0.000018522851494251058
2021-06-26T20:00:00.000Z,0.02631213501670388,0.9709999915931466,0.0004507229470101518,0.001239329655384524,0.0011935858166796098,122272376.6945,89672964.85369998,720838.1199,-0.03019359422353296,-0.03019359422353296,-0.0285492854598432,0.9714507145401569,-0.0004529612957597795,0.9990014349535503,271.852565779464,11.922620197061775,0.0000403613999999999,0.000010022090327823991
2021-06-26T21:00:00.000Z,0.02631213501670388,0.9694906944095041,0.00045961994289224554,0.001249942889221513,0.0012021529106026607,122096296.12739998,90459209.51339999,786244.6597,-0.03171145850109858,-0.03171145850109858,-0.03004968564760367,0.9699503143523963,-0.0005158502912313567,0.9994575083552825,270.8786034312773,11.825748633754962,0.00004036220000000006,0.000010947227425271961
2021-06-26T22:00:00.000Z,0.02631213501670388,0.9698182338390466,0.00047231196289288283,0.0012606188748693035,0.001214525078497397,122135716.9645,91250090.9011,790881.3877,-0.03139629123945076,-0.03139629123945076,-0.029709454198060477,0.9702905458019395,-0.0005054157101643808,0.9994562154661101,271.0553187710392,11.82934112983058,0.00004032830000000007,0.000011008232419684344
2021-06-26T23:00:00.000Z,0.02631213501670388,0.9771855282791326,0.0004923639070211747,0.00127099770968271,0.0012338442465460453,123114322.5091,92019276.7066,769185.8055,-0.024048315967413414,-0.024048315967413414,-0.022322107813846193,0.9776778921861538,-0.0003051682545369694,0.999921451587062,275.0554164570814,12.012179739545628,0.00004034510000000002,0.000010621151485062572
2021-06-27T00:00:00.000Z,0.02631213501670388,0.9837593424272588,0.0005130757326659874,0.00129339884578752,0.0012667665809102946,125150117.62310001,93695622.0537,1676345.3471,-0.017507424153651474,-0.017507424153651474,-0.01572758184007519,0.9842724181599248,-0.00015560783064716421,0.9995355805395604,278.8622633009641,12.204478385410479,0.00003995240000000034,0.00002277095015325811
2021-06-27T01:00:00.000Z,0.02631213501670388,0.9887088034611793,0.0005379666838525644,0.001322131578821153,0.0012991302961451456,125788654.286,95845932.1171,2150310.0634,-0.01259032683496586,-0.01259032683496586,-0.01075322985496815,0.9892467701450318,-0.0000851752984423193,0.9999375661001318,281.54727092583266,12.48439692599773,0.00003994989999999975,0.000029060865055989802
2021-06-27T02:00:00.000Z,0.02631213501670388,0.9941567272642774,0.0005594900214920678,0.001339163363299555,0.0013236647006815705,126391866.0025,97119656.5332,1273724.4161,-0.007166937436404175,-0.007166937436404175,-0.005283782714230537,0.9947162172857694,-0.00004015346478258852,1.0013252121756222,284.2541165031116,12.677755319590542,0.00003954480000000008,0.000017131889700300574
2021-06-27T03:00:00.000Z,0.02631213501670388,0.9958999057513028,0.0005750765212022025,0.0013530851349866009,0.0013395509214060297,126621886.32270001,98160867.45179999,1041210.9186,-0.005439645170103202,-0.005439645170103202,-0.00352501772749497,0.9964749822725051,-0.000016917059628696052,0.999917775676372,285.64554123384625,12.727588153950935,0.000039975200000000044,0.00001397908855273999
2021-06-27T04:00:00.000Z,0.02631213501670388,0.9963601205116421,0.000586654680747729,0.0013737761586066297,0.001361156241287409,126825691.40969999,99710126.2735,1549258.8217,-0.005001035729645276,-0.005001035729645276,-0.003053224807610138,0.9969467751923898,-0.000015868961626641642,1.0001756268676967,285.8238348606171,12.688790710733658,0.000039929300000000024,0.000020766612565760978
2021-06-27T05:00:00.000Z,0.02631213501670388,0.9944092219219504,0.0005951796594212686,0.0013877243476772326,0.0013723953237696485,126582795.59260002,100754554.1991,1044427.9256,-0.006963173401819289,-0.006963173401819289,-0.004995598418628372,0.9950044015813716,-0.000027135611488926514,0.999934971347072,284.7661758453203,12.587158419763561,0.00003992769999999997,0.00001402660973956082
2021-06-27T06:00:00.000Z,0.02631213501670388,0.9844058902264744,0.0005944333874035473,0.0014055008839812147,0.0013768274841238215,126430943.8834,102097558.4218,1343004.2227,-0.01697093725764942,-0.01697093725764942,-0.014999676386122053,0.9850003236138779,-0.00015834420677085514,1.0002358644223872,278.97144014983104,12.300525282381802,0.00003957039999999969,0.000018058135994741753
2021-06-27T07:00:00.000Z,0.02631213501670388,0.984495999458693,0.0006096919536553669,0.0014196246933969865,0.0013910057566393075,126792093.264,103167551.98550001,1069993.5637,-0.01689500629794627,-0.01689500629794627,-0.014894308587651594,0.9851056914123484,-0.00013907622807496356,0.9991953534612688,279.3050898177668,12.350904436608733,0.000039460900000000454,0.000014346234149653118
2021-06-27T08:00:00.000Z,0.02631213501670388,0.9904951711391898,0.0006338151047478764,0.0014309403665152356,0.001410253136151951,127512029.9563,104024452.2211,856900.2356,-0.010915081996962117,-0.010915081996962117,-0.00887101375606229,0.9911289862439377,-0.00006609363068144081,1.0000780178951119,282.4637557183961,12.578855244299096,0.000038886599999999656,0.000011424258566185794
