query_ts,assumedLPToken,equityValue,totalDexYield,totalTradingfee,newTotalTradingFee,liquidity,totalVolume,volume,priceImpact,priceEffect,totalReturn,totalEquityVal,impermanentLoss,tokenPrice,quoteTokenPrice,rewardPrice,rewardTokenPerLP,feePerDollar
2022-04-07T10:00:00.000Z,0.01842481713349147,1,0.000004904155979661186,0.000029325908095046246,-3.943512183468556e-13,308634897.9696,5324116.7949,5324116.7949,3.943512183468556e-13,3.943512183468556e-13,0.000004904155979661186,1.0000049041559798,0,1.000235175941404,429.51616806730146,8.848100575002158,0.0000300823,0.0000293259077663392
2022-04-07T11:00:00.000Z,0.01842481713349147,1.000265156055606,0.000009774004577271003,0.000046882582852360156,0.00001751867170285415,308980029.2453,8514248.4871,3190131.6922,0.00024763738390309875,0.00024763738390309875,0.0002749300601832239,1.0002749300601832,-3.151334421191976e-7,0.99968890981583,429.9637423309243,8.80230198461206,0.000030183799999999997,0.00001755202072440251
2022-04-07T12:00:00.000Z,0.01842481713349147,1.0059927355188505,0.000014879967369324398,0.00007559857238335472,0.00004635840363387267,310847111.3096,13733723.9006,5219475.4135,0.005946377115216617,0.005946377115216617,0.0060076154862198135,1.0060076154862199,-0.000023904890476877938,0.9992496665258324,435.0681486718354,8.93461830814528,0.000030124400000000002,0.000028544927329604456
2022-04-07T13:00:00.000Z,0.01842481713349147,1.005218582919796,0.000019866429470789487,0.00009599506604793538,0.00006953662572306563,310608767.9866,17441041.4217,3707317.5211,0.005149046294072868,0.005149046294072868,0.005238449349266722,1.0052384493492668,-0.00001384272903504069,1.0001092619352483,434.0053874658764,8.950689046297983,0.000030074299999999987,0.000020290604887695553
2022-04-07T14:00:00.000Z,0.01842481713349147,1.005393256270096,0.00002485444291402287,0.0001346053666277862,0.00010637089473441996,310672660.82070005,24459170.2188,7018128.7971,0.005286885375361594,0.005286885375361594,0.005418110713010037,1.00541811071301,-0.000015202425589611046,0.9999940128315168,434.17446128023806,8.956429831688181,0.000030149399999999993,0.00003840318270539965
2022-04-07T15:00:00.000Z,0.01842481713349147,1.0013966999215334,0.000029533970372248307,0.00016081182973585754,0.00013172557770135818,309452786.7805,29222906.756500002,4763736.5377,0.0012649743438319927,0.0012649743438319927,0.0014262338919055991,1.0014262338919055,-0.0000011305429820085422,0.9999956317498084,430.70665824742133,8.866454898528197,0.000030173400000000005,0.000026169911728196185
2022-04-07T16:00:00.000Z,0.01842481713349147,1.0015837084731765,0.00003407653857936811,0.00019877887757249876,0.00017188234210929743,309516046.8838,36124570.8928,6901664.1363,0.001411826131067162,0.001411826131067162,0.0016177850117558275,1.0016177850117558,-0.000001794709889257895,0.9997514318032446,430.9382433359167,8.768029313081625,0.000030148200000000004,0.00003790701370683632
2022-04-07T17:00:00.000Z,0.01842481713349147,1.002820905047582,0.000039049469292587516,0.00022416263758840717,0.00019533008885863623,309902189.0372,40738897.201000005,4614326.3082,0.002625574958723398,0.002625574958723398,0.0028599545168746217,1.0028599545168746,-0.0000043687983065643365,0.9999013393431242,431.91873916945104,8.79018808169683,0.000030173400000000005,0.000025312356612616184
2022-04-07T18:00:00.000Z,0.01842481713349147,1.006042859850626,0.00004414777394858682,0.00023776235439857134,0.00020980094121658688,310897536.5656,43211086.62900001,2472189.428,0.005833058909409328,0.005833058909409328,0.006087007624574502,1.0060870076245745,-0.000017238409743880467,1.000179538246212,434.56574094575956,8.84479234954678,0.00002979640000000001,0.000013518029361140394
2022-04-07T19:00:00.000Z,0.01842481713349147,1.0084821766156333,0.000049203406310075133,0.00024610233129171086,0.00021850836689041309,311649777.7321,44727139.95290001,1516053.3239,0.008263668248742917,0.008263668248742917,0.008531380021943405,1.0085313800219433,-0.00003546866148096406,1.0000423060454706,436.7284691690265,8.88829528466346,0.0000295453,0.000008269829901324323
2022-04-07T20:00:00.000Z,0.01842481713349147,1.0075362979460893,0.000053989064227368786,0.0002563741594737055,0.00022880074994335864,311357898.3798,46594370.698300004,1867230.7454,0.0073074971961459845,0.0073074971961459845,0.007590287010316712,1.0075902870103166,-0.000028913527823970497,0.9999115771125677,435.9575225838407,8.862755399291705,0.000030172699999999993,0.000010194995160546531
2022-04-07T21:00:00.000Z,0.01842481713349147,1.0082421363789829,0.00005901443664761971,0.00026223403990432905,0.00023471373896555292,311570418.3543,47659570.73060001,1065200.0323,0.008007422640017303,0.008007422640017303,0.008301150815630477,1.0083011508156305,-0.000033393730045183645,1.0000382091426367,436.5083005400253,8.877522887644375,0.00003017369999999999,0.0000058119768380925575
2022-04-07T22:00:00.000Z,0.01842481713349147,1.0063138281308728,0.00006388580528944051,0.0002687899085897617,0.00024077793734056385,310977823.2729,48851299.0627,1191728.3321,0.0060730501935322145,0.0060730501935322145,0.006377713936162219,1.0063777139361623,-0.000025287848442911987,0.9991784353527297,435.20875056977354,8.868636696356656,0.0000301735,0.000006514735177087302
2022-04-07T23:00:00.000Z,0.01842481713349147,1.0070898586296668,0.00006885514529532624,0.0002784008754308123,0.00025088918847848696,311220316.4285,50598399.5833,1747100.5206,0.006838969441188336,0.006838969441188336,0.00715871377496215,1.0071587137749622,-0.000028480235100603046,0.9995036556608,435.72982333858397,8.873649811826846,0.0000301735,0.000009543306552425366
2022-04-08T00:00:00.000Z,0.01842481713349147,1.0089027227848055,0.00007498812617593341,0.00030260737991349453,0.0002753636775121304,311782495.99670005,54998733.0957,4400333.5124,0.008627359107293397,0.008627359107293397,0.008977710910981462,1.0089777109109814,-0.00003705009367882539,1.0002172485432956,436.9671498153309,9.039075610100658,0.00002911770000000001,0.000023992902318541886
2022-04-08T01:00:00.000Z,0.01842481713349147,1.0087951950305922,0.00008000234951929894,0.00034066688716747506,0.0003185438568449328,311764987.38060004,61917657.1796,6918924.0839,0.008476651173747296,0.008476651173747296,0.008875197380111527,1.0088751973801116,-0.000025761996848117086,1.0014990983038592,436.2774566335168,9.037853108268433,0.000030172599999999996,0.0000377276840528306
2022-04-08T02:00:00.000Z,0.01842481713349147,1.0105901503721837,0.00008589909293625284,0.0003704999844161635,0.00034477747916028534,312432685.51510006,67343045.3926,5425388.213,0.010245372893023408,0.010245372893023408,0.010676049465119946,1.01067604946512,-0.00006215541537946123,0.9992788877585059,438.7818632409843,9.130767892802893,0.00003016220000000004,0.00002952047077562965
2022-04-08T03:00:00.000Z,0.01842481713349147,1.012588061980122,0.00009128007501652483,0.00040269889451413393,0.00037731085926639985,313192590.71729994,73201336.068,5858290.6754,0.012210751120855567,0.012210751120855567,0.012679342055138492,1.0126793420551385,-0.00006579798029138217,1.0009005120155623,439.77710925902255,9.161778922075527,0.00003014879999999995,0.00003179862628732962
2022-04-08T04:00:00.000Z,0.01842481713349147,1.010623910791061,0.00009537156855888542,0.00042304428879087654,0.00039919757869211203,312578517.7338,76902912.6022,3701576.5342,0.010224713212368952,0.010224713212368952,0.01071928235961995,1.01071928235962,-0.000060186400789197236,0.9994363725344592,438.69477949984554,9.086904162596541,0.00002889349999999999,0.000020131518166258024
2022-04-08T05:00:00.000Z,0.01842481713349147,1.008399172359354,0.00009990100762795392,0.0004363012855775406,0.00040970988383315365,311893857.8678,79314875.2611,2411962.6589,0.007989462475520792,0.007989462475520792,0.008499073366981899,1.0084990733669819,-0.000032359859180375317,1.00014790981684,436.44486924493833,9.039999429661725,0.000030149600000000004,0.00001314657668529009
2022-04-08T06:00:00.000Z,0.01842481713349147,1.008126731446118,0.00010525180073738672,0.0004560050982419877,0.0004296284462623756,311771027.6845,82899320.68149999,3584445.4204,0.007697102999855598,0.007697102999855598,0.00823198324685536,1.0082319832468554,-0.00003797485390444333,0.999188058677824,436.6107504544361,9.068293689104292,0.000030153599999999995,0.000019544975875200437
2022-04-08T07:00:00.000Z,0.01842481713349147,1.0054213850091156,0.00010925158929312397,0.00047573611699141405,0.000448859024732462,310937039.7996,86488746.19319999,3589425.5117,0.004972525984383136,0.004972525984383136,0.005530636598408722,1.0055306365984087,-0.00001817366743839255,0.9991667786761853,434.2622043667725,8.982918846220914,0.000030153699999999992,0.000019624626817772417
2022-04-08T08:00:00.000Z,0.01842481713349147,1.0038328141843207,0.00011374845573367992,0.0004996544960262445,0.00047048156139717356,310473349.41569996,90840314.20949998,4351568.0163,0.003362332622923514,0.003362332622923514,0.003946562640054368,1.0039465626400543,-0.000006506995080979294,0.9999843404144898,432.51784164799597,8.94411977930063,0.000030151300000000014,0.000023827055177625226
2022-04-08T09:00:00.000Z,0.01842481713349147,1.0060777861993015,0.00011919145838570714,0.0005232885598654063,0.000496857728643274,311185513.0617,95140401.79309998,4300087.5836,0.005580928470658275,0.005580928470658275,0.006196977657687256,1.0061969776576873,-0.000016953714015777166,0.9999775116969497,434.4356563431208,8.984881349700148,0.000029747900000000007,0.00002349128923193345
2022-04-08T10:00:00.000Z,0.01842481713349147,1.0032429613534588,0.0001237120282289049,0.0005423921951666202,0.0005166064439738882,310310724.5702,98616225.64019999,3475823.8471,0.002726354909484918,0.002726354909484918,0.0033666733816877115,1.0033666733816877,-0.0000025443723379314775,1.0007022128701832,431.65983400985294,8.956233363071918,0.000029697599999999954,0.000019041883093967187
2022-04-08T11:00:00.000Z,0.01842481713349147,1.0017782133993505,0.00012849191384406598,0.0005587286311348172,0.0005293477920462752,309860939.5583001,101588600.8597,2972375.2195,0.0012488656073041948,0.0012488656073041948,0.0019067053131945361,1.0019067053131945,-0.000004559853394536795,0.9984645238010791,431.35325088586694,8.942636965357583,0.00003014989999999999,0.000016307437395474865
2022-04-08T13:00:00.000Z,0.01842481713349147,0.9990982760472751,0.00013346303300055122,0.0005587286311348172,-0.0021505895600291147,309035256.52430004,101588600.8597,0,0.0012488656073041948,0.0012488656073041948,-0.0007682609197243687,0.9992317390802756,-0.000004559853394536795,0.9984645238010791,431.35325088586694,8.942636965357583,0.00003017070000000009,0
2022-04-08T14:00:00.000Z,0.01842481713349147,0.9945535919777334,0.00013340011547119518,0.0005962709740391595,0.000610872704109866,307255902.4508,108411115.8078,6822514.9481,-0.006057280726376457,-0.006057280726376457,-0.005313007906795396,0.9946869920932047,-0.000012852462725199132,0.9992297742573784,424.7554767446459,8.62898762830507,0.000029046899999999937,0.00003774793362554588
2022-04-08T15:00:00.000Z,0.01842481713349147,1.0042674806542986,0.0001417446157782106,0.0006425080471082112,0.0006631691214704638,309997274.2768,116806680.1431,8395564.3353,0.0036043115328281417,0.0036043115328281417,0.004409225270076816,1.004409225270077,-0.000009544848371456638,0.9994639304686728,432.9518017015112,8.851159276276949,0.000030106700000000055,0.00004604059633526314
2022-04-08T16:00:00.000Z,0.01842481713349147,1.0024088268985698,0.00014616863412876338,0.0006701749441339602,0.0006915898013015731,309380453.44920003,121829637.8482,5022957.7051,0.0017172370972682316,0.0017172370972682316,0.002554995532698568,1.0025549955326987,-0.0000015588196969895662,1.0001852447999922,431.0141128305286,8.82006144154789,0.000030287899999999944,0.000027600412383751645
2022-04-08T17:00:00.000Z,0.01842481713349147,1.001782796918999,0.00015099471505395477,0.00070049039941024,0.0007205078250460684,309192295.53910005,127333534.4336,5503896.5854,0.001062289093952895,0.001062289093952895,0.0019337916340529183,1.001933791634053,-1.1494114771082309e-7,1.0017779126157276,429.7663330454362,8.814460519293721,0.000030287899999999944,0.000030261504992761936
2022-04-08T18:00:00.000Z,0.01842481713349147,0.9980084254089269,0.0001545065324295679,0.0007304191269872964,0.0007473505060252572,308027960.7193,132767229.4662,5433695.0326,-0.002738925097098388,-0.002738925097098388,-0.001837068058643563,0.9981629319413564,-0.000002982298690223928,0.9999347231633123,427.2949167078783,8.734912998696487,0.00003028779999999995,0.00002998845148294105
2022-04-08T19:00:00.000Z,0.01842481713349147,0.9999255416068905,0.00015951651244355507,0.0007592980066416047,0.0007802879138119057,308559504.5532,138009297.8572,5242068.391,-0.0008547463069213945,-0.0008547463069213945,0.0000850581193340662,1.0000850581193341,-4.671039155468293e-8,0.9996857340146944,429.01789214539616,8.7438428826393,0.00003011740000000009,0.000028881029860363704
2022-04-08T20:00:00.000Z,0.01842481713349147,0.9974659169900137,0.00016263845297761665,0.0007792983648953337,0.0007959978494878062,307804555.28999996,141639792.8709,3630495.0137,-0.0033300808594740605,-0.0033300808594740605,-0.002371444557008638,0.9976285554429913,-0.000005345590000649381,1.0001692689722212,426.6883991470492,8.650524655646922,0.00003026879999999995,0.000020051170189717176
2022-04-08T21:00:00.000Z,0.01842481713349147,0.9983264400354859,0.00016776630288851423,0.0008018654015122522,0.0008191146993576925,308071801.5221,145736217.7321,4096424.8612,-0.002492674663871819,-0.002492674663871819,-0.0015057936616256122,0.9984942063383744,-0.0000029801661930450862,1.000180760305982,427.40080051245366,8.665991701907817,0.00003029420000000001,0.000022604867532935933
2022-04-08T22:00:00.000Z,0.01842481713349147,0.9958967806365365,0.0001709308945835379,0.000815552131363811,0.0008301159300861949,307330454.7234,148220735.1622,2484517.4301,-0.004933335293549668,-0.004933335293549668,-0.003932288468879935,0.9960677115311201,-0.000008363099025743281,0.9993795782025351,425.65282897215855,8.582226291872981,0.000030268399999999966,0.000013743121016013032
2022-04-08T23:00:00.000Z,0.01842481713349147,0.9929283038770302,0.00017419040552664193,0.0008530430174388628,0.0008685045175710338,306417175.007,155026422.6236,6805687.4614,-0.007940200640540795,-0.007940200640540795,-0.00689750571744312,0.9931024942825569,-0.000030686020867976005,1.0000973923004248,422.78059712907066,8.507465630043546,0.00003029380000000003,0.00003775789879962079
2022-04-09T00:00:00.000Z,0.01842481713349147,0.990903274260266,0.00017660850679561237,0.0008886912799294735,0.0009004410018019771,305797655.11660004,161497734.56960002,6471311.946,-0.009997166741535946,-0.009997166741535946,-0.008920117232938356,0.9910798827670616,-0.00004641975192232195,0.9998232021392579,421.1446656234933,8.3990836000701,0.000029965600000000064,0.000035975522127549516
2022-04-09T01:00:00.000Z,0.01842481713349147,0.994367769897717,0.00018264409322084379,0.00092860287928142,0.0009589332936025263,306871119.2087,168743081.68800002,7245347.1184,-0.006591163395885502,-0.006591163395885502,-0.005449586009062132,0.9945504139909379,-0.00001974258894044123,0.9999059466204399,424.01236971719936,8.46151596966124,0.00003029350000000004,0.00004013766474030183
2022-04-09T02:00:00.000Z,0.01842481713349147,0.9934330462057447,0.000186932900527566,0.0009513153319250828,0.0009647840350779369,306591317.6759,172866300.19370002,4123218.5057,-0.0075317378293332515,-0.0075317378293332515,-0.006380020893727749,0.9936199791062722,-0.00002357225383675665,0.999541262206096,423.36423610518335,8.442093895151277,0.000030268199999999976,0.0000228625895632823
2022-04-09T03:00:00.000Z,0.01842481713349147,0.9904938840230711,0.0001892997598145555,0.0009754958316208628,0.0009876606945100619,305689453.98620003,177256103.02850002,4389802.8348,-0.010493776671438915,-0.010493776671438915,-0.009316816217114297,0.9906831837828857,-0.00005495396049037815,1.0001698760528768,420.57642975549055,8.338791299210829,0.00003029330000000005,0.000024412568774770008
2022-04-09T04:00:00.000Z,0.01842481713349147,0.9933353763956763,0.00019510153656195024,0.0009988469823929398,0.00101440648686546,306570009.04849994,181495392.90750003,4239289.879,-0.0076790300911891984,-0.0076790300911891984,-0.0064695220677617885,0.9935304779322383,-0.000028938037020642682,1.0001342159907225,422.98765517649775,8.38812686106663,0.000030293200000000058,0.00002350782066604523
2022-04-09T05:00:00.000Z,0.01842481713349147,0.9935641672128273,0.00019996785203907791,0.0010155183207347272,0.001030135404807675,306644087.2408,184522029.06770003,3026636.1602,-0.007465968191980421,-0.007465968191980421,-0.006235864935133668,0.9937641350648664,-0.000029522112162672087,1.000425379195306,423.0461556568002,8.395873736355906,0.000030293200000000058,0.000016779327195373368
2022-04-09T06:00:00.000Z,0.01842481713349147,0.9952362431209659,0.00020619004981132756,0.0010409306023675582,0.0010630939669539208,307162601.9954,189135596.79580003,4613567.7281,-0.005826850845987996,-0.005826850845987996,-0.0045575668292227485,0.9954424331707773,-0.000012828337354386932,0.9994566716681053,424.85597221054513,8.458891179237249,0.00003029310000000006,0.000025533919451194957
2022-04-09T07:00:00.000Z,0.01842481713349147,0.9942132105775799,0.00021031032444387006,0.0010977889468578765,0.0011379662906897403,306849839.701,199458257.66120002,10322660.8654,-0.006924755713109798,-0.006924755713109798,-0.0055764790979761876,0.9944235209020238,-0.00002366589304270139,1.000166196876831,423.61738911351324,8.43478739493648,0.000030293000000000067,0.00005718928674780992
2022-04-09T08:00:00.000Z,0.01842481713349147,0.9941761437939457,0.00021532357170039277,0.0011374242015900465,0.0011599647344006092,306849911.4842,206654327.92960003,7196070.2684,-0.00698382094045491,-0.00698382094045491,-0.005608532634353908,0.9943914673656461,-0.000015758948558541874,0.9988416148990995,424.12869943023315,8.44692272713891,0.000030267799999999995,0.00003986743681009634
