query_ts,assumedLPToken,equityValue,totalDexYield,totalTradingfee,newTotalTradingFee,liquidity,totalVolume,volume,priceImpact,priceEffect,totalReturn,totalEquityVal,impermanentLoss,tokenPrice,quoteTokenPrice,rewardPrice,rewardTokenPerLP,feePerDollar
2022-03-08T09:00:00.000Z,0.01970420920667839,1,0.0000052359733249655055,0.000018683568607769942,5.937472735695337e-13,196807278.532,2162977.783,2162977.783,-5.937472735695337e-13,-5.937472735695337e-13,0.0000052359733249655055,1.000005235973325,0,1.0000771902485843,383.95097768644086,6.041141508598568,0.000043986499999999996,0.000018683568303608878
2022-03-08T10:00:00.000Z,0.01970420920667839,1.0012414988277605,0.00001032695689447927,0.00003640516984038617,0.00001730715853986986,197053753.9774,4214611.9469,2051634.1639,0.001224191669220609,0.001224191669220609,0.001251825784654958,1.001251825784655,-0.000004564872685408616,0.9982805575677635,385.5843121765401,6.067498915683924,0.00004239160000000001,0.000017699627681439713
2022-03-08T11:00:00.000Z,0.01970420920667839,1.0030562655379571,0.000015643075709588585,0.00005995866133947956,0.00004578474142324929,197423863.7655,6941584.3532,2726972.4063,0.0030104807965338765,0.0030104807965338765,0.003071908613666714,1.0030719086136668,-0.000004605822578773733,1.000048071756487,386.27745847178505,6.065778294635506,0.000044502900000000024,0.000023481726080573847
2022-03-08T12:00:00.000Z,0.01970420920667839,1.0025911047244576,0.000020907110310838333,0.0000754161504132024,0.000057526470474744684,197332340.1636,8731219.2505,1789634.8973,0.0025335782539828156,0.0025335782539828156,0.0026120118347683985,1.0026120118347683,-0.000004783800705787655,0.9995145191854974,386.11622162686973,6.054961996586729,0.00004435509999999999,0.000015417540393468656
2022-03-08T13:00:00.000Z,0.01970420920667839,0.9993824326829032,0.000026096669321421315,0.00009482760827243441,0.00007522788882619036,196697987.62870002,10978603.991099998,2247384.7406,-0.0006927952059230247,-0.0006927952059230247,-0.000591470647775413,0.9994085293522246,-4.612266105707974e-7,0.998424949199379,384.0536634272819,6.027207758020053,0.0000445043,0.00001942345270065461
2022-03-08T14:00:00.000Z,0.01970420920667839,1.0004834681282622,0.000031269772818103106,0.00011568900233656076,0.00009734801483118893,196922239.5317,13393949.361699998,2415345.3706,0.00038612011343097663,0.00038612011343097663,0.0005147379010802687,1.0005147379010804,-1.1529250887321041e-7,0.9999830402911022,384.2837148226391,6.024272463938855,0.00004368709999999999,0.000020851312374796617
2022-03-08T15:00:00.000Z,0.01970420920667839,0.99975175141889,0.00003649614877456168,0.0001384933161565652,0.00011986665464291946,196778924.4484,16034256.7141,2640307.3524,-0.0003681152357529749,-0.0003681152357529749,-0.00021175243233549374,0.9997882475676645,-1.4860273678252156e-8,0.9998814077807577,383.7434777525178,6.020789084784048,0.000044206699999999985,0.000022809975771856576
2022-03-08T16:00:00.000Z,0.01970420920667839,0.9978306942220344,0.00004149472084981054,0.00016121792842074955,0.0001456205892186313,196403178.5672,18665368.0841,2631111.37,-0.0023149263671842224,-0.0023149263671842224,-0.0021278110571157807,0.9978721889428842,-0.000002256599807792803,0.9998840152875577,382.24923403329666,5.9802822814866206,0.00004450319999999998,0.000022774017007416128
2022-03-08T17:00:00.000Z,0.01970420920667839,0.9955282302750648,0.00004648615016849689,0.00018427820385919058,0.00016396313190458756,195921995.1728,21334961.8691,2669593.785,-0.004635732856839825,-0.004635732856839825,-0.004425283574766741,0.9955747164252332,-0.000010727250626785256,1.0000625991364125,380.40499057886495,5.952837957810007,0.00004417760000000003,0.000023163858812775386
2022-03-08T18:00:00.000Z,0.01970420920667839,0.9993451686440215,0.00005230732317518289,0.00020562939727409286,0.00018813484095725475,196672698.52310002,23806696.1638,2471734.2947,-0.0008429661969358015,-0.0008429661969358015,-0.0006025240328033639,0.9993974759671966,-2.531136643613152e-7,0.9985234601197156,383.9003666559117,6.021925767515335,0.00004451190000000003,0.000021365183538662146
2022-03-08T19:00:00.000Z,0.01970420920667839,1.0010796720629203,0.00005741850820926867,0.0002197183915804144,0.00020391611802583753,197035943.1033,25437898.7941,1631202.6303,0.0008757559448944185,0.0008757559448944185,0.0011370905711295249,1.0011370905711294,-3.791414209253219e-7,1.000081768795823,384.6220059859271,6.004158911681067,0.000044507099999999986,0.00001407380007847693
2022-03-08T20:00:00.000Z,0.01970420920667839,0.9998704763807571,0.00006258241407795601,0.00022901030157516589,0.0002095238203954075,196793598.8895,26513678.3189,1075779.5248,-0.00033904743963830697,-0.00033904743963830697,-0.00006694120516494345,0.9999330587948351,-1.5952946064157203e-7,1.0003029812766033,383.604058961857,5.994830681551419,0.00004447140000000002,0.000009293113203274914
2022-03-08T21:00:00.000Z,0.01970420920667839,0.9975746496232616,0.00006745391981703444,0.00023768954268179137,0.0002192212093665713,196337310.1552,27518502.8794,1004824.5605,-0.0026445715861049823,-0.0026445715861049823,-0.0023578964569213766,0.9976421035430786,-0.000003315613273713325,1.0000042329963539,381.95075518212025,5.9607104073715105,0.0000445096,0.000008700342036364392
2022-03-08T22:00:00.000Z,0.01970420920667839,0.9958607048353707,0.00007248912942590783,0.00024449129974089324,0.00022498766626655176,195987987.5666,28305916.6849,787413.8055,-0.004364282830895849,-0.004364282830895849,-0.00406680603520339,0.9959331939647966,-0.00001041980872196202,1.0002684519874148,380.53417345783686,5.946677722076045,0.0000443270999999999,0.000006830028135755616
2022-03-08T23:00:00.000Z,0.01970420920667839,0.9950203794095701,0.0000779110753748189,0.00024945288267260433,0.00022975037200467785,195826840.66750002,28880312.9373,574396.2524,-0.005209370962434567,-0.005209370962434567,-0.00490170951505507,0.9950982904849449,-0.000008844360540716245,0.9990604535056163,380.3477947556488,5.962467046590453,0.000044511599999999975,0.00000498641363845512
2022-03-09T00:00:00.000Z,0.01970420920667839,0.9973674808858741,0.00008332615303243992,0.0002606962226711903,0.00024148135151347283,196290094.1143,30181949.0317,1301636.0944,-0.002874000465639348,-0.002874000465639348,-0.0025491929610934353,0.9974508070389065,-0.000003187464595044709,0.9997239526085886,381.8820832121265,5.9807934673537595,0.00004391810000000013,0.000011273015943389858
2022-03-09T01:00:00.000Z,0.01970420920667839,0.9982148146535745,0.00008876157628737883,0.00027408446830381105,0.0002567797100516689,196469998.1458,31732003.6158,1550054.5841,-0.0020419650564771352,-0.0020419650564771352,-0.0016964237701380875,0.9983035762298619,-0.0000013687166328102407,0.9996877033224998,382.53352996627837,5.9942287551014335,0.000044434599999999996,0.000013412189229087808
2022-03-09T02:00:00.000Z,0.01970420920667839,1.0026202808435805,0.00009475339985224721,0.0002883447118923478,0.00027556894003866184,196951546.2388,33379790.1048,1647786.489,0.0023447119035417963,0.0023447119035417963,0.0027150342434327053,1.0027150342434328,-0.000003546097628981393,0.9997560628662627,385.87750364797535,6.040691570469654,0.00004455970000000001,0.000014222975573411106
2022-03-09T03:00:00.000Z,0.01970420920667839,1.0062044847996585,0.00010049382405177384,0.00030252327562246015,0.0002859547327256351,197581110.32950002,35017520.7325,1637730.6277,0.005918530066932881,0.005918530066932881,0.00630497862371029,1.0063049786237104,-0.000017541777946328274,1.000055092528554,388.5178626126214,6.066773174584243,0.000044598199999999955,0.000014091134837976015
2022-03-09T04:00:00.000Z,0.01970420920667839,1.0200460638040547,0.00010856470990628523,0.00033504297047896045,0.00032242266329474134,200343126.483,38774616.0599,3757095.3274,0.019723641140759973,0.019723641140759973,0.020154628513961,1.020154628513961,-0.0001864284856278875,1.0002978773526363,399.15808342843974,6.223892916965296,0.000044588999999999996,0.00003188061486662468
2022-03-09T05:00:00.000Z,0.01970420920667839,1.016953946185528,0.00011317870084731925,0.00038280506523190446,0.0003725762266320043,199796760.8145,44294394.0149,5519777.955,0.01658136995889592,0.01658136995889592,0.017067124886375244,1.0170671248863752,-0.00014014798763617442,0.9997795917066381,396.9075182672199,6.1772679808098205,0.0000445889,0.00004696583911193717
2022-03-09T06:00:00.000Z,0.01970420920667839,1.0149266083344142,0.00011799224003520531,0.00039805190054584055,0.0003854922782684511,199400890.10750002,46056464.4453,1762070.4304,0.01454111605614572,0.01454111605614572,0.015044600574449377,1.0150446005744493,-0.00011573502357209442,0.9992989675291604,395.50608135330276,6.14577285538424,0.00004451440000000004,0.000015022599598552796
2022-03-09T07:00:00.000Z,0.01970420920667839,1.0159129427937765,0.00012372021306771556,0.0004172115957536179,0.00040378445926902984,199581375.7248,48270594.7516,2214130.3063,0.0155091583345075,0.0155091583345075,0.016036663006844247,1.0160366630068443,-0.00011028904474164047,1.0006149426847466,395.74005020917184,6.1652552609869495,0.00004407200000000001,0.00001885958299986947
2022-03-09T08:00:00.000Z,0.01970420920667839,1.0172619553218583,0.0001297597328540604,0.0004523549533560896,0.0004434342897556842,199805057.3789,52330987.209699996,4060392.4581,0.016818521032102574,0.016818521032102574,0.017391715054712317,1.0173917150547123,-0.00013240757194177277,1.0004819194449155,396.813968462268,6.1964220742882405,0.00004434300000000007,0.00003454700931658671
2022-03-09T09:00:00.000Z,0.01970420920667839,1.0159411013934472,0.00013514279583160557,0.0004825459062474986,0.0004718845730637966,199546622.73070002,55819206.269899994,3488219.0602,0.01546921682038338,0.01546921682038338,0.016076244189278784,1.0160762441892788,-0.00012088012545641291,0.9998785582563213,396.0003499886711,6.193548285059241,0.00004460250000000005,0.00002971722758917774
2022-03-09T10:00:00.000Z,0.01970420920667839,1.0146828624350555,0.0001410017312861855,0.0005032407938325658,0.0004885584444944691,199295547.5205,58210216.398499995,2391010.1286,0.014194303990560986,0.014194303990560986,0.014823864166341641,1.0148238641663416,-0.00009659856899546515,1.0002716354477799,394.85139822074166,6.216667839669447,0.000043711900000000024,0.00002039542412858919
2022-03-09T11:00:00.000Z,0.01970420920667839,1.0172753976870719,0.00014877655649140145,0.000518729397823047,0.0005084015906915429,202079367.1773,60020084.002799995,1809867.6043,0.016766996096380327,0.016766996096380327,0.01742417424356327,1.0174241742435632,-0.00010761889277344228,1.0020355956668083,396.15854857659076,6.318796025790958,0.000043840400000000055,0.000015225576813146416
2022-03-09T12:00:00.000Z,0.01970420920667839,1.0137044912623878,0.0001529256142652488,0.0005377800479666536,0.0005236491976934321,224520771.1496,62502108.370299995,2482024.3675,0.013180842064694387,0.013180842064694387,0.013857416876653067,1.013857416876653,-0.00009867340834379679,0.9991237062079215,394.5154127663353,6.2881125229079124,0.00003931730000000004,0.00001879310053651362
2022-03-09T13:00:00.000Z,0.01970420920667839,1.0138581177678614,0.00015709976867233936,0.0005573767825346351,0.0005434943929782943,228809529.93580002,65103655.56199999,2601547.1917,0.013314623374883094,0.013314623374883094,0.014015217536533729,1.0140152175365338,-0.00008628689809264678,1.0001667570387676,394.2080643062501,6.266129909512675,0.000038137200000000025,0.00001932887247804282
2022-03-09T14:00:00.000Z,0.01970420920667839,1.013629608906884,0.0001615880231407552,0.0005754230500223498,0.0005614983678561281,229250681.8514,67504531.9532,2400876.3912,0.013068110539027789,0.013068110539027789,0.013791196930024672,1.0137911969300246,-0.00008824984320898732,0.999774865095146,394.17073327760414,6.256613160949998,0.00003834190000000002,0.00001780361058069008
2022-03-09T15:00:00.000Z,0.01970420920667839,1.0158385867101143,0.0001675618321602956,0.0005959194019362923,0.0005834639921356022,229743643.4679,70231288.90439999,2726756.9512,0.015255122717978686,0.015255122717978686,0.016006148542274584,1.0160061485422747,-0.00010693862986188574,1.0005921010921646,395.5511110145847,6.302312617453512,0.00003860090000000005,0.00002017677941843764
2022-03-09T16:00:00.000Z,0.01970420920667839,1.0167603260111602,0.00017232458320973039,0.0006109910786529065,0.0006001125882593161,231556709.41880003,72250359.13649999,2019070.2321,0.01616021342290086,0.01616021342290086,0.016932650594369908,1.0169326505943699,-0.00015330804384150465,0.9985976234479724,397.04812080565057,6.308360888969865,0.00003702250000000017,0.00001482323446029814
2022-03-09T17:00:00.000Z,0.01970420920667839,1.014432320439657,0.0001763212899943492,0.0006326765933854185,0.0006200937793379158,231126838.9832,75156710.58049999,2906351.444,0.013812226660319116,0.013812226660319116,0.014608641729651381,1.0146086417296514,-0.00009736069799914926,0.9998400802991656,394.72424861821514,6.282055470240271,0.00003809319999999984,0.000021376995750628223
2022-03-09T18:00:00.000Z,0.01970420920667839,1.014026989658419,0.0001807050890665528,0.0006429497828507671,0.0006296911278291795,231092891.6081,76533899.35509999,1377188.7746,0.013397298530589907,0.013397298530589907,0.01420769474748564,1.0142076947474856,-0.00008470621490741514,1.0003692913201025,394.1925686834224,6.272648625770131,0.000037604500000000016,0.000010131081490772856
2022-03-09T19:00:00.000Z,0.01970420920667839,1.0130700525806857,0.00018479830572299012,0.0006540459284657374,0.0006399528260885301,231267220.3856,78023939.0939,1490039.7388,0.01243009975459719,0.01243009975459719,0.01325485088640871,1.0132548508864088,-0.00007309020411516709,1.000339848102134,393.45206355550863,6.251216530354656,0.00003824339999999982,0.000010952990016209504
2022-03-09T20:00:00.000Z,0.01970420920667839,1.0134017711456564,0.0001891736362937958,0.000665403452386255,0.0006515156890811724,231447308.5288,79549765.7023,1525826.6084,0.012750255456575266,0.012750255456575266,0.013590944781950234,1.0135909447819502,-0.00007324138476338948,1.0006436736808126,393.581402180699,6.240225597018124,0.00003822620000000029,0.00001120732511761842
2022-03-09T21:00:00.000Z,0.01970420920667839,1.0103825520510281,0.00019310790232880844,0.0006804094884707391,0.0006680605748308199,230759008.7313,81565762.6326,2015996.9303,0.009714491476197296,0.009714491476197296,0.010575659953356924,1.0105756599533569,-0.0000517068800517384,0.999575411886744,391.64349171855105,6.215571028044976,0.00003822619999999995,0.000014851835255977754
2022-03-09T22:00:00.000Z,0.01970420920667839,1.010124964283614,0.00019776251756630864,0.0006869165572586295,0.0006712700310389508,230789260.2215,82440297.1749,874534.5423,0.00945369425257514,0.00945369425257514,0.010322726801180399,1.0103227268011803,-0.00004700240139976497,0.9997906996277309,391.35691401572706,6.215267964098808,0.00003808400000000005,0.000006441845346196487
2022-03-09T23:00:00.000Z,0.01970420920667839,1.0096739561602475,0.00020251503415871666,0.0006919170323584728,0.0006766153700290545,230641270.34210002,83112218.0589,671920.884,0.008997340790218411,0.008997340790218411,0.009876471194406182,1.0098764711944062,-0.000047778407526344324,0.9992590565506894,391.2111732666696,6.219070669571758,0.00003779539999999998,0.000004952563351327921
2022-03-10T00:00:00.000Z,0.01970420920667839,1.012473098548162,0.00020819935171104422,0.0006996514645153217,0.0006868673824587113,231281527.4777,84151508.6115,1039290.5526,0.01178623116570332,0.01178623116570332,0.012681297899873076,1.0126812978998732,-0.00007942227384727385,0.999191057446996,393.4035651860235,6.25221701219908,0.00003737939999999995,0.000007639148524692934
2022-03-10T01:00:00.000Z,0.01970420920667839,1.0127106878634133,0.00021249848742890685,0.0007133001997936548,0.0007071166065262258,231335800.5441,85985515.3255,1834006.714,0.012003571256887113,0.012003571256887113,0.012923186350842246,1.0129231863508423,-0.00006796915398687986,1.0003497595146147,393.11672211471875,6.2416200918059275,0.00003782549999999997,0.000013477427213889642
2022-03-10T02:00:00.000Z,0.01970420920667839,1.0052951334245974,0.00021432141580079013,0.0007313025781257825,0.0007130852953294298,230072372.074,88409064.6575,2423549.332,0.00458204812926799,0.00458204812926799,0.005509454840398211,1.0055094548403982,-0.0000089089176759094,1.0004277277697344,387.34183515231433,6.1614376811387706,0.00003750030000000003,0.00001790755590190916
2022-03-10T03:00:00.000Z,0.01970420920667839,1.0129355296173648,0.00021881659864135924,0.0007527327400999223,0.008203449979126809,231820957.1585,91294075.3744,2885010.7169,0.004732079638237963,0.004732079638237963,0.01315434621600613,1.0131543462160062,-0.000009249084435891675,1.0004972630711264,387.43061203712006,6.159816538665863,0.00003750030000000003,0.000021156491970554226
2022-03-10T04:00:00.000Z,0.01970420920667839,1.0042844075502693,0.0002229819753695302,0.0007641180410441587,0.0007441870992166422,231697368.9557,92839187.3917,1545112.0173,0.0035402204510526225,0.0035402204510526225,0.004507389525638795,1.004507389525639,-0.000006635022146594949,0.9999683391224092,386.71642328222237,6.1486999953600066,0.000037639899999999836,0.000011336729636805747
2022-03-10T05:00:00.000Z,0.01970420920667839,0.9917021150411092,0.00022197984656080976,0.0007886113287422065,0.0007591589918178876,236801110.8259,96279521.8097,3440334.418,-0.00905704395070872,-0.00905704395070872,-0.008075905112330023,0.99192409488767,-0.00004120177619737486,1.0000566766459522,377.0352851983151,6.005808473069259,0.00003532049999999996,0.000024698230891745952
2022-03-10T06:00:00.000Z,0.01970420920667839,0.9891969756494478,0.00022529855684672013,0.0008142341424992388,0.000784678213215817,236055830.5223,99876268.47129999,3596746.6616,-0.011587702563768065,-0.011587702563768065,-0.010577725793705528,0.9894222742062945,-0.00006969894998343218,1.0002288819521858,375.04742599825227,5.98277532231072,0.000035373499999999955,0.00002590264053716043
2022-03-10T07:00:00.000Z,0.01970420920667839,0.9913177973822574,0.00023007045212025738,0.0008265182371534913,0.0007968235193681616,236822930.38450003,101602524.0764,1726255.6051,-0.009479026137110713,-0.009479026137110713,-0.008452132165622295,0.9915478678343778,-0.000054383639678246,1.0009828234703613,376.36569075516405,5.996522711908772,0.00003600469999999999,0.000012391682359074764
