query_ts,assumedLPToken,equityValue,totalDexYield,totalTradingfee,newTotalTradingFee,liquidity,totalVolume,volume,priceImpact,priceEffect,totalReturn,totalEquityVal,impermanentLoss,tokenPrice,quoteTokenPrice,rewardPrice,rewardTokenPerLP,feePerDollar
2021-08-01T09:00:00.000Z,0.02370996170478581,1,0.00001592687732698087,0.000010583370557238004,2.5268676040468563e-13,249061023.6754,1550532.3727,1550532.3727,-2.5268676040468563e-13,-2.5268676040468563e-13,0.00001592687732698087,1.000015926877327,0,0.9999207331059902,342.7314935376513,16.692372487753563,0.0000402422,0.000010583370270835159
2021-08-01T10:00:00.000Z,0.02370996170478581,1.0021867370103492,0.00003077631719169083,0.000022856374631459477,0.000012088751634387052,249668672.60509998,3349061.0257,1798528.653,0.0021746482587148286,0.0021746482587148286,0.0022175133275409067,1.0022175133275408,-8.737420785775996e-7,1.0007713895703945,343.93116477752625,16.68834967671155,0.0000375386,0.000012246224879546799
2021-08-01T11:00:00.000Z,0.02370996170478581,0.9948507290639631,0.000045931375792822314,0.00003771009897142304,0.000030659358358331446,248577482.6897,5532244.7511,2183183.7254,-0.00517993029439523,-0.00517993029439523,-0.005103339560244076,0.9948966604397559,-0.000014847660288808129,1.0001767279466163,339.1032235491422,16.489014569751948,0.000039704600000000006,0.000014930605511895728
2021-08-01T12:00:00.000Z,0.02370996170478581,0.9954154969825855,0.00006151285693874439,0.000051307581813408746,0.00004050607464778366,248684186.77639997,7530511.052300001,1998266.3012,-0.0046250090920623155,-0.0046250090920623155,-0.004522990160475787,0.9954770098395243,-0.000012552844945279418,1.0002956201621007,339.44129002638346,16.44372328639647,0.000040288400000000026,0.000013660107448224686
2021-08-01T13:00:00.000Z,0.02370996170478581,0.997141120165783,0.0000769219828278645,0.00006519107318144694,0.000054802935505304795,248559159.889,9566253.894100001,2035742.8418,-0.002913682769722259,-0.002913682769722259,-0.0027819578513890897,0.9972180421486109,-0.0000035902389868835982,0.9996824899722989,340.81838555530874,16.57322308420144,0.000037981099999999995,0.000013923296299381949
2021-08-01T14:00:00.000Z,0.02370996170478581,0.9936722390459127,0.00009083923272389726,0.00008145960413028145,0.00007099395462883962,247700150.22840002,11951771.072500002,2385517.1784,-0.006398754908716109,-0.006398754908716109,-0.006236921721363372,0.9937630782786366,-0.000018230376153782757,0.9995398409958328,338.4883544689616,16.353409664633627,0.00003852460000000001,0.000016372130576184974
2021-08-01T15:00:00.000Z,0.02370996170478581,0.9959946998554622,0.00010648141138114916,0.00009594740077627421,0.00008536404059500402,248598423.66919997,14078904.754,2127133.6815,-0.00409066418513282,-0.00409066418513282,-0.0038988187331566665,0.9961011812668433,-0.00000931651465518879,1.0001383017207754,339.859281180578,16.475596691638692,0.000038305400000000014,0.000014546058680411571
2021-08-01T16:00:00.000Z,0.02370996170478581,0.9941451928929309,0.00012062028222042468,0.00010761953988798448,0.00009676197523555974,248166372.7027,15792841.0451,1713936.2911,-0.005951569082304653,-0.005951569082304653,-0.005734186824848668,0.9942658131751513,-0.000017207217167691802,0.9998178200737567,338.6989124642184,16.461043675551068,0.000036467499999999996,0.000011740880374475892
2021-08-01T17:00:00.000Z,0.02370996170478581,0.9923605648477092,0.0001335757519374085,0.00014033409692997174,0.00013226485750927885,247555624.671,20593440.0883,4800599.0432,-0.007771700009800098,-0.007771700009800098,-0.00750585940035341,0.9924941405996466,-0.00002918668261597812,0.9997590412705795,337.4795535981496,16.300707480246274,0.00003656079999999998,0.00003296640253795868
2021-08-01T18:00:00.000Z,0.02370996170478581,0.9904917253348458,0.00014826885964714796,0.00015808561959554783,0.00014697189304935243,247090261.73240003,23198342.7107,2604902.6224,-0.0096552465582036,-0.0096552465582036,-0.0093600058055071,0.9906399941944929,-0.00005060961787772822,1.000279597627832,336.02453327573136,16.218655372808623,0.00003995769999999999,0.000017921930338460316
2021-08-01T19:00:00.000Z,0.02370996170478581,0.9906878398219928,0.00016433243446759585,0.0001689800767053335,0.00015792885070153861,246459900.49670002,24792628.163000003,1594285.4523,-0.009470089028708717,-0.009470089028708717,-0.009147827743539583,0.9908521722564604,-0.00004155032068897668,0.999521742062079,336.4050683206893,16.27319640290503,0.00004034079999999997,0.00001099686100435754
2021-08-01T20:00:00.000Z,0.02370996170478581,0.9959490358633646,0.00018173300850751257,0.00018552433079883297,0.00017551495683887364,247763077.4312,27213644.6528,2421016.4898,-0.004226479093474289,-0.004226479093474289,-0.0038692311281279027,0.9961307688718721,-0.000011060277991914447,1.0003886407514793,339.6815686066601,16.44134018968166,0.00004028129999999997,0.000016611547109164702
2021-08-01T21:00:00.000Z,0.02370996170478581,0.9998679157771323,0.00019960831444276408,0.00019736465178190382,0.00018809861325341792,248730519.74150002,28946255.464300003,1732610.8115,-0.000320182836121119,-0.000320182836121119,0.00006752409157506303,1.000067524091575,-2.84788334248276e-7,1.0003552620724054,342.36327663643857,16.606824197272964,0.000040752400000000034,0.000011841885678569429
2021-08-01T22:00:00.000Z,0.02370996170478581,0.9975712086331465,0.00021374897716904892,0.00020832845341668744,0.00019908037644578158,248287239.548,30551431.7633,1605176.299,-0.0026278717432992593,-0.0026278717432992593,-0.002215042389684429,0.9977849576103156,-0.0000025328446100481017,0.999540216017482,341.0623418646817,16.522329941136533,0.00003868920000000002,0.000010990495175135475
2021-08-01T23:00:00.000Z,0.02370996170478581,0.9924349848195785,0.00022580705695267653,0.0002251024001351982,0.00021432887813166435,246995378.08370003,33007119.375600003,2455687.6123,-0.007779344058553184,-0.007779344058553184,-0.007339208123468843,0.9926607918765311,-0.00003190479149839387,1.0000991701390476,337.35958039832656,16.25980818047945,0.000040086999999999964,0.000016901809958141477
2021-08-02T00:00:00.000Z,0.02370996170478581,0.9866282890397411,0.00023755309387437547,0.0002517704593402042,0.00024136027090282397,245543030.3677,36911179.998500004,3904060.6229,-0.013613071231161733,-0.013613071231161733,-0.013134157866384534,0.9868658421336155,-0.00009062913740942591,0.9996779309322301,333.5447424064074,16.022039428806718,0.0000396124,0.00002702949071285491
2021-08-02T01:00:00.000Z,0.02370996170478581,0.9797677376690909,0.00024831235277557936,0.0002775376016463287,0.00026412910684192603,243848334.75800002,40683547.46790001,3772367.4694,-0.02049639143775106,-0.02049639143775106,-0.019983949978133554,0.9800160500218664,-0.0002267954750863055,1.000511190703936,328.63189946138357,15.753272234817642,0.00003947470000000003,0.00002629923515509923
2021-08-02T02:00:00.000Z,0.02370996170478581,0.9785800342610385,0.0002630313050453297,0.0002904901332230093,0.0002765075638253567,243529122.3704,42579643.28430001,1896095.8164,-0.0216964733027869,-0.0216964733027869,-0.021156934433916214,0.9788430655660838,-0.00024045488622415068,0.9999172833391395,328.0218322064696,15.74177290112883,0.00003992160000000002,0.000013236046910961916
2021-08-02T03:00:00.000Z,0.02370996170478581,0.9811725332255733,0.0002806774404673443,0.0003013008965389732,0.00028803630795992685,244199450.5597,44162372.801300004,1582729.517,-0.01911550308238663,-0.01911550308238663,-0.01854678933395936,0.9814532106660406,-0.00018166354972659615,0.9996827978414413,329.83224356911063,15.906112709029392,0.00003950900000000004,0.000011018207341306906
2021-08-02T04:00:00.000Z,0.02370996170478581,0.981677816824068,0.00029789981506995366,0.00031072275637922866,0.0002980489026495059,244195851.9638,45541032.387600005,1378659.5863,-0.018620232078581544,-0.018620232078581544,-0.018024283360862085,0.981975716639138,-0.00018568054646206367,1.0003972603903153,329.9296101916096,16.024747335559393,0.00003981870000000006,0.000009597711336462164
2021-08-02T05:00:00.000Z,0.02370996170478581,0.9819016967599166,0.0003141904621388513,0.000321834825888537,0.000308976639665115,244370749.69689998,47167806.2937,1626773.9061,-0.01840727987974855,-0.01840727987974855,-0.017784112777944585,0.9822158872220554,-0.00017653531441919057,1.0001334929460077,330.15986116998374,16.089911806293152,0.00003952710000000007,0.000011316884871860269
2021-08-02T06:00:00.000Z,0.02370996170478581,0.9829697721631625,0.0003304187265894179,0.0003294240598037636,0.000317297750310086,246807577.5857,48288707.691700004,1120901.398,-0.017347525587147583,-0.017347525587147583,-0.016699809110248078,0.983300190889752,-0.0001623143234318336,1.0004397422014175,330.77186008293785,16.132379476166133,0.00004025899999999995,0.000007720720713845726
2021-08-02T07:00:00.000Z,0.02370996170478581,0.9907636415416714,0.00035116672021533743,0.00034310742724003257,0.000333277061014714,248647010.5983,50308734.9759,2020027.2842,-0.009569635519343311,-0.009569635519343311,-0.00888519173811326,0.9911148082618867,-0.000048207874093209035,1.000124368332,336.1347949170754,16.387953460388527,0.000039925599999999996,0.000013810929698599315
2021-08-02T08:00:00.000Z,0.02370996170478581,0.9900111901303615,0.0003650523843966646,0.00035370944094015907,0.00034339316303688694,247544680.7568,51868118.585700005,1559383.6098,-0.010332203032675347,-0.010332203032675347,-0.009623757485241795,0.9903762425147582,-0.00005080008961921845,0.9996147581909901,335.78848988501784,16.322013014368302,0.00003953200000000002,0.000010708984449011145
2021-08-02T09:00:00.000Z,0.02370996170478581,0.9850952384547713,0.0003749961115838692,0.0003652406978304157,0.00035323664057351767,246305112.41410002,53564107.3369,1695988.7512,-0.015257998185802202,-0.015257998185802202,-0.014529765433644815,0.9854702345663552,-0.00011501803169966518,0.9997128387256781,332.4216047089709,16.088307720543835,0.00003977079999999999,0.000011705728918012296
2021-08-02T10:00:00.000Z,0.02370996170478581,0.9858583679958713,0.00039098167328620754,0.0003917551544195134,0.00038166172659825914,246405397.91910002,57462355.715,3898248.3781,-0.014523293730726916,-0.014523293730726916,-0.013750650330842449,0.9862493496691576,-0.00010523660233352494,0.9997992918369991,332.8890339102695,16.13181745265757,0.00003914250000000003,0.000026894793290793847
2021-08-02T11:00:00.000Z,0.02370996170478581,0.9883325882160194,0.00040711584609553906,0.0004005310553210913,0.00038981516400060645,247068316.12610003,58752852.0679,1290496.3529,-0.01205722694798117,-0.01205722694798117,-0.011260295937885025,0.988739704062115,-0.0000848370764791051,1.0008169221680894,334.2169905638168,16.188398242736294,0.00003846230000000002,0.000008879502780155324
2021-08-02T12:00:00.000Z,0.02370996170478581,0.9855541200198514,0.00041878471005637606,0.0004148288664149398,0.00040391783968574124,246322267.24109998,60854905.8799,2102053.812,-0.01484979781983431,-0.01484979781983431,-0.014027095270092192,0.9859729047299078,-0.00010136177304487237,0.9991985946345312,332.86848090600967,16.060169299082204,0.00003911290000000001,0.000014507383032904085
2021-08-02T13:00:00.000Z,0.02370996170478581,0.982657102309163,0.0004293530091080531,0.00043858919282037894,0.0004257663989617466,244893500.14599997,64338108.6679,3483202.788,-0.017768664089798714,-0.017768664089798714,-0.016913544681728915,0.9830864553182711,-0.0001743615335723092,1.0006680160230808,330.413009449399,15.897933624673534,0.00003926030000000001,0.00002417967294382974
2021-08-02T14:00:00.000Z,0.02370996170478581,0.9861515469549305,0.00044684824891175445,0.00045127810755884106,0.00044103570541753623,261957719.59480003,66320836.654400006,1982727.9865,-0.014289488750487078,-0.014289488750487078,-0.013401604796157788,0.9865983952038422,-0.00010801244039515545,1.0002266354323885,332.90471566369615,16.030154694835872,0.00003663590000000006,0.000012867105356787158
2021-08-02T15:00:00.000Z,0.02370996170478581,0.9863569828356972,0.00045977475638050216,0.0004642228741230634,0.0004546409941363905,261507334.13180003,68339644.9621,2018808.3077,-0.014097658158439219,-0.014097658158439219,-0.013183242407922326,0.9868167575920777,-0.0000931648728315082,0.9993737473960143,333.3185214031155,16.02018221682583,0.00003476350000000001,0.000013123815951411446
2021-08-02T16:00:00.000Z,0.02370996170478581,0.9884592182775395,0.00047386845959591694,0.00048294864859907383,0.0004735301883437293,262048203.44140002,71259849.8021,2920204.84,-0.012014311910804265,-0.012014311910804265,-0.011066913262864618,0.9889330867371354,-0.0000805443800714345,1.000526302002204,334.34311469529115,16.026483593943965,0.00003661399999999995,0.000018944408558443492
2021-08-02T17:00:00.000Z,0.02370996170478581,0.9885689385105505,0.0004893202381754766,0.000496711266582341,0.00048726207649463227,262070173.9519,73406013.1356,2146163.3335,-0.011918323565944133,-0.011918323565944133,-0.010941741251274024,0.989058258748726,-0.00007232664771050779,0.9999583669439854,334.59801444706017,16.087420492755996,0.000035786200000000054,0.000013921758481450227
2021-08-02T18:00:00.000Z,0.02370996170478581,0.9902266608635764,0.0005050483375315057,0.0005068920325058471,0.0004986906829025362,262529174.7718,74993735.0652,1587721.9296,-0.010272029819326178,-0.010272029819326178,-0.009268290798892137,0.9907317092011079,-0.00006533210971237935,1.0010272622984768,335.3554504572964,16.13092166157422,0.00003766360000000008,0.000010281246961089867
2021-08-02T19:00:00.000Z,0.02370996170478581,0.9895089108543085,0.0005189577842296175,0.000518936133496782,0.0005100604159415933,262343995.52089998,76872086.809,1878351.7438,-0.011001149561633117,-0.011001149561633117,-0.009972131361461906,0.9900278686385381,-0.00007627710139868071,1.0012110289777318,334.8000664880549,16.117429515796776,0.00003750389999999998,0.000012171797407139855
2021-08-02T20:00:00.000Z,0.02370996170478581,0.9832626095659973,0.0005271604901815782,0.0005272756098752523,0.000515646483522314,260690424.6826,78172691.7947,1300604.9857,-0.017253036917525,-0.017253036917525,-0.016210229943821108,0.9837897700561788,-0.00014534614209471552,0.9995679514708576,331.124019001759,15.933285775396852,0.0000374079000000001,0.000008481433402788027
2021-08-02T21:00:00.000Z,0.02370996170478581,0.9798471719564373,0.0005355783893941831,0.0005386739344942149,0.000524928784121359,259793616.94009998,79950407.31009999,1777715.5154,-0.020677756827684024,-0.020677756827684024,-0.019617249654168483,0.9803827503458316,-0.00022376663985490541,1.0001831666402925,328.61795094684476,15.764401661680951,0.00003747059999999989,0.000011632758386349432
2021-08-02T22:00:00.000Z,0.02370996170478581,0.9831818187131919,0.0005540139043248432,0.0005452572448321619,0.0005329078006138799,260731644.33639997,80977371.56889999,1026964.2588,-0.017351089087422,-0.017351089087422,-0.016264167382483277,0.9837358326175167,-0.00016313965240011274,1.000481893617628,330.75552537314735,15.883982352124464,0.000038163999999999975,0.000006695923866101543
2021-08-02T23:00:00.000Z,0.02370996170478581,0.9853347747848906,0.0005690452859112411,0.0005516565540122989,0.000540826558112828,261423611.1618,81976094.88239999,998723.3135,-0.015206051773222207,-0.015206051773222207,-0.014096179929198137,0.9859038200708019,-0.00013002040165066564,1.0007247975864122,332.12048816083706,15.910632611252044,0.000037381600000000096,0.000006494553515669942
2021-08-03T00:00:00.000Z,0.02370996170478581,0.9830637720585073,0.0005816018378277976,0.0005599648968400546,0.0005479978123873464,260834432.76829997,83272822.2347,1296727.3523,-0.01748422575388009,-0.01748422575388009,-0.016354626103664945,0.9836453738963351,-0.00015075719811807886,0.9996471728101235,330.94201608209977,15.860648020667558,0.000038144000000000115,0.000008451478110132059
2021-08-03T01:00:00.000Z,0.02370996170478581,0.9855896099654287,0.0005988032729194202,0.0005758962413104969,0.0005664258728265148,261504049.7342,85759306.96959999,2486484.7349,-0.014976815907397856,-0.014976815907397856,-0.013811586761651921,0.986188413238348,-0.00013000183845990332,1.0009565892828929,332.19818014624514,15.948221639532719,0.00003699809999999992,0.00001616427758432982
2021-08-03T02:00:00.000Z,0.02370996170478581,0.9782538483892546,0.0006060623345533265,0.0005861966785237155,0.000573344283500199,265232143.7502,87402094.28019999,1642787.3106,-0.022319495894245645,-0.022319495894245645,-0.02114008927619212,0.9788599107238078,-0.00023921969048745773,0.9992241236345984,327.8314288796735,15.781376764038882,0.00003614219999999993,0.000010529411663807411
2021-08-03T03:00:00.000Z,0.02370996170478581,0.9794703283288734,0.0006233998222046418,0.0005954593117451463,0.0005818880920264169,265450269.35750002,88878743.72659999,1476649.4464,-0.021111559763153043,-0.021111559763153043,-0.019906271848921984,0.980093728151078,-0.00022141422202826,0.9996286342363866,328.50902016701923,15.882855852396695,0.000035690299999999905,0.000009456777214639786
2021-08-03T04:00:00.000Z,0.02370996170478581,0.9756402093075214,0.0006288410079062623,0.0006063203544059014,0.0005897005019195323,264024623.71699998,90607673.53889999,1728929.8123,-0.024949491194398155,-0.024949491194398155,-0.02373094968457236,0.9762690503154277,-0.00033331561781646535,1.000477627997012,325.6615096797271,15.724372243254562,0.0000312792000000001,0.000011132221834204444
2021-08-03T05:00:00.000Z,0.02370996170478581,0.9713682943352544,0.0006411907602709834,0.0006212028318164243,0.0006049532973240179,262283398.4614,92971487.10129999,2363813.5624,-0.029236658962069617,-0.029236658962069617,-0.027990514904474614,0.9720094850955254,-0.0004389101368821313,0.9998816213056769,322.99644071671923,15.733164178672945,0.00003216380000000013,0.000015321149106855868
2021-08-03T06:00:00.000Z,0.02370996170478581,0.9692971860139852,0.0006500812816089842,0.0006380533332592874,0.0006178767302864596,261548364.62200004,95646088.02999999,2674600.9287,-0.03132069071630128,-0.03132069071630128,-0.030052732704405838,0.9699472672955942,-0.0005246461952700399,1.0004990489528787,321.4126412459633,15.66372636310413,0.00003155850000000014,0.000017384247786680847
2021-08-03T07:00:00.000Z,0.02370996170478581,0.969948385015427,0.0006668698359771604,0.0006542279229688515,0.0006343291565077402,261783003.79389998,98213982.3702,2567894.3402,-0.030685944141080723,-0.030685944141080723,-0.029384745148595823,0.9706152548514042,-0.0005727793513933266,1.0026117018284462,321.15585103157576,15.776814282386367,0.000032334099999999945,0.000016675721170106467
