query_ts,assumedLPToken,equityValue,totalDexYield,totalTradingfee,newTotalTradingFee,liquidity,totalVolume,volume,priceImpact,priceEffect,totalReturn,totalEquityVal,impermanentLoss,tokenPrice,quoteTokenPrice,rewardPrice,rewardTokenPerLP,feePerDollar
2021-10-19T09:00:00.000Z,0.019085257247424495,1,0.000020955654479977353,0.000020234027509032846,7.72937269744034e-13,218050776.5835,2595320.7325,2595320.7325,-7.72937269744034e-13,-7.72937269744034e-13,0.000020955654479977353,1.00002095565448,0,1.0001693086818562,489.9975082496353,19.9955238128404,0.0000549124,0.000020234026745419356
2021-10-19T10:00:00.000Z,0.019085257247424495,0.9965851626079327,0.00004163286364897791,0.00003868368270876919,0.00001698933797911195,217488496.28460002,4963754.3265,2368433.594,-0.0034318267300463834,-0.0034318267300463834,-0.0033732045284182934,0.9966267954715817,-0.0000049573243129374944,0.9998803325648371,486.7807502698808,19.895795897964675,0.00005472959999999999,0.000018512873915552918
2021-10-19T11:00:00.000Z,0.019085257247424495,0.9976714401165699,0.00006237993887877409,0.000058595413661613336,0.00003647802590578397,218134833.4215,7524683.645200001,2560929.3187,-0.002365037909335843,-0.002365037909335843,-0.002266179944551285,0.9977338200554488,-0.0000036016285290818573,1.0004854655719944,487.52841426433145,19.886117513957146,0.000054718299999999994,0.00001995820554426361
2021-10-19T12:00:00.000Z,0.019085257247424495,0.999549017493524,0.00008348192842942345,0.00007842765642654768,0.000057013719250820216,218944090.1239,10080043.3824,2555359.7372,-0.0005079962257268367,-0.0005079962257268367,-0.000367500578046593,0.9996324994219534,-6.221991477595168e-7,0.99854669981023,490.29522363723663,19.97107121961866,0.00005466439999999999,0.000019841191195348896
2021-10-19T13:00:00.000Z,0.019085257247424495,0.9959519598996215,0.0001048960801953348,0.00009936021580199061,0.00007718148908730793,218161890.8648,12777248.1732,2697204.7908,-0.004125221589465822,-0.004125221589465822,-0.003943144020183179,0.9960568559798169,-1.524293972154922e-7,0.9965934961368984,487.7068030494342,20.17932313061824,0.000053342400000000006,0.000021017640277061885
2021-10-19T14:00:00.000Z,0.019085257247424495,0.9971348603343996,0.00012470011322329394,0.00012066551788557864,0.00009883457303605514,218362121.948,15521741.4002,2744493.227,-0.00296397423863648,-0.00296397423863648,-0.002740439552377131,0.9972595604476229,-0.0000022144544734592486,0.9993056592647858,487.5181064197728,19.978513661704767,0.00005467649999999999,0.000021366519267526894
2021-10-19T15:00:00.000Z,0.019085257247424495,0.9971658956937841,0.00014525538178005733,0.00015137219860399074,0.0001299126120570815,218883323.446,19486613.7476,3964872.3474,-0.0029640169182729714,-0.0029640169182729714,-0.0026888489244358328,0.9973111510755641,-0.0000018216872529341899,0.9991100362961906,487.613519364132,20.0500388327358,0.0000525501,0.00003079395398637061
2021-10-19T16:00:00.000Z,0.019085257247424495,0.9940886941639209,0.00016458034445612888,0.0001760286924588084,0.0001578665369685872,218216453.1771,22670406.3423,3183792.5947,-0.006069172373047715,-0.006069172373047715,-0.0057467254916229995,0.994253274508377,-0.000013574970814445031,0.9992924701685565,484.4925483688382,19.867301728151077,0.000054457599999999985,0.000024803113295024403
2021-10-19T17:00:00.000Z,0.019085257247424495,0.9923391235826494,0.0001837247698510058,0.00019586857123516743,0.00017369261276589665,217855829.4531,25232524.4618,2562118.1195,-0.007834569030116478,-0.007834569030116478,-0.007477151647499576,0.9925228483525004,-0.000025746202224063985,0.999479906937462,482.68245171695,19.783203006162225,0.00005254979999999998,0.000019993042252227975
2021-10-19T18:00:00.000Z,0.019085257247424495,0.9927301400944339,0.00020404967052554187,0.00021705788266783424,0.00019772107586302212,218078775.307,27970629.681700002,2738105.2199,-0.007467580981429078,-0.007467580981429078,-0.0070658102350405145,0.9929341897649595,-0.00002420912358458427,0.9996321514112245,482.9660254954893,19.806624605300442,0.00005319209999999998,0.000021344483741149237
2021-10-19T19:00:00.000Z,0.019085257247424495,0.9915135422656882,0.00022199594467862946,0.00023286095661718436,0.00021055148998927464,217930448.1087,30013834.4446,2043204.7629,-0.008697009224301055,-0.008697009224301055,-0.008264461789633151,0.9917355382103669,-0.000026809903554858572,0.9987576542635261,482.1921183760777,19.74207335997629,0.000049395299999999964,0.000015938333202515616
2021-10-19T20:00:00.000Z,0.019085257247424495,0.9936372633428436,0.00024061960924758185,0.0002472819048645619,0.00022581956170264483,218402164.8542,31878384.034500003,1864549.5899,-0.00658855621885901,-0.00658855621885901,-0.006122117047908783,0.9938778829520912,-0.000015026151083952222,0.9990414298416594,484.1079490102149,19.925858578931102,0.0000435379,0.000014513291591894419
2021-10-19T21:00:00.000Z,0.019085257247424495,0.9921891289827244,0.00025839095849978063,0.00027037132542352503,0.000248710185412615,218107894.2141,34864048.7524,2985664.7179,-0.008059581202688237,-0.008059581202688237,-0.007552480058775842,0.9924475199412242,-0.000028495019972374358,0.999626393380672,482.39284165164673,19.870680094132023,0.00004861780000000004,0.000023271188962319897
2021-10-19T22:00:00.000Z,0.019085257247424495,0.9943506189671234,0.00027977679249159717,0.0002875770760798518,0.0002680931074920956,218584782.8744,37088920.881900005,2224872.1295,-0.005917474140368695,-0.005917474140368695,-0.005369604240385002,0.994630395759615,-0.000014382890589192954,0.9995977297059944,484.49244990074453,19.93354546841701,0.00005406510000000001,0.000017303503795702557
2021-10-19T23:00:00.000Z,0.019085257247424495,0.9966950122700621,0.00030284114738930154,0.00030687564352195357,0.00028648290504307283,219102636.56780002,39584443.25790001,2495522.376,-0.0035914706349809977,-0.0035914706349809977,-0.0030021465825486233,0.9969978534174514,-0.000004127774010820318,0.9994447649917673,486.83688011678225,20.094582168538793,0.00005424659999999999,0.000019362560422166432
2021-10-20T00:00:00.000Z,0.019085257247424495,0.9969344440421837,0.0003247193919462994,0.000319543112765941,0.0003001155856128257,219148227.5717,41222437.14700001,1637993.8891,-0.0033656715434291495,-0.0033656715434291495,-0.0027408365658700244,0.99725916343413,-2.3902878809600736e-7,0.997492512354658,488.0108018680945,20.168817277931325,0.000053930899999999935,0.000012706420865571224
2021-10-20T01:00:00.000Z,0.019085257247424495,0.9937291512872769,0.0003434093813156932,0.00033427031068521357,0.0003125048635005401,218398833.011,43126378.074200004,1903940.9272,-0.006583353576223638,-0.006583353576223638,-0.0059274393314074055,0.9940725606685926,-0.000020146163965617525,0.999911855893364,483.6915979831595,20.050788660057584,0.0000538062,0.000014820132194007548
2021-10-20T02:00:00.000Z,0.019085257247424495,0.9941142171360889,0.0003633594149491545,0.00034857370329057554,0.00032666446068485566,218645731.3148,44976902.5282,1850524.454,-0.0062124473245959155,-0.0062124473245959155,-0.005522423448961905,0.9944775765510381,-0.00002264218075165303,1.000667121002669,483.6875072013936,20.0249535452099,0.00005335820000000002,0.000014388076789254273
2021-10-20T03:00:00.000Z,0.019085257247424495,0.9939552710523896,0.0003835327718206972,0.0003599569980983613,0.00033782132252024866,218776907.2788,46450753.9314,1473851.4032,-0.0063825502701306824,-0.0063825502701306824,-0.005661196175789736,0.9943388038242102,-0.00001762017359585588,0.9997027343725011,483.98838011404655,19.992655065457743,0.00005440600000000008,0.00001145252219077691
2021-10-20T04:00:00.000Z,0.019085257247424495,0.9935508369272334,0.0004053030230451449,0.0003748217434666161,0.00035271901454436705,218821043.3334,48376537.8901,1925783.9587,-0.006801882087310918,-0.006801882087310918,-0.006043860049721406,0.9939561399502786,-0.000014634918849787404,0.9987551430956153,484.03876281743834,20.04326386628224,0.00005437309999999992,0.000014961233526347485
2021-10-20T05:00:00.000Z,0.019085257247424495,0.9952090321406426,0.0004264296819782891,0.0003879792076051739,0.00036810550761701144,219192706.4032,50081187.2848,1704649.3947,-0.005159073366974409,-0.005159073366974409,-0.004364538177379109,0.9956354618226209,-0.000011341850535528941,0.9997596593305832,485.1533929828208,20.058681645152394,0.00005437179999999998,0.000013220804736355467
2021-10-20T06:00:00.000Z,0.019085257247424495,0.9941486402412378,0.0004473807618460558,0.00040316911040967873,0.0003811913816811341,219270690.21980003,52051954.4752,1970767.1904,-0.006232551140443299,-0.006232551140443299,-0.005403978996916109,0.9945960210030839,-0.000009378994964448495,0.998249839548347,484.8391492397789,20.065134918526734,0.000054351700000000044,0.00001527930714461476
2021-10-20T07:00:00.000Z,0.019085257247424495,0.9941889522132051,0.0004654762924044396,0.0004207932156304462,0.00040009208132918417,219302501.95340002,54338778.8691,2286824.3939,-0.006211139868124049,-0.006211139868124049,-0.005345571494390426,0.9946544285056096,-0.000021898192078428913,1.0005568841565575,483.74207055846017,19.94656389435429,0.00005447870000000003,0.00001772711863750685
2021-10-20T08:00:00.000Z,0.019085257247424495,0.9960650338422868,0.00048561845739319417,0.00043669187236514286,0.0004155181915307393,219758621.2977,56402113.879999995,2063335.0109,-0.004350484349243899,-0.004350484349243899,-0.003449347700319966,0.99655065229968,-0.000009299569781462402,1.000122015237659,485.76629898389297,19.94845417055512,0.000052789399999999946,0.00001596146489187458
2021-10-20T09:00:00.000Z,0.019085257247424495,0.9943790307887974,0.0005047750999477533,0.000458780393327125,0.00043786879419749347,219396407.7353,59268899.74829999,2866785.8683,-0.00605883800540008,-0.00605883800540008,-0.005116194111254834,0.9948838058887451,-0.000008497614810143439,0.9982161617318308,485.02502956561153,19.895034117973445,0.000053876700000000134,0.000022213380913646873
2021-10-20T10:00:00.000Z,0.019085257247424495,0.9954522582813856,0.000523516935891208,0.0004837624435000692,0.0004636554273182991,219609669.2006,62510878.532199994,3241978.7839,-0.005011397145932683,-0.005011397145932683,-0.004024224782723176,0.9959757752172769,-0.000008757253688207456,0.9993305712191373,485.5058128495213,19.822164441346658,0.00005442789999999975,0.000025096180658583418
2021-10-20T11:00:00.000Z,0.019085257247424495,0.996244604701235,0.0005440808691654069,0.0005082171298447526,0.0004875510583335352,219844179.5751,65685282.36129999,3174403.8291,-0.004242946357098543,-0.004242946357098543,-0.0032113144295996005,0.9967886855704003,-0.000009791155704763632,1.0003425884288761,485.76410435896094,19.83390193539041,0.00005350609999999975,0.000024546870059966858
2021-10-20T12:00:00.000Z,0.019085257247424495,0.9954170589253856,0.0005649796480933659,0.0005343182498019767,0.0005131108909918192,219472468.7006,69070488.99289998,3385206.6316,-0.005096051965606252,-0.005096051965606252,-0.004017961426521067,0.9959820385734789,-0.000010641408122680218,0.9996736172362268,485.25662467050245,19.84507092697801,0.000054369600000000165,0.000026221290113479584
2021-10-20T13:00:00.000Z,0.019085257247424495,0.9991266304909632,0.0005887239224238171,0.0005512542627920485,0.0005328272492618469,220477704.35,71268887.44519998,2198398.4523,-0.0014061967582986723,-0.0014061967582986723,-0.0002846455866130083,0.999715354413387,-3.7478345371599886e-7,0.9996279526543066,488.88502740545084,19.953648763840913,0.000054233200000000184,0.0000169508176798558
2021-10-20T14:00:00.000Z,0.019085257247424495,1.0026200391770115,0.0006119979849456869,0.0005826558415438907,0.0005657531195584209,221107865.2878,75342412.21419998,4073524.769,0.0020542860574530586,0.0020542860574530586,0.0032320371619571665,1.0032320371619572,-0.000005225061374014572,0.9989893123393344,492.59392681979375,20.03618561051616,0.00005449549999999998,0.00003131951953986911
2021-10-20T15:00:00.000Z,0.019085257247424495,1.0081670985079996,0.0006365656700442776,0.0006293512614112073,0.0006153793416232567,222052753.0339,81392323.56469998,6049911.3505,0.007551719166376314,0.007551719166376314,0.008803664178043848,1.0088036641780438,-0.000026933419145946935,1.0003532189047235,497.33464976082195,20.15448387778015,0.000054475799999999944,0.00004631714381077657
2021-10-20T16:00:00.000Z,0.019085257247424495,1.0106180831406153,0.0006567281036257414,0.0006765448542058248,0.0006663280645355929,222636654.9806,87507988.96909998,6115665.4044,0.009951755076079705,0.009951755076079705,0.01127481124424104,1.0112748112442411,-0.0000485117897377485,1.0002216274647662,499.7725636578525,20.132485396709377,0.00005428269999999998,0.00004669775149283453
2021-10-20T17:00:00.000Z,0.019085257247424495,1.0133089835264828,0.0006812708430099767,0.0007212060032224986,0.0007113355578343139,225951762.7251,93366062.38419998,5858073.4151,0.012597647968648484,0.012597647968648484,0.013990254369492775,1.0139902543694927,-0.00007681530842029716,1.0002931165173325,502.35871802670397,20.247453399873326,0.000053806800000000035,0.00004407456124954465
2021-10-20T18:00:00.000Z,0.019085257247424495,1.0107559751777342,0.0006990356534088368,0.0007478338266580829,0.000736574063288753,226260167.89769998,96872358.17169997,3506295.7875,0.010019401114445436,0.010019401114445436,0.011455010831143026,1.011455010831143,-0.00004718813684456702,1.0004239877188508,499.7384101238073,20.172391242037904,0.00005270309999999997,0.000026344463959935883
2021-10-20T19:00:00.000Z,0.019085257247424495,1.014148210689773,0.0007234589655184117,0.0007729775079661298,0.0007636712372105503,226870632.0277,100181053.49749997,3308695.3258,0.01338453945256246,0.01338453945256246,0.014871669655291422,1.0148716696552915,-0.000099651459375516,0.9993472105564206,503.61602295768586,20.27916097104978,0.000053544299999999934,0.000024792905117720288
2021-10-20T20:00:00.000Z,0.019085257247424495,1.0136440892828529,0.0007513086803936617,0.0007930383310400651,0.0007834664481702891,226704566.60819998,102820267.47869997,2639213.9812,0.012860622834682589,0.012860622834682589,0.01439539796324654,1.0143953979632465,-0.0000829570858649209,1.0000667110957586,502.73346848798684,20.495164133825885,0.00005149819999999997,0.000019790795726642918
2021-10-20T21:00:00.000Z,0.019085257247424495,1.0123405847904432,0.0007685333564652144,0.0008212222346633293,0.0008116565543316856,226450828.1585,106528777.88569997,3708510.407,0.011528928236111513,0.011528928236111513,0.013109118146908414,1.0131091181469085,-0.0000691643050041435,0.9998706219449071,501.5106983042468,20.396863660947353,0.0000535043999999999,0.000027840338422111252
2021-10-20T22:00:00.000Z,0.019085257247424495,1.0123059502931677,0.0007955417159934945,0.0008362306481225655,0.0008257823051320834,224342782.419,108485306.41129997,1956528.5256,0.011480167988035639,0.011480167988035639,0.013101492009161216,1.0131014920091612,-0.00006758009024754319,0.9999578976893735,501.418581980277,20.549623318125114,0.00005418870000000004,0.00001482596612940246
2021-10-20T23:00:00.000Z,0.019085257247424495,1.012037245557297,0.0008122140801230705,0.0008499999550720641,0.0008397236135126995,224283646.58540002,110280305.70539998,1794999.2941,0.011197521943784317,0.011197521943784317,0.012849459637420086,1.01284945963742,-0.00005475244503938548,1.000840243794617,500.6965839919274,20.436162722636876,0.000054008199999999996,0.000013605534092331101
2021-10-21T00:00:00.000Z,0.019085257247424495,1.0114250159454476,0.0008331861874611324,0.0008615165565846717,0.0008506497109461719,224149066.7427,111781644.30819997,1501338.6028,0.010574366234501476,0.010574366234501476,0.01225820213290878,1.0122582021329087,-0.00007102903150713047,0.9987697363362307,501.1163544900361,20.431729381323407,0.00005423410000000005,0.000011386510155269792
2021-10-21T01:00:00.000Z,0.019085257247424495,1.0130014823331182,0.0008576244011206368,0.0008813361839945655,0.0008734252102298168,224471937.1885,114365085.28959997,2583440.9814,0.012128057122888336,0.012128057122888336,0.013859106734238789,1.0138591067342388,-0.00008030912222667386,0.999550547462901,502.2657473680432,20.520925338306846,0.000053111300000000164,0.000019565250442383584
2021-10-21T02:00:00.000Z,0.019085257247424495,1.011288722552457,0.0008768895392339943,0.0008966417797199786,0.0008875568276360823,254716754.8057,116632775.15719996,2267689.8676,0.01040116572482086,0.01040116572482086,0.012165612091690937,1.0121656120916909,-0.00005837518989870727,0.9997114099912556,500.4727358559175,20.535375806930112,0.00004761449999999995,0.000015134743601223564
2021-10-21T03:00:00.000Z,0.019085257247424495,1.0101442254799464,0.0008873013732514543,0.0009229703253281401,0.0009117825845086358,254566871.90339997,120535756.16609997,3902981.0089,0.009232442895437787,0.009232442895437787,0.011031526853197877,1.011031526853198,-0.00005359737761079231,0.9990061517293694,499.6681167462087,20.39597608886154,0.00004203949999999998,0.000026064144425075848
2021-10-21T04:00:00.000Z,0.019085257247424495,1.008107561792274,0.0008943734958121463,0.000942049402769268,0.0009290484744868266,254054831.63239998,123364079.50229996,2828323.3362,0.007178513317787072,0.007178513317787072,0.009001935288086045,1.0090019352880861,-0.000028110154865701453,0.9998240720549609,497.22929832233734,20.193254407725053,0.000041233900000000134,0.000018925637590302016
2021-10-21T05:00:00.000Z,0.019085257247424495,1.0061937899120192,0.000907647501947004,0.0009563958765258146,0.000941427033085418,253618696.1804,125491218.68329996,2127139.181,0.005252362878933825,0.005252362878933825,0.007101437413966247,1.0071014374139662,-0.000011818601703073028,1.0005462261553038,494.9717834800272,20.162165483604735,0.00003807420000000016,0.000014258162596687379
2021-10-21T06:00:00.000Z,0.019085257247424495,1.0072607749757647,0.0009274696140647235,0.0009739642260760595,0.0009628848571767712,268430754.7225,128245272.37959996,2754053.6963,0.0062978901185879455,0.0062978901185879455,0.00818824458982944,1.0081882445898294,-0.000031540122629181155,0.9985061408757646,497.01532411398915,20.26106946930024,0.00003974710000000001,0.000017441709645193504
2021-10-21T07:00:00.000Z,0.019085257247424495,1.0010557843766792,0.0009343930155940092,0.0009965388008269904,0.0009774914626647924,266712701.5634,131783258.15429996,3537985.7747,0.00007829291401439953,0.00007829291401439953,0.001990177392273201,1.0019901773922733,-2.8332139179187976e-7,0.9994949549013651,490.40488832796166,20.079461793718558,0.00003975940000000009,0.000022550766355460884
