query_ts,assumedLPToken,equityValue,totalDexYield,totalTradingfee,newTotalTradingFee,liquidity,totalVolume,volume,priceImpact,priceEffect,totalReturn,totalEquityVal,impermanentLoss,tokenPrice,quoteTokenPrice,rewardPrice,rewardTokenPerLP,feePerDollar
2021-12-31T09:00:00.000Z,0.017436556960856213,1,0.000007135413443225737,0.000023286748496463964,5.395683899678261e-13,291722398.45379996,3996038.949,3996038.949,-5.395683899678261e-13,-5.395683899678261e-13,0.000007135413443225737,1.0000071354134432,0,1.000011373000325,525.9809935986682,12.115531711072029,0.0000337766,0.000023286748804020438
2021-12-31T10:00:00.000Z,0.017436556960856213,0.9992467566292255,0.000014247395863210426,0.000039879423179118526,0.000014179827150351265,288595541.64809996,6814969.4566,2818930.5076,-0.000767423197924888,-0.000767423197924888,-0.0007389959749113264,0.9992610040250887,-0.0000028103287451619607,1.0016157544082387,524.332783135686,12.034587501107307,0.00003411929999999999,0.000016605183280216312
2021-12-31T11:00:00.000Z,0.017436556960856213,0.9959356161406918,0.00002130010562601305,0.000051165196311607394,0.00002430091822180902,287640241.0912,8732316.6406,1917347.184,-0.004088684777529994,-0.004088684777529994,-0.004043083753682172,0.9959569162463179,-0.000007367621433718163,0.9997530001046923,521.8234691478143,11.974395123128527,0.000034119899999999985,0.00001133182965093725
2021-12-31T12:00:00.000Z,0.017436556960856213,0.9958745812428609,0.00002838837718622321,0.00006079275287711884,0.00003365181203673906,287624867.26060003,10367961.3744,1635644.7338,-0.00415907056917586,-0.00415907056917586,-0.004097030379952898,0.9959029696200471,-0.0000079526667837726,0.9998318058789678,521.7085884521703,11.959409021017699,0.000034119300000000024,0.000009667439654794051
2021-12-31T13:00:00.000Z,0.017436556960856213,0.9954141420360091,0.000035327949733427653,0.00007398055969622449,0.00004707261352465686,287173428.0216,12605982.055999998,2238020.6816,-0.0046329305775155705,-0.0046329305775155705,-0.004550530014257486,0.9954494699857425,-0.000011071421458841435,1.000073319697482,521.0863372120506,11.917594328639895,0.000033872800000000005,0.000013248562671452424
2021-12-31T14:00:00.000Z,0.017436556960856213,0.9965317733832348,0.0000423207725937232,0.00008602610638710292,0.00005908593926240435,287498863.2022,14650178.356299998,2044196.3003,-0.003527312556027562,-0.003527312556027562,-0.0034259058441714345,0.9965740941558285,-0.000010551070057096545,1.001072125834191,521.7235256796768,11.891378122631458,0.0000341004,0.000012087469396586495
2021-12-31T15:00:00.000Z,0.017436556960856213,0.9952840227200852,0.00004937416259027057,0.00009990199984796497,0.00007494206722691299,287140212.8622,17005005.3047,2354826.9484,-0.004790919347141709,-0.004790919347141709,-0.004666603117324525,0.9953333968826755,-0.000007884362685395274,0.9991802749919321,521.3865197257824,11.884416055549032,0.00003415719999999998,0.00001394164116678829
2021-12-31T16:00:00.000Z,0.017436556960856213,0.9954816556958176,0.00005634871661889295,0.00011171182346894528,0.00008494805571790387,287190233.0349,19009158.3303,2004153.0256,-0.004603292359900313,-0.004603292359900313,-0.004461995587563516,0.9955380044124365,-0.000006546917654559614,0.9990164871297521,521.6686455780758,11.871288032144927,0.00003395789999999999,0.00001186342622977003
2021-12-31T17:00:00.000Z,0.017436556960856213,0.9923609427682204,0.00006307998521295665,0.00012669113189643714,0.00010035956522880252,286291634.5784,21551195.103099998,2542036.7728,-0.007739416797008403,-0.007739416797008403,-0.007575977246566643,0.9924240227534333,-0.00003108878512836366,1.0001272371975745,517.810931770689,11.808914774359106,0.00003412870000000004,0.000015094616788659892
2021-12-31T18:00:00.000Z,0.017436556960856213,0.9898537220791574,0.00006978049615840567,0.000140499130891805,0.00011306110837483452,285569903.9019,23894470.1381,2343275.035,-0.010259339029217385,-0.010259339029217385,-0.010076497424684144,0.9899235025753158,-0.00004700744882246699,0.999395544796997,515.5614141984013,11.752881094037463,0.00003415719999999993,0.000013949535665594683
2021-12-31T19:00:00.000Z,0.017436556960856213,0.9883934644015733,0.00007664609295171974,0.0001515001214577307,0.0001264930375985962,285149394.5576,25761389.1038,1866918.9657,-0.011733028636025322,-0.011733028636025322,-0.011529889505475007,0.988470110494525,-0.000058391524209722157,0.999016336761633,514.2223661763377,11.732334194750363,0.00003415719999999998,0.000011130173524001298
2021-12-31T20:00:00.000Z,0.017436556960856213,0.9828169909223294,0.00008251435147252273,0.0001674336977745763,0.0001463844650140267,283534576.3192,28465333.168399997,2703944.0646,-0.01732939354268459,-0.01732939354268459,-0.01710049472619804,0.982899505273802,-0.000155313549899172,1.0001558369888612,507.8357234287616,11.580931834429418,0.000033958800000000045,0.00001621214939459476
2021-12-31T21:00:00.000Z,0.017436556960856213,0.9833221159079006,0.00009017850647323784,0.00017793957730559849,0.0001507363367733161,283683679.28290004,30248212.745199997,1782879.5768,-0.016828620428872676,-0.016828620428872676,-0.01658770558562612,0.9834122944143738,-0.00014351599581086116,0.999982574186968,508.4415260713691,11.680218702741044,0.00003415809999999998,0.000010684066451131567
2021-12-31T22:00:00.000Z,0.017436556960856213,0.9863615940770066,0.0000977788844666091,0.0001864864526874457,0.00015870026296604944,284566802.9552,31698675.264999997,1450462.5198,-0.013797106185959418,-0.013797106185959418,-0.01354062703852676,0.9864593729614732,-0.00009132380804399709,0.9996335020091281,511.7604654084145,11.757629706670622,0.00003415749999999999,0.000008665052486983853
2021-12-31T23:00:00.000Z,0.017436556960856213,0.9873419531147773,0.00010513939638397177,0.00019595532437902347,0.0001697286061037584,284850791.26710004,33305613.304899998,1606938.0399,-0.01282777549132641,-0.01282777549132641,-0.01255290748883868,0.9874470925111614,-0.00007990947181801822,0.9997430167847299,512.7108000991858,11.79777814563886,0.00003415749999999999,0.000009590265330414476
2022-01-01T00:00:00.000Z,0.017436556960856213,0.9868584629836312,0.00011181454413213353,0.00020219259004260526,0.00017525428016096356,284561324.4053,34363566.119899996,1057952.815,-0.01331679129652974,-0.01331679129652974,-0.013029722472236643,0.9869702775277633,-0.00008960484697206894,0.9999925404006688,512.0751548154113,11.760414135343526,0.000034175800000000026,0.000006320324061109487
2022-01-01T01:00:00.000Z,0.017436556960856213,0.9916435390493619,0.00011995932191109395,0.00021174965583929106,0.00018582814828538297,285944611.1447,35984636.900199994,1621070.7803,-0.008542289098923517,-0.008542289098923517,-0.00823650162872704,0.991763498371273,-0.00004185137964984875,1.0005816392064697,516.738536213128,11.877006712704535,0.00003397609999999999,0.000009637601895968023
2022-01-01T02:00:00.000Z,0.017436556960856213,0.9927701304085192,0.00012749556896636988,0.0002197964071761085,0.00019441776161888136,286288488.5812,37349618.63989999,1364981.7397,-0.0074242873530996345,-0.0074242873530996345,-0.007102374022514383,0.9928976259774857,-0.000028647493716227324,1.0001288322842374,518.1390580659922,11.919892001380196,0.000034175499999999964,0.000008105351944082255
2022-01-01T03:00:00.000Z,0.017436556960856213,0.991665987097725,0.00013448923806134172,0.00022775146663449157,0.0002025013435656975,285970832.03480005,38699050.16839999,1349431.5285,-0.008536514245840676,-0.008536514245840676,-0.008199523664213637,0.9918004763357864,-0.00003270604801230981,0.9995262109292931,517.2902011671724,11.910200933005562,0.000034175499999999964,0.000008021914620197478
2022-01-01T04:00:00.000Z,0.017436556960856213,0.9924801768932405,0.00014244477641916343,0.00023462965305325064,0.00020944875351469605,286206679.6282,39865813.86959999,1166763.7012,-0.007729271860274167,-0.007729271860274167,-0.007377378330340308,0.9926226216696596,-0.000033447343426362686,1.000431199581061,517.664189667446,11.982391707211049,0.00003417559999999995,0.000006930300489900116
2022-01-01T05:00:00.000Z,0.017436556960856213,0.9908944885654879,0.00014807129044665978,0.0002437775909647183,0.0002171745881672793,285747829.9249,41417592.67639999,1551778.8068,-0.009322686022679383,-0.009322686022679383,-0.008957440144065444,0.9910425598559346,-0.00004437595545969675,1.0000659583198546,516.1914204414019,11.86112100545429,0.00003417590000000002,0.000009232000019924291
2022-01-01T06:00:00.000Z,0.017436556960856213,0.9933667390486489,0.00015576797062317668,0.00025525081580281484,0.00022939130046517597,286488591.4407,43364002.53649999,1946409.8601,-0.006862652251816259,-0.006862652251816259,-0.0064774929807279065,0.9935225070192721,-0.0000235438998735793,0.9999871868612769,518.7990635012807,11.909224981353645,0.00003417270000000006,0.000011549837798182987
2022-01-01T07:00:00.000Z,0.017436556960856213,0.9903933911107166,0.0001622325432131523,0.00026793523270977193,0.00024125440073463622,284907996.0296,45510441.09319999,2146438.5567,-0.009847863290018077,-0.009847863290018077,-0.00944437634607029,0.9905556236539297,-0.00004940188487123631,1.0000549133794243,515.649974276123,11.86171748340705,0.000034260199999999866,0.000012807452220508754
2022-01-01T08:00:00.000Z,0.017436556960856213,0.9899747562479553,0.00016944357436344572,0.0002791180726155538,0.00025302336962096383,283995101.53709996,47397519.38879999,1887078.2956,-0.010278267121665685,-0.010278267121665685,-0.009855800177681276,0.9901441998223187,-0.00005074592327403149,0.9997544790197542,515.3566038884547,11.869083789356463,0.000034356500000000016,0.00001129608604217744
2022-01-01T09:00:00.000Z,0.017436556960856213,0.9901842637404222,0.00017747047902120619,0.00028686436243378883,0.00026013879877451185,283899892.3596,48703973.143499985,1306453.7547,-0.01007587505835228,-0.01007587505835228,-0.009638265780556562,0.9903617342194434,-0.000044909599970166525,0.9993620727723467,515.7698410210096,11.930439318419484,0.000034375499999999976,0.00000782307934156178
2022-01-01T10:00:00.000Z,0.017436556960856213,0.9897050809776349,0.00018412228372424348,0.00029474054762675946,0.0002675730643149077,283738491.0655,50032222.07239999,1328248.9289,-0.010562492086680031,-0.010562492086680031,-0.01011079673864088,0.9898892032613591,-0.000054261101611330353,0.99981035436618,515.0318649798426,11.898165312583014,0.000034376700000000046,0.000007958113721725344
2022-01-01T11:00:00.000Z,0.017436556960856213,0.9888864200966963,0.00019118752164433772,0.00030514948164473495,0.00027780824867318366,283358758.15389997,51786698.48899999,1754476.4166,-0.011391388151976933,-0.011391388151976933,-0.010922392381659412,0.9890776076183406,-0.0000667664364900622,1.0001105760152402,514.0149482817736,11.896007053323038,0.0000342226000000001,0.000010525913960280918
2022-01-01T12:00:00.000Z,0.017436556960856213,0.9883614704223989,0.00019832242554765803,0.0003169109885663767,0.0002894319065400719,283080490.8316,53768262.75159999,1981564.2626,-0.011927961484141214,-0.011927961484141214,-0.011440207152053483,0.9885597928479465,-0.0000681091277427992,0.9996833415643075,513.6765662898065,11.895911807762923,0.000034405100000000095,0.000011900004965103584
2022-01-01T13:00:00.000Z,0.017436556960856213,0.9906655785791357,0.00020597093554720604,0.00032761126652729975,0.0003029691005608237,283743712.2942,55571053.57319999,1802790.8216,-0.009637390521425093,-0.009637390521425093,-0.009128450485317064,0.9908715495146829,-0.00004379027502521282,0.9996859103748346,516.0596340725865,11.925564193138676,0.00003440479999999993,0.000010801100655024616
2022-01-01T14:00:00.000Z,0.017436556960856213,0.991052267252838,0.0002136404064746304,0.00034022491716783124,0.0003145203321155421,283856127.1407,57696223.14619999,2125169.573,-0.009262253079277527,-0.009262253079277527,-0.008734092340687354,0.9912659076593127,-0.00004138910078888003,0.9998043871782628,516.3894630840925,11.958747332560147,0.00003403209999999997,0.000012727533171440881
2022-01-01T15:00:00.000Z,0.017436556960856213,0.9904281634657501,0.00022009577076593468,0.000354212655679663,0.0003276293594804969,283656971.6131,60052732.019799985,2356508.8736,-0.009899465893730364,-0.009899465893730364,-0.009351740763483931,0.9906482592365161,-0.00004184205961321741,0.9992109549292111,516.0317140321035,11.922033062721608,0.0000342086,0.000014122921295881838
2022-01-01T16:00:00.000Z,0.017436556960856213,0.9932756997420771,0.00022803741327957189,0.00036719740681833666,0.00034489400298165496,284473291.35800004,62240274.004399985,2187541.9846,-0.007069194260904577,-0.007069194260904577,-0.00649626284464335,0.9935037371553567,-0.000020657730725015533,0.9993450538697036,518.9165151406746,11.963258429775601,0.00003442299999999997,0.000013072655629874189
2022-01-01T17:00:00.000Z,0.017436556960856213,0.9963940249145388,0.0002361590240421045,0.0003818807663081876,0.000358289606599671,285361561.9058,64713938.995599985,2473664.9912,-0.003964264692060904,-0.003964264692060904,-0.0033698160614191283,0.9966301839385808,-0.000006566357851789384,0.9996632052596994,522.0007455880816,12.011110451884027,0.000034423900000000075,0.000014736499397309082
2022-01-01T18:00:00.000Z,0.017436556960856213,0.998238024608011,0.0002438297878627663,0.00039380224317801105,0.0003724920642228513,285891047.4364,66722326.913799986,2008387.9182,-0.0021344674562118193,-0.0021344674562118193,-0.0015181456041262018,0.9984818543958738,-0.0000022226113854939555,0.9999829960497844,523.7528736565537,12.033876447104413,0.000034423900000000075,0.00001194251968208114
2022-01-01T19:00:00.000Z,0.017436556960856213,0.9984871662191993,0.0002513936443706618,0.00040509841721672704,0.0003829626426654631,285970665.3376,68625426.16089998,1903099.2471,-0.0018957964234661562,-0.0018957964234661562,-0.0012614401364300313,0.99873855986357,-0.0000048969213822802615,1.0012440683991408,523.3434624838559,12.05021602553274,0.000034423100000000155,0.000011313288781737923
2022-01-01T20:00:00.000Z,0.017436556960856213,0.9979445001207399,0.00025826415310448305,0.00041279443569758827,0.0003886000998536421,285816474.8192,69922002.24959998,1296576.0887,-0.0024440999791137674,-0.0024440999791137674,-0.0017972357261556422,0.9982027642738444,-0.000003484314136881217,1.0002041218861255,523.3121686510785,12.033336447686311,0.00003442309999999977,0.00000771186948612499
2022-01-01T21:00:00.000Z,0.017436556960856213,0.9997622922750338,0.0002658822348306027,0.0004240186978880863,0.00040352760220385697,286337572.1954,71812997.56849998,1890995.3189,-0.0006412353271700866,-0.0006412353271700866,0.00002817450986437311,1.0000281745098645,-2.5142959936275133e-7,1.0000790607871293,525.2711006505937,12.051258505666663,0.00003442319999999995,0.00001122693056828832
2022-01-01T22:00:00.000Z,0.017436556960856213,0.9990878530189157,0.00027173747029777726,0.00043183430499486354,0.00040810837277083234,286147323.8441,73129737.01749998,1316739.449,-0.0013202553538551598,-0.0013202553538551598,-0.0006404095107865502,0.9993595904892134,-3.377130630699554e-8,0.9989506858129278,525.1500655885991,11.990446376557529,0.000034423099999999965,0.000007822743310084444
2022-01-01T23:00:00.000Z,0.017436556960856213,0.9991506263222955,0.0002788060445797979,0.0004379350058006722,0.00041460963245965043,286165635.9594,74157557.68739998,1027820.6699,-0.0012639833101641962,-0.0012639833101641962,-0.0005705676331247478,0.9994294323668752,-9.192535055380091e-8,0.9991757082062962,525.0909665840481,11.984929664276057,0.000034423100000000155,0.0000061058873577605204
2022-01-02T00:00:00.000Z,0.017436556960856213,1.0007047849261774,0.0002867117373160098,0.0004452263357437175,0.00042326789609248294,286614381.5348,75385985.90159999,1228428.2142,0.00028151703008494344,0.00028151703008494344,0.000991496663493436,1.0009914966634934,-2.630256723534785e-8,1.0000634942689248,526.2497520058644,12.015024851295072,0.00003439409999999988,0.000007286193920057848
2022-01-02T01:00:00.000Z,0.017436556960856213,0.998929496665408,0.000293554983628893,0.0004543270345350668,0.0004311261207795569,286117517.41539997,76919315.1221,1533329.2205,-0.001501629455371578,-0.001501629455371578,-0.0007769483509631282,0.9992230516490369,-1.3807821663824882e-8,0.9986756721544843,525.1038962648187,11.999978395577763,0.000034421499999999935,0.000009110451182426271
2022-01-02T02:00:00.000Z,0.017436556960856213,0.9976699852799817,0.0002989248177312695,0.0004634295031369476,0.0004409789259836039,285757652.5854,78452947.2324,1533632.1103,-0.0027709936460018625,-0.0027709936460018625,-0.002031089902286989,0.997968910097713,-0.000003862270642085441,1.0000158434781625,523.0677139763491,11.927102740475021,0.000034392800000000014,0.000009123726220178247
2022-01-02T03:00:00.000Z,0.017436556960856213,0.9984731336059645,0.00030649785420666057,0.0004741652086943037,0.00045050860624185063,285990146.016,80261771.2813,1808824.0489,-0.0019773750002773927,-0.0019773750002773927,-0.0012203685398288816,0.9987796314601711,-0.000005227173661137563,1.001266166618442,523.2463681200701,11.94325369856211,0.00003442150000000013,0.000010752121798483107
2022-01-02T04:00:00.000Z,0.017436556960856213,0.996197089425496,0.00031290069811323125,0.0004821329759153999,0.00045811020373431877,286315868.91330004,81608834.2859,1347063.0046,-0.004261020778238311,-0.004261020778238311,-0.0034900098763907613,0.9965099901236092,-0.000005145689939811682,0.9989498248974343,522.0622995224359,11.91506542673306,0.00003430069999999953,0.00000799818437067993
2022-01-02T05:00:00.000Z,0.017436556960856213,0.9941405423728836,0.0003181045467810121,0.0004933902263280122,0.0004703994023266267,286528635.73880005,83517384.8092,1908550.5233,-0.006329857029442998,-0.006329857029442998,-0.005541353080335359,0.9944586469196647,-0.00001902679302934196,0.9998302196135639,519.4373959209955,11.844235739230692,0.00003420400000000049,0.000011323600802565938
2022-01-02T06:00:00.000Z,0.017436556960856213,0.9962443590351777,0.00032617134301421837,0.0005025372645131407,0.00047951363030240834,287136879.2856,85068180.8543,1550796.0451,-0.0042351545951246905,-0.0042351545951246905,-0.003429469621808064,0.996570530378192,-0.000008044718771027526,0.9997784267812004,521.6567228107162,11.880980383757873,0.00003417559999999995,0.000009181520963901532
2022-01-02T07:00:00.000Z,0.017436556960856213,0.9961755889406662,0.00033448739870217675,0.0005129445961115315,0.0004884368892402735,287120301.5211,86832667.789,1764486.9347,-0.004312847948574117,-0.004312847948574117,-0.0034899236606316664,0.9965100763393683,-0.000005728215172529083,0.9990743694708042,521.9428818535067,11.924839003496125,0.00003420409999999989,0.0000104472855910872
