query_ts,assumedLPToken,equityValue,totalDexYield,totalTradingfee,newTotalTradingFee,liquidity,totalVolume,volume,priceImpact,priceEffect,totalReturn,totalEquityVal,impermanentLoss,tokenPrice,quoteTokenPrice,rewardPrice,rewardTokenPerLP,feePerDollar
2021-08-30T09:00:00.000Z,0.019772459079241064,1,0.00002128016980476764,0.00001356248924304339,5.485611964672898e-13,266359637.71580002,2124999.8077,2124999.8077,-5.485611964672898e-13,-5.485611964672898e-13,0.00002128016980476764,1.0000212801698047,0,1.000827913209698,478.5466401699365,24.867617336124898,0.0000432793,0.00001356248906204197
2021-08-30T10:00:00.000Z,0.019772459079241064,0.9980372533411127,0.00004222688167808161,0.00002874435277090616,0.00001625563760254689,266449938.95340002,4509212.7539,2384212.9462,-0.00197900229648984,-0.00197900229648984,-0.0019205197772092116,0.9980794802227908,-4.5094450662475083e-7,0.9997963068705683,477.1462444810449,24.70128944962386,0.00004317940000000001,0.000015211720537300878
2021-08-30T11:00:00.000Z,0.019772459079241064,0.9981826883094566,0.00006321540647323884,0.00004515274148037241,0.00003172402126117024,266709019.2181,7088173.301,2578960.5471,-0.0018490357118046141,-0.0018490357118046141,-0.001754096284070205,0.9982459037159298,-0.0000011010948663958686,1.0004609079294995,476.9534762769917,24.668981314237232,0.00004314309999999999,0.000016438262728883626
2021-08-30T12:00:00.000Z,0.019772459079241064,0.9942408370187887,0.00008292918470958948,0.00006025727492077627,0.00004895299405083264,265708157.8576,9462670.6956,2374497.3946,-0.005808115975262096,-0.005808115975262096,-0.005676233796501674,0.9943237662034983,-0.000013022354722669327,1.0001059570582604,473.3453266703412,24.289932064429156,0.000043069600000000026,0.00001519202723532239
2021-08-30T13:00:00.000Z,0.019772459079241064,0.9854051288656541,0.0000968396091663641,0.00008766219781424467,0.00007354510378376755,265986592.87469998,13814026.5901,4351355.8945,-0.014668416238129645,-0.014668416238129645,-0.014498031525179512,0.9855019684748205,-0.00007754473263488215,0.9985055218156281,465.69118535552167,23.53737560837714,0.00003541049999999999,0.00002781081911197944
2021-08-30T14:00:00.000Z,0.019772459079241064,0.9870949226290314,0.0001152327695620948,0.00011343656509728437,0.00010300969488274969,267252173.7775,17918915.667999998,4104889.0779,-0.013008087065851326,-0.013008087065851326,-0.012789844601406482,0.9872101553985935,-0.00006568324818334581,0.9991962967775222,466.9388974255225,23.621660872025533,0.00003863839999999998,0.000026111336472195627
2021-08-30T15:00:00.000Z,0.019772459079241064,0.9866024283438567,0.00013477648841473744,0.0001348865354227755,0.00012095223821839696,266954166.0855,21332984.7889,3414069.1209,-0.0135185238943617,-0.0135185238943617,-0.013262795167728566,0.9867372048322715,-0.00006928274737483253,0.9989890753248877,466.5528117170607,23.57702400255224,0.00004239059999999993,0.00002174125090698574
2021-08-30T16:00:00.000Z,0.019772459079241064,0.9942237346187428,0.0001575431452570016,0.00015282417950306977,0.00014003418200236872,269174477.62450004,24189695.307,2856710.5181,-0.005916299563259564,-0.005916299563259564,-0.005618722236000194,0.9943812777639998,-0.000016765180908540067,1.0006845158224444,472.9687063629296,24.029500103646242,0.00004247350000000001,0.000018041858662189798
2021-08-30T17:00:00.000Z,0.019772459079241064,0.9954426301541075,0.00017726471381954674,0.00017262610547807663,0.00016154247611543937,268141378.1134,27327357.0551,3137661.7481,-0.00471891232200794,-0.00471891232200794,-0.004380105132072954,0.995619894867927,-0.000010550559308541985,1.0006913435917029,474.10555208943566,24.072904674045926,0.00004083570000000002,0.000019892584312422607
2021-08-30T18:00:00.000Z,0.019772459079241064,0.9953073889561318,0.00019652149748412625,0.00019331916432030943,0.00018225612164490812,268080257.1432,30605919.003900003,3278561.9488,-0.004874867165513108,-0.004874867165513108,-0.004496089546384073,0.995503910453616,-0.000009393383420652768,1.0002752078270283,474.15416067112403,23.986416537494918,0.000041945800000000014,0.00002079062207845758
2021-08-30T19:00:00.000Z,0.019772459079241064,0.9980034392448123,0.00021926051736570698,0.00020625410339362041,0.0001947452731599908,268816152.2463,32655376.011200003,2049457.0073,-0.002191306028347717,-0.002191306028347717,-0.0017773002378220193,0.998222699762178,-1.6770067223781382e-8,0.9988176993551913,477.41055721899164,24.256344398590524,0.00004280060000000001,0.000012960816838185195
2021-08-30T20:00:00.000Z,0.019772459079241064,0.9999272830961496,0.00024020956899596616,0.0002584589237423754,0.0002481325555490077,269627078.5079,40935880.0838,8280504.0726,-0.0003208494593993638,-0.0003208494593993638,0.00016749266514561005,1.0001674926651456,-1.7418011477587925e-9,1.0005658518200484,478.36486383139044,24.333846386258497,0.0000420844,0.00005220861718088731
2021-08-30T21:00:00.000Z,0.019772459079241064,1.0006562105310743,0.00026206671765248576,0.00027142873945625625,0.00026127478259208026,269831779.7168,42993158.548,2057278.4642,0.0003949357484822613,0.0003949357484822613,0.0009182772487268273,1.0009182772487268,-0.000001331208762556102,0.9995908196785313,479.51742234533134,24.453593171381247,0.00004276059999999998,0.000012961310164468555
2021-08-30T22:00:00.000Z,0.019772459079241064,0.9985202622181066,0.0002800612904087334,0.00028517186395370987,0.00027427267495516716,269543567.0205,45175429.5259,2182270.9779,-0.0017540104568485315,-0.0017540104568485315,-0.001199676491484631,0.9988003235085153,-5.958286080076647e-7,1.0001636643382157,477.18606892346276,24.24874175268403,0.000042109999999999995,0.000013763491755482511
2021-08-30T23:00:00.000Z,0.019772459079241064,0.9917807603619774,0.0002947788384964331,0.0002987729945135318,0.000286457109112237,267699332.0288,47334951.725999996,2159522.2001,-0.008505696747134861,-0.008505696747134861,-0.007924460799526191,0.9920755392004738,-0.000034970121608024485,1.0006488546823782,470.52469808846274,23.794506124781577,0.00004243309999999998,0.000013713847219368634
2021-08-31T00:00:00.000Z,0.019772459079241064,0.9810364338173282,0.0003061982412100101,0.00032514968230851877,0.00030892660217962664,264358845.32349998,51515950.528,4180998.802,-0.019272492784851436,-0.019272492784851436,-0.0186573679414618,0.9813426320585382,-0.0001889646816769508,1.0008092057488425,460.2874166059365,23.230226211505148,0.000040081100000000025,0.00002688655246130388
2021-08-31T01:00:00.000Z,0.019772459079241064,0.9767989151903171,0.0003227131614235634,0.00035948018383167256,0.00034201033311709317,263449759.2177,56962530.273499995,5446579.7455,-0.023543095142799952,-0.023543095142799952,-0.022878371648259295,0.9771216283517407,-0.0002553415014012739,0.9996036884799495,456.8377590006672,23.018839174707125,0.00004240729999999998,0.000035145925336370234
2021-08-31T02:00:00.000Z,0.019772459079241064,0.9756771508952832,0.0003363015447062652,0.00037905338200005075,0.00036123869993820446,262523897.4273,60060488.5491,3097958.2756,-0.02468408780465503,-0.02468408780465503,-0.02398654756001056,0.9760134524399895,-0.00027654487444772613,0.9993545017333793,455.8843957214774,22.628357682234906,0.000042606099999999985,0.00002006114155751647
2021-08-31T03:00:00.000Z,0.019772459079241064,0.9765825297223907,0.0003544352027397098,0.00039381610894035176,0.0003762544753345143,262233019.6281,62392314.2133,2331825.6642,-0.023793724752943834,-0.023793724752943834,-0.02306303507486961,0.9769369649251304,-0.0002735353075326019,1.0001384199146994,456.35914740953393,22.57389171271428,0.000042440899999999914,0.000015116721893993016
2021-08-31T04:00:00.000Z,0.019772459079241064,0.9827671468884263,0.00037934505785678995,0.000411359703729164,0.0003965436213184681,264323450.76909998,65167900.5206,2775586.3073,-0.01762939673289221,-0.01762939673289221,-0.016853508053716954,0.983146491946283,-0.00013791764450077348,0.9996502307004337,462.36646367909236,22.949209326952793,0.00004190950000000003,0.00001785122246505418
2021-08-31T05:00:00.000Z,0.019772459079241064,0.9829266626632328,0.0004002396155052079,0.00043064950719605123,0.0004157663918056276,262540421.26119998,68198677.21339999,3030776.6928,-0.01748910372857282,-0.01748910372857282,-0.016673097721261982,0.983326902278738,-0.00014611796081187567,1.000279714954312,462.2074807052648,23.03854197143782,0.000042627200000000004,0.000019624865203647954
2021-08-31T06:00:00.000Z,0.019772459079241064,0.9823778573656555,0.00041874382492631537,0.00044446002809752234,0.00042945248525338986,262255474.6585,70367415.5278,2168738.3144,-0.018051595119597863,-0.018051595119597863,-0.01720339880941816,0.9827966011905819,-0.0001390503058021908,0.9992886261064936,462.13629100671557,22.989791192574366,0.00004257069999999996,0.000014058258037438095
2021-08-31T07:00:00.000Z,0.019772459079241064,0.9770976984467369,0.00043031349331876587,0.00046654482288044114,0.0004493420140913029,260238312.9318,73827428.20979999,3460012.682,-0.02335164356735442,-0.02335164356735442,-0.02247198805994435,0.9775280119400557,-0.0002499955777642837,0.9995618647507277,457.03604127149595,22.558754546400607,0.00004354010000000005,0.000022602442711582927
2021-08-31T08:00:00.000Z,0.019772459079241064,0.988395630713805,0.00046022481158307154,0.0004882799357928058,0.00047660480820221895,264684095.8275,77251240.94009998,3423812.7303,-0.012080974094397234,-0.012080974094397234,-0.011144144474611943,0.988855855525388,-0.00005999082232965858,0.999626985212333,467.61497225977695,23.09957715965015,0.00004290229999999993,0.000021990296104920962
2021-08-31T09:00:00.000Z,0.019772459079241064,0.9870246991153154,0.0004812359024997382,0.0005029482868086757,0.0004898267822928126,263485659.8139,79554598.48369998,2303357.5436,-0.013465127666977383,-0.013465127666977383,-0.012494064982184833,0.9875059350178151,-0.00008015559944429818,0.9999327971158989,466.1629468701107,23.19629625502617,0.00004160949999999999,0.000014861180023556748
2021-08-31T10:00:00.000Z,0.019772459079241064,0.9830741507345239,0.0004975733291050685,0.0005200479997773885,0.0005050744953939423,262129873.3423,82236668.76439998,2682070.2807,-0.017430923760870076,-0.017430923760870076,-0.016428275936371067,0.9835717240636289,-0.00013710283078460783,0.9998030614405544,462.4826044225401,23.037835441886553,0.00004308290000000004,0.000017394123832791812
2021-08-31T11:00:00.000Z,0.019772459079241064,0.9834316027069572,0.0005183930611870878,0.0005389814718957333,0.0005240167049721522,259647905.4086,85177174.41619998,2940505.6518,-0.017092413998014977,-0.017092413998014977,-0.016050004231855736,0.9839499957681442,-0.00013366104726231232,0.999938295366896,462.73873338043006,23.082722613783556,0.0000434928999999999,0.000019252454974337063
2021-08-31T12:00:00.000Z,0.019772459079241064,0.9923060000163351,0.0005471334755941963,0.00057005734163287,0.0005600377988410621,261847525.319,90000840.46899998,4823666.0528,-0.008254037782505996,-0.008254037782505996,-0.007146866508070738,0.9928531334919293,-0.00003758975339029913,1.0012107595687696,470.49937907761966,23.493353435115882,0.000042018400000000404,0.00003131682180219168
2021-08-31T13:00:00.000Z,0.019772459079241064,0.9893224822199073,0.0005654940945521553,0.000598553735903447,0.0005868635526945498,255852469.09170002,94335876.69459999,4335036.2256,-0.011264381332787288,-0.011264381332787288,-0.010112023685540582,0.9898879763144595,-0.00004643176580498842,0.9991363978758039,468.6183168412922,23.408165233471546,0.000043956199999999794,0.000028803949438841164
2021-08-31T14:00:00.000Z,0.019772459079241064,0.9960368866505259,0.0005905008306339425,0.0006377372649183543,0.0006302144915498742,257732579.6126,100300026.11599998,5964149.4214,-0.004593327841023953,-0.004593327841023953,-0.0033726125188401363,0.9966273874811599,-0.000009021579907786403,1.0004715122607601,474.3294052585766,23.609947265490355,0.000043125400000000046,0.000039339434818912285
2021-08-31T15:00:00.000Z,0.019772459079241064,0.9914694644271204,0.0006063508499802111,0.0006885295210180292,0.0006779711603462912,256424372.49549997,108027339.84629998,7727313.7303,-0.00920850673322593,-0.00920850673322593,-0.007924184722899427,0.9920758152771005,-0.000057038897194217064,1.0022599278859843,469.1026132539077,23.43485998788288,0.00004365690000000005,0.00005122926972060947
2021-08-31T16:00:00.000Z,0.019772459079241064,0.9926850216714473,0.0006331896373152349,0.0007166004179009587,0.0007070514163743935,256875183.8728,112300193.69659998,4272853.8503,-0.00802202974492705,-0.00802202974492705,-0.0066817886912374225,0.9933182113087626,-0.00002366667585296245,0.9996532431253722,471.4529488550265,23.67207742072232,0.00004422779999999993,0.000028277747332365626
2021-08-31T17:00:00.000Z,0.019772459079241064,0.9922938977014454,0.0006513218096395496,0.0007395056985548133,0.0007310182472332061,256991949.9978,115789715.22869998,3489521.5321,-0.008437120545787824,-0.008437120545787824,-0.007054780488915068,0.9929452195110849,-0.000028429842625521395,0.9998952871035758,470.94444588833244,23.585347598491996,0.0000438564999999998,0.000023083161183145165
2021-08-31T18:00:00.000Z,0.019772459079241064,0.9873742467071454,0.0006628825745554943,0.0007644625932896809,0.0007518042881621279,255188919.83260003,119583927.61849998,3794212.3898,-0.013377557581016775,-0.013377557581016775,-0.011962870718299153,0.9880371292817008,-0.00008385597509674714,1.000310593071154,466.0696177013799,23.28010612275966,0.00004342810000000022,0.00002527602321797986
2021-08-31T19:00:00.000Z,0.019772459079241064,0.9894264627211301,0.0006864395246761113,0.0007790158191625619,0.0007669326638609641,255369371.95270002,121793436.01379998,2209508.3953,-0.011340469942730858,-0.011340469942730858,-0.009887097754193781,0.9901129022458062,-0.00005278941882325139,0.999697735321568,468.2831020876726,23.392861398777423,0.00004398880000000015,0.000014708750087327322
2021-08-31T20:00:00.000Z,0.019772459079241064,0.9890421248014458,0.0007013161964501792,0.0008016249321063603,0.000795226011759187,259384111.00429997,125281329.09479998,3487893.081,-0.011753101210313366,-0.011753101210313366,-0.010256559002104,0.989743440997896,-0.000055927569662994614,0.9995813489179597,467.94677339932224,23.216899260327935,0.00004365509999999979,0.000022859604679492895
2021-08-31T21:00:00.000Z,0.019772459079241064,0.9850062325278492,0.0007082967989424446,0.0008129462447487063,0.0007997807037340987,258322008.3322,127027835.89919998,1746506.8044,-0.015793548175884853,-0.015793548175884853,-0.01428547067320831,0.9857145293267917,-0.00011583974372042505,1.0001297398786926,463.8737045165568,22.80027987417103,0.00004339999999999992,0.00001149364541817053
2021-08-31T22:00:00.000Z,0.019772459079241064,0.9847683810620419,0.000726957540591546,0.000825691789368235,0.0008109175691810577,258261679.351,128994070.56309998,1966234.6639,-0.01604253650713916,-0.01604253650713916,-0.014504661397366557,0.9854953386026335,-0.00012027415695659016,1.00016537068659,463.62251199752865,22.764715488682757,0.00004391230000000005,0.000012942682542101487
2021-08-31T23:00:00.000Z,0.019772459079241064,0.9818562932947831,0.00074486060921274,0.0008425044180945927,0.0008265407495834376,257507615.53779998,131587824.89409998,2593754.331,-0.01897024745480036,-0.01897024745480036,-0.017398846096004183,0.9826011539039958,-0.00016514928015487484,0.9998504593801206,461.01280448917345,22.7134652678616,0.00004350839999999991,0.000017123308580567933
2021-09-01T00:00:00.000Z,0.019772459079241064,0.986406820944483,0.0007708433949110487,0.000852921921746197,0.0008404934268303466,258681141.27960002,133194852.88079998,1607027.9867,-0.014433672482347393,-0.014433672482347393,-0.012822335660605998,0.987177664339394,-0.00009923794547794795,1.0003775204349046,465.04124323179076,22.921626452476193,0.000042267599999999954,0.00001056106202360197
2021-09-01T01:00:00.000Z,0.019772459079241064,0.9783335777414612,0.0007546600774034051,0.0008785927030933665,0.0008574565964729608,256641517.38829997,137156083.49909997,3961230.6183,-0.022523878855011725,-0.022523878855011725,-0.02091176218113536,0.9790882378188647,-0.00026278608531105085,1.0009745007605648,457.16500653993984,21.8830889667294,0.00004331629999999998,0.0000262392933132533
2021-09-01T02:00:00.000Z,0.019772459079241064,0.9801432321478225,0.0007787944341371618,0.000895805569890898,0.0008765478350916123,255609472.22919998,139796617.05829996,2640533.5592,-0.020733315687269105,-0.020733315687269105,-0.01907797341804033,0.9809220265819597,-0.00019487115715000058,0.999619869752898,459.46322846517404,22.031524855953947,0.000043651599999999994,0.000017561583346234073
2021-09-01T03:00:00.000Z,0.019772459079241064,0.9824051271892679,0.0007982311012546977,0.0009078150985619232,0.0008906230093242984,256276666.7583,141639490.34429997,1842873.286,-0.01848549582005643,-0.01848549582005643,-0.016796641709477433,0.9832033582905225,-0.00017232124115873493,1.0007352351885181,461.0605170400533,22.049953392272613,0.00004308719999999984,0.000012224618908262491
2021-09-01T04:00:00.000Z,0.019772459079241064,0.9831899420334088,0.0008190960236812462,0.0009212917535828578,0.0009050945254378551,256226355.98450002,143705439.19079998,2065948.8465,-0.01771515249202904,-0.01771515249202904,-0.01599096194290994,0.9840090380570901,-0.00014904710468899296,1.0002201282829521,462.0223453616247,22.10556648957949,0.000043130800000000146,0.000013707071723966052
2021-09-01T05:00:00.000Z,0.019772459079241064,0.985386186905219,0.0008467503799599812,0.0009323566965207823,0.0009181316373020332,257198146.3912,145404315.08519998,1698875.8944,-0.01553194473208308,-0.01553194473208308,-0.013767062714821067,0.9862329372851789,-0.00011348695731505654,1.0002401363320643,464.0691089032855,22.33342863743857,0.00004350490000000011,0.000011229042903315478
2021-09-01T06:00:00.000Z,0.019772459079241064,0.9902462052583303,0.0008688356858466245,0.0009658754179867328,0.0009661952631154769,260768432.4482,150596502.5041,5192187.4189,-0.010719990004785185,-0.010719990004785185,-0.008884959055823084,0.9911150409441769,-0.00005020504000730064,1.0000704027348983,468.69635217836685,22.4211164419989,0.00004231860000000002,0.00003384887706407244
2021-09-01T07:00:00.000Z,0.019772459079241064,0.9891500268278636,0.0008824604143164103,0.0009781754633990095,0.0009672824476857356,260010913.5137,152498400.3446,1901897.8405,-0.011817255619822165,-0.011817255619822165,-0.009967512757820018,0.99003248724218,-0.00005471670416468122,0.9994013964403881,467.97026728425396,22.275095742754193,0.00004378220000000013,0.000012434963921926456
