query_ts,assumedLPToken,equityValue,totalDexYield,totalTradingfee,newTotalTradingFee,liquidity,totalVolume,volume,priceImpact,priceEffect,totalReturn,totalEquityVal,impermanentLoss,tokenPrice,quoteTokenPrice,rewardPrice,rewardTokenPerLP,feePerDollar
2022-03-13T09:00:00.000Z,0.01995706618693193,1,0.000004160556649827752,0.000014198297077869846,-2.398081733190338e-14,243758039.2065,2035852.4836,2035852.4836,2.398081733190338e-14,2.398081733190338e-14,0.000004160556649827752,1.0000041605566499,-1.1102230246251565e-16,1.0000433359658356,372.862611757052,5.889800107584377,0.000035396,0.000014198297760296847
2022-03-13T10:00:00.000Z,0.01995706618693193,0.9983584718260848,0.000008314639305974367,0.00003065364853468385,0.000007282296175525893,243368371.3838,4395438.902,2359586.4184,-0.0016488104700906892,-0.0016488104700906892,-0.0016332135346091888,0.9983667864653908,-0.0000016159823832406772,1.0001909498169317,371.5792179935583,5.885325800621578,0.00003539470000000001,0.00001648240849240862
2022-03-13T11:00:00.000Z,0.01995706618693193,0.998454076704464,0.00001240121966822959,0.00004979962362905973,0.000029159786926413744,243392218.8304,7140848.7226,2745409.8206,-0.0015750830824624584,-0.0015750830824624584,-0.0015335220758678151,0.9984664779241322,-0.0000016060591454536421,1.0002592833509583,371.6087131507894,5.860203911971665,0.00003524570000000001,0.00001917561998262642
2022-03-13T12:00:00.000Z,0.01995706618693193,0.9980312844811149,0.000016542504454100496,0.00006455492641562009,0.0000419970319404106,243293100.74909997,9256698.451299999,2115849.7287,-0.002010712550825522,-0.002010712550825522,-0.0019521730144310108,0.998047826985569,-0.000003548010140241864,1.0006946790287314,371.12296226924514,5.862130203168701,0.0000353635,0.000014784408303050928
2022-03-13T13:00:00.000Z,0.01995706618693193,0.9935405048849945,0.000020540562840176572,0.00008865659029286943,0.0000673377662094854,242188025.7513,12712630.400099998,3455931.9488,-0.006526832881215028,-0.006526832881215028,-0.006438954552165366,0.9935610454478346,-0.000020622146651105844,0.9999173398441039,368.05764345245734,5.820676313551055,0.0000354245,0.00002425835998594354
2022-03-13T14:00:00.000Z,0.01995706618693193,0.9979623600388774,0.000024684803932676397,0.0001111436756272239,0.00008794311382054332,243268181.4369,15937078.623699998,3224448.2236,-0.0021255830749431492,-0.0021255830749431492,-0.0020129551571899293,0.9979870448428101,-0.000001317404820344592,0.9995388066397048,371.46660314868575,5.827567755275151,0.0000354246,0.000022533000196500554
2022-03-13T15:00:00.000Z,0.01995706618693193,0.9979249481514019,0.000028873847176238852,0.0001297101314465438,0.00010717962046835616,243265963.2808,18599418.729999997,2662340.1063,-0.002182231469066487,-0.002182231469066487,-0.0020461780014218917,0.9979538219985781,-0.000002236423958579259,0.999973632192619,371.2629196337306,5.8415707617358255,0.0000354238,0.00001860506138906781
2022-03-13T16:00:00.000Z,0.01995706618693193,0.9981009468897588,0.000032937237725172053,0.00014884304264539374,0.0001260210425513275,243320380.8139,21343115.904899996,2743697.1749,-0.0020250741527925165,-0.0020250741527925165,-0.001866115872516017,0.9981338841274839,-0.0000010908634134887407,0.9994934036412163,371.5583150369196,5.829876457441724,0.000035421500000000006,0.000019169315705195323
2022-03-13T17:00:00.000Z,0.01995706618693193,0.9981052772418342,0.0000370684509872735,0.0001623661602428538,0.0001396421027813899,243339807.06989998,23282503.887799997,1939387.9829,-0.002034364860947213,-0.002034364860947213,-0.0018576543071785498,0.9981423456928215,-0.0000017697151357687346,0.9998882430299177,371.4046774563589,5.831461891134284,0.00003542100000000001,0.000013548788464285007
2022-03-13T18:00:00.000Z,0.01995706618693193,0.9986356110739686,0.0000412079948176843,0.00017199231940148358,0.00014977927650405842,243469003.32979998,24663017.5789,1380513.6911,-0.0015141682025354708,-0.0015141682025354708,-0.001323180931213728,0.9986768190687862,-0.0000017028122373252685,1.0003735237762137,371.61161689093444,5.834387414662529,0.00003539199999999999,0.000009639310313727927
2022-03-13T19:00:00.000Z,0.01995706618693193,0.9996800911427551,0.00004554654307333497,0.00018127196202420305,0.0001586233238020096,243778476.7993,25994135.7561,1331118.1772,-0.00047853218104687567,-0.00047853218104687567,-0.0002743623141715311,0.9997256376858284,-7.394345546973824e-8,0.9999492502850499,372.5408928669434,5.864734873779944,0.00003523669999999997,0.00000928261153712524
2022-03-13T20:00:00.000Z,0.01995706618693193,0.9988937712876168,0.00004951419456905138,0.00018975935302484694,0.0001673125381670415,243608950.12989998,27211720.5207,1217584.7646,-0.0012735412505502364,-0.0012735412505502364,-0.0010567145178141434,0.9989432854821858,-7.510482384898154e-7,0.9999945829874034,371.93163666120455,5.843855524581453,0.0000354106,0.000008496790034669364
2022-03-13T21:00:00.000Z,0.01995706618693193,0.9960234630770666,0.000054681081493531663,0.00019901004592735565,0.00017715066606271979,242909779.49830002,28538811.6804,1327091.1597,-0.004153687588996147,-0.004153687588996147,-0.003921855841439895,0.9960781441585601,-0.000009635876369928909,1.000271011705994,369.6873699967143,5.956832972142991,0.0000354106,0.000009287625126290103
2022-03-13T22:00:00.000Z,0.01995706618693193,0.9962506406898581,0.00005862317305295581,0.00020408617161325401,0.00018100216761474108,242969507.419,29267038.3708,728226.6904,-0.003930361477756605,-0.003930361477756605,-0.0036907361370889084,0.9963092638629111,-0.000006401992433846537,0.9996835546274354,370.07054065545213,5.929775828936412,0.00003541009999999997,0.000005095229384258078
2022-03-13T23:00:00.000Z,0.01995706618693193,0.9868746848466221,0.000061444578085968,0.00022029614694988646,0.00019578037887235666,238853068.4638,31574860.0073,2307821.6365,-0.013321095532250249,-0.013321095532250249,-0.013063870575291923,0.9869361294247081,-0.00010055348298698696,1.0008148625839501,362.7150676729757,5.797872088950507,0.00003565370000000003,0.000016425565755897354
2022-03-14T00:00:00.000Z,0.01995706618693193,0.9843068351284413,0.00006491462044815738,0.00023485874829675904,0.00020988348141248725,238232882.65639997,33648155.6788,2073295.6715,-0.015903048352971183,-0.015903048352971183,-0.01562825025111054,0.9843717497488894,-0.00011997321120316151,0.9995035780742492,361.2926091005489,5.739618576040944,0.00003568349999999999,0.000014794778127390104
2022-03-14T01:00:00.000Z,0.01995706618693193,0.9854927321397081,0.00006891213654780557,0.0002510036935332214,0.00022644644247504786,238512162.7113,35946657.148,2298501.4692,-0.014733714302766932,-0.014733714302766932,-0.014438355723744078,0.9855616442762559,-0.00009933676380391443,0.9992959925834596,362.2269474338115,5.748871445841828,0.000033930499999999976,0.000016382613168325762
2022-03-14T02:00:00.000Z,0.01995706618693193,0.9875999534518546,0.00007315367169081757,0.0002682825473820531,0.00024453321597939226,239024286.2866,38406611.0618,2459953.9138,-0.012644579764124808,-0.012644579764124808,-0.012326892876454599,0.9876731071235454,-0.00008525524528923967,1.0003766335618316,363.37173929412324,5.76074612752242,0.00003565519999999996,0.000017495802281972733
2022-03-14T03:00:00.000Z,0.01995706618693193,0.988224566091157,0.00007802180699185572,0.00028252364837548066,0.00025786692206708484,239187490.2634,40434188.514000006,2027577.4522,-0.012033300830910032,-0.012033300830910032,-0.01169741210185109,0.988302587898149,-0.000065867870352454,0.9994151531575232,364.17182299919716,5.817842035821686,0.00003568339999999988,0.000014410794080176171
2022-03-14T04:00:00.000Z,0.01995706618693193,0.9885846087721518,0.0000820704652231561,0.00030039083254408986,0.0002822153812390704,239275395.58940002,42978037.819400005,2543849.3054,-0.011697606609087252,-0.011697606609087252,-0.011333320762625025,0.988666679237375,-0.00005849710929650698,0.9990938341892288,364.5365448344652,5.811887867077292,0.000035594200000000134,0.00001807349982026977
2022-03-14T05:00:00.000Z,0.01995706618693193,0.9953012594441323,0.00008711673246631851,0.00032109178839460656,0.0002993114853327983,240904916.27160004,45925393.744,2947355.9246,-0.004998052041200518,-0.004998052041200518,-0.004611623823401401,0.9953883761765986,-0.00001625362867652136,1.0007345728304313,368.8897734243786,5.873062012799988,0.000035683399999999964,0.000020798683353440064
2022-03-14T06:00:00.000Z,0.01995706618693193,0.9938434290495589,0.00009085545586816322,0.0003349287089050833,0.0003151507787265695,240570462.59730002,47895614.3948,1970220.6508,-0.0064717217291676565,-0.0064717217291676565,-0.006065715494572924,0.9939342845054271,-0.00002501871564275504,1.000624563721549,367.8383137238943,5.846547426181193,0.00003541329999999988,0.000013922636512391155
2022-03-14T07:00:00.000Z,0.01995706618693193,0.993914248864265,0.00009489317329199096,0.0003461361542287949,0.0003243796683921607,240609978.7199,49491575.9874,1595961.5926,-0.006410130804127112,-0.006410130804127112,-0.005990857962442961,0.9940091420375571,-0.000017333186924428645,0.9995005541120768,368.29763298116507,5.838846592983513,0.000035677699999999965,0.000011276068938846575
2022-03-14T08:00:00.000Z,0.01995706618693193,0.9967808228602639,0.00009908830441222767,0.00035838205551301045,0.00034005999030350953,241304260.2009,51235417.985,1743841.9976,-0.003559237130039583,-0.003559237130039583,-0.0031200888353238457,0.9968799111646761,-0.000012171985721787237,1.0014127317624328,369.7068692455048,5.841274856564009,0.000035648100000000056,0.000012285449885766016
2022-03-14T09:00:00.000Z,0.01995706618693193,0.9964138059130698,0.00010263705485019222,0.00037114543554062665,0.0003492832753601016,241291737.7751,53053525.2028,1818107.2178,-0.003935477362290274,-0.003935477362290274,-0.00348355703207998,0.99651644296792,-0.000008558445079298593,1.0002373925790158,369.86183088687096,5.8087643832554186,0.00003536949999999999,0.000012809316633712568
2022-03-14T10:00:00.000Z,0.01995706618693193,0.9971878055827321,0.00010675305550554767,0.0003828155076113242,0.0003608410215297786,241481509.8618,54715909.8898,1662384.687,-0.0031730354387976556,-0.0031730354387976556,-0.002705441361762329,0.9972945586382377,-0.000004913642949078145,1.0000001114743857,370.51616791229634,5.8077480221372735,0.00003566660000000004,0.000011702982847495663
2022-03-14T11:00:00.000Z,0.01995706618693193,0.9954671557738901,0.00010978179076686219,0.0003953915346929907,0.0003739250545846673,240998870.23459998,56506856.5034,1790946.6136,-0.004906769280694556,-0.004906769280694556,-0.0044230624353430266,0.9955769375646569,-0.000009698661145418619,0.999528855977865,369.4025292953405,5.753365132638816,0.00003508399999999997,0.000012633292596584498
2022-03-14T12:00:00.000Z,0.01995706618693193,0.9941217565172151,0.00011345512071571479,0.0004091981244542766,0.00038758010519657216,240746022.9318,58473642.3199,1966785.8165,-0.006265823587981445,-0.006265823587981445,-0.005764788362069158,0.9942352116379308,-0.000014346084455274521,0.9991147300367769,368.54688784557817,5.732730153131098,0.00003554870000000001,0.000013888228961510933
2022-03-14T13:00:00.000Z,0.01995706618693193,0.9922885565844506,0.00011747845485661863,0.0004233482272130116,0.0003998730278025331,240304655.04199997,60489384.1264,2015741.8065,-0.008111316443351946,-0.008111316443351946,-0.007593964960692794,0.9924060350393072,-0.000023875274352436193,0.9988098975378317,367.29134203242245,5.73026802353845,0.000035607599999999927,0.000014260069454131371
2022-03-14T14:00:00.000Z,0.01995706618693193,0.9937953096572334,0.00012138933600166041,0.00044226299769990524,0.00041970608109398455,240673669.42,63183919.0204,2694534.894,-0.00662439642386059,-0.00662439642386059,-0.0060833010067649455,0.9939166989932351,-0.00002128250478639071,0.9999211473773497,367.98395593619614,5.725550347426509,0.00003507280000000002,0.00001903286442110207
2022-03-14T15:00:00.000Z,0.01995706618693193,0.9943015572503072,0.00012524031696910067,0.000463029402748982,0.00044101144582875396,240806888.2694,66142361.9046,2958442.8842,-0.006139454195521532,-0.006139454195521532,-0.005573202432723677,0.9944267975672764,-0.0000194122858895307,1.0001159506780222,368.2715794012426,5.715775753655201,0.0000355765,0.000020885419596110008
2022-03-14T16:00:00.000Z,0.01995706618693193,0.9945124397090078,0.00012898750610812086,0.0004828476156522117,0.00046034059203370337,240894668.33990002,68966152.8092,2823790.9046,-0.005947900883025881,-0.005947900883025881,-0.005358572784884056,0.994641427215116,-0.00002027385894831646,1.0004455369390206,368.2921819429123,5.701753372280403,0.00003563079999999984,0.000019927566562189827
2022-03-14T17:00:00.000Z,0.01995706618693193,0.9935420167684662,0.00013199486899478666,0.0004980968897539111,0.0004749609692568102,240709980.80060002,71139394.948,2173242.1388,-0.006932944200790603,-0.006932944200790603,-0.006325988362539006,0.9936740116374609,-0.0000269559662310348,1.0004288952736935,367.5687488903037,5.656984051780327,0.00003560910000000011,0.00001534839404528252
2022-03-14T18:00:00.000Z,0.01995706618693193,0.9912365785620781,0.0001344689803861722,0.0005088957700272307,0.00048502174512965457,240151684.17970002,72678393.1209,1538998.1729,-0.009248443183051513,-0.009248443183051513,-0.008628952457535687,0.9913710475424643,-0.00004680530648137893,1.0004273972411803,365.8572012221056,5.5943363420697,0.00003525300000000011,0.000010894351638076725
2022-03-14T19:00:00.000Z,0.01995706618693193,0.9896406513563966,0.00013814744517503036,0.0005195287052994993,0.000494523521588186,239231867.4246,74190372.1525,1511979.0316,-0.010853872165191625,-0.010853872165191625,-0.010221201198428408,0.9897787988015716,-0.00005859210827441341,0.9999555610385303,364.84455398166864,5.581967663741193,0.000035689199999999814,0.00001074423897363973
2022-03-14T20:00:00.000Z,0.01995706618693193,0.9900934766553243,0.0001427798379790047,0.0005265455638695722,0.0005041614120807614,239342209.1313,75188157.1219,997784.9694,-0.010410684756756439,-0.010410684756756439,-0.009763743506696673,0.9902362564933034,-0.00005677275053583841,1.0002341326317443,365.0698621744767,5.607766710282608,0.00003568699999999997,0.000007087067735091673
2022-03-14T21:00:00.000Z,0.01995706618693193,0.9907144352336406,0.00014674048805578293,0.0005348345936065578,0.000512747213823328,239493959.39949998,76366850.5452,1178693.4233,-0.009798311980182772,-0.009798311980182772,-0.009138824278303662,0.9908611757216963,-0.000045711851087149036,0.9997584892378957,365.69572347187835,5.609803417777475,0.00003491390000000008,0.000008366719664388259
2022-03-14T22:00:00.000Z,0.01995706618693193,0.9906083845653815,0.00015056356229697514,0.0005398823124044456,0.0005156561313678365,239470133.231,77084637.5712,717787.026,-0.009907271565986364,-0.009907271565986364,-0.009241051872321552,0.9907589481276784,-0.00005073095619889667,1.0001597159570461,365.4685760354828,5.603391719435307,0.0000356871,0.000005095574666185708
2022-03-14T23:00:00.000Z,0.01995706618693193,0.9966044339033876,0.00015682431039684398,0.0005506878563421649,0.0005293081931524446,240921526.1417,78621200.9234,1536563.3522,-0.003924874289764846,-0.003924874289764846,-0.0032387417862155573,0.9967612582137845,-0.000007834904558468025,1.0000692644983835,369.931886438357,5.685690199177265,0.00003568689999999995,0.00001084235908917345
2022-03-15T00:00:00.000Z,0.01995706618693193,1.0005518941691907,0.00016201378327758325,0.0005606164129504855,0.0005416519302710032,241877211.4086,80033063.7905,1411862.8671,0.000010242238919655478,0.000010242238919655478,0.0007139079524682419,1.0007139079524683,-1.0957246221465766e-10,1.000038774419396,372.8719504910689,5.726104312321377,0.00003565709999999999,0.000009923079814308877
2022-03-15T01:00:00.000Z,0.01995706618693193,1.0002834202036082,0.00016588401418314794,0.0005730419577659828,0.0005554542783610117,241813392.99010003,81800011.8682,1766948.0777,-0.00027203407475284713,-0.00027203407475284713,0.0004493042177913125,1.0004493042177913,-1.510266933735238e-8,0.9999450622859805,372.69640133827846,5.719520848533825,0.00003553820000000005,0.000012422023838079877
2022-03-15T02:00:00.000Z,0.01995706618693193,0.9950013613276038,0.00016769853568358053,0.0005881570385589347,0.0005667966417366443,240538540.48120004,83949438.19160001,2149426.3234,-0.005565435314132894,-0.005565435314132894,-0.004830940136712669,0.9951690598632873,-0.000018816376006647317,1.000597135223608,368.5197981893428,5.643613979886317,0.00003565709999999999,0.000015191015720267042
2022-03-15T03:00:00.000Z,0.01995706618693193,0.9949392167258354,0.00017178874712324503,0.0005985974080995655,0.0005770477537966334,240523676.91689998,85434102.47350001,1484664.2819,-0.0056378310279612265,-0.0056378310279612265,-0.004888994527041348,0.9951110054729586,-0.000015082186895276628,0.9998818032260416,368.7297497890691,5.645940385387672,0.00003568699999999997,0.000010493475368339757
2022-03-15T04:00:00.000Z,0.01995706618693193,0.9931437161141878,0.00017496512612209317,0.0006082424167072088,0.000584865190314865,240394306.27260002,86807403.48640001,1373301.0129,-0.007441149076127029,-0.007441149076127029,-0.006681318759690072,0.99331868124031,-0.000025304811674176086,0.9996885301078745,367.46457779765433,5.618807881836583,0.00003568859999999985,0.000009711593249145508
2022-03-15T05:00:00.000Z,0.01995706618693193,0.9928015508713024,0.00017834818020610958,0.000617998823662601,0.000594752787167363,240334302.83869997,88196697.9633,1389294.4769,-0.007793201915864967,-0.007793201915864967,-0.007020100948491494,0.9929798990515085,-0.000031047157397767755,1.0000997089185806,367.0529789892678,5.599553663993304,0.000035638399999999953,0.000009827147364457245
2022-03-15T06:00:00.000Z,0.01995706618693193,0.9921183567149359,0.00018220917589361168,0.0006281037508433487,0.0006045393955252942,240304315.6457,89636432.1375,1439734.1742,-0.008486182680589427,-0.008486182680589427,-0.007699434109170521,0.9923005658908295,-0.00003151370269227627,0.9994601698107136,366.7749845810977,5.5959883977420075,0.00003558890000000006,0.000010185202415376581
2022-03-15T07:00:00.000Z,0.01995706618693193,0.9932316003999464,0.00018710927997773596,0.000643155877071014,0.0006201570441595194,240448226.6354,91779914.7198,2143482.5823,-0.007388556644213118,-0.007388556644213118,-0.006581290320075863,0.9934187096799242,-0.000031030540485033065,1.0005054629258352,367.2034463001165,5.6236427953705075,0.0000356376000000001,0.000015154698543214472
