query_ts,assumedLPToken,equityValue,totalDexYield,totalTradingfee,newTotalTradingFee,liquidity,totalVolume,volume,priceImpact,priceEffect,totalReturn,totalEquityVal,impermanentLoss,tokenPrice,quoteTokenPrice,rewardPrice,rewardTokenPerLP,feePerDollar
2021-12-15T09:00:00.000Z,0.017456028345428004,0.9999999999999999,0.000007621902754839246,0.00001795895048688246,8.030243137113757e-13,283253856.7051,2992318.7134,2992318.7134,-8.031353360138382e-13,-8.031353360138382e-13,0.000007621902754728223,1.0000076219027547,0,0.999586719252392,532.2809003035505,12.926323888106099,0.0000337787,0.000017958949869043067
2021-12-15T10:00:00.000Z,0.017456028345428004,0.9986406153972696,0.000015192831006999568,0.00003745561298433068,0.000018979635672211614,283628973.6833,6249581.0154,3257262.302,-0.0013783642384026518,-0.0013783642384026518,-0.0013441917717234406,0.9986558082282766,-0.0000031555096655644377,1.0007197551994178,530.2135582603661,12.82383670025696,0.0000340909,0.000019523202589249564
2021-12-15T11:00:00.000Z,0.017456028345428004,0.9942087964918208,0.000022793638958737937,0.000054415539258578784,0.00003569459162633404,282502736.8732,9084365.7039,2834784.6885,-0.005826898099805522,-0.005826898099805522,-0.00576840986922045,0.9942315901307796,-0.000012249855408708044,0.9986932911316477,526.5665234146098,12.794198605625047,0.0000341903,0.000017058716045689303
2021-12-15T12:00:00.000Z,0.017456028345428004,0.9950999053971147,0.000030540280845669084,0.00007365506922169035,0.00005526247369191939,282797583.0743,12300650.8639,3216285.16,-0.004955357076577238,-0.004955357076577238,-0.00486955432203965,0.9951304456779604,-0.000008471970971091203,0.9987360741914498,527.4675600953367,12.819553345975779,0.00003441560000000001,0.000019334269807261624
2021-12-15T13:00:00.000Z,0.017456028345428004,0.9874988421816577,0.000037481433599622294,0.00009661443343953892,0.00008116270830371697,280648682.9305,16138937.0332,3838286.1693,-0.012582320526645985,-0.012582320526645985,-0.012463676384742646,0.9875363236152573,-0.00008469454853676783,0.9999399033778776,518.7872072858011,12.560545737880947,0.000034471799999999964,0.00002325001642507575
2021-12-15T14:00:00.000Z,0.017456028345428004,0.9908815903766184,0.00004507647988846259,0.00012595965620926502,0.00010927658891857206,281617102.15459996,21044916.7802,4905979.747,-0.00922768621230019,-0.00922768621230019,-0.009073333143493156,0.9909266668565069,-0.00006346104298193822,1.001583629571264,521.4610404119089,12.56907978553725,0.00003450030000000003,0.000029615266637185554
2021-12-15T15:00:00.000Z,0.017456028345428004,0.9837897295207755,0.00005172531669939486,0.00015385913405376327,0.00013424232744230213,279422006.6792,25706199.9568,4661283.1766,-0.016344512806666822,-0.016344512806666822,-0.016158545162525125,0.9838414548374749,-0.0001285567374378349,0.9991430606497667,515.2520420043946,12.349564036161985,0.00003449429999999999,0.00002835918864943815
2021-12-15T16:00:00.000Z,0.017456028345428004,0.9737053017246977,0.00005720995288092663,0.00020076006258197543,0.0001832801488003133,276463080.6322,33539452.3711,7833252.4143,-0.0264779784241026,-0.0264779784241026,-0.02623748832242136,0.9737625116775787,-0.00040829441657441734,1.00133357005796,503.5865748654393,11.949021085626118,0.00003433790000000002,0.00004816747709624924
2021-12-15T17:00:00.000Z,0.017456028345428004,0.9770696341623659,0.0000659889539369063,0.0002364206285314749,0.00021683594189092492,277753199.5144,39502562.8574,5963110.4863,-0.023147201779525006,-0.023147201779525006,-0.022864376883697177,0.9771356231163029,-0.0002827811899072108,0.9999516876209086,507.7390805328221,12.244052104183176,0.00003446569999999998,0.000036497465535710004
2021-12-15T18:00:00.000Z,0.017456028345428004,0.980002379977737,0.00007408727863184637,0.0002516556705312234,0.00023233414056667012,278618900.9944,42050438.2572,2547875.3998,-0.02022995416282969,-0.02022995416282969,-0.01992353274363117,0.9800764672563689,-0.0002063937757829093,0.999468314533034,511.0232329689368,12.365309537258627,0.00003449079999999998,0.000015545923712286325
2021-12-15T19:00:00.000Z,0.017456028345428004,0.9898505000246904,0.00008399490624368283,0.000278776995289742,0.00026197826970353333,281272761.5636,46583796.6343,4533358.3771,-0.010411478245013095,-0.010411478245013095,-0.010065505069065879,0.9899344949309341,-0.000058522899564428243,0.9999396133135399,521.0709780496784,12.73924981110219,0.00003447820000000001,0.000027399415422340485
2021-12-15T20:00:00.000Z,0.017456028345428004,1.004670713679868,0.0000951103619401878,0.0003375537870734049,0.0003257497550475108,285493849.66499996,56408738.050500005,9824941.4162,0.004344963924820533,0.004344963924820533,0.0047658240418082315,1.0047658240418083,-0.000009391576199724305,0.9995883000264489,536.9155826082134,13.234204366076433,0.00003398900000000003,0.000058503538437478386
2021-12-15T21:00:00.000Z,0.017456028345428004,1.0126232499605512,0.00010434253927497786,0.0003671853829705491,0.00035788253678092907,287604528.9044,61359293.644700006,4950555.5942,0.012265367423770268,0.012265367423770268,0.012727592499826175,1.0127275924998262,-0.00006645595188570219,1.0002483601809538,545.0574364548607,13.395491662519913,0.000034524999999999965,0.00002926221135042511
2021-12-15T22:00:00.000Z,0.017456028345428004,1.0098029902419732,0.00011117668992710914,0.000388639433566441,0.00037745680104150914,286582628.22690004,64940864.689500004,3581571.0448,0.009425533440931666,0.009425533440931666,0.009914166931900285,1.0099141669319003,-0.00004150629033539133,0.9998567527742258,542.2157743821977,13.247114060732814,0.000034552200000000025,0.000021245777574973357
2021-12-15T23:00:00.000Z,0.017456028345428004,1.0051272954809254,0.00011750000729914701,0.0004115796607404145,0.0003991281167630145,285325779.8914,68771481.8472,3830617.1577,0.004728167364162372,0.004728167364162372,0.005244795488224534,1.0052447954882244,-0.00001011344535939429,0.9998062267744807,537.208256100432,13.062054636725687,0.00003454400000000003,0.000022823206408368006
2021-12-16T00:00:00.000Z,0.017456028345428004,1.0081203046120333,0.0001260503670385319,0.000420708629410606,0.0004093440272603388,286147310.7494,70295710.3208,1524228.4736,0.007710960584772941,0.007710960584772941,0.008246354979071812,1.008246354979072,-0.000027084352497763753,0.9999079988824688,540.3476687573238,13.132180204585758,0.00003454760000000002,0.000009055435112543452
2021-12-16T01:00:00.000Z,0.017456028345428004,1.0100026511508182,0.00013420525256356938,0.00043642145337978585,0.0004262451334744455,286614694.7622,72918607.4536,2622897.1328,0.009576406017343775,0.009576406017343775,0.01013685640338179,1.0101368564033817,-0.00002933824271755814,1.001458387705083,541.5104434574242,13.155708427279585,0.00003452720000000005,0.000015557210454472697
2021-12-16T02:00:00.000Z,0.017456028345428004,1.0058170586197726,0.00014113932458673887,0.00045772333279417936,0.00044561288343647476,285231294.8615,76472032.6161,3553425.1625,0.005371445736336078,0.005371445736336078,0.005958197944359291,1.0059581979443593,-0.000014096723223944174,0.9996339904829529,537.9890519272268,13.063104395502338,0.000034551399999999854,0.000021178681600079145
2021-12-16T03:00:00.000Z,0.017456028345428004,1.0035058195400621,0.00014779729643337724,0.00046839167179762943,0.0004548877403647289,284577195.3305,78251655.8275,1779623.2114,0.0030509317996973984,0.0030509317996973984,0.0036536168364955045,1.0036536168364956,-0.000007696274902713185,0.9987104066242766,536.0036613017788,12.955518294710735,0.00003458020000000006,0.000010631067805227442
2021-12-16T04:00:00.000Z,0.017456028345428004,1.0020874062288752,0.0001543754363251115,0.0004807156714495725,0.00046717020175957025,284436506.8167,80309357.756,2057701.9285,0.0016202360271155847,0.0016202360271155847,0.0022417816652002664,1.0022417816652003,-5.491402966795178e-7,1.0001575820320805,533.702342242662,12.853229303449192,0.000034519699999999906,0.000012298327375762222
2021-12-16T05:00:00.000Z,0.017456028345428004,0.9996020896785072,0.00016143593701868031,0.0005018394609715803,0.0004865582081721165,283735420.5441,83836388.9963,3527031.2403,-0.0008844685296649502,-0.0008844685296649502,-0.00023647438447415336,0.9997635256155258,-0.0000010468355513548744,1.0001487379677851,531.0411668178945,12.798451415080548,0.000034548199999999955,0.000021132198077391857
2021-12-16T06:00:00.000Z,0.017456028345428004,0.9991707318000057,0.00016611746535409274,0.000516923105091886,0.0005025195648197256,283720782.3619,86355856.7129,2519467.7166,-0.0013317877648140186,-0.0013317877648140186,-0.0006631507346402003,0.9993368492653598,-0.000001852746881914058,1.0001789418534817,530.5497405527667,12.568890314825467,0.00003453530000000012,0.000015096162792744236
2021-12-16T07:00:00.000Z,0.017456028345428004,1.0012657285593698,0.0001757390196823221,0.0005303279383789071,0.0005170729718511069,284322013.9663,88594957.55,2239100.8371,0.0007486555875186873,0.0007486555875186873,0.0014414675790521162,1.0014414675790522,-3.758253819263757e-9,1.000421796038826,532.63321524752,12.716837499304264,0.00003453469999999999,0.000013387888507012235
2021-12-16T08:00:00.000Z,0.017456028345428004,1.0016255573784907,0.00018401492035945735,0.0005478696147274119,0.0005341083706185135,284470136.28220004,91525536.8327,2930579.2827,0.0010914490078721695,0.0010914490078721695,0.0018095722988501403,1.00180957229885,-3.8501335453133834e-10,1.0006499494129273,532.8766445411226,12.759191181100785,0.000034529599999999975,0.000017513208401066647
2021-12-16T09:00:00.000Z,0.017456028345428004,1.0028156161060664,0.0001911348208963071,0.0005612872537568271,0.0005482281464292971,284812249.82930005,93767170.9832,2241634.1505,0.0022673879596371016,0.0022673879596371016,0.0030067509269627057,1.0030067509269627,-0.0000012005499478995318,1.000301951659081,534.315093920132,12.721212135854191,0.00003452930000000001,0.000013379965426816997
2021-12-16T10:00:00.000Z,0.017456028345428004,1.0047932192192315,0.0002001490332209661,0.0005754772853828681,0.0005633045879678278,285346579.1755,96137618.9007,2370447.9175,0.004229914631263654,0.004229914631263654,0.004993368252452448,1.0049933682524526,-0.000009039688165679571,0.9995557252359349,536.8100742844298,12.807292406706104,0.00003453530000000002,0.000014122340178017446
2021-12-16T11:00:00.000Z,0.017456028345428004,1.0088184652211916,0.0002098142282261311,0.0005975510162570085,0.0005888110666683044,286480766.5112,99824925.7358,3687306.8351,0.008229654154523258,0.008229654154523258,0.009028279449417694,1.0090282794494176,-0.000025828977651021212,1.000595361947821,540.5324960791651,12.92744246904581,0.00003450970000000001,0.00002188077648635073
2021-12-16T12:00:00.000Z,0.017456028345428004,1.011437133673486,0.0002200267865478982,0.0006240285242868854,0.0006156990969485854,287169003.4651,104247008.3924,4422082.6566,0.010821434576537392,0.010821434576537392,0.011657160460033875,1.011657160460034,-0.00006163460299479784,0.9992472673821774,544.0480726014022,13.071413238419662,0.000034516899999999995,0.0000261781056642961
2021-12-16T13:00:00.000Z,0.017456028345428004,1.005629026126253,0.00022540292018411321,0.0006837273068300943,0.0006756272774897099,268150722.67719996,113610929.0216,9363920.6292,0.004953398848763335,0.004953398848763335,0.005854429046437158,1.005854429046437,-0.000007115516993727589,1.0007556748829682,536.9392419749335,12.902188270457941,0.00003651810000000006,0.000059364617446147626
2021-12-16T14:00:00.000Z,0.017456028345428004,1.0105512684665903,0.00023604481928314413,0.0007251572228135731,0.0007188805699946954,269581808.8441,120112186.44739999,6501257.4258,0.009832387896595574,0.009832387896595574,0.010787313285873413,1.0107873132858733,-0.000053518991341094946,0.9990253266862927,543.104564501698,13.032796495505892,0.000036747799999999994,0.000040997342035980946
2021-12-16T15:00:00.000Z,0.017456028345428004,1.0078656418700511,0.00024279238134736816,0.0007524990800517965,0.0007415201610130318,268871566.70739996,124402818.99949999,4290632.5521,0.007124121709038089,0.007124121709038089,0.00810843425139849,1.0081084342513984,-0.000026297049318002585,0.999433401091349,539.974805222842,12.947174342317995,0.00003671720000000008,0.000027128474118305683
2021-12-16T16:00:00.000Z,0.017456028345428004,1.0077673780496597,0.00024999310223013295,0.0007817778459760087,0.00077074744740524,268856841.88280004,128997598.2936,4594779.2941,0.006996630602254417,0.006996630602254417,0.00801737115188979,1.0080173711518898,-0.000023074481457330265,0.9997655609562554,539.6587492442907,12.897701619846064,0.000036103600000000235,0.000029053100323833386
2021-12-16T17:00:00.000Z,0.017456028345428004,1.0109035208108161,0.0002580152970418723,0.0008071054311562191,0.0007997893781794829,298599445.6334,133398322.50119999,4400724.2076,0.010103731432636653,0.010103731432636653,0.011161536107858009,1.011161536107858,-0.00004783982528888675,0.9998578813646863,542.9439982217151,12.92540769503316,0.000033175099999999614,0.00002505440402627185
2021-12-16T18:00:00.000Z,0.017456028345428004,1.005047977313023,0.000262671638594563,0.000830342651705256,0.0008187253141962447,296872299.2214,137435874.6282,4037552.127,0.004229251998826733,0.004229251998826733,0.005310648951617541,1.0053106489516175,-0.000011821433687719818,0.9989451073444495,537.1374974123532,12.787992134212823,0.00003314740000000012,0.000023120508831243693
2021-12-16T19:00:00.000Z,0.017456028345428004,1.004679814340097,0.00026844760355947535,0.0008433375144561592,0.000832200283166884,296792683.3289,139694001.139,2258126.5108,0.0038476140569301265,0.0038476140569301265,0.004948261943656486,1.0049482619436565,-0.000003908934778751316,1.0006310138603773,535.8250126884161,12.710862649455784,0.00003317199999999992,0.000012934331888855554
2021-12-16T20:00:00.000Z,0.017456028345428004,1.0000481189560724,0.00027336572520467005,0.0008581235891524661,0.0008427248522591135,293425001.992,142245998.3475,2551997.2085,-0.0007946058961867397,-0.0007946058961867397,0.00032148468127704387,1.0003214846812771,-0.0000016289676175729184,1.00059686647966,530.8988216012607,12.596012961882561,0.0000333991999999999,0.000014785363295552719
2021-12-16T21:00:00.000Z,0.017456028345428004,1.0026459827290077,0.0002826727599269883,0.0008703493637329094,0.0008561280355148249,294196649.3126,144356168.8198,2110170.4723,0.0017898546934929094,0.0017898546934929094,0.0029286554889347226,1.0029286554889347,-0.0000013689735727240304,0.9997202525021497,534.1166646217803,12.684121045197076,0.0000333983000000001,0.000012193510059655058
2021-12-16T22:00:00.000Z,0.017456028345428004,1.0027454961147497,0.0002903800123691042,0.0008865076917295071,0.0008749887063532746,294225577.311,147145096.18129998,2788927.3615,0.001870507408396449,0.001870507408396449,0.003035876127118828,1.0030358761271188,-5.458457429385888e-7,1.0004106376563955,533.8340158613497,12.69777831666168,0.00003339859999999997,0.00001611408687810482
2021-12-16T23:00:00.000Z,0.017456028345428004,1.0016778214709836,0.0002993926085079634,0.0009014685222167858,0.0008861312814842925,293910779.8406,149727322.12849998,2582225.9472,0.0007916901894993167,0.0007916901894993167,0.0019772140794915728,1.0019772140794916,-1.8863273787417256e-7,0.9997638192405729,533.0295984923156,12.776206311043648,0.00003236930000000004,0.000014935771027591303
2021-12-17T00:00:00.000Z,0.017456028345428004,0.9956247597254919,0.0003023168846051643,0.0009163799957839177,0.0008956926870764548,292136747.80489993,152301047.07309997,2573724.9446,-0.00527093296158454,-0.00527093296158454,-0.004072923389902921,0.995927076610097,-0.0000180240527573039,1.0003058598039167,526.3058103016455,12.589346070660248,0.00003323210000000028,0.000014977001143115393
2021-12-17T01:00:00.000Z,0.017456028345428004,0.9985644689373495,0.0003122120205655419,0.0009307602981189238,0.0009133332730443255,292944342.6842,154782626.14939997,2481579.0763,-0.0023488643356948113,-0.0023488643356948113,-0.0011233190420849438,0.998876680957915,-0.000003082797569331497,0.9997181111581271,529.7136968702599,12.693177383022501,0.0000334055999999999,0.00001440097593643523
2021-12-17T02:00:00.000Z,0.017456028345428004,0.9987388318612017,0.0003196012981580219,0.0009519133526724527,0.0009352316879035483,292820719.79169995,158430787.56509995,3648161.4157,-0.0021963998267018336,-0.0021963998267018336,-0.0009415668406402635,0.9990584331593597,-1.141689518480149e-7,0.9978679416287294,530.858068979467,12.694218139249779,0.00003323099999999985,0.000021179766278498823
2021-12-17T03:00:00.000Z,0.017456028345428004,0.9996226962790757,0.0003270584384404658,0.0009747583607030075,0.0009586649897305177,293052585.3048,162370384.97319996,3939597.4081,-0.001335968710654778,-0.001335968710654778,-0.00005024528248379442,0.9999497547175162,-6.069335745095827e-7,0.9993517388002573,530.9844516230598,12.696138766897256,0.00003342949999999994,0.000022853630814429476
2021-12-17T04:00:00.000Z,0.017456028345428004,1.0003879411959238,0.0003349933357816108,0.000986154266967895,0.0009715134180412477,293278249.523,164335605.75539997,1965220.7822,-0.0005835722221174677,-0.0005835722221174677,0.0007229345317053908,1.0007229345317055,-6.372206479143827e-7,1.0001318118023097,531.3700672611187,12.716110468852126,0.00003342939999999992,0.00001139148687355349
2021-12-17T05:00:00.000Z,0.017456028345428004,1.000706070220135,0.00034413055209522425,0.0010042005936046604,0.000988341115491398,293398794.4706,167447978.94069996,3112373.1853,-0.00028227089535648453,-0.00028227089535648453,0.0010502007722301377,1.0010502007722302,-0.0000010263949646871495,0.9978738299230521,532.8936130793594,12.779889066303689,0.00003342669999999993,0.000018033592893784664
2021-12-17T06:00:00.000Z,0.017456028345428004,0.9992821146985003,0.00034884232546853464,0.0010233359704290461,0.001006250914048934,292988737.2547,170748260.01089996,3300281.0702,-0.0017241362155486772,-0.0017241362155486772,-0.00036904297603120864,0.9996309570239688,-8.522870917904157e-7,0.9991669506442084,530.6698836911789,12.680104617112109,0.000033426300000000036,0.000019149124542841103
2021-12-17T07:00:00.000Z,0.017456028345428004,0.9991111025919547,0.00035598129811647346,0.0010393928893745739,0.0010251732927565316,292929493.7299,173517512.87709996,2769252.8662,-0.001914070700801851,-0.001914070700801851,-0.0005329161099288459,0.9994670838900711,-0.000003694969846645968,1.0003892532305023,529.8198296379146,12.670851258876212,0.00003342730000000005,0.00001607120475509657
