query_ts,assumedLPToken,equityValue,totalDexYield,totalTradingfee,newTotalTradingFee,liquidity,totalVolume,volume,priceImpact,priceEffect,totalReturn,totalEquityVal,impermanentLoss,tokenPrice,quoteTokenPrice,rewardPrice,rewardTokenPerLP,feePerDollar
2022-03-11T09:00:00.000Z,0.0199756095942331,0.9999999999999999,0.000004331585466104637,0.000013191217400427253,9.557910018997973e-13,241166912.4953,1871344.2435,1871344.2435,-9.559020242022598e-13,-9.559020242022598e-13,0.000004331585465993615,1.000004331585466,0,1.0004753534882713,372.57022018610303,6.057273229610086,0.0000357989,0.000013191217572236402
2022-03-11T10:00:00.000Z,0.0199756095942331,1.000755503141612,0.000008641057125110495,0.000024059313353825344,0.000012489838058682423,241363244.8435,3413213.8965,1541869.653,0.0007430133035533082,0.0007430133035533082,0.0007641441987371011,1.0007641441987372,-3.725789330388807e-7,1.0003548154789184,373.1690348122786,6.04198007181698,0.000035796900000000016,0.000010859890501553262
2022-03-11T11:00:00.000Z,0.0199756095942331,1.000046457225294,0.000012874692426855364,0.00003496932213127406,0.00002518506572979362,241192273.8843,4961030.0656,1547816.1691,0.000021272159564267312,0.000021272159564267312,0.0000593319177209163,1.000059331917721,-2.6211595116620856e-9,1.0004241985642977,372.60512263225945,6.0080262361414025,0.00003568079999999999,0.000010909501556970393
2022-03-11T12:00:00.000Z,0.0199756095942331,1.0062385529566091,0.000017282835016612185,0.00005739643042271558,0.000044125520869631174,242682454.7467,8142748.747300001,3181718.6817,0.006194427435739502,0.006194427435739502,0.006255835791625745,1.0062558357916258,-0.000018135813798059175,1.0006281199553575,377.142647065032,6.049566320143427,0.000035741399999999996,0.000022288062664173916
2022-03-11T13:00:00.000Z,0.0199756095942331,1.0055617056434962,0.000021628142587070962,0.00007504818746260837,0.00006548859822430586,242549549.42919996,10647304.7432,2504555.9959,0.005496217045271923,0.005496217045271923,0.005583333786083299,1.0055833337860833,-0.000015488188370049727,1.0003908064057778,376.7087630214569,6.057027234684357,0.0000357376,0.00001755412534490332
2022-03-11T14:00:00.000Z,0.0199756095942331,1.0021421949379854,0.000025771350799365428,0.00009589886858633604,0.00008652574146950087,241732160.45880002,13605837.5717,2958532.8285,0.002055669196515897,0.002055669196515897,0.0021679662887847634,1.0021679662887848,-0.0000030082831055100456,1.0000759305768607,374.2529710221417,6.014020427545784,0.0000357666,0.000020806109534222323
2022-03-11T15:00:00.000Z,0.0199756095942331,1.001926785740626,0.00003007069067523602,0.00011735475474906212,0.00010653557493078836,241682298.2228,16650270.2746,3044432.7029,0.001820250165695203,0.001820250165695203,0.0019568564313012272,1.0019568564313013,-0.000004366735948946321,0.9993388045597741,374.3530650599014,6.022418542171224,0.00003543890000000002,0.000021414624211156836
2022-03-11T16:00:00.000Z,0.0199756095942331,1.000296010458467,0.000034125874476766874,0.00014664277779954308,0.00013870061765297592,240409240.48359996,20790874.7619,4140604.4873,0.0001573098408140794,0.0001573098408140794,0.00033013633294382217,1.0003301363329438,-2.839422585942941e-9,1.0005573351550343,372.65691081160287,5.97689510906019,0.00003586910000000002,0.000029279355544947046
2022-03-11T17:00:00.000Z,0.0199756095942331,0.9974453705863588,0.00003834445275857281,0.00016106396139975988,0.00014862113918379105,239726988.00050002,22829699.1034,2038824.3415,-0.002703250552824943,-0.002703250552824943,-0.002516284960882579,0.9974837150391174,-0.0000017829537272140428,0.9996567509879379,370.86208584740996,5.966395293510529,0.00003589899999999999,0.000014458119252483872
2022-03-11T18:00:00.000Z,0.0199756095942331,0.9989479137151738,0.00004280463626245356,0.000171400378537954,0.00015932181266054002,240088364.60519996,24291032.6256,1461333.5222,-0.0012114080974867658,-0.0012114080974867658,-0.0010092816485637722,0.9989907183514363,-1.8367528131779665e-7,0.999869201216788,371.8934147068329,5.991821833292904,0.00003589909999999997,0.000010347302718418344
2022-03-11T19:00:00.000Z,0.0199756095942331,0.998274276184886,0.00004651854342127711,0.00018426639101662618,0.00017076898695922438,239725342.09789997,26108468.603699997,1817435.9781,-0.0018964928020732685,-0.0018964928020732685,-0.001679205271692767,0.9983207947283073,-3.5920196284067174e-7,0.9994246999183283,371.54859010038285,5.917665705743755,0.00003589970000000008,0.000012888254265200882
2022-03-11T20:00:00.000Z,0.0199756095942331,0.9979434164297353,0.00005058053938507601,0.0001912837667353734,0.00017763715594121265,239641113.35020003,27099714.1861,991245.5824,-0.0022342207262059377,-0.0022342207262059377,-0.0020060030308796492,0.9979939969691204,-0.0000020412674112124662,1.0002590838506025,370.9874669494957,5.896487196306147,0.00003589969999999999,0.000007031838011941841
2022-03-11T21:00:00.000Z,0.0199756095942331,0.9958995957378771,0.00005466237249183175,0.00019933948462863365,0.0001861918935814888,239154527.1418,28237651.5143,1137937.3282,-0.00428659615570437,-0.00428659615570437,-0.004045741889631049,0.995954258110369,-0.000007382725241811272,1.0000220264876025,369.55039755918045,5.880716949617877,0.00003589920000000003,0.000008088884960948268
2022-03-11T22:00:00.000Z,0.0199756095942331,1.0006612382938709,0.000059333063892190234,0.00020920626120234066,0.00019552264305700007,240299708.9686,29631426.2216,1393774.7073,0.00046571565081388044,0.00046571565081388044,0.0007205713577630707,1.0007205713577632,-1.036774716078881e-7,1.0004856032002047,372.9135041191705,5.926019227352428,0.00003589920000000003,0.000009860257478379269
2022-03-11T23:00:00.000Z,0.0199756095942331,1.0016425384831804,0.0000637267412757806,0.0002143468285216617,0.0002019659799914475,240535031.4148,30357578.429,726152.2074,0.0014405725031889638,0.0014405725031889638,0.001706265224456192,1.0017062652244562,-0.0000017174219527626988,1.0000614437920274,373.79906773954355,5.93944656328892,0.000035899300000000004,0.000005132137075082379
2022-03-12T00:00:00.000Z,0.0199756095942331,0.9999894092713784,0.0000678697066024856,0.00022253298115288943,0.0002111020014130549,240138577.2376,31513950.064200003,1156371.6352,-0.00022169273003469492,-0.00022169273003469492,0.00005727897798084559,1.000057278977981,-1.5894890625922642e-8,1.0000752291745572,372.55404338392367,5.929288575845253,0.000035899300000000004,0.000008186238972736769
2022-03-12T01:00:00.000Z,0.0199756095942331,1.0038934173290999,0.00007238343116593193,0.00023433652491578066,0.00022434854033281937,241074565.76039997,33181302.0168,1667351.9526,0.0036690687887670492,0.0036690687887670492,0.0039658007602658,1.0039658007602659,-0.000006757298911641563,1.0004614702241497,375.31441539811175,5.953730802718362,0.00003560049999999998,0.00001175776594465449
2022-03-12T02:00:00.000Z,0.0199756095942331,1.0045656442357722,0.00007691644329622764,0.000243425806817739,0.00023094910110632583,241325941.4159,34465719.8529,1284417.8361,0.004334695134665889,0.004334695134665889,0.0046425606790684425,1.0046425606790685,-0.00001713020192783965,0.9989478413291712,376.3818319276517,5.974318153683666,0.00003588649999999994,0.000009047971836591528
2022-03-12T03:00:00.000Z,0.0199756095942331,1.0037487437069428,0.00008112691588130798,0.000257244659869178,0.0002456187665607068,241131128.90269998,36418490.8572,1952771.0043,0.003503124940382074,0.003503124940382074,0.0038298706228240887,1.0038298706228241,-0.00001071386487649928,0.9993434292209872,375.61007253607943,5.969003485080109,0.00003588639999999997,0.00001376724242289577
2022-03-12T04:00:00.000Z,0.0199756095942331,1.0016630551541337,0.00008517783566931577,0.00027107058029129146,0.00025774950909762673,240635797.1017,38372306.950899996,1953816.0937,0.001405305645036048,0.001405305645036048,0.0017482329898029904,1.001748232989803,-0.000003190160778210327,0.9993538353285849,374.0373964583328,5.95306939460362,0.00003588650000000003,0.000013802964477002723
2022-03-12T05:00:00.000Z,0.0199756095942331,1.0031813359451163,0.00008960564515166418,0.00028408000166636255,0.0002711689021013264,240998279.9031,40210722.0149,1838415.064,0.002910167043014944,0.002910167043014944,0.0032709415902679347,1.0032709415902679,-0.000007867975468478505,0.9994144831700794,375.13964408781004,5.965874968581237,0.00003561730000000009,0.000012968165623657625
2022-03-12T06:00:00.000Z,0.0199756095942331,1.0014667279235148,0.00009353386482897955,0.0003049356826851717,0.0002914197713790312,239500276.9119,43144619.458399996,2933897.4435,0.0011753081521357345,0.0011753081521357345,0.0015602617883437452,1.0015602617883437,-0.000002761714450461028,0.9992999034101454,373.8857797284333,5.942494665032526,0.00003605059999999998,0.000020825135228485326
2022-03-12T07:00:00.000Z,0.0199756095942331,1.0020112154611491,0.0000981954873318566,0.0003170973591646731,0.0003037854797771633,239614162.3689,44855361.2341,1710741.7757,0.0017074299813719662,0.0017074299813719662,0.002109410948480986,1.002109410948481,-0.0000037924266248490213,0.9994273129920312,374.23560919721996,5.965697385773588,0.00003605329999999993,0.000012137266804007028
2022-03-12T08:00:00.000Z,0.0199756095942331,1.0024247797492931,0.00010279284347966601,0.0003328155570982825,0.0003203514021570264,239711580.0323,47066373.0082,2211011.7741,0.002104428347136089,0.002104428347136089,0.0025275725927727814,1.0025275725927727,-0.000007247908924590263,0.9987708648220915,374.77846695860933,5.983210611277584,0.000036053800000000065,0.00001568017705053519
2022-03-12T09:00:00.000Z,0.0199756095942331,1.006347855633021,0.00010752505197487995,0.0003568345496841419,0.0003450114319376585,241134179.1478,50451823.902899995,3385450.8947,0.006002844201083324,0.006002844201083324,0.006455380684995862,1.0064553806849958,-0.00001977861619617549,1.0001706481203245,377.1714789748997,6.007324043314251,0.00003598280000000001,0.00002386748548600564
2022-03-12T10:00:00.000Z,0.0199756095942331,1.006451794366857,0.00011198273633724316,0.0003814251523287841,0.00037105857300967493,241161555.59309998,53917878.0544,3466054.1515,0.0060807357938472695,0.0060807357938472695,0.006563777103194187,1.0065637771031941,-0.00002514623403493399,0.9994459242479844,377.503426672426,6.01483030198957,0.00003598280000000001,0.000024432965872436877
2022-03-12T11:00:00.000Z,0.0199756095942331,1.0066197414898521,0.00011615711023530739,0.0003966168930715375,0.0003864570588665295,241204197.0088,56059180.7124,2141302.658,0.006233284430985586,0.006233284430985586,0.006735898600087423,1.0067358986000874,-0.000022543145680731236,0.9999744830354509,377.41831614036045,6.007127583933725,0.00003598269999999995,0.000015091837388166141
2022-03-12T12:00:00.000Z,0.0199756095942331,1.0054452861108323,0.00012020304490332444,0.0004178219195362963,0.00040643650488281224,241797417.15670002,59058917.206499994,2999736.4941,0.005038849605949469,0.005038849605949469,0.005565489155735606,1.0055654891557355,-0.000015905394092352587,0.9998613045386099,376.56545011659426,5.995066152213975,0.0000357326,0.00002109018408854701
2022-03-12T13:00:00.000Z,0.0199756095942331,1.0066969457107777,0.00012489198816916216,0.00043428280863705833,0.00042384570645248587,245653088.1744,61421722.027499996,2362804.821,0.006273100004325238,0.006273100004325238,0.006821837698946886,1.0068218376989468,-0.000031728599750868725,0.9987634037286292,377.90587046675404,6.017131775584936,0.00003532999999999984,0.000016351384896282347
2022-03-12T14:00:00.000Z,0.0199756095942331,1.0057683148956706,0.000128726229206278,0.0004557283174706002,0.00044476607138088653,245427538.86339998,64500034.9259,3078312.8984,0.005323548824289759,0.005323548824289759,0.0058970411248769235,1.0058970411248769,-0.000018358811665453167,0.9997251539418442,376.83013388423586,5.999072660110195,0.000035123900000000153,0.000021322513160157854
2022-03-12T15:00:00.000Z,0.0199756095942331,1.0037872733199258,0.00013223806793757895,0.00047964752189873157,0.00046741068590927526,244922742.5336,67933125.4293,3433090.5034,0.0033198626340165127,0.0033198626340165127,0.003919511387863367,1.0039195113878634,-0.000009122969016228666,0.999518178048436,375.4072502420531,5.967746642695269,0.00003509810000000025,0.00002382895845198755
2022-03-12T17:00:00.000Z,0.0199756095942331,1.0051947177950846,0.0001364502597514906,0.00047964752189873157,0.001874855161068112,245293381.78450003,67933125.4293,0,0.0033198626340165127,0.0033198626340165127,0.0053311680548361155,1.005331168054836,-0.000009122969016228666,0.999518178048436,375.4072502420531,5.967746642695269,0.0000353343999999998,0
2022-03-12T18:00:00.000Z,0.0199756095942331,1.006479294862495,0.00014155041397835897,0.0004975761528729661,0.0005379500369464552,245678391.03539997,70507432.2475,2574306.8182,0.0059413448255485335,0.0059413448255485335,0.006620845276473348,1.0066208452764733,-0.0000225328270475611,0.9996858957767132,377.3082354285588,6.0054900902810635,0.00003532050000000001,0.000017813213333481218
2022-03-12T19:00:00.000Z,0.0199756095942331,1.0058991727729811,0.00014563753063108682,0.000507355510186406,0.0005458916944824921,245538620.6031,71911625.0775,1404192.83,0.0053532810784986395,0.0053532810784986395,0.006044810303612218,1.0060448103036121,-0.00001931872642801924,0.9995983711647486,376.9002211677168,6.000326708294512,0.000035114399999999984,0.000009722005463485371
2022-03-12T20:00:00.000Z,0.0199756095942331,1.004528732663147,0.00014982483560781418,0.0005203277329812907,0.0005582529248044921,245208854.41400003,73774309.3142,1862684.2367,0.003970479738342414,0.003970479738342414,0.0046785574987547205,1.0046785574987547,-0.000018438071997639582,0.9983665744763527,376.32787393328056,5.998479229604702,0.00003531989999999998,0.000012913739228371058
2022-03-12T21:00:00.000Z,0.0199756095942331,1.0047263630226333,0.00015423313482630476,0.0005248803062468398,0.0005632143054992156,245263092.8057,74428030.389,653721.0748,0.00416314871713408,0.00416314871713408,0.0048805961574596,1.0048805961574596,-0.00001699836590995929,0.9987997552643513,376.3090511599516,6.005341791944898,0.000035319100000000005,0.0000045311580085162006
2022-03-12T22:00:00.000Z,0.0199756095942331,1.0041392597112566,0.00015821388123408748,0.0005308206650133385,0.0005697526456849289,245120708.83709997,75281031.857,853001.468,0.0035695070655716865,0.0035695070655716865,0.004297473592490703,1.0042974735924908,-0.000009179749305143758,0.9997536074605184,375.50564224932236,5.995768851152993,0.00003528960000000006,0.0000059158710109789025
2022-03-12T23:00:00.000Z,0.0199756095942331,1.0037280598101739,0.0001622847147456565,0.0005359336480133709,0.0005740936754858872,245023302.83020002,76015235.9831,734204.1261,0.003153966134687991,0.003153966134687991,0.0038903445249195345,1.0038903445249194,-0.000009524745406053192,0.9992599277914944,375.3801038934433,5.990149088123038,0.00003526020000000001,0.000005093993101688617
2022-03-13T00:00:00.000Z,0.0199756095942331,1.000125285567153,0.0001655506208259481,0.000546598224465979,0.0005868727972495602,244144285.00259998,77546629.5746,1531393.5915,-0.00046158723009659397,-0.00046158723009659397,0.00029083618797891433,1.000290836187979,-3.0280252361070126e-7,0.9992356326286381,372.6881620214672,5.955603937022561,0.000035319100000000005,0.000010663239999749638
2022-03-13T01:00:00.000Z,0.0199756095942331,1.0023107741851511,0.00016930353763799352,0.0005722142031169467,0.0006258879831850805,244677792.71789998,81224989.173,3678359.5984,0.0016848862019660515,0.0016848862019660515,0.0024800777227891257,1.0024800777227891,-0.000001839230907019207,1.0002408047871758,373.9144141720653,5.939855258438104,0.000035319100000000005,0.00002555692221929437
2022-03-13T02:00:00.000Z,0.0199756095942331,1.0040880897402686,0.00017430899017848873,0.0005954536075871719,0.0006368812669912405,244659638.4286,84555927.34629999,3330938.1733,0.0034512084732774007,0.0034512084732774007,0.00426239873044713,1.004262398730447,-0.00000739220496626114,1.0000754482117362,375.296304476525,5.967598966578608,0.000035356099999999924,0.000023144785674415755
2022-03-13T03:00:00.000Z,0.0199756095942331,1.0040210429370413,0.00017837653367394586,0.0006134847014532592,0.0006513164914112579,244646564.59090003,87140385.09689999,2584457.7506,0.00336972644563005,0.00336972644563005,0.004199419470715254,1.0041994194707153,-0.000008966304625657173,0.9996046733621424,375.41207872429624,5.962680750297587,0.000035356099999999755,0.000017958879509986077
2022-03-13T04:00:00.000Z,0.0199756095942331,1.0044125979167562,0.00018225734534398327,0.0006361703420743131,0.0006760682398680995,244743347.8151,90392013.18039998,3251628.0835,0.0037365296768880896,0.0037365296768880896,0.004594855262100172,1.0045948552621002,-0.0000104623664413106,0.9996304990688532,375.67690274194166,5.951890612472974,0.000035356300000000216,0.000022585977479257768
2022-03-13T05:00:00.000Z,0.0199756095942331,1.005140036026035,0.00018669372270099045,0.0006536115002573758,0.0006952118088714432,244922616.54140002,92891948.27939999,2499935.099,0.004444824217163523,0.004444824217163523,0.005326729748735957,1.005326729748736,-0.000012191413947482133,0.9999722938923278,376.07869923997924,5.959209097723125,0.00003538569999999992,0.000017351969076247508
2022-03-13T06:00:00.000Z,0.0199756095942331,1.0042910480322997,0.0001910638291942663,0.000667030603407176,0.0007050671240782513,244704180.13059998,94815289.71749999,1923341.4381,0.0035859809082214866,0.0035859809082214866,0.004482111861494004,1.004482111861494,-0.000011233304980429182,0.9993151240379009,375.6827416400012,5.964135951208653,0.00003538569999999992,0.000013361767841583062
2022-03-13T07:00:00.000Z,0.0199756095942331,1.0040986393191345,0.00019509447359533527,0.0006801081815621826,0.0007189220363525983,244751913.9897,96690405.77009998,1875116.0526,0.003379717282781858,0.003379717282781858,0.004293733792729792,1.0042937337927298,-0.000006885540712375793,1.000138317563416,375.21924216899845,5.958992814059497,0.00003524530000000012,0.00001302419759444312
