query_ts,assumedLPToken,equityValue,totalDexYield,totalTradingfee,newTotalTradingFee,liquidity,totalVolume,volume,priceImpact,priceEffect,totalReturn,totalEquityVal,impermanentLoss,tokenPrice,quoteTokenPrice,rewardPrice,rewardTokenPerLP,feePerDollar
2021-11-22T09:00:00.000Z,0.017194444089919797,1,0.000010199671513755651,0.000028643399076081073,-1.751931932858497e-13,306014060.6282,5156048.8433,5156048.8433,1.751931932858497e-13,1.751931932858497e-13,0.000010199671513755651,1.0000101996715138,0,1.0001160670255926,570.6309779649036,15.674888309137692,0.0000378437,0.00002864339963861862
2021-11-22T10:00:00.000Z,0.017194444089919797,1.000629172832483,0.00002012127424872906,0.00006131699702462082,0.000035971790037558904,306091551.3156,11035357.1008,5879308.2575,0.0005932010424454237,0.0005932010424454237,0.0006492941067317117,1.0006492941067318,-2.2476164041052016e-8,1.0004971893727264,571.0905464347558,15.563209730010287,0.0000373477,0.00003265305427344088
2021-11-22T11:00:00.000Z,0.017194444089919797,1.0013531814270467,0.000030405545025590192,0.0000905317244916997,0.00006207750460940353,305204735.6811,16273253.4394,5237896.3386,0.0012911039224372534,0.0012911039224372534,0.0013835869720722471,1.0013835869720722,-0.0000036329298070958416,0.998711632182582,572.9099382662779,15.609892480809789,0.000038091599999999986,0.000029175247742302355
2021-11-22T12:00:00.000Z,0.017194444089919797,1.0014796751078245,0.00003987827937482176,0.00011694400689156095,0.00009027264085537112,305279658.969,21009264.9009,4736011.4615,0.0013894024669691696,0.0013894024669691696,0.0015195533871993625,1.0015195533871994,-9.649607425332718e-7,1.0001152883767235,572.2181972154912,15.498381672853903,0.00003636190000000001,0.00002637325890542734
2021-11-22T13:00:00.000Z,0.017194444089919797,1.0016754500733074,0.000049326717709308585,0.0001561320294835604,0.00012816024973760776,305377037.8416,28036974.1518,7027709.2509,0.0015472898235697752,0.0015472898235697752,0.0017247767910166915,1.0017247767910167,-1.039103580957601e-9,1.0016178742868733,571.5399638719605,15.45504400323183,0.000035974699999999986,0.0000391224756483721
2021-11-22T14:00:00.000Z,0.017194444089919797,1.0084925816308619,0.000059486267476136806,0.00020302113752233017,0.00017584271304094123,307424293.5881,36444893.2328,8407919.081,0.00831673891782092,0.00831673891782092,0.008552067898337998,1.008552067898338,-0.00003792713766270772,0.9996888804737009,580.4099397220657,15.625576733260804,0.00003578799999999999,0.000046494251546857196
2021-11-22T15:00:00.000Z,0.017194444089919797,1.0065404686655728,0.0000686786801211146,0.00024295522704339127,0.00021816841713384605,306881880.56470007,43606902.5016,7162009.2688,0.006322300248438939,0.006322300248438939,0.0066091473456939,1.006609147345694,-0.000019602338552249243,1.000157055991545,577.8455051362059,15.559146491319462,0.0000353055,0.00003967459966862739
2021-11-22T16:00:00.000Z,0.017194444089919797,1.005941960626488,0.00007815856617044864,0.00028042755361521035,0.0002536023106527452,306689254.53319997,50327182.475499995,6720279.9739,0.005688358315835362,0.005688358315835362,0.006020119192658556,1.0060201191926585,-0.000016677726489056077,1.000012842945512,577.2009231683932,15.518539118036275,0.0000361992,0.00003725098218070522
2021-11-22T17:00:00.000Z,0.017194444089919797,1.000253208458035,0.00008699816457481372,0.00031883999329542347,0.00029009159422599406,304967769.178,57216353.273099996,6889170.7976,-0.000036883136191101507,-0.000036883136191101507,0.00034020662260970627,1.0003402066226097,-1.608099881034164e-7,0.9995121799713614,570.933624832804,15.37226475039699,0.00003623030000000002,0.000038402715104901194
2021-11-22T18:00:00.000Z,0.017194444089919797,0.999728089057437,0.00009620702033308706,0.00034869736998814074,0.00032213285994020513,304838380.3534,62571735.645399995,5355382.3723,-0.0005940438025031636,-0.0005940438025031636,-0.0001757039222298714,0.9998242960777701,-0.0000030985375395475856,1.0020132595908648,568.8740813163361,15.261197484314845,0.000037489099999999986,0.000029865497980784223
2021-11-22T19:00:00.000Z,0.017194444089919797,0.993161099077775,0.00010430379815571431,0.00037406389489567514,0.0003429679023990717,302202579.7765,67112098.09369999,4540362.4483,-0.007181868824624127,-0.007181868824624127,-0.006734597124069341,0.9932654028759307,-0.000027495209785732833,1.0003239676676057,562.3471182559142,15.063175995275234,0.00003608110000000005,0.000025541198780693594
2021-11-22T20:00:00.000Z,0.017194444089919797,0.9874157398298972,0.00011291553526086394,0.0004182093250382378,0.00038589956177093043,300760482.46599996,75021753.51689999,7909655.4232,-0.012970159731873765,-0.012970159731873765,-0.012471344634841971,0.987528655365158,-0.00008591237444888211,1.0001697312061222,555.8947943449309,14.90091877617583,0.000037996799999999954,0.00004470804844170336
2021-11-22T21:00:00.000Z,0.017194444089919797,0.9886022935995127,0.00012273936697335366,0.00043645720737865945,0.00040364084979249704,301073278.59569997,78290747.68789999,3268994.171,-0.011801347250279814,-0.011801347250279814,-0.011274967033513964,0.9887250329664861,-0.00007677753510526575,1.0006368574747566,556.9520005003711,14.90148921120285,0.00003832410000000001,0.000018458264103081288
2021-11-22T22:00:00.000Z,0.017194444089919797,0.9916867184608218,0.00013292656043833195,0.0004570356624988058,0.0004256070027481851,302004586.6391,81977151.3156,3686403.6277,-0.008738888541926393,-0.008738888541926393,-0.008180354978739876,0.9918196450212601,-0.00005160083637045787,1.0014989268399879,559.9269843146354,14.943708884939484,0.00003829339999999998,0.000020750963542745865
2021-11-22T23:00:00.000Z,0.017194444089919797,0.9933032467128498,0.00014352389811512893,0.00047734139998013077,0.0004476803908759486,302485818.00289994,85614567.56909999,3637416.2535,-0.007144433678026196,-0.007144433678026196,-0.006553229389035119,0.9934467706109649,-0.000028305334858869102,1.0004701884039027,562.3073323514515,15.023856514023525,0.00003826320000000001,0.000020442636523510392
2021-11-23T00:00:00.000Z,0.017194444089919797,0.9903664897525737,0.0001523973633594178,0.0005008721892949598,0.00046875269229462724,302461005.228,89841847.8237,4227280.2546,-0.01010226293972094,-0.01010226293972094,-0.009481112884066896,0.990518887115933,-0.00005071035772108434,1.0000334218013827,559.2060961058143,14.930826956531876,0.00003802549999999998,0.000023759679127571478
2021-11-23T01:00:00.000Z,0.017194444089919797,0.9950856197988163,0.00016306791958639843,0.0005325242790756727,0.0005028210431696767,304244820.287,95534520.4277,5692672.604,-0.005417201244353409,-0.005417201244353409,-0.004751312281597334,0.9952486877184027,-0.000010928622200867544,0.999359532474475,564.892589217824,15.05698259068103,0.0000362419,0.00003180840816836582
2021-11-23T02:00:00.000Z,0.017194444089919797,0.9945950605946449,0.0001722511848664228,0.000554241293541788,0.0005252113587718155,304082675.6281,99440199.6845,3905679.2568,-0.005930150764126951,-0.005930150764126951,-0.005232688220488713,0.9947673117795113,-0.00001564578414847695,0.9997622077908083,564.0827724395302,15.01668562764487,0.00003725619999999999,0.000021835031288268617
2021-11-23T03:00:00.000Z,0.017194444089919797,0.9952712619907054,0.00017951864589287628,0.0005773228917603232,0.0005480237029460433,304873469.7096,103599259.1356,4159059.4511,-0.005276761712240674,-0.005276761712240674,-0.004549219363401754,0.9954507806365982,-0.000011322967452764843,0.9995842107335426,564.9251234552935,14.839876416893423,0.00003642990000000004,0.00002319126381710007
2021-11-23T04:00:00.000Z,0.017194444089919797,0.9970231863211472,0.00018956865900783033,0.0006188112111548938,0.000590264681375352,304606149.39779997,111055335.2842,7456076.1486,-0.003567078360228182,-0.003567078360228182,-0.0027872450198449996,0.997212754980155,-0.00000620827419650638,1.0000663283536817,566.5954463087493,14.86921883544196,0.000037920500000000004,0.00004161219160440084
2021-11-23T05:00:00.000Z,0.017194444089919797,0.9975844153851837,0.0001983245804901038,0.0006454763859995408,0.0006177658223801563,304581289.0544999,115844382.0424,4789046.7582,-0.003033350437196436,-0.003033350437196436,-0.002217260034326176,0.9977827399656738,-0.000004926896567836181,1.0002172051544762,567.11703051115,14.799270839212506,0.000037913600000000036,0.000026729742704198846
2021-11-23T06:00:00.000Z,0.017194444089919797,0.9950454548945168,0.00020675257136630834,0.0006734485690005725,0.0006442448257791833,303794305.5587,120867971.59470001,5023589.5523,-0.0055987899312623934,-0.0055987899312623934,-0.0047477925341169016,0.995252207465883,-0.000012894918012595902,0.9995800233135187,564.561773939322,14.709568570416057,0.00003807519999999998,0.0000281114625345071
2021-11-23T07:00:00.000Z,0.017194444089919797,0.9955492436535627,0.000216327251515306,0.0007081205000829095,0.0006788484481985435,303955123.2841,127094928.07220002,6226956.4775,-0.005129604794635867,-0.005129604794635867,-0.004234429094922018,0.995765570905078,-0.000007783453479959235,0.9989193430134884,565.4684011675139,14.706903865522575,0.0000380111,0.00003482693727078805
2021-11-23T08:00:00.000Z,0.017194444089919797,0.9933778691231973,0.00022557113394294093,0.000746874693094965,0.0007187376889540298,303296484.74590003,134055143.43550001,6960215.3633,-0.007340868565756775,-0.007340868565756775,-0.0063965597428598045,0.9936034402571402,-0.000014552695643876845,0.9981448119301745,563.3943393835921,14.696581075350593,0.00003718139999999998,0.000039012539586547087
2021-11-23T09:00:00.000Z,0.017194444089919797,0.9959229698564541,0.00023561024049444828,0.0007856695784784038,0.000758083044500979,304047912.68359995,141022079.65940002,6966936.2239,-0.004835113188046858,-0.004835113188046858,-0.0038414199030514305,0.9961585800969486,-0.000008911494683405685,0.9994910935830261,565.4795563144744,14.737266886749154,0.000037153400000000016,0.00003895370132981295
2021-11-23T10:00:00.000Z,0.017194444089919797,1.0012508584612092,0.0002473684204406483,0.0008334486056043802,0.0008091298453296591,305685990.68659997,149602745.935,8580666.2756,0.00044172861587954415,0.00044172861587954415,0.0014982268816498517,1.00149822688165,-9.419244644259805e-7,0.999185488965953,571.667136529145,14.88902160881721,0.00003645199999999997,0.000047719336551066355
2021-11-23T11:00:00.000Z,0.017194444089919797,1.0071022164825487,0.0002580991891419387,0.0008899627060724743,0.0008728660232906194,306514362.7733,159720524.7174,10117778.7824,0.006229350459258098,0.006229350459258098,0.007360315671690656,1.0073603156716906,-0.000023784167627938224,0.9994292030086919,578.1595127575632,14.962239596932916,0.0000369821999999999,0.00005611555613399231
2021-11-23T12:00:00.000Z,0.017194444089919797,1.0051878527053313,0.0002662984926719512,0.0009431458850759138,0.0009288349808616037,305940461.055,169242237.15390003,9521712.4365,0.0042590177244696825,0.0042590177244696825,0.005454151198003237,1.0054541511980033,-0.000009403838569843614,1.0000292356155027,575.5519538587953,14.886427761792282,0.00003714220000000007,0.00005290869696094241
2021-11-23T13:00:00.000Z,0.017194444089919797,1.0066349739246465,0.0002753110896812627,0.001001346370195348,0.0009839954222885527,306602153.19649994,179669753.28060004,10427516.1267,0.005650978502357962,0.005650978502357962,0.006910285014327777,1.0069102850143277,-0.00001897101799119838,0.9995914559918675,577.4013229716786,14.880415601587954,0.00003564499999999991,0.000057816871899229577
2021-11-23T14:00:00.000Z,0.017194444089919797,1.016617425790859,0.00028823665201915073,0.0010502000569547222,0.0010407068501396832,309697386.05240005,188424193.99170005,8754440.7111,0.015576718940719214,0.015576718940719214,0.01690566244287805,1.016905662442878,-0.00011090937694802072,1.0006786683358098,588.2156567718717,15.075659292773857,0.00003592830000000001,0.00004805513342741585
2021-11-23T15:00:00.000Z,0.017194444089919797,1.0272961632230064,0.0003030770237340836,0.0011137963116601259,0.0011163304271568641,312367211.7196,199799219.93620005,11375025.9445,0.026179832795849567,0.026179832795849567,0.027599240246740514,1.0275992402467404,-0.00036559043143735703,0.9989151799512077,601.6225231522089,15.342309322531154,0.00003692989999999991,0.00006190644657995848
2021-11-23T16:00:00.000Z,0.017194444089919797,1.0205816286488283,0.00030709070442359627,0.001170544241092843,0.0011647556708138662,310441648.386,209953130.48080006,10153910.5446,0.01941687297801442,0.01941687297801442,0.020888719353251883,1.0208887193532519,-0.00019123279020405448,0.9997885675832271,593.2001029677097,15.069715865133468,0.0000362718,0.00005560351845689547
2021-11-23T17:00:00.000Z,0.017194444089919797,1.0255545506396881,0.0003163563920419937,0.0012179200688215773,0.0012235705768399718,311940702.23310006,218429720.45870006,8476589.9779,0.024330980062848173,0.024330980062848173,0.025870907031730138,1.0258709070317302,-0.00031741066558643727,0.9989573075021536,599.4313276035646,15.064542516152844,0.000036178199999999924,0.0000461953276993711
2021-11-23T18:00:00.000Z,0.017194444089919797,1.0242659078604388,0.00032139006771056714,0.0012557637283274066,0.0012548785724300071,311574192.07369995,225201346.51850006,6771626.0598,0.0230110292880088,0.0230110292880088,0.024587297928149374,1.0245872979281494,-0.0002818032631227707,0.9991235261777133,597.7880037768796,14.865850094312254,0.00003601669999999991,0.00003694710471699466
2021-11-23T19:00:00.000Z,0.017194444089919797,1.0246450168545498,0.0003309772335777025,0.0012877247919517488,0.001286971458052566,311360020.556,230914313.54870006,5712967.0302,0.023358045396497218,0.023358045396497218,0.024975994088127486,1.0249759940881276,-0.00027813869999593344,0.9996172872325844,597.898146727828,14.896942836607334,0.00003480440000000001,0.00003119232820577627
2021-11-23T20:00:00.000Z,0.017194444089919797,1.0288593082455517,0.00034209371701126516,0.001315756490082109,0.0013243109518392693,312638031.5931,235924873.85620007,5010560.3075,0.02753499729371245,0.02753499729371245,0.029201401962562983,1.029201401962563,-0.00037498041070038735,0.9998891015263661,602.6250208037919,14.981111511652143,0.0000358957,0.00002724541374363615
2021-11-23T21:00:00.000Z,0.017194444089919797,1.0290888463916745,0.0003504103219523419,0.0013395028083147164,0.0013447785880940089,312717134.8403,240169565.70640007,4244691.8502,0.02774406780358052,0.02774406780358052,0.02943925671362687,1.0294392567136268,-0.00036841336122173107,1.0003335704855358,602.6024078186806,14.940415104864718,0.000035991400000000057,0.000023075090365691318
2021-11-23T22:00:00.000Z,0.017194444089919797,1.0211244990467212,0.00035687336855636117,0.0013653356637404134,0.0013599515328239775,309554665.1771,244776183.18730006,4606617.4809,0.019764547513897224,0.019764547513897224,0.02148137241527756,1.0214813724152776,-0.00021620136750943875,0.9988922699301063,594.137433166995,14.814364629342895,0.000036978799999999925,0.000025298438687879718
2021-11-23T23:00:00.000Z,0.017194444089919797,1.0212012298587168,0.00036629692969458803,0.001387881543261661,0.0013841551193956025,310547706.93939996,248809248.58840007,4033065.4011,0.01981707473932115,0.01981707473932115,0.02156752678841134,1.0215675267884115,-0.00017829083909060017,1.0008549248724994,593.0334310619924,14.801799379930458,0.00003821579999999994,0.000022077803276801896
2021-11-24T00:00:00.000Z,0.017194444089919797,1.0190016007231673,0.0003753004245614228,0.0014088665059900924,0.0014008917757817319,309754427.88310003,252561586.40010005,3752337.8117,0.017600708947385524,0.017600708947385524,0.01937690114772868,1.0193769011477287,-0.0001619417121150324,0.9995657889122793,591.220068083109,14.776124954990285,0.00003793820000000003,0.00002059365001974208
2021-11-24T01:00:00.000Z,0.017194444089919797,1.020430051623601,0.0003858225622366746,0.0014332333682710162,0.0014268926454623632,310414611.5609,256921818.43230006,4360232.0322,0.019003158978138535,0.019003158978138535,0.020815874185837573,1.0208158741858375,-0.00018278701136131836,0.9998194843894206,592.7003908808358,14.820370579777812,0.000036881100000000015,0.000023879012709702194
2021-11-24T02:00:00.000Z,0.017194444089919797,1.0171005836173412,0.0003921888893240313,0.0014631014536635126,0.0014530935971166503,309410973.2526,262266603.76370007,5344785.3314,0.015647490020224586,0.015647490020224586,0.01749277250666527,1.0174927725066654,-0.00011660366388455135,1.0003705899917177,588.4788145790191,14.718244413305369,0.00003566179999999993,0.000029365910872082
2021-11-24T03:00:00.000Z,0.017194444089919797,1.0116932529926825,0.000397800889184872,0.0014944728355472355,0.0014777427395091802,307790699.8062,267880848.78900006,5614245.0253,0.010215510253173354,0.010215510253173354,0.012091053881867406,1.0120910538818675,-0.00005064060438031426,1.0002156992179123,582.2910921089162,14.590996696956113,0.000035883899999999916,0.00003100878794914694
2021-11-24T04:00:00.000Z,0.017194444089919797,1.011404434560668,0.00040654021806416297,0.0015257441973496873,0.0015065026608334087,307690874.8505,273476976.6557001,5596127.8667,0.009897931899834678,0.009897931899834678,0.011810974778732249,1.0118109747787323,-0.00004658473428287291,1.0003127567499965,581.8685809737566,14.563386023320291,0.000037906300000000074,0.0000309187504439719
2021-11-24T05:00:00.000Z,0.017194444089919797,1.0121966470188755,0.00041771792291949193,0.001561166984013765,0.0015435173510915945,307927013.48510003,279815917.3859001,6338940.7302,0.010653129667783867,0.010653129667783867,0.012614364941794954,1.012614364941795,-0.000062964333636506,0.9994908861112003,583.2183246535767,14.62097126778592,0.00003806769999999997,0.00003499595283757539
2021-11-24T06:00:00.000Z,0.017194444089919797,1.0135842559803345,0.0004272687864490879,0.001598914767299349,0.0015843431792257334,308369364.26489997,286571361.2801001,6755443.8942,0.011999912801108792,0.011999912801108792,0.014011524766783613,1.0140115247667836,-0.0000642447885447206,1.0007091685831464,584.0618238101775,14.624178970061589,0.00003761800000000004,0.00003724187922336743
2021-11-24T07:00:00.000Z,0.017194444089919797,1.0164456736526222,0.00043945065757925784,0.001646095291934888,0.0016371965583092951,309211398.03470004,295014135.1877001,8442773.9076,0.014808477094312877,0.014808477094312877,0.016885124310201432,1.0168851243102015,-0.00011665777851754822,0.9995406550350464,587.9947637039184,14.714778032735117,0.00003768539999999996,0.00004641716228490815
