query_ts,assumedLPToken,equityValue,totalDexYield,totalTradingfee,newTotalTradingFee,liquidity,totalVolume,volume,priceImpact,priceEffect,totalReturn,totalEquityVal,impermanentLoss,tokenPrice,quoteTokenPrice,rewardPrice,rewardTokenPerLP,feePerDollar
2021-11-15T09:00:00.000Z,0.01627047404987396,1,0.00001182614688105399,0.00004885905558945029,-2.637889906509372e-13,305529307.6811,8781102.0774,8781102.0774,2.637889906509372e-13,2.637889906509372e-13,0.00001182614688105399,1.000011826146881,0,0.9995638934063079,646.7271008968481,18.797413328540287,0.0000386674,0.00004885905592782331
2021-11-15T10:00:00.000Z,0.01627047404987396,0.9988144394972384,0.000023713223864771103,0.00008535605881520152,0.00003691230269231571,304835851.4762,15333337.9355,6552235.8581,-0.0012224728054539558,-0.0012224728054539558,-0.0011618472788968688,0.9988381527211031,-1.3129750620066716e-7,0.9978304941554775,646.2675833062367,18.778067160609282,0.000038946500000000004,0.00003654032458724646
2021-11-15T11:00:00.000Z,0.01627047404987396,1.000367571441882,0.0000353432465557523,0.000129765640882612,0.00008179630624605139,288206420.3817,22859469.4952,7526131.5597,0.00028577513563599055,0.00028577513563599055,0.0004029146884377942,1.000402914688438,-3.9129018425398954e-7,0.9989654322574146,647.4844541158473,18.79223591023949,0.000037978099999999995,0.000044393263809130594
2021-11-15T12:00:00.000Z,0.01627047404987396,0.9981165429371118,0.00004787660053787288,0.00016814736212973627,0.00011888975444507288,287568001.4639,29364282.8324,6504813.3372,-0.002002346817333245,-0.002002346817333245,-0.001835580462350299,0.9981644195376497,-1.819702131200529e-7,0.9981644056555257,645.0428734333416,18.754819492852032,0.00004130340000000001,0.000038454148642919135
2021-11-15T13:00:00.000Z,0.01627047404987396,0.9980197563919246,0.00005928356456462757,0.00021314291393072116,0.00016450385947464063,287884048.0526,36999108.4117,7634825.5793,-0.002144747467550001,-0.002144747467550001,-0.001920960043510733,0.9980790399564893,-5.413689307953717e-7,0.998458484049395,644.6688771038253,18.74988022231013,0.000037432700000000005,0.000045084830412133626
2021-11-15T14:00:00.000Z,0.01627047404987396,0.9962303369125509,0.00007114681861614088,0.0002666877749318805,0.00021809986666632142,287529638.14610004,46089691.257300004,9090582.8456,-0.003987762954115404,-0.003987762954115404,-0.0036985162688329414,0.996301483731167,-0.000002730773565828848,0.9979072538350656,642.6444913554578,18.69063519930481,0.00003962630000000002,0.00005374747082479021
2021-11-15T15:00:00.000Z,0.01627047404987396,0.9955901180195922,0.00008190674941591215,0.0003124850201736774,0.0002644551919602778,287764355.25799996,53876273.055800006,7786581.7985,-0.004674337172368093,-0.004674337172368093,-0.004327975230991903,0.9956720247690081,-0.000008004151140328375,0.998880180694294,641.1337329921761,18.62296625974868,0.00003636089999999995,0.00004600009978853001
2021-11-15T16:00:00.000Z,0.01627047404987396,0.9928809700440274,0.00009247706907703724,0.00037374763573317537,0.0003253043496341812,286981465.7639,64292328.29090001,10416055.2351,-0.007444334305606759,-0.007444334305606759,-0.007026552886895541,0.9929734471131044,-0.000022364227293625305,0.998780356830745,637.6338632367917,18.533289196769683,0.000036361799999999974,0.00006170187281097035
2021-11-15T17:00:00.000Z,0.01627047404987396,0.9929468665084938,0.00010374511185184611,0.0004241011424993436,0.0003745806459040102,286997524.532,72853494.86150001,8561166.5706,-0.0074277141374101685,-0.0074277141374101685,-0.006949388379654312,0.9930506116203457,-0.00002895814491132853,0.9997187679730168,637.0566664541691,18.512532526775193,0.00003775340000000001,0.00005071118015304428
2021-11-15T18:00:00.000Z,0.01627047404987396,0.9934141979181875,0.00011632789863968054,0.0004570371377090225,0.00040878428100799,287141567.87640005,78453488.95740001,5599994.0959,-0.006994586362820465,-0.006994586362820465,-0.006469474183172795,0.9935305258168272,-0.00002458899723556396,0.9995575072756413,637.7156387187997,18.53787924103352,0.00004124640000000002,0.00003315434276352449
2021-11-15T19:00:00.000Z,0.01627047404987396,0.9906056762505085,0.00012853070006517983,0.0004950975366182307,0.00044616067131009185,286393276.61810005,84926203.07180001,6472714.1144,-0.009840484420801543,-0.009840484420801543,-0.009265793049426272,0.9907342069505737,-0.0000476679677045011,0.9994389399468064,634.1407835360255,18.468515130476806,0.000042057999999999955,0.00003842134188489735
2021-11-15T20:00:00.000Z,0.01627047404987396,0.9930999294311526,0.00014141367250699338,0.0005193009926842225,0.0004708885210565894,287107516.1608,89042247.67690001,4116044.6051,-0.007370959089904039,-0.007370959089904039,-0.006758656896340456,0.9932413431036595,-0.000024749069804763657,0.9992014224532444,637.4594015728658,18.532847437550124,0.000041239400000000004,0.000024371621900525385
2021-11-15T21:00:00.000Z,0.01627047404987396,0.9906924737203822,0.0001537480957488197,0.0005414721396316874,0.0004906883427824305,286414607.8025,92812718.18230002,3770470.5054,-0.00979821462240027,-0.00979821462240027,-0.00915377818386902,0.990846221816131,-0.00004916833054424696,0.9996340197364877,634.071163580993,18.47938980840226,0.000042379999999999964,0.000022379444639220147
2021-11-15T22:00:00.000Z,0.01627047404987396,0.9916521451988176,0.00016683016463063898,0.0005655276450230489,0.0005158536835634386,286718124.535,96904018.33180001,4091300.1495,-0.008863708484745825,-0.008863708484745825,-0.008181024636551747,0.9918189753634482,-0.00003914554949857596,0.9995090640808462,635.3479611391682,18.51482856618688,0.00004244790000000001,0.000024258006937754533
2021-11-15T23:00:00.000Z,0.01627047404987396,0.9920196231700803,0.00018009436287029197,0.0005886659789110767,0.0005387089288052538,286831055.4083,100839420.01490001,3935401.6831,-0.008519085758724954,-0.008519085758724954,-0.007800282467049408,0.9921997175329506,-0.000029075073194939627,0.9986348670518584,636.3464302661799,18.555138539515827,0.00004273250000000005,0.00002332447179314882
2021-11-16T00:00:00.000Z,0.01627047404987396,0.990307778792307,0.00019223246020578233,0.0006130588086515823,0.0005631743561437252,286527480.90070003,104990961.32280001,4151541.3079,-0.0102553955638367,-0.0102553955638367,-0.009499988747487193,0.9905000112525129,-0.00004987252853805302,0.9992431926180861,633.7335622575672,18.4898190013247,0.00004245500000000004,0.000024631564837147027
2021-11-16T01:00:00.000Z,0.01627047404987396,0.988871455107672,0.00020308951155175107,0.0006616997682986784,0.0006107147309604155,286202599.9378,113272040.81410001,8281079.4913,-0.011739259623288367,-0.011739259623288367,-0.010925455380776201,0.9890745446192238,-0.00007489355460721381,0.9999942258475008,631.3602184889413,18.38174826032411,0.00004005830000000001,0.00004918835516612887
2021-11-16T02:00:00.000Z,0.01627047404987396,0.9861783353371714,0.00021280042829191227,0.0007577204492559467,0.0007051050630610955,284320722.70930004,129556334.09620002,16284293.2821,-0.014526769725889732,-0.014526769725889732,-0.013608864234536725,0.9863911357654632,-0.00012805189969478104,1.0009350161079225,627.2135045766296,18.152225053018817,0.00004146599999999999,0.00009736644700314166
2021-11-16T03:00:00.000Z,0.01627047404987396,0.9760623748829981,0.0002218790028579613,0.0008046066122440055,0.0007440663803518488,280211021.4149,137474113.7628,7917779.6666,-0.024681691497353775,-0.024681691497353775,-0.023715746114143964,0.976284253885856,-0.00032976447555344013,1.0002572655189856,614.7699900051985,17.89670627756705,0.000041464799999999996,0.000048036031435358316
2021-11-16T04:00:00.000Z,0.01627047404987396,0.9724747710377775,0.0002336344292969934,0.0008848008224906994,0.0008215175543315745,278883232.61789995,151002255.77290002,13528142.0101,-0.02834674651655411,-0.02834674651655411,-0.027291594532925543,0.9727084054670745,-0.0004272980363332346,1.0000462074797536,610.2870738647632,17.858527208906853,0.00004208590000000002,0.00008246405207400733
2021-11-16T05:00:00.000Z,0.01627047404987396,0.9745331357585297,0.0002479059095973154,0.0009536177280368991,0.0008932764408160487,280070978.6269,162635951.958,11633696.1851,-0.026360140682286315,-0.026360140682286315,-0.025218958331872952,0.9747810416681271,-0.0003767410896270418,1.0003039862907523,612.6272501490376,18.0340187685868,0.00004081359999999988,0.00007061525478873892
2021-11-16T06:00:00.000Z,0.01627047404987396,0.972753624194091,0.0002610271898091362,0.000991313458438275,0.0009295530998124635,279781939.467,169013592.87260002,6377640.9146,-0.028175928905721515,-0.028175928905721515,-0.026985348616099913,0.9730146513839001,-0.0004465781376979949,1.0008749759555193,609.9961486590993,18.100255365090792,0.00004146270000000018,0.000038751570510500375
2021-11-16T07:00:00.000Z,0.01627047404987396,0.969926388715274,0.0002745199543447119,0.0010382431986369815,0.0009769683976168508,275956065.26269996,176867764.55330002,7854171.6807,-0.031050579682342816,-0.031050579682342816,-0.029799091330381253,0.9702009086696187,-0.0005090701142423937,0.9999360141477792,606.9621708778562,18.16278718924061,0.000042606599999999905,0.00004838484649532636
2021-11-16T08:00:00.000Z,0.01627047404987396,0.9697784825892015,0.00028666236539894957,0.0010816935142305966,0.0010162102315902644,274678534.06700003,184107058.09950003,7239293.5462,-0.031237727642388746,-0.031237727642388746,-0.02993485504539953,0.9700651449546005,-0.0005244952625618193,1.000222996686092,606.5536483782995,18.149149340036672,0.00004181760000000005,0.000044804371300227286
2021-11-16T09:00:00.000Z,0.01627047404987396,0.9778509201416659,0.00030375292322020955,0.0011331754662326835,0.0010764248007775201,277237137.2997,192692938.72390002,8585880.6244,-0.023225504659111662,-0.023225504659111662,-0.021845326935113932,0.978154673064886,-0.00030633148190761794,1.0008198566510245,616.2604962427492,18.464895445973973,0.000040286599999999934,0.00005264805863906095
2021-11-16T10:00:00.000Z,0.01627047404987396,0.9664332439369441,0.00031108211169193284,0.0011920566131816866,0.0011228035716721596,274084459.6053,202515842.57310003,9822903.8492,-0.034689559634728084,-0.034689559634728084,-0.033255673951363994,0.966744326048636,-0.000659095141725019,1.0005752994378105,602.0268341110668,18.14953751727072,0.00004238689999999997,0.00006092624356626269
2021-11-16T11:00:00.000Z,0.01627047404987396,0.957616108533039,0.00031601319975471155,0.0013189807980007974,0.0012406274777987392,270135522.4181,223577168.90420002,21061326.3311,-0.043624518944759716,-0.043624518944759716,-0.04206787826720627,0.9579321217327937,-0.0010315412777739397,1.0003999017956893,591.0372413691093,17.798734207722035,0.000037790300000000044,0.00013254182360901897
2021-11-16T12:00:00.000Z,0.01627047404987396,0.9541096363507143,0.00032804099904100914,0.0013554996573543398,0.001275312070026513,269466526.6933,229644180.56070003,6067011.6565,-0.04716567571931218,-0.04716567571931218,-0.04556232265024466,0.9544376773497554,-0.0011478439921930317,0.9991861633671516,587.3811374922916,17.85152053727861,0.000038183799999999944,0.000038275328452164455
2021-11-16T13:00:00.000Z,0.01627047404987396,0.9442279503847667,0.00032783067943172685,0.001395855164451881,0.0013005021316853105,266218559.6056,236337096.42650002,6692915.8658,-0.05707255174691861,-0.05707255174691861,-0.05544421893580157,0.9445557810641985,-0.001587905933817635,0.9971934733512908,576.379796126032,17.244720758659163,0.00003899169999999998,0.000042739157588097254
2021-11-16T14:00:00.000Z,0.01627047404987396,0.9528688946930362,0.00033975853623415285,0.0014358531164928444,0.0013527376481023978,268736209.6832,242972722.03720003,6635625.6107,-0.04848384295506625,-0.04848384295506625,-0.0467913467707297,0.9532086532292703,-0.0013119113298534213,1.0011170967367486,584.6272797117108,17.290576984472462,0.000039299999999999986,0.00004197634383356119
2021-11-16T15:00:00.000Z,0.01627047404987396,0.9597719443677847,0.0003560057610032086,0.001493681601192911,0.0014214597662086659,274386779.0859,252697686.35530004,9724964.3181,-0.041649515398423986,-0.041649515398423986,-0.03987204987121211,0.9601279501287879,-0.0009059697291532443,0.9996051187010964,593.9527295890964,17.514971817067213,0.000041539799999999964,0.000060252317534564315
2021-11-16T16:00:00.000Z,0.01627047404987396,0.9536901441665508,0.00036097989037581885,0.0015510706936060236,0.0014690103272476662,277078369.518,262505580.46300003,9807894.1077,-0.04777886616069682,-0.04777886616069682,-0.045948875943073335,0.9540511240569267,-0.0012091346901751399,0.9998065261779348,586.2613790130192,17.213524899753946,0.00003963720000000008,0.00006017582683229567
2021-11-16T17:00:00.000Z,0.01627047404987396,0.9561869856639689,0.0003691793930740857,0.0015946010696942484,0.0015167063482384169,281800026.38119996,270052013.05960006,7546432.5966,-0.04532972068426955,-0.04532972068426955,-0.043443834942957046,0.956556165057043,-0.00111820430609888,1.0004873932368266,588.8799995858699,17.112683651674725,0.00003704399999999999,0.000045524961721848405
2021-11-16T18:00:00.000Z,0.01627047404987396,0.9566378119289384,0.0003811098542484841,0.0016228680083182052,0.0015480201817569261,282098703.25420004,274955255.8105,4903242.7509,-0.04491020825281855,-0.04491020825281855,-0.04298107821681314,0.9570189217831868,-0.0011060258632700215,1.0006682453864997,589.2911357859216,17.153205521680942,0.000039615300000000054,0.0000295482133748727
2021-11-16T19:00:00.000Z,0.01627047404987396,0.9505225830836923,0.00038579581743951856,0.0016728778598937765,0.00159674704042434,280293279.1799,283630004.2365,8674748.426,-0.05107416395673203,-0.05107416395673203,-0.04909162109886817,0.9509083789011318,-0.0013654970844730885,0.9994280029519311,582.4312233570857,16.872144118075774,0.00003981739999999996,0.00005261300723066899
2021-11-16T20:00:00.000Z,0.01627047404987396,0.9520548743701172,0.0003982263566449324,0.0017029830090160823,0.0016193805139341766,280922339.15500003,288855363.398,5225359.1615,-0.04956450614381702,-0.04956450614381702,-0.047546899273237915,0.952453100726762,-0.0013347314864533555,1.0004245081580156,583.7038946507305,16.932539346399032,0.00004010719999999991,0.000031621232406329595
2021-11-16T21:00:00.000Z,0.01627047404987396,0.9469642411426165,0.00040444013637064524,0.001736371521904131,0.001643648574544132,279404274.6186,294650285.726,5794922.328,-0.054679407431927673,-0.054679407431927673,-0.0526313187210129,0.9473686812789871,-0.0016075431884734481,1.0000723937643385,577.6415415188959,16.72301824252014,0.00004094720000000011,0.00003525847258796445
2021-11-16T22:00:00.000Z,0.01627047404987396,0.9551333421069473,0.0004228228423887409,0.0017633088162371158,0.0016852547273039642,281852616.9573,299326163.2163,4675877.4903,-0.04655191262035663,-0.04655191262035663,-0.044443835050663925,0.955556164949336,-0.0011196925983115724,0.999238025366963,588.1075727257161,17.033132528508638,0.00003926830000000007,0.000028202653639771783
2021-11-16T23:00:00.000Z,0.01627047404987396,0.9593817520012246,0.00043455715851821865,0.0017886863887596842,0.0017179286723491005,285872326.4001,303774337.871,4448174.6547,-0.04233617667112455,-0.04233617667112455,-0.040183690840257226,0.9598163091597428,-0.0010648991776046612,1.002478616778567,591.4018329907824,17.056807100473304,0.00004016479999999998,0.000026452007468559764
2021-11-17T00:00:00.000Z,0.01627047404987396,0.9565394066586937,0.0004419719235516294,0.0018113970190693155,0.001737842147673585,285108507.75,307756212.54539996,3981874.6744,-0.04519843548897984,-0.04519843548897984,-0.04301862141775462,0.9569813785822454,-0.0010714864920423617,0.9996250604447048,589.5501157009581,16.910839433009173,0.00004046409999999995,0.000023742493690913014
2021-11-17T01:00:00.000Z,0.01627047404987396,0.9519017812234258,0.0004465162974870805,0.0018490849673029532,0.001763563485688513,280204576.8342,314282056.0294,6525843.484,-0.04986178226226268,-0.04986178226226268,-0.04765170247908709,0.9523482975209129,-0.001334240511049245,1.0001020760496575,583.5268792574473,16.676727176076653,0.0000392977999999999,0.00003959226522329218
2021-11-17T02:00:00.000Z,0.01627047404987396,0.9511467274316495,0.00045639117194887056,0.0018839890748487476,0.0017985296765922199,280104434.5938,320328500.6705,6046444.6411,-0.0506518022449427,-0.0506518022449427,-0.04839688139640161,0.9516031186035984,-0.0013892401746958827,1.0003260456634535,582.4264694643147,16.638148115797392,0.00004029329999999993,0.00003669686952574052
2021-11-17T03:00:00.000Z,0.01627047404987396,0.9449276009979917,0.0004560409688629337,0.001922422466240312,0.0018258347898189031,282196945.1583,327080207.3232,6751706.6527,-0.056898233791827235,-0.056898233791827235,-0.0546163580331454,0.9453836419668546,-0.0016886933409693272,0.9991393078796594,575.4700043044153,16.24129999400958,0.00003986889999999998,0.00004067337193587056
2021-11-17T04:00:00.000Z,0.01627047404987396,0.9421798370942139,0.00046195127363828054,0.001968817729501717,0.0018667530685630984,281537239.4721,335235259.7827,8155052.4595,-0.059686915974349164,-0.059686915974349164,-0.057358211632147785,0.9426417883678522,-0.0019343422092134022,1.0002703864317735,571.4249081543682,16.133999045026634,0.0000339922000000001,0.00004924247039981318
2021-11-17T05:00:00.000Z,0.01627047404987396,0.9381996570204361,0.00046982306500832394,0.0020126361320297625,0.0019008754359295388,280649659.3672,342945659.132,7710399.3493,-0.06370121841549348,-0.06370121841549348,-0.06133051991455561,0.9386694800854444,-0.0021997965388087515,1.0001334760420892,566.6339251004507,16.119621604865678,0.00003158320000000002,0.000046704773928337485
2021-11-17T06:00:00.000Z,0.01627047404987396,0.9394740406817339,0.0004807112991776211,0.0020472072496807,0.001940403111336586,281849428.1616,349046600.7868,6100941.6548,-0.062466362429602684,-0.062466362429602684,-0.060045248019088476,0.9399547519809115,-0.002160913152070676,1.0008614001523668,567.7163439505215,16.132368714210315,0.00004006649999999997,0.00003679837451085188
2021-11-17T07:00:00.000Z,0.01627047404987396,0.936352213242834,0.0004901310563429446,0.0020911851093626237,0.0019755305322414207,281642180.41830003,356827747.8014,7781147.0146,-0.0656233172894074,-0.0656233172894074,-0.06315765570082303,0.936842344299177,-0.002299087769100816,0.999563175750312,564.6318291755688,16.12110601489033,0.0000371918999999998,0.00004696721884901477
