query_ts,assumedLPToken,equityValue,totalDexYield,totalTradingfee,newTotalTradingFee,liquidity,totalVolume,volume,priceImpact,priceEffect,totalReturn,totalEquityVal,impermanentLoss,tokenPrice,quoteTokenPrice,rewardPrice,rewardTokenPerLP,feePerDollar
2021-08-26T09:00:00.000Z,0.019697404352148305,1,0.00002269973925999227,0.000033547256032197826,2.1094237467877974e-14,261680827.63340002,5163925.6911,5163925.6911,-2.1094237467877974e-14,-2.1094237467877974e-14,0.00002269973925999227,1.00002269973926,-1.1102230246251565e-16,1.0003829601171768,484.2735870708031,24.997730428357354,0.0000461011,0.000033547255846990914
2021-08-26T10:00:00.000Z,0.019697404352148305,0.9968912610936637,0.0000452605388283742,0.00006333314891230116,0.00002906542389269351,260906906.17560002,9749560.7334,4585635.0423,-0.0031378043302290326,-0.0031378043302290326,-0.0030634783675079647,0.996936521632492,-0.0000041511887859391194,1.000121546278341,481.3650309315043,24.92290375818919,0.0000460949,0.000029878778167195334
2021-08-26T11:00:00.000Z,0.019697404352148305,0.9999189293483174,0.00006852746234356915,0.00010728791066360097,0.00007378347478292913,261783982.5313,16518728.708,6769167.9746,-0.0001548541264655423,-0.0001548541264655423,-0.000012543189339044028,0.9999874568106609,-0.0000017383647814561698,0.9983647587694607,485.102274433586,25.18058298105862,0.000045966399999999994,0.00004395832566052472
2021-08-26T12:00:00.000Z,0.019697404352148305,1.0002627571693752,0.00009146751279677412,0.00014812028124154737,0.00011430178690452486,261570301.4754,22799746.1251,6281017.4171,0.00014845538247065804,0.00014845538247065804,0.00035422468217195704,1.000354224682172,-3.634990353162948e-7,0.9996787408377523,484.75862947416147,25.206777020260752,0.0000460592,0.00004082164354608205
2021-08-26T13:00:00.000Z,0.019697404352148305,0.9996661121076766,0.00011450619227835531,0.00020058814099967913,0.00016679101784000672,261388845.0112,30869801.442300003,8070055.3172,-0.0005006789101633657,-0.0005006789101633657,-0.00021938170004500373,0.999780618299955,-2.777265981634969e-7,0.9991371675580943,484.3919982621839,25.241189509973424,0.000046086999999999994,0.000052485384518425655
2021-08-26T14:00:00.000Z,0.019697404352148305,1.0064106011357674,0.00013858255809033222,0.00025044450313087957,0.0002180159153368777,264129006.7938,38566643.3786,7696841.9363,0.006192585220430535,0.006192585220430535,0.006549183693857746,1.0065491836938578,-0.00003625481907498784,0.9980429066012568,491.4395235156382,25.530553485083956,0.00004526610000000002,0.000049538789588244274
2021-08-26T15:00:00.000Z,0.019697404352148305,1.0008367541831262,0.00015962032648487206,0.0002925073390428577,0.0002591775737350588,262654457.32770002,45060028.5291,6493385.1505,0.0005775766093911727,0.0005775766093911727,0.0009963745096111035,1.000996374509611,-7.730961656404745e-7,0.9997168765464548,485.1561896740612,25.205942731108443,0.00004592179999999999,0.0000420276696164251
2021-08-26T16:00:00.000Z,0.019697404352148305,0.9960503596594761,0.000180105605767969,0.0003268433047519412,0.00029190267914813717,263138938.0249,50395885.3591,5335856.83,-0.004241543019672056,-0.004241543019672056,-0.00376953473475595,0.9962304652652441,-0.0000033496321395487527,0.998721438296269,480.9730062004804,24.921126950322115,0.0000454059,0.00003447211833826602
2021-08-26T17:00:00.000Z,0.019697404352148305,0.9963052367305703,0.0002020941471953131,0.0003707686070652919,0.0003432818401435389,269935076.6248,57396444.7126,7000559.3535,-0.004038045109573285,-0.004038045109573285,-0.003492669122234433,0.9965073308777656,-0.000005674117331988526,0.9997054322328895,480.69600663492963,24.941597144337877,0.00004445609999999999,0.000044088197242672135
2021-08-26T18:00:00.000Z,0.019697404352148305,0.9992510673028275,0.00022602577522676942,0.0003953357278150257,0.0003618921157159116,270995704.2607,61315605.8315,3919161.1189,-0.001110824812888378,-0.001110824812888378,-0.0005229069219456969,0.9994770930780543,-2.0317992843743582e-8,0.9994731670917245,483.63814056301595,25.17491842352246,0.000044448399999999986,0.000024585533266315362
2021-08-26T19:00:00.000Z,0.019697404352148305,0.9974227596121922,0.0002444716252579366,0.0004211694487870753,0.0003891476938581162,270588368.4574,65438174.5674,4122568.7359,-0.0029663880816659383,-0.0029663880816659383,-0.0023327687625498855,0.9976672312374502,-0.000002508319335681186,0.9996519386113047,481.7568013873546,24.810766163428514,0.00004443410000000002,0.000025900473442314134
2021-08-26T20:00:00.000Z,0.019697404352148305,0.9952672433638963,0.00026481534728800923,0.00043669167903753747,0.0004019576195385399,269058616.844,67906556.7741,2468382.2067,-0.00513471425564227,-0.00513471425564227,-0.004467941288815721,0.9955320587111843,-0.000010096772648959806,0.9997287231899069,479.62681155083123,24.67577637772464,0.000044591899999999975,0.000015596042976103542
2021-08-26T21:00:00.000Z,0.019697404352148305,0.9959021648058315,0.00028690165325835447,0.0004511251884454264,0.0004174110457926261,269300287.29410005,70202404.78,2295848.0059,-0.004515246239961135,-0.004515246239961135,-0.003810933540910154,0.9961890664590899,-0.0000036288432296860407,0.9985524781636695,480.78997164844355,24.711780941639574,0.000044580500000000127,0.000014492898055350524
2021-08-26T22:00:00.000Z,0.019697404352148305,1.000827753875732,0.0003109738382107258,0.0004759916053450698,0.0004464928040461835,271051619.904,74163880.0736,3961475.2936,0.00038126107168579004,0.00038126107168579004,0.0011387277139426994,1.0011387277139427,-5.553871571528646e-7,0.9997101841932012,484.96907741490503,24.904462895410127,0.00004451129999999994,0.00002484585040113467
2021-08-26T23:00:00.000Z,0.019697404352148305,0.9988831257184483,0.00033176420754288844,0.0004952327508412475,0.0004647929914354254,270540050.796,77229363.058,3065482.9844,-0.0015816672729871417,-0.0015816672729871417,-0.0007851100740088278,0.9992148899259912,-5.31246094337412e-7,0.9998307545467006,483.00949762746114,24.826356608171302,0.00004450919999999998,0.000019262660216655248
2021-08-27T00:00:00.000Z,0.019697404352148305,0.9949691185516523,0.0003540876180751632,0.0005317663283775342,0.0004972515160498459,269301299.8304,83046002.4003,5816639.3423,-0.005528132964397581,-0.005528132964397581,-0.0046767938302725715,0.9953232061697275,-0.000012819400015406934,0.9999029259946152,479.16405607807286,24.86447542248252,0.000044539700000000024,0.000036718303580923756
2021-08-27T01:00:00.000Z,0.019697404352148305,0.9953750862528669,0.0003789704007513636,0.0005794436316666909,0.0005498522768835334,269463019.0198,90638334.0791,7592331.6788,-0.005174766024016675,-0.005174766024016675,-0.004245943346381778,0.9957540566536183,-0.000007027215980781598,0.9989441781673073,479.96485044390147,25.068945773309583,0.000044494299999999877,0.00004789883190988668
2021-08-27T02:00:00.000Z,0.019697404352148305,0.9976240601373966,0.0004034229403385314,0.0006241840224208357,0.0005912196356098187,268384234.28669998,97718459.1198,7080125.0407,-0.0029671594982132454,-0.0029671594982132454,-0.001972516922264895,0.9980274830777351,-5.681733270535005e-7,0.998478471132862,482.3222424392211,25.21419350330755,0.000044813500000000014,0.00004484694341744523
2021-08-27T03:00:00.000Z,0.019697404352148305,0.9989307863715216,0.0004243999796387044,0.000654849977599729,0.0006220786494096631,268727801.0316,102571173.8798,4852714.76,-0.0016912922778881123,-0.0016912922778881123,-0.0006448136488397449,0.9993551863511603,-9.504163394069565e-7,1.0000688724833446,482.78845579897853,25.138327455506456,0.00004481560000000006,0.0000306987779467965
2021-08-27T04:00:00.000Z,0.019697404352148305,0.9882700678898692,0.0004364932309331984,0.0006876586164240491,0.0006493374316495215,265141210.14060003,107748921.7139,5177747.8341,-0.012379269541780369,-0.012379269541780369,-0.011293438879197648,0.9887065611208024,-0.00004969639697638417,0.9978983672629826,473.5339824344562,24.566595747103886,0.00004493830000000001,0.000033198050628577695
2021-08-27T05:00:00.000Z,0.019697404352148305,0.9886995971022189,0.000456706080425432,0.0007196390503060171,0.0006819821168171369,266009162.53570002,112810286.7357,5061365.0218,-0.011982385014598251,-0.011982385014598251,-0.010843696817355683,0.9891563031826444,-0.00005671073064850152,0.9989788589621929,473.40206266606754,24.487707186947432,0.00004481139999999996,0.00003234595551160855
2021-08-27T06:00:00.000Z,0.019697404352148305,0.9924397251149679,0.0004823962078341822,0.0007370250075917303,0.0007010654802650507,267057361.25570002,115562297.3704,2752010.6347,-0.008261340365297132,-0.008261340365297132,-0.007077878677197899,0.9929221213228021,-0.000032536246372893984,1.0001541059912475,476.4141283550625,24.696530359307776,0.00004480449999999993,0.000017518401503677494
2021-08-27T07:00:00.000Z,0.019697404352148305,0.9930606350919599,0.0005054246906005184,0.0007602780199495914,0.000724363657753968,267275023.11650002,119243696.426,3681399.0556,-0.0076637285657941145,-0.0076637285657941145,-0.006433940217439628,0.9935660597825604,-0.000019579060806851345,0.9989478909269426,477.56442277037377,24.757116566073773,0.000044796499999999773,0.000023415500339483998
2021-08-27T08:00:00.000Z,0.019697404352148305,0.9960315951793467,0.000543160146066857,0.0007871199762002909,0.0007547269153197478,268052572.1722,123492944.8133,4249248.3873,-0.004723131735973052,-0.004723131735973052,-0.003425244674586447,0.9965747553254135,-0.000008697847527328051,0.999819411936676,479.9802027591041,24.985495201468456,0.00006720120000000019,0.00002694890110500189
2021-08-27T09:00:00.000Z,0.019697404352148305,0.9947500216835911,0.000573358370162837,0.0008086978681090536,0.0007751253762128263,268684178.1796,126921319.1511,3428374.3378,-0.006025103692621769,-0.006025103692621769,-0.004676619946246106,0.9953233800537539,-0.000017366463192725057,1.0002330934643133,478.52725777925855,24.8812695562555,0.00006624000000000025,0.000021691773642004913
2021-08-27T10:00:00.000Z,0.019697404352148305,0.9936153723185912,0.0006078190482737784,0.0008270926456863261,0.00079210881809888,271816943.6847,129881401.7012,2960082.5501,-0.007176736499507674,-0.007176736499507674,-0.005776808633135016,0.994223191366865,-0.000024546316889861863,1.0001869763672526,477.44105685912785,24.97996207146648,0.00006541420000000001,0.000018512975191889218
2021-08-27T11:00:00.000Z,0.019697404352148305,0.9955535000625844,0.0006436108061928629,0.000850657808720177,0.0008172608184611185,272405933.94269997,133674319.99829999,3792918.2971,-0.005263760755876756,-0.005263760755876756,-0.003802889131222775,0.9961971108687773,-0.000010548328418402697,0.9996983990460951,479.51693728584866,25.120903208469308,0.00006540269999999968,0.000023670413532277586
2021-08-27T12:00:00.000Z,0.019697404352148305,0.9998675968745224,0.0006784843733196345,0.0008778047004876521,0.0008478716894652072,272970658.8339,138033900.2385,4359580.2402,-0.0009802748149427831,-0.0009802748149427831,0.0005460812478420585,1.0005460812478422,-1.596197422015777e-7,0.999967144603515,483.5255905004425,25.211473364544126,0.00006555190000000011,0.000027150487308783233
2021-08-27T13:00:00.000Z,0.019697404352148305,0.9989172384357462,0.0007039235628870106,0.0008976387102784634,0.0008672129337862211,272738183.9184,141219403.4831,3185503.2446,-0.001949974498040019,-0.001949974498040019,-0.0003788380013667874,0.9996211619986333,-4.070052871396612e-7,0.9993334563707372,482.8933905965256,25.143491362636595,0.000055059199999999996,0.000019855509184735973
2021-08-27T14:00:00.000Z,0.019697404352148305,0.9967399006760748,0.0007218097725559748,0.0009204677044917976,0.0008885340267112962,271103934.49560004,144871916.8592,3652513.3761,-0.0041486333506365325,-0.0041486333506365325,-0.0025382895513692614,0.9974617104486307,-0.000006814888015793663,0.9999174905444835,480.4873414924952,25.07661112845076,0.0000400017,0.000022903661471835904
2021-08-27T15:00:00.000Z,0.019697404352148305,1.0087772892437614,0.000766896964829905,0.0009525782771545797,0.0009309329621960405,274258041.9333,150007185.9198,5135269.0606,0.007846356281565381,0.007846356281565381,0.009544186208591326,1.0095441862085914,-0.000022094544263162597,1.001552275466012,491.3286695053912,25.688593552406438,0.00005429219999999992,0.00003183118110769251
2021-08-27T16:00:00.000Z,0.019697404352148305,1.0059173461894788,0.0007977145587001052,0.0009831807929032762,0.0009591018314982769,273677912.7717,154904812.5139,4897626.5941,0.004958244357980535,0.004958244357980535,0.0067150607481789165,1.006715060748179,-0.000013830349892884897,1.0000695076143993,489.24108124038145,25.71324153039882,0.0000593932999999999,0.000030422496012367116
2021-08-27T17:00:00.000Z,0.019697404352148305,1.0043968583104774,0.0008309949940683505,0.001004819218875094,0.0009797286362560609,273023607.3536,158364776.61490002,3459964.101,0.003417129674221364,0.003417129674221364,0.005227853304545775,1.0052278533045458,-0.000010048098174730846,0.9993115315619169,488.1116696927676,25.751609582952224,0.00006326419999999993,0.000021543701032717462
2021-08-27T18:00:00.000Z,0.019697404352148305,1.0063298790592008,0.0008538358319117239,0.0010262792434859538,0.0010026977082289168,273915326.0912,161800809.1696,3436032.5547,0.005327181350971877,0.005327181350971877,0.007183714891112518,1.0071837148911125,-0.000007626828408824338,1.0017919270768247,488.75857558557897,25.801834674622864,0.00004175299999999995,0.000021325040209853598
2021-08-27T19:00:00.000Z,0.019697404352148305,1.0052917069799467,0.0008785329420738368,0.001041913666212125,0.0010175776602117104,275763198.5703,164323576.01000002,2522766.8404,0.004274129319735032,0.004274129319735032,0.006170239922020579,1.0061702399220205,-0.000008849731681137563,1.000440916625311,488.3938349776221,25.897216290774523,0.00004222780000000012,0.0000155521246160288
2021-08-27T20:00:00.000Z,0.019697404352148305,1.0047498413767426,0.0008956483322348393,0.0010613040353041937,0.0010363026538848796,275650250.6952,167452806.74370003,3129230.7337,0.0037135387228577343,0.0037135387228577343,0.005645489708977453,1.0056454897089775,-0.000002887772472481842,1.0016877307448155,487.24150778012176,25.769961804218344,0.00004222280000000013,0.00001929870273607059
2021-08-27T21:00:00.000Z,0.019697404352148305,1.008401922368258,0.0009216663029250345,0.0010800644203431272,0.0010599483186644054,276701522.9514,170480910.10140002,3028103.3577,0.007341974049593691,0.007341974049593691,0.00932358867118313,1.009323588671183,-0.000030224781576215776,0.9999230130978631,491.6367801621191,25.898920913362332,0.00004221559999999986,0.000018604074358470946
2021-08-27T22:00:00.000Z,0.019697404352148305,1.0105672994030876,0.0009464715291920753,0.0010935833044168092,0.0010746945351289838,277332069.4728,172663271.9713,2182361.8699,0.009492604867958665,0.009492604867958665,0.011513770932279723,1.0115137709322797,-0.000049057637409699595,0.9999252048476024,493.73718464263686,25.988765384903907,0.00004221030000000014,0.000013377519541402578
2021-08-27T23:00:00.000Z,0.019697404352148305,1.0081906224439159,0.0009673192121166448,0.001105067584502745,0.001083782401750888,284095203.5175,174566873.6433,1903601.672,0.007106840042164997,0.007106840042164997,0.00915794165603253,1.0091579416560326,-0.00002752289729923696,1.0000452228975385,491.34723892562005,25.983538659007387,0.000041105300000000136,0.000011390980214844276
2021-08-28T00:00:00.000Z,0.019697404352148305,1.0106575873822565,0.0009945371800426873,0.0011246537221571888,0.001106992197879908,284863263.01799995,177814247.5699,3247373.9266,0.00955059518437662,0.00955059518437662,0.011652124562299216,1.0116521245622991,-0.00005356867131256493,0.9995373223941344,493.98553440401827,26.14615034865831,0.00004109470000000002,0.000019379598536969535
2021-08-28T01:00:00.000Z,0.019697404352148305,1.010209888657755,0.001013534803649186,0.0011430066191133277,0.0011242442267158648,284743748.5714,180857221.9792,3042974.4093,0.009085644431039208,0.009085644431039208,0.011223423461404258,1.0112234234614044,-0.000043984629098492434,1.0000481415116593,493.27853418440634,26.101709216518618,0.00004023850000000012,0.000018167410247859566
2021-08-28T02:00:00.000Z,0.019697404352148305,1.0071131334513128,0.0010276483972809015,0.0011541570459231583,0.001131769893587764,284928707.5612,182712890.915,1855668.9358,0.00598136355772505,0.00598136355772505,0.008140781848593716,1.0081407818485937,-0.000020608152102252753,0.9999263880648679,490.30792075452877,25.927578953116818,0.00004087500000000001,0.000011071671990729166
2021-08-28T03:00:00.000Z,0.019697404352148305,1.0048880183905395,0.00104688347545508,0.0011651650565600421,0.001140213906583032,285634111.08210003,184553460.8574,1840569.9424,0.0037478044839565072,0.0037478044839565072,0.005934901865994619,1.0059349018659947,-0.00000949782837644797,0.9997652953583352,488.21175039361776,25.889893608186963,0.00004064749999999995,0.000010954465103016488
2021-08-28T04:00:00.000Z,0.019697404352148305,1.0052540064986306,0.0010683132765417385,0.0011797077920145446,0.0011572976903877485,285765477.1857,186985279.0834,2431818.226,0.004096708808242866,0.004096708808242866,0.006322319775172353,1.0063223197751723,-0.000013060937185227495,0.9993604474313619,488.74913126011046,25.90735960533592,0.00004060989999999986,0.000014466726439154609
2021-08-28T05:00:00.000Z,0.019697404352148305,1.0054042950780222,0.0010865483721564078,0.0011928397875509034,0.0011688672185206084,285907034.51879996,189181954.66050002,2196675.5771,0.004235427859501595,0.004235427859501595,0.006490843450178611,1.0064908434501787,-0.000011601877347389156,0.9997923411866944,488.67299510052004,25.84667639672332,0.00004073249999999985,0.000013061408185899133
2021-08-28T06:00:00.000Z,0.019697404352148305,1.0048342498087457,0.0011038212464546105,0.001203951241076483,0.001179074002500169,285855412.6744,191041359.2917,1859404.6312,0.0036551758062455253,0.0036551758062455253,0.005938071055200305,1.0059380710552004,-0.000006026142594484085,1.0005599065341848,487.7339975688352,25.766400348477088,0.00004068229999999998,0.000011057995521115016
2021-08-28T07:00:00.000Z,0.019697404352148305,1.0045891523433028,0.0011295735151716885,0.001220313967449613,0.0011952860309014657,285777661.06130004,193779441.766,2738082.4743,0.00339386631240135,0.00339386631240135,0.005718725858474504,1.0057187258584745,-0.000006040343845659102,1.000295313432496,487.6090056717434,25.884147382400172,0.0000406159000000002,0.000016287977825221077
