query_ts,assumedLPToken,equityValue,totalDexYield,totalTradingfee,newTotalTradingFee,liquidity,totalVolume,volume,priceImpact,priceEffect,totalReturn,totalEquityVal,impermanentLoss,tokenPrice,quoteTokenPrice,rewardPrice,rewardTokenPerLP,feePerDollar
2021-08-02T09:00:00.000Z,0.024068699938066353,1,0.000015400234151464143,0.000011705727974428787,-1.127986593019159e-12,246305112.41410002,1695988.7512,1695988.7512,1.127986593019159e-12,1.127986593019159e-12,0.000015400234151464143,1.0000154002341515,0,0.9997128387256781,332.4216047089709,16.088307720543835,0.0000397708,0.000011705728918012296
2021-08-02T10:00:00.000Z,0.024068699938066353,1.0007746759006746,0.00003063981485271864,0.000038621355574749415,0.000028587631022647386,246405397.91910002,5594237.1293,3898248.3781,0.0007460882696519455,0.0007460882696519455,0.0008053157155273116,1.0008053157155272,-2.173618605105787e-7,0.9997992918369991,332.8890339102695,16.13181745265757,0.0000391425,0.000026894793290793847
2021-08-02T11:00:00.000Z,0.024068699938066353,1.003286331752376,0.000045733489292172084,0.000047530038267545566,0.000035966445484536536,247068316.12610003,6884733.4822,1290496.3529,0.0032503653068913785,0.0032503653068913785,0.003332065241668087,1.0033320652416682,-0.0000022925851145272347,1.0008169221680894,334.2169905638168,16.188398242736294,0.00003846229999999999,0.000008879502780155324
2021-08-02T12:00:00.000Z,0.024068699938066353,1.0004658245692062,0.00006049022214986339,0.00006204417917058774,0.00005129937750392166,246322267.24109998,8986787.2942,2102053.812,0.0004145251917022641,0.0004145251917022641,0.0005263147913560491,1.0005263147913561,-4.314863889520737e-7,0.9991985946345312,332.86848090600967,16.060169299082204,0.0000391129,0.000014507383032904085
2021-08-02T13:00:00.000Z,0.024068699938066353,0.9975249741847979,0.00007490182861369757,0.00008616400584106253,0.00007454137931495186,244893500.14599997,12469990.0822,3483202.788,-0.002549567194517044,-0.002549567194517044,-0.0024001239865883944,0.9975998760134116,-0.00000615236338441516,1.0006680160230808,330.413009449399,15.897933624673534,0.00003926029999999999,0.00002417967294382974
2021-08-02T14:00:00.000Z,0.024068699938066353,1.001072290737915,0.00008965982299918298,0.00009904490734492736,0.00008877481735636295,261957719.59480003,14452718.0687,1982727.9865,0.0009835159205586752,0.0009835159205586752,0.001161950560914221,1.0011619505609142,-1.1008384293020868e-7,1.0002266354323885,332.90471566369615,16.030154694835872,0.0000366359,0.000012867105356787158
2021-08-02T15:00:00.000Z,0.024068699938066353,1.001280834919987,0.00010300832767177443,0.00011218553178295388,0.0001025161051730894,261507334.13180003,16471526.376400001,2018808.3077,0.0011783188148140056,0.0011783188148140056,0.0013838432476588694,1.001383843247659,-0.0000011504483341528982,0.9993737473960143,333.3185214031155,16.02018221682583,0.00003476350000000001,0.000013123815951411446
2021-08-02T16:00:00.000Z,0.024068699938066353,1.0034148777615097,0.00011717220573488399,0.00013119463237040962,0.00012093247417910291,262048203.44140002,19391731.2164,2920204.84,0.003293945287330624,0.003293945287330624,0.003532049967244611,1.0035320499672447,-0.0000030632157060894727,1.000526302002204,334.34311469529115,16.026483593943965,0.00003661399999999999,0.000018944408558443492
2021-08-02T17:00:00.000Z,0.024068699938066353,1.0035262580917843,0.0001314742598412463,0.00014516548254409978,0.00013483717664120043,262070173.9519,21537894.549900003,2146163.3335,0.0033914209151431063,0.0033914209151431063,0.003657732351625553,1.0036577323516256,-0.000004930139046344095,0.9999583669439854,334.59801444706017,16.087420492755996,0.00003578620000000003,0.000013921758481450227
2021-08-02T18:00:00.000Z,0.024068699938066353,1.005209062239357,0.00014645267714162325,0.00015550028625249625,0.00014583922418465178,262529174.7718,23125616.479500003,1587721.9296,0.005063223015172369,0.005063223015172369,0.005355514916498644,1.0053555149164985,-0.000006980714620241635,1.0010272622984768,335.3554504572964,16.13092166157422,0.000037663599999999976,0.000010281246961089867
2021-08-02T19:00:00.000Z,0.024068699938066353,1.0044804524752962,0.0001608789038814909,0.00016772661779971542,0.00015764648403915338,262343995.52089998,25003968.223300003,1878351.7438,0.004322805991257006,0.004322805991257006,0.0046413313791776505,1.0046413313791775,-0.000003964888758645202,1.0012110289777318,334.8000664880549,16.117429515796776,0.000037503899999999985,0.000012171797407139855
2021-08-02T20:00:00.000Z,0.024068699938066353,0.9981396429327497,0.00017338652690080566,0.00017619227274649158,0.00016559361520107618,260690424.6826,26304573.209000003,1300604.9857,-0.0020259506824513718,-0.0020259506824513718,-0.0016869705403494899,0.9983130294596505,-0.0000017729667665111748,0.9995679514708576,331.124019001759,15.933285775396852,0.000037407900000000005,0.000008481433402788027
2021-08-02T21:00:00.000Z,0.024068699938066353,0.9946725288139997,0.00018576614385431745,0.0001877630571478476,0.00017626342752508073,259793616.94009998,28082288.724400003,1777715.5154,-0.0055037346135253795,-0.0055037346135253795,-0.005141705042145981,0.994858294957854,-0.000017935519361356178,1.0001831666402925,328.61795094684476,15.764401661680951,0.00003747060000000003,0.000011632758386349432
2021-08-02T22:00:00.000Z,0.024068699938066353,0.9980576296921496,0.00020176562774484644,0.00019444597477952108,0.00018315180520589447,260731644.33639997,29109252.983200002,1026964.2588,-0.0021255221130562774,-0.0021255221130562774,-0.0017406046801055365,0.9982593953198945,-0.0000041956070342408225,1.000481893617628,330.75552537314735,15.883982352124464,0.000038164000000000016,0.000006695923866101543
2021-08-02T23:00:00.000Z,0.024068699938066353,1.0002431605805902,0.0002164193695658471,0.00020094210726532522,0.00019040928776914434,261423611.1618,30107976.2967,998723.3135,0.00005275129282100721,0.00005275129282100721,0.0004595799501559987,1.000459579950156,-4.5982849006254156e-7,1.0007247975864122,332.12048816083706,15.910632611252044,0.00003738160000000001,0.000006494553515669942
2021-08-03T00:00:00.000Z,0.024068699938066353,0.9979377969591544,0.00023030075798429958,0.0002093761576022127,0.00019851861301722895,260834432.76829997,31404703.649,1296727.3523,-0.0022607216538628183,-0.0022607216538628183,-0.0018319022828612898,0.9981680977171387,-0.0000024147048555134276,0.9996471728101235,330.94201608209977,15.860648020667558,0.00003814399999999998,0.000008451478110132059
2021-08-03T01:00:00.000Z,0.024068699938066353,1.0005018514874084,0.0002457741800804724,0.00022554854769053784,0.00021631245383679776,261504049.7342,33891188.3839,2486484.7349,0.0002855390335716468,0.0002855390335716468,0.0007476256674889169,1.000747625667489,-4.5872499621069096e-7,1.0009565892828929,332.19818014624514,15.948221639532719,0.0000369981,0.00001616427758432982
2021-08-03T02:00:00.000Z,0.024068699938066353,0.993055097823589,0.0002569311269668902,0.00023600483334813168,0.00022600928499838524,265232143.7502,35533975.6945,1642787.3106,-0.007170911461409357,-0.007170911461409357,-0.006687971049444082,0.9933120289505559,-0.000022496674316418996,0.9992241236345984,327.8314288796735,15.781376764038882,0.00003614219999999993,0.000010529411663807411
2021-08-03T03:00:00.000Z,0.024068699938066353,0.9942899834388388,0.0002722269497223442,0.00024540761275447645,0.00023424250919679146,265450269.35750002,37010625.1409,1476649.4464,-0.0059442590703580045,-0.0059442590703580045,-0.0054377896114388685,0.9945622103885612,-0.000017273807814244257,0.9996286342363866,328.50902016701923,15.882855852396695,0.00003569029999999998,0.000009456777214639786
2021-08-03T04:00:00.000Z,0.024068699938066353,0.9904019136646309,0.0002813486811420256,0.00025643298597401593,0.00024357065665658872,264024623.71699998,38739554.9532,1728929.8123,-0.00984165699202566,-0.00984165699202566,-0.009316737654227046,0.990683262345773,-0.000056763134635762214,1.000477627997012,325.6615096797271,15.724372243254562,0.00003127919999999998,0.000011132221834204444
2021-08-03T05:00:00.000Z,0.024068699938066353,0.9860653634454177,0.00029368567614989976,0.0002715406393557009,0.0002606153483724061,262283398.4614,41103368.515599996,2363813.5624,-0.014195251902954675,-0.014195251902954675,-0.01364095087843237,0.9863590491215676,-0.00010462034647085172,0.9998816213056769,322.99644071671923,15.733164178672945,0.000032163799999999965,0.000015321149106855868
2021-08-03T06:00:00.000Z,0.024068699938066353,0.9839629186863526,0.0003042872328466483,0.0002886460935139151,0.0002744931899423264,261548364.62200004,43777969.444299996,2674600.9287,-0.016311574503589776,-0.016311574503589776,-0.0157327940808008,0.9842672059191993,-0.00014845598684143368,1.0004990489528787,321.4126412459633,15.66372636310413,0.000031558499999999986,0.000017384247786680847
2021-08-03T07:00:00.000Z,0.024068699938066353,0.9846239705075586,0.00031876224938130396,0.00030506540920864487,0.00029096341104195567,261783003.79389998,46345863.784499995,2567894.3402,-0.01566699290348339,-0.01566699290348339,-0.01505726724306013,0.9849427327569399,-0.00017456756223366288,1.0026117018284462,321.15585103157576,15.776814282386367,0.00003233409999999997,0.000016675721170106467
2021-08-03T08:00:00.000Z,0.024068699938066353,0.9842773695767928,0.0003341265309773573,0.00031615296632134433,0.0003021802308219579,261596524.3616,48079274.4391,1733410.6546,-0.016024810654029165,-0.016024810654029165,-0.015388503892229849,0.9846114961077701,-0.00009253129899944312,0.9971665190481357,322.67485155426226,15.912243706329887,0.00003297240000000001,0.000011264668443173564
2021-08-03T09:00:00.000Z,0.024068699938066353,0.9852293811650937,0.0003515762071012928,0.0003257556940455546,0.00031188011402993876,262003902.8425,49581434.2117,1502159.7726,-0.015082498948936207,-0.015082498948936207,-0.014419042627804976,0.985580957372195,-0.00010347749600825296,0.9989025541737645,322.7313068653453,16.07827580670426,0.000036082500000000006,0.000009746693029054243
2021-08-03T10:00:00.000Z,0.024068699938066353,0.984608681585577,0.0003625112227255711,0.0003342704563608144,0.0003204828077802979,262670061.9456,50917631.372,1336197.1603,-0.01571180122220328,-0.01571180122220328,-0.015028807191697411,0.9849711928083026,-0.000130858884702989,1.0000548348443754,321.947645715001,15.940163235820352,0.00003637360000000002,0.000008647864761155931
2021-08-03T11:00:00.000Z,0.024068699938066353,0.9868096147162524,0.0003788961346037333,0.00034343618073459913,0.00033085280595557265,263471663.913,52357153.7434,1439522.3714,-0.01352123808970318,-0.01352123808970318,-0.012811489149143875,0.9871885108508561,-0.00009084509293033616,0.999579164028084,323.5361370069383,16.034358591450424,0.000036905300000000055,0.000009288239938349032
2021-08-03T12:00:00.000Z,0.024068699938066353,0.9843423659408642,0.00039004740480805977,0.00035311053690982504,0.00033898688023581425,262808049.2392,53876531.1063,1519377.3629,-0.015996620939371597,-0.015996620939371597,-0.015267586654327724,0.9847324133456723,-0.00012939010100887494,0.9996744166119442,321.88379490119485,15.9238602226384,0.00003590810000000002,0.000009828243558016308
2021-08-03T13:00:00.000Z,0.024068699938066353,0.9856791437978822,0.0004039363626663662,0.00037371901464251523,0.00036032150319043055,264204106.9048,57125914.63209999,3249383.5258,-0.01468117770530819,-0.01468117770530819,-0.013916919839451394,0.9860830801605486,-0.0001384705662061947,1.0015665190867655,322.1352652147037,15.95819791816554,0.00003397060000000002,0.000020907896014842917
2021-08-03T14:00:00.000Z,0.024068699938066353,0.9863978401843224,0.0004236697882531479,0.0003855364406396166,0.0003723993401835157,264198624.91640002,58987797.60689999,1861882.9748,-0.0139745591558611,-0.0139745591558611,-0.013178490027424435,0.9868215099725756,-0.0001067346368774924,1.0002509438736915,323.02176239823876,16.1978585760226,0.000035056300000000005,0.000011980384296706918
2021-08-03T15:00:00.000Z,0.024068699938066353,0.9848200904893012,0.00043699445192747543,0.00039803721794474955,0.00038588087877955424,263853874.297,60957926.46769999,1970128.8608,-0.015565790389478362,-0.015565790389478362,-0.014742915058771332,0.9852570849412287,-0.0001130974178600308,0.9990655089702924,322.3620728747506,16.20782203691818,0.00003348890000000005,0.000012693461759026671
2021-08-03T16:00:00.000Z,0.024068699938066353,0.9831908076594663,0.00044854535242604284,0.00041284433750465784,0.0003992139062990452,263422722.23389998,63291583.77209999,2333657.3044,-0.01720840624683273,-0.01720840624683273,-0.016360646988107644,0.9836393530118923,-0.00015793426424037804,1.0001284741939096,320.94571768820504,16.126968384950242,0.0000353747,0.000015060270366340693
2021-08-03T17:00:00.000Z,0.024068699938066353,0.9857642980423341,0.00046605955593441515,0.000424698773941654,0.0004126386726366338,264242334.03949997,65160807.68909999,1869223.917,-0.014648340630302514,-0.014648340630302514,-0.013769642401731466,0.9862303575982685,-0.0001098286978589158,0.9997776568368691,322.7331589429139,16.251175752871003,0.00003594469999999999,0.00001202563045187524
2021-08-03T18:00:00.000Z,0.024068699938066353,0.9834343101937039,0.00047796473515521214,0.0004367919093034159,0.0004232741906434745,263557393.0802,67067233.25529999,1906425.5662,-0.01698896399693961,-0.01698896399693961,-0.016087725071140924,0.9839122749288591,-0.00014685657945179287,0.9997170159786087,321.2212103038117,16.170823016954163,0.000036508700000000066,0.000012296841400134025
2021-08-03T19:00:00.000Z,0.024068699938066353,0.9838367994111105,0.0004897199380678413,0.00044745248286547404,0.00043393268256741724,263658395.077,68747778.3115,1680545.0562,-0.016597133271456954,-0.016597133271456954,-0.015673480650821695,0.9843265193491783,-0.0001444030080018921,0.9999717052343104,321.39546139944457,16.09408965271168,0.00003620169999999992,0.00001083571260723805
2021-08-03T20:00:00.000Z,0.024068699938066353,0.9825362255770097,0.0005037395388766316,0.0004564645526588542,0.00044362437098832697,263311436.36690003,70168460.1595,1420681.848,-0.017907398793978624,-0.017907398793978624,-0.016960034884113667,0.9830399651158863,-0.00016730765299399764,0.9999368914788643,320.550750588941,16.09168207696013,0.00003638690000000008,0.000009172253111842434
2021-08-03T21:00:00.000Z,0.024068699938066353,0.9829612891939324,0.000515558404776209,0.00046554802706434055,0.0004519102941059616,263488491.19160002,71600741.3608,1432281.2013,-0.01749062110017352,-0.01749062110017352,-0.01652315240129135,0.9834768475987087,-0.00016297775494811262,1.000122879853683,320.76321517513765,16.028140827989823,0.0000357927000000001,0.000009240927492500755
2021-08-03T22:00:00.000Z,0.024068699938066353,0.9847196986421498,0.0005342035216189319,0.0004708845127390387,0.00045727647147209005,263997267.08120003,72442317.06989999,841575.7091,-0.01573757782932228,-0.01573757782932228,-0.014746097836231258,0.9852539021637687,-0.00013098310425463389,1.0000363234703524,321.9367427262591,16.16377065778853,0.00003671199999999998,0.000005419293621058407
2021-08-03T23:00:00.000Z,0.024068699938066353,0.987073599384396,0.0005492306207812146,0.0004784723677578536,0.0004661244352838212,264635821.35059997,73638972.89019999,1196655.8203,-0.013392525050887838,-0.013392525050887838,-0.012377169994822803,0.9876228300051771,-0.00009985434431658557,1.0003622698173864,323.3672333616128,16.192446224940525,0.000036125899999999925,0.000007687224216765649
2021-08-04T00:00:00.000Z,0.024068699938066353,0.9863959387377723,0.0005649581051790551,0.00048432166837404216,0.00047291785140290976,263988178.0887,74559821.53979999,920848.6496,-0.014076979113630594,-0.014076979113630594,-0.013039103157048629,0.9869608968429514,-0.00010377648704462672,0.9999431214741721,323.05407869607774,16.234251197630403,0.000036621799999999894,0.000005929972757317986
2021-08-04T01:00:00.000Z,0.024068699938066353,0.986161315553703,0.0005755719641946661,0.000494112278776839,0.0004815964316033927,263937547.9814,76101216.81059998,1541395.2708,-0.014320280877900382,-0.014320280877900382,-0.013263112482102324,0.9867368875178977,-0.00010767881440520988,0.9999647192166192,322.887680587042,16.14413334564856,0.00003538630000000007,0.000009927999939382101
2021-08-04T02:00:00.000Z,0.024068699938066353,0.9883142456167302,0.0005918281767761989,0.0007674286875590104,0.0008065422814311773,264633662.6527,119150588.33999997,43049371.5294,-0.012492296664700975,-0.012492296664700975,-0.011093926206493599,0.9889060737935064,-0.00008246364436326203,0.9999846594829181,324.07994601715257,16.202358861844623,0.00003636269999999995,0.0002765480810958851
2021-08-04T03:00:00.000Z,0.024068699938066353,0.9880032120051208,0.0006063584467042036,0.0007833905270671473,0.0008236467460343011,264045091.54759997,121659895.14889997,2509306.8089,-0.012820434740913544,-0.012820434740913544,-0.01139042954817504,0.988609570451825,-0.00011364021713466954,1.0018877881089687,323.2494106695615,16.209693852242175,0.00003655640000000004,0.000016155655650053964
2021-08-04T04:00:00.000Z,0.024068699938066353,0.9848443139822691,0.0006164191913460441,0.0008116719908103333,0.0008516803692666386,262073709.24269998,126086888.30939998,4426993.1605,-0.016007366386997512,-0.016007366386997512,-0.014539266826384829,0.9854607331736152,-0.00014688011316998928,1.0007166699125698,321.54152804552456,16.1018087394704,0.000036373200000000135,0.000028716685830857076
2021-08-04T05:00:00.000Z,0.024068699938066353,0.9859167818465608,0.0006297989293287245,0.0008247054541756256,0.0008629907453499008,262483958.35970002,128128031.11519998,2041142.8058,-0.01494620889878906,-0.01494620889878906,-0.013453419224110435,0.9865465807758895,-0.00011444855847453361,0.999783859543189,322.5360652436728,16.08520701263483,0.0000362012,0.00001321963746487279
2021-08-04T06:00:00.000Z,0.024068699938066353,0.9862425456661995,0.0006443956888856251,0.0008359021917249841,0.0008738819720427449,262660879.75869998,129882130.53699999,1754099.4218,-0.014631336305843234,-0.014631336305843234,-0.013113058644914865,0.9868869413550851,-0.00010628521771738342,0.9995539082122872,322.81654374492285,16.09266820865944,0.00003693139999999997,0.000011352924043349967
2021-08-04T07:00:00.000Z,0.024068699938066353,0.985092667218797,0.0006589534707806266,0.0008480165003220816,0.0008865696937365719,262457387.4971,131780721.57979998,1898591.0428,-0.015793902474939614,-0.015793902474939614,-0.014248379310422415,0.9857516206895776,-0.00011276264552029236,0.9988117539866872,322.2945557131649,16.107007836107474,0.00003607040000000001,0.000012297633545543324
