query_ts,assumedLPToken,equityValue,totalDexYield,totalTradingfee,newTotalTradingFee,liquidity,totalVolume,volume,priceImpact,priceEffect,totalReturn,totalEquityVal,impermanentLoss,tokenPrice,quoteTokenPrice,rewardPrice,rewardTokenPerLP,feePerDollar
2021-09-04T09:00:00.000Z,0.019504024388696545,1,0.000019303905101226245,0.000019884077857532248,-9.547918011776346e-14,275756524.5518,3225390.6759,3225390.6759,9.547918011776346e-14,9.547918011776346e-14,0.000019303905101226245,1.0000193039051013,0,0.9992046345456032,490.46560631560914,23.38842299213406,0.0000423175,0.00001988407765851431
2021-09-04T10:00:00.000Z,0.019504024388696545,1.0031001692561283,0.00003885855138084378,0.00003025828598350189,0.00001108814567096772,276624939.1802,4908270.2774,1682879.6015,0.003089081110457359,0.003089081110457359,0.0031390278075091706,1.0031390278075092,-0.0000012697789346649557,1.0006952794983393,492.76533976702336,23.54282429428184,0.00004230849999999998,0.000010342145328720146
2021-09-04T11:00:00.000Z,0.019504024388696545,0.9998461706908259,0.000058204101632153757,0.000051471325154026265,0.00003188647890395302,275371174.3691,8344951.676,3436681.3986,-0.00018571578807802247,-0.00018571578807802247,-0.0000956252075419157,0.9999043747924581,-4.182608300817847e-7,0.9999332030100879,489.9262198973588,23.500490977342707,0.00004235900000000001,0.00002121630338035695
2021-09-04T12:00:00.000Z,0.019504024388696545,0.9995070674834665,0.00007729694321077984,0.00006805557368690568,0.00004835041206163737,275258531.2429,11031544.228500001,2686592.5525,-0.0005412829285951215,-0.0005412829285951215,-0.0004156355733227043,0.9995843644266773,-3.5024371314307245e-7,0.9994999650496093,489.7900236204679,23.40173272147959,0.000042366899999999996,0.00001659242792086142
2021-09-04T13:00:00.000Z,0.019504024388696545,1.014620916577831,0.00010051486826198978,0.00009618047632593048,0.00007723912504853381,277960688.69810003,15563875.956300002,4532331.7278,0.01454367745278251,0.01454367745278251,0.014721431446093034,1.014721431446093,-0.00010867625660893054,0.9989003080019789,504.9895000906982,24.31440463525929,0.0000426025,0.00002771961737952287
2021-09-04T14:00:00.000Z,0.019504024388696545,1.0163664929679466,0.00012167164493328217,0.00012424697611432576,0.00010571808174653086,280007336.2352,20112273.4477,4548397.4914,0.016260774886200036,0.016260774886200036,0.016488164612879847,1.0164881646128798,-0.00011926556554131551,0.999889088003431,506.1992477122461,24.53097783537909,0.00004234790000000001,0.00002761454695917345
2021-09-04T15:00:00.000Z,0.019504024388696545,1.0099134890236836,0.00014022043533311985,0.00015291152975295408,0.0001341266543042341,276950191.089,24736230.2164,4623956.7687,0.009779362369379374,0.009779362369379374,0.010053709459016728,1.0100537094590167,-0.000050411105314229765,0.9988955450354733,500.26014248063746,24.218916404178945,0.000042544500000000026,0.000028383177768828103
2021-09-04T16:00:00.000Z,0.019504024388696545,1.010694161225066,0.00016043784661694705,0.00017167940789794073,0.00015346437241414712,277536409.1064,27767792.2265,3031562.0101,0.010540696852651799,0.010540696852651799,0.010854599071682893,1.0108545990716828,-0.00004563063695084413,1.0001366001222372,500.3930783380921,24.24121149057751,0.00004248789999999997,0.000018569294867522145
2021-09-04T17:00:00.000Z,0.019504024388696545,1.00776991713574,0.00017886174000646642,0.00019682330374698253,0.0001771588265186974,276745202.8169,31829440.8163,4061648.5898,0.007592758309221237,0.007592758309221237,0.0079487788757464,1.0079487788757464,-0.000019445647313487413,1.0005321989846425,497.2811569859678,24.01856510649207,0.00004247429999999999,0.00002495003538409427
2021-09-04T18:00:00.000Z,0.019504024388696545,1.0057121768926824,0.00019867872676328005,0.00021831072358220464,0.00019818028802065513,276254593.40610003,35301372.256400004,3471931.4401,0.005513996604661786,0.005513996604661786,0.005910855619445721,1.0059108556194458,-0.00000955953537618015,1.000330669531725,495.3311656868145,24.01527682651332,0.000042360600000000036,0.000021365376681695638
2021-09-04T19:00:00.000Z,0.019504024388696545,1.0057860237592733,0.00021665013590895145,0.00022701840644347724,0.00020695807853332582,276302688.5216,36708498.94360001,1407126.6872,0.0055790656807399586,0.0055790656807399586,0.006002673895182236,1.0060026738951822,-0.00001324130163060655,0.9996217964839575,495.7465809763051,24.0103142792384,0.00003846369999999997,0.00000865758990996208
2021-09-04T20:00:00.000Z,0.019504024388696545,1.0037810642986584,0.00023565407308349476,0.00023886181176819616,0.00021870104388699296,275809479.147,38622745.356400006,1914246.4128,0.003562363254771439,0.003562363254771439,0.004016718371741927,1.004016718371742,-0.000003466475506863631,1.000127305686924,493.51055344134716,23.920812680489682,0.000042463700000000025,0.000011798792818232244
2021-09-04T21:00:00.000Z,0.019504024388696545,1.0080125403941813,0.0002575398311903344,0.0002488408937152825,0.00022930514738139784,276953384.93410003,40235552.349800006,1612806.9934,0.007783235246799913,0.007783235246799913,0.008270080225371646,1.0082700802253717,-0.00002315000315089577,1.0001529554641375,497.65782151270906,24.113353243027586,0.00004250189999999993,0.000009899759446638985
2021-09-04T22:00:00.000Z,0.019504024388696545,1.009216970621787,0.0002783760296321888,0.0002542236553245262,0.00023519692423845662,277766964.9373,41107021.874000005,871469.5242,0.0089817736975486,0.0089817736975486,0.009495346651419247,1.0094953466514192,-0.00003337108848910919,0.9999762936935431,498.9303648055701,24.18971291662299,0.00004243490000000005,0.000005333601105064515
2021-09-04T23:00:00.000Z,0.019504024388696545,1.0097280459865992,0.0002983198583179311,0.0002657102930351271,0.0002469833717690939,277918685.8854,42966783.60220001,1859761.7282,0.00948106261483006,0.00948106261483006,0.010026365844917085,1.0100263658449171,-0.00004104892836620522,0.9995798640397014,499.6223425184953,24.1835046345352,0.00004243440000000004,0.000011375971096969299
2021-09-05T00:00:00.000Z,0.019504024388696545,1.0092474551856598,0.0003179678521281572,0.00027997153424721516,0.0002616982889243058,278058690.3566,45278035.08870001,2311251.4865,0.00898575689673553,0.00898575689673553,0.009565423037787993,1.009565423037788,-0.000029531126083615078,1.000464759739246,498.69070485805634,24.1583877322873,0.00004235660000000001,0.000014130569060837621
2021-09-05T01:00:00.000Z,0.019504024388696545,1.0094783364265465,0.0003385989179910076,0.00029279913799781944,0.00027385362908138866,278134619.03239995,47357035.88220001,2079000.7935,0.009204482797465108,0.009204482797465108,0.009816935344537503,1.0098169353445374,-0.00003458798686750697,1.0000493696402444,499.11416939831037,24.205319538367736,0.00004239209999999998,0.00001270716087499445
2021-09-05T02:00:00.000Z,0.019504024388696545,1.0044339194195342,0.00035546192251386657,0.0003047522554101272,0.0002843032700083903,275658702.8947,49286703.91270001,1929668.0305,0.004149616149525803,0.004149616149525803,0.0047893813420480606,1.004789381342048,-0.000011504534790818255,0.9985496011643885,494.8689535097312,23.992562620630444,0.00004239580000000002,0.000011900352201479766
2021-09-05T03:00:00.000Z,0.019504024388696545,1.0075371958851926,0.0003744434644275134,0.0003139105514492665,0.00029449020210869925,277417912.3542,50770038.57050001,1483334.6578,0.007242705683083939,0.007242705683083939,0.007911639349620152,1.0079116393496201,-0.000014369987027307296,1.001060483498638,496.6734460259167,23.93762442474891,0.00004239949999999997,0.000009089784062106265
2021-09-05T04:00:00.000Z,0.019504024388696545,1.0027132841146205,0.00038859954140349137,0.0003237729778760816,0.0003030770595484622,275969617.54300004,52366724.06910001,1596685.4986,0.002410207055072,0.002410207055072,0.0031018836560239536,1.003101883656024,-9.077034389681771e-7,1.0002642892913756,492.3106082791264,23.59905076182235,0.00004226200000000005,0.000009835739788265144
2021-09-05T05:00:00.000Z,0.019504024388696545,1.0042208533300605,0.00040887641658539977,0.0003305550245086533,0.00031020337068721204,276387212.3565,53464719.52810001,1097995.459,0.003910649959373291,0.003910649959373291,0.004629729746645903,1.004629729746646,-0.000003551106916188651,1.0004424373180776,493.6975990109161,23.647696644167844,0.00004222630000000002,0.000006753540673554616
2021-09-05T06:00:00.000Z,0.019504024388696545,1.0024532432045847,0.0004254396806181554,0.0003378829127181695,0.0003170606781084384,276038489.25799996,54651677.65060001,1186958.1225,0.0021361825264762935,0.0021361825264762935,0.002878682885202887,1.002878682885203,-3.9252196815109386e-7,1.0004522972661434,491.9490175387165,23.484755246149952,0.00004231130000000007,0.000007309954541752444
2021-09-05T07:00:00.000Z,0.019504024388696545,1.0033386432167186,0.00044561557873561846,0.00034772708727896166,0.0003270370049657245,276055276.254,56244909.04310001,1593231.3925,0.003011606211752893,0.003011606211752893,0.003784258795454236,1.0037842587954542,-0.000001479910009205554,1.0004911052299719,492.7897690376396,23.523162687260918,0.00004245919999999994,0.000009811416771320466
2021-09-05T08:00:00.000Z,0.019504024388696545,1.0039811859747794,0.0004667745273421448,0.0003627095385528828,0.00034479316073543487,275838574.175,58666291.321100004,2421382.278,0.0036363928140439317,0.0036363928140439317,0.004447960502121511,1.0044479605021215,-0.000011755840628846492,0.9979872352414797,494.6417990415348,23.608119162210308,0.00004245720000000007,0.000014923039262769926
2021-09-05T09:00:00.000Z,0.019504024388696545,1.0053614698342772,0.0004862283031505476,0.0003730107333635534,0.0003534602860060243,276210049.4743,60331067.869100004,1664776.548,0.005008009548271186,0.005008009548271186,0.005847698137427758,1.0058476981374278,-0.000008388011562221465,1.0001039659598803,494.9449462972144,23.60343593081802,0.000042458700000000014,0.000010246260543330913
2021-09-05T10:00:00.000Z,0.019504024388696545,1.0061457358159869,0.0005072700536333166,0.00038569007532236456,0.0003662518781082369,276412938.71750003,62380083.42080001,2049015.5517,0.005779483937878638,0.005779483937878638,0.006653005869620191,1.0066530058696201,-0.000008256809375106755,1.0009038639168089,495.3089517826903,23.673174699221484,0.00004246089999999985,0.000012601893580133868
2021-09-05T11:00:00.000Z,0.019504024388696545,1.0059072376333487,0.0005266782302147748,0.0003963620591902862,0.0003771251579773871,276398566.8321,64105023.658800006,1724940.238,0.005530112475371274,0.005530112475371274,0.006433915863563436,1.0064339158635633,-0.00000949256188642611,1.0003620517213925,495.33150420098144,23.6652146128194,0.000042418000000000237,0.000010609311177728729
2021-09-05T12:00:00.000Z,0.019504024388696545,1.0034203721861739,0.0005458344845932257,0.00040708847683987423,0.00038697719132163577,275745145.0741,65838950.2352,1733926.5764,0.003033394994852223,0.003033394994852223,0.003966206670767085,1.003966206670767,-0.000004627879907515009,0.9991911150415776,493.45234769951117,23.655482090625426,0.000041989200000000055,0.000010689853411881037
2021-09-05T13:00:00.000Z,0.019504024388696545,1.0038375258981374,0.0005669274376850563,0.00042022134197699086,0.0004000631226881435,275822319.96999997,67961591.14930001,2122640.9141,0.003437462775449207,0.003437462775449207,0.004404453335822407,1.0044044533358225,-0.00000686379095216072,0.9989313719180865,493.9784095462104,23.719201504785712,0.00004241639999999996,0.000013082659715002326
2021-09-05T14:00:00.000Z,0.019504024388696545,1.0069336093907741,0.000589597367513186,0.00043310947256648057,0.00041437775832764423,276789091.2474,70045549.9246,2083958.7753,0.006519231632446498,0.006519231632446498,0.007523206758287328,1.0075232067582873,-0.000015242662995018641,1.0001810209127664,496.3963086925332,23.842008751643846,0.00004243869999999981,0.000012799384188314822
2021-09-05T15:00:00.000Z,0.019504024388696545,1.006928281593456,0.000610892656222307,0.00044928291758567304,0.00043085199082537606,276790002.9938,72660753.3682,2615203.4436,0.006497429602630556,0.006497429602630556,0.007539174249678239,1.0075391742496782,-0.000014347579930573673,1.0003239644754434,496.3038736213709,23.90552421396856,0.00004230439999999992,0.000016062161949611978
2021-09-05T16:00:00.000Z,0.019504024388696545,1.0045221195044154,0.0006294140644801479,0.0004682347576886939,0.000450927689275904,276136754.5888,75725306.4861,3064553.1179,0.0040711918151394855,0.0040711918151394855,0.005151533568895537,1.0051515335688956,-0.000005483248765481008,0.9999556681778936,494.0959166799417,23.859507998853676,0.00004232740000000018,0.000018866522525000026
2021-09-05T17:00:00.000Z,0.019504024388696545,1.0077570692712088,0.0006544256813626074,0.00048378197334402145,0.00046525587114065736,276721636.8752,78236562.2108,2511255.7247,0.007291813400068126,0.007291813400068126,0.00841149495257139,1.0084114949525713,-0.000024426905712693348,0.9994801885870931,497.5072527410547,24.057693842735237,0.0000421623000000002,0.000015427542205221046
2021-09-05T18:00:00.000Z,0.019504024388696545,1.0089832766977418,0.0006763996918120185,0.000503701330080868,0.00048621658160241665,277045217.2815,81453873.3927,3217311.1819,0.008497060116139377,0.008497060116139377,0.009659676389553812,1.0096596763895538,-0.000029602774779480256,0.9999708726404798,498.4538111130669,24.130462602606013,0.00004248359999999981,0.000019742008408947284
2021-09-05T19:00:00.000Z,0.019504024388696545,1.0082921958247548,0.0006941033059026766,0.0005150593485026377,0.0004967880645565526,276896967.3483,83288659.4666,1834786.0739,0.00779540776019827,0.00779540776019827,0.008986299130657498,1.0089862991306575,-0.00002295278026154257,1.0001940884300307,497.6493768444972,24.05118508470518,0.00004247719999999993,0.00001126460992151834
2021-09-05T20:00:00.000Z,0.019504024388696545,1.0086742922679803,0.0007149375938018762,0.0005247622456627703,0.0005067554142943465,276952284.3142,84855794.9634,1567135.4968,0.008167536853685986,0.008167536853685986,0.009389229861782209,1.0093892298617821,-0.000028369671652317408,0.9998060586326784,498.2102422984432,24.081660109565288,0.00004248509999999992,0.000009619456113738232
2021-09-05T21:00:00.000Z,0.019504024388696545,1.0132577769313071,0.0007419734012484144,0.0005371005129454865,0.0005226853383577534,278206711.7506,86848545.47320001,1992750.5098,0.012735091592949388,0.012735091592949388,0.013999750332555556,1.0139997503325555,-0.0000682078041074341,1.0001789751600147,502.54735805718985,24.313683502845198,0.00004248599999999996,0.00001217683011794806
2021-09-05T22:00:00.000Z,0.019504024388696545,1.013531482965454,0.0007643537135512309,0.0005467688665280244,0.0005313747949478032,278288421.82,88410115.7158,1561570.2426,0.01300010817050623,0.01300010817050623,0.014295836679005264,1.0142958366790054,-0.00007700890500061952,0.9997099027666226,503.0463326072503,24.38868468813849,0.00004223769999999999,0.000009539273660968437
2021-09-05T23:00:00.000Z,0.019504024388696545,1.0144814918039857,0.0007853159446371331,0.0005539789075213791,0.0005398790323509761,278526967.4124,89574541.74260001,1164426.0268,0.013941612771634748,0.013941612771634748,0.015266807748622857,1.0152668077486229,-0.00008199039500467187,1.0002437342691863,503.71287599237576,24.41255626999844,0.00004245380000000008,0.00000710711879697101
2021-09-06T00:00:00.000Z,0.019504024388696545,1.0141567754105987,0.0008061045950764149,0.000563956614434746,0.0005493166108379022,278378922.799,91185606.81680001,1611065.0742,0.013607458799760774,0.013607458799760774,0.014962880005675092,1.0149628800056751,-0.00007552287881451569,1.0004296648740085,503.2873703685824,24.429364170943888,0.00004249569999999985,0.000009838426697690483
2021-09-06T01:00:00.000Z,0.019504024388696545,1.013501915568576,0.0008253940789280656,0.0005819820192305112,0.0005670956553218698,278190126.6854,94096010.4678,2910403.651,0.01293481991325418,0.01293481991325418,0.014327309647504116,1.014327309647504,-0.00006594571592399845,1.0005716459051257,502.5482984109315,24.401007599168487,0.00004249719999999996,0.000017785268893799547
2021-09-06T02:00:00.000Z,0.019504024388696545,1.012221865605372,0.000846600098728426,0.000596852681238246,0.0005805353817884829,277769932.1628,96496450.8074,2400440.3396,0.011641330223583601,0.011641330223583601,0.01306846570410051,1.0130684657041005,-0.0000552585617612511,1.000265490050827,501.41906207613084,24.42916213155484,0.00004250800000000003,0.000014691109817200398
2021-09-06T03:00:00.000Z,0.019504024388696545,1.0095430326699815,0.0008619253712072204,0.0006077079697785799,0.0005897606623590512,271562131.63379997,98214109.4549,1717658.6475,0.008953272007622415,0.008953272007622415,0.010404958041188687,1.0104049580411887,-0.00002863826235277589,1.0005496823187343,498.61626998535775,24.27881802853372,0.00004336639999999992,0.000010752676314559314
2021-09-06T04:00:00.000Z,0.019504024388696545,1.008248332362229,0.0008811108577880477,0.0006193875178936045,0.0006010564823777376,271248089.4032,100062425.83749999,1848316.3826,0.007647275879851367,0.007647275879851367,0.009129443220017153,1.009129443220017,-0.0000317178579768429,0.9988583944661058,498.16836390502596,24.241747336960195,0.000043360900000000075,0.000011583999936491097
2021-09-06T05:00:00.000Z,0.019504024388696545,1.0091647344931263,0.0009013188395369648,0.0006395027340433624,0.0006213551894880265,271943298.79399997,103250967.2691,3188541.4316,0.008543379303638243,0.008543379303638243,0.010066053332663234,1.0100660533326633,-0.00003513455199333215,0.9993288449763789,498.8198645425216,24.237043419226776,0.000043109999999999985,0.00001993253909090109
2021-09-06T06:00:00.000Z,0.019504024388696545,1.0102597385270333,0.0009251465964930164,0.0006497168453355398,0.0006336034256180234,272233044.5635,104870014.3582,1619047.0891,0.0096261351014153,0.0096261351014153,0.01118488512352634,1.0111848851235263,-0.0000354620434874775,1.0003627145005263,499.3748541042134,24.325472769336113,0.000043291200000000085,0.000010110381918856256
2021-09-06T07:00:00.000Z,0.019504024388696545,1.0146315717628827,0.0009572126570014579,0.0006707499852363102,0.0006593403029604428,273596714.5623,108206257.4003,3336243.0421,0.013972231459922213,0.013972231459922213,0.015588784419884113,1.015588784419884,-0.00007699952534900856,1.000670028532236,503.5286992854611,24.62321897854599,0.00004319020000000008,0.000020729829232940337
