query_ts,assumedLPToken,equityValue,totalDexYield,totalTradingfee,newTotalTradingFee,liquidity,totalVolume,volume,priceImpact,priceEffect,totalReturn,totalEquityVal,impermanentLoss,tokenPrice,quoteTokenPrice,rewardPrice,rewardTokenPerLP,feePerDollar
2021-08-25T09:00:00.000Z,0.01991626107462024,1,0.000023351265116095666,0.00008918437379691674,3.622657729351886e-13,246675345.0455,12940933.1073,12940933.1073,-3.622657729351886e-13,-3.622657729351886e-13,0.000023351265116095666,1.000023351265116,-2.220446049250313e-16,1.0003929235321825,474.5403788872522,24.24923495676582,0.0000483509,0.00008918437421604543
2021-08-25T10:00:00.000Z,0.01991626107462024,0.9980173040631847,0.00004627468774640981,0.00015033891045945958,0.0000595898530567629,248894956.3816,21912282.628399998,8971349.5211,-0.002042285789872089,-0.002042285789872089,-0.0019364212490689166,0.9980635787509311,-9.54673741171419e-8,0.9987861703729172,473.36434494229854,24.15849517639896,0.00004782489999999998,0.0000612760274759729
2021-08-25T11:00:00.000Z,0.01991626107462024,1.0026839520142274,0.00007037020691555425,0.00018438892943528596,0.00009555266396210627,249533561.483,26896917.3963,4984634.7679,0.0025883993502653357,0.0025883993502653357,0.0027543222211429963,1.002754322221143,-0.000004378436103125161,1.0000186950700498,477.17866193382866,24.519159801457235,0.000047928,0.000033958875331514475
2021-08-25T12:00:00.000Z,0.01991626107462024,1.0053092101119905,0.00009464929303754373,0.0002137726978970258,0.0001245842101422756,250436613.9814,31202746.0058,4305828.6095,0.0051846259018482055,0.0051846259018482055,0.005403859405028025,1.005403859405028,-0.000024267460610905012,0.9985982903466489,480.33545073959925,24.754041307116502,0.00004787949999999999,0.000029228588103709356
2021-08-25T13:00:00.000Z,0.01991626107462024,1.0131359853861295,0.00011994844099234087,0.0002519996965508752,0.00016422470230592623,253019172.0153,36818485.845,5615739.8392,0.012971760683823552,0.012971760683823552,0.01325593382712182,1.0132559338271219,-0.00009953627961178935,0.9991716448577229,487.52664867360016,25.121217309155018,0.0000477598,0.00003773136102928481
2021-08-25T14:00:00.000Z,0.01991626107462024,1.0118449873704765,0.00014366244768886717,0.0003033590575242205,0.00021502905631454183,256569278.1813,44479060.5478,7660574.7028,0.011629958314161915,0.011629958314161915,0.011988649818165324,1.0119886498181654,-0.00006888770896018581,1.000217605877846,485.72745608910725,25.152718171552095,0.000047037999999999986,0.000050758130852897946
2021-08-25T15:00:00.000Z,0.01991626107462024,1.028573686275199,0.00017427966227605236,0.00037427091105528417,0.0002914489268159848,263168813.08999997,55151628.447299995,10672567.8995,0.028282237348383088,0.028282237348383088,0.028747965937475126,1.0287479659374752,-0.00041737366412775145,0.9993856943971453,502.26778389282634,26.246725378648538,0.000046617500000000006,0.00006894192824795401
2021-08-25T16:00:00.000Z,0.01991626107462024,1.0299775857051545,0.0001967413633253429,0.00042793405565404456,0.0003447863700400955,263539533.87229997,63228537.445099995,8076908.9978,0.029632799335114424,0.029632799335114424,0.03017432706847986,1.0301743270684798,-0.0003913502991511608,1.0016150324031077,502.46716537675394,26.016102568484353,0.000046305799999999986,0.00005210127336308235
2021-08-25T17:00:00.000Z,0.01991626107462024,1.02888263870909,0.00022047630127469757,0.0004658085066124815,0.0003833747515948893,263268595.6504,68929269.81989999,5700732.3748,0.028499263957495025,0.028499263957495025,0.02910311501036461,1.0291031150103647,-0.00046112795209896085,0.9981208255290094,503.11658864443643,25.96680392078558,0.00004661550000000002,0.0000368112459946769
2021-08-25T18:00:00.000Z,0.01991626107462024,1.0303448625152605,0.00024478370758585443,0.0004934093474833081,0.0004105804788707701,263667643.13799998,73084045.76349999,4154775.9436,0.029934282036389703,0.029934282036389703,0.030589646222846326,1.0305896462228463,-0.00045431018830999204,0.9997388385933248,503.70498364636956,25.988204326861286,0.000046611799999999966,0.00002678796313441942
2021-08-25T19:00:00.000Z,0.01991626107462024,1.0307402289770076,0.0002687118239299615,0.0005093162222252222,0.0004268335986308269,263770815.60700002,75478538.1187,2394492.3552,0.03031339537837674,0.03031339537837674,0.031008940800937527,1.0310089408009375,-0.00047764807537165055,0.9993420675141954,504.2760085599965,25.96911406848276,0.00004661169999999997,0.000015432476843476736
2021-08-25T20:00:00.000Z,0.01991626107462024,1.0266812403815202,0.0002905391217890209,0.000539869461587507,0.0004566730461597057,262753109.26950002,80078143.4672,4599605.3485,0.026224567335360494,0.026224567335360494,0.02697177950330922,1.0269717795033093,-0.00036927844566825296,0.9990992658773811,500.40306179208517,25.77584050872056,0.000046414300000000034,0.000029759225739284735
2021-08-25T21:00:00.000Z,0.01991626107462024,1.0253645192420402,0.00031271389958752296,0.0005608620252933652,0.0004766109330562873,262421873.5712,83238516.2225,3160372.7553,0.024887908308983908,0.024887908308983908,0.025677233141627717,1.0256772331416277,-0.0003249848793801524,0.9994782739421827,498.9110974612672,25.632248179186313,0.000046608,0.000020473269285429068
2021-08-25T22:00:00.000Z,0.01991626107462024,1.0291934926499986,0.0003386477276889829,0.0005738412952972328,0.000494333122751156,263404135.28999996,85192526.8359,1954010.6134,0.028699159527247442,0.028699159527247442,0.02953214037768758,1.0295321403776876,-0.0004006351828069743,1.0003765234133797,502.1772827632739,25.79530193191981,0.000046607800000000005,0.00001261110817080673
2021-08-25T23:00:00.000Z,0.01991626107462024,1.026737607092836,0.0003607630082907287,0.0005910973015475938,0.0005069861698732137,262784981.3272,87790486.58479999,2597959.7489,0.0262306209229628,0.0262306209229628,0.027098370101126742,1.0270983701011267,-0.00031605469539475184,1.0011408975704594,499.38847892368193,25.665207518331552,0.00004660660000000004,0.000016806636173894842
2021-08-26T00:00:00.000Z,0.01991626107462024,1.0302838011727584,0.00038763721021683887,0.0006128730204379327,0.0005332515326441634,263698842.1282,91068984.6739,3278498.0891,0.029750549640114254,0.029750549640114254,0.030671438382975258,1.0306714383829751,-0.0004212176915977528,1.0006798325592103,503.05179308558905,25.96400099311366,0.000043848300000000025,0.000021135651209118355
2021-08-26T01:00:00.000Z,0.01991626107462024,1.042698786599624,0.0004192984416213207,0.0006682397701429984,0.0005927207946494484,267175888.5144,99414218.2833,8345233.6094,0.04210606580497456,0.04210606580497456,0.04311808504124533,1.0431180850412454,-0.000890015909683739,0.9994306590490585,515.8399377166842,26.442511441909726,0.000046554300000000016,0.0000530994664782985
2021-08-26T02:00:00.000Z,0.01991626107462024,1.0366848161998514,0.00043804540574799827,0.0007124970402161607,0.0006339810098938692,270226930.965,106200276.6563,6786058.373,0.03605083518995755,0.03605083518995755,0.03712286160559942,1.0371228616055994,-0.00065624523264185,0.9995709292098243,509.79115615449,26.1232920948228,0.000045761699999999945,0.00004269115292433303
2021-08-26T03:00:00.000Z,0.01991626107462024,1.0372087320292909,0.0004630389445901177,0.0007469041199121589,0.0006692774023939752,269480421.89479995,111458753.3055,5258476.6492,0.036539454626896894,0.036539454626896894,0.03767177097388099,1.037671770973881,-0.0006924863155194361,0.9990550473723289,510.5356112459993,26.18582406116234,0.00004591350000000008,0.000033172763500903885
2021-08-26T04:00:00.000Z,0.01991626107462024,1.0197182345889788,0.0004671296403316495,0.0008063570829270261,0.0007167350409009732,265643294.592,120569275.2726,9110521.9671,0.019001499548077838,0.019001499548077838,0.02018536422931046,1.0201853642293104,-0.00019826829019475856,0.9993014447437821,493.28387000639293,25.144043397164047,0.00004495490000000005,0.00005830332502033509
2021-08-26T05:00:00.000Z,0.01991626107462024,1.0184570107562703,0.0004899904660386573,0.0008465071459595881,0.0007559142427513432,264904418.2424,126712321.92089999,6143046.6483,0.01770109651351892,0.01770109651351892,0.018947001222308923,1.018947001222309,-0.00015704335546073978,1.0002154747756824,491.57603145042754,25.138480153970377,0.00004586740000000021,0.00003942244289996703
2021-08-26T06:00:00.000Z,0.01991626107462024,1.0113215049905766,0.0005040974695361891,0.0008807227248304756,0.0007849586234831563,262836673.8151,131943164.94409999,5230843.0232,0.010536546367093447,0.010536546367093447,0.011825602460112793,1.0118256024601129,-0.0000770947312750403,0.9984577568029305,485.5323121418591,24.694804635216485,0.00004626609999999988,0.000033832543268659826
2021-08-26T07:00:00.000Z,0.01991626107462024,1.0103005594157994,0.0005275795800210567,0.0009238345987794798,0.0008282631403866425,261489102.0666,138506898.9174,6563733.9733,0.009472296275412795,0.009472296275412795,0.010828138995820495,1.0108281389958205,-0.000047345702903989206,1.0000894228425252,483.7196824588274,24.732812398739473,0.00004609609999999995,0.000042672324262936286
2021-08-26T08:00:00.000Z,0.01991626107462024,1.009520327221459,0.0005513911105646885,0.0009737859378520066,0.0008817524945468058,261235992.6317,146110444.6679,7603545.7505,0.008638574726912207,0.008638574726912207,0.0100717183320237,1.0100717183320238,-0.00004466236620925823,0.9995430743924288,483.18496954481196,24.782269854752652,0.00004610599999999991,0.000049480271250652596
2021-08-26T09:00:00.000Z,0.01991626107462024,1.0111109422622004,0.0005791369379387673,0.0010077059355090333,0.0009126213578480868,261680827.63340002,151274370.359,5163925.6911,0.010198320904352354,0.010198320904352354,0.011690079200139208,1.0116900792001393,-0.0000515763339773434,1.0003829601171768,484.2735870708031,24.997730428357354,0.00004610109999999997,0.000033547255846990914
2021-08-26T10:00:00.000Z,0.01991626107462024,1.0079676623373677,0.0006002835592971178,0.0010378227777251556,0.0009391460987180356,260906906.17560002,155860005.40129998,4585635.0423,0.00702851623864964,0.00702851623864964,0.008567945896664793,1.0085679458966648,-0.000026463966270373618,1.000121546278341,481.3650309315043,24.92290375818919,0.00004609490000000016,0.000029878778167195334
2021-08-26T11:00:00.000Z,0.01991626107462024,1.0110289708391877,0.0006295422133031849,0.0010822659182964229,0.0009870833133545087,261783982.5313,162629173.37589997,6769167.9746,0.010041887525833237,0.010041887525833237,0.01165851305249093,1.0116585130524909,-0.00007225062109128544,0.9983647587694607,485.102274433586,25.18058298105862,0.00004596639999999991,0.00004395832566052472
2021-08-26T12:00:00.000Z,0.01991626107462024,1.0113766189113136,0.0006533199514910464,0.0011235519749862896,0.001028328628838615,261570301.4754,168910190.79299998,6281017.4171,0.01034829028247497,0.01034829028247497,0.012029938862804632,1.0120299388628047,-0.000060598957105750806,0.9996787408377523,484.75862947416147,25.206777020260752,0.000046059199999999974,0.00004082164354608205
2021-08-26T13:00:00.000Z,0.01991626107462024,1.0107733445607836,0.0006773802703192538,0.0011766028021048152,0.001080808650769205,261388845.0112,176980246.1102,8070055.3172,0.0096925359100144,0.0096925359100144,0.011450724831102857,1.0114507248311029,-0.000059422942111919674,0.9991371675580943,484.3919982621839,25.241189509973424,0.00004608699999999998,0.000052485384518425655
2021-08-26T14:00:00.000Z,0.01991626107462024,1.0175927712170534,0.0007081623276233813,0.0012270131153970588,0.0011387111209435474,264129006.7938,184677088.0465,7696841.9363,0.016454060096109835,0.016454060096109835,0.018300933544676764,1.0183009335446767,-0.0001742967751815483,0.9980429066012568,491.4395235156382,25.530553485083956,0.000045266099999999915,0.000049538789588244274
2021-08-26T15:00:00.000Z,0.01991626107462024,1.011956993572743,0.000722211444707961,0.0012695433090502393,0.001175205747368624,262654457.32770002,191170473.197,6493385.1505,0.010781787825374423,0.010781787825374423,0.012679205017451008,1.012679205017451,-0.00006497749240796935,0.9997168765464548,485.1561896740612,25.205942731108443,0.00004592180000000008,0.0000420276696164251
2021-08-26T16:00:00.000Z,0.01991626107462024,1.0071174176958966,0.0007365873490467602,0.0013042607796918332,0.0012038964280391973,263138938.0249,196506330.027,5335856.83,0.00591352126785738,0.00591352126785738,0.007854005044943338,1.0078540050449434,-0.000028639134662444832,0.998721438296269,480.9730062004804,24.921126950322115,0.00004540590000000008,0.00003447211833826602
2021-08-26T17:00:00.000Z,0.01991626107462024,1.0073751266914115,0.0007592756538159623,0.0013486741335030374,0.0012560321764647497,269935076.6248,203506889.38050002,7000559.3535,0.0061190945149467435,0.0061190945149467435,0.008134402345227455,1.0081344023452274,-0.000023037394366820507,0.9997054322328895,480.69600663492963,24.941597144337877,0.00004445609999999995,0.000044088197242672135
2021-08-26T18:00:00.000Z,0.01991626107462024,1.0103536882170716,0.0007886644477320567,0.0013735142181129701,0.0012775206734967348,270995704.2607,207426050.49940002,3919161.1189,0.009076167543574876,0.009076167543574876,0.011142352664803666,1.0111423526648036,-0.00004954941209067698,0.9994731670917245,483.63814056301595,25.17491842352246,0.0000444484000000001,0.000024585533266315362
2021-08-26T19:00:00.000Z,0.01991626107462024,1.008505066305248,0.0007992130722528089,0.001399634976067158,0.0013033856601238902,270588368.4574,211548619.23530003,4122568.7359,0.007201680645124053,0.007201680645124053,0.009304279377500753,1.0093042793775007,-0.00003133736504912221,0.9996519386113047,481.7568013873546,24.810766163428514,0.00004443409999999994,0.000025900473442314134
2021-08-26T20:00:00.000Z,0.01991626107462024,1.006325600240372,0.0008167793878747905,0.0014153296729217135,0.0013143590553719164,269058616.844,214017001.44200003,2468382.2067,0.00501124118500007,0.00501124118500007,0.007142379628246777,1.0071423796282468,-0.00001603392852100871,0.9997287231899069,479.62681155083123,24.67577637772464,0.000044591900000000063,0.000015596042976103542
2021-08-26T21:00:00.000Z,0.01991626107462024,1.0069675762577894,0.0008399121741509797,0.0014299235522192743,0.0013305495234940956,269300287.29410005,216312849.44790003,2295848.0059,0.005637026734295336,0.005637026734295336,0.007807488431940412,1.0078074884319403,-0.00002784466536198682,0.9985524781636695,480.78997164844355,24.711780941639574,0.0000445804999999999,0.000014492898055350524
2021-08-26T22:00:00.000Z,0.01991626107462024,1.0119478932634531,0.0008685388853209443,0.0014550662584413574,0.0013644230646363553,271051619.904,220274324.74150002,3961475.2936,0.01058347019881678,0.01058347019881678,0.012816432148774079,1.012816432148774,-0.00006283505406534662,0.9997101841932012,484.96907741490503,24.904462895410127,0.00004451129999999997,0.00002484585040113467
2021-08-26T23:00:00.000Z,0.01991626107462024,1.0099816584549923,0.0008878224357199424,0.0014745211911942019,0.0013811351740196098,270540050.796,223339807.72590002,3065482.9844,0.008600523280972716,0.008600523280972716,0.010869480890712269,1.0108694808907122,-0.000041639175448304755,0.9998307545467006,483.00949762746114,24.826356608171302,0.00004450919999999995,0.000019262660216655248
2021-08-27T00:00:00.000Z,0.01991626107462024,1.0060241629805522,0.000911242001856506,0.0015114606912011257,0.0014103527145490347,269301299.8304,229156447.06820002,5816639.3423,0.00461381026600316,0.00461381026600316,0.0069354049824087004,1.0069354049824086,-0.00001296981761345073,0.9999029259946152,479.16405607807286,24.86447542248252,0.000044539700000000125,0.000036718303580923756
2021-08-27T01:00:00.000Z,0.01991626107462024,1.0064346413654552,0.0009409506022425367,0.0015596677342543455,0.0014638604096164354,269463019.0198,236748778.747,7592331.6788,0.004970780955838805,0.004970780955838805,0.007375591967697777,1.0073755919676979,-0.00002052891599824136,0.9989441781673073,479.96485044390147,25.068945773309583,0.00004449429999999998,0.00004789883190988668
2021-08-27T02:00:00.000Z,0.01991626107462024,1.0087086034689652,0.00096890651021685,0.0016049052329069479,0.0015077021075420305,268384234.28669998,243828903.7877,7080125.0407,0.007200901361423151,0.007200901361423151,0.009677509979182031,1.009677509979182,-0.00004131837773369007,0.998478471132862,482.3222424392211,25.21419350330755,0.00004481350000000011,0.00004484694341744523
2021-08-27T03:00:00.000Z,0.01991626107462024,1.01002984866283,0.000988428648689439,0.0016359119157432491,0.001540068377737569,268727801.0316,248681618.5477,4852714.76,0.008489780285092507,0.008489780285092507,0.011018277311519515,1.0110182773115195,-0.000038524711950538304,1.0000688724833446,482.78845579897853,25.138327455506456,0.000044815600000000134,0.0000306987779467965
2021-08-27T04:00:00.000Z,0.01991626107462024,0.9992506795536545,0.000987935568954367,0.0016690850894592476,0.0015578759544100373,265141210.14060003,253859366.3818,5177747.8341,-0.0023071964007554957,-0.0023071964007554957,0.00023861512260890867,1.0002386151226088,-1.7452452261146334e-8,0.9978983672629826,473.5339824344562,24.566595747103886,0.00004493830000000039,0.000033198050628577695
2021-08-27T05:00:00.000Z,0.01991626107462024,0.9996849812402825,0.0010066177776057712,0.0017014208560955982,0.0015912455580856522,266009162.53570002,258920731.4036,5061365.0218,-0.0019062643178031635,-0.0019062643178031635,0.0006915990178882599,1.0006915990178882,-1.2180784958459867e-7,0.9989788589621929,473.40206266606754,24.487707186947432,0.00004481139999999975,0.00003234595551160855
2021-08-27T06:00:00.000Z,0.01991626107462024,1.0034666655994344,0.0010372395408360293,0.001718999987748886,0.0016139368605034843,267057361.25570002,261672742.0383,2752010.6347,0.0018527287389309421,0.0018527287389309421,0.004503905140270456,1.0045039051402704,-0.0000021835586536678164,1.0001541059912475,476.4141283550625,24.696530359307776,0.00004480450000000022,0.000017518401503677494
2021-08-27T07:00:00.000Z,0.01991626107462024,1.0040944744713307,0.0010618718996564488,0.0017425113629844775,0.0016380392959891577,267275023.11650002,265354141.0939,3681399.0556,0.0024564351753415536,0.0024564351753415536,0.00515634637098716,1.0051563463709872,-0.000007600788617834198,0.9989478909269426,477.56442277037377,24.757116566073773,0.00004479649999999978,0.000023415500339483998
