query_ts,assumedLPToken,equityValue,totalDexYield,totalTradingfee,newTotalTradingFee,liquidity,totalVolume,volume,priceImpact,priceEffect,totalReturn,totalEquityVal,impermanentLoss,tokenPrice,quoteTokenPrice,rewardPrice,rewardTokenPerLP,feePerDollar
2022-02-21T09:00:00.000Z,0.01975303321992807,1,0.000006718848629548975,0.00003304722753881735,-9.021672298104022e-13,193651183.1052,3764491.0473,3764491.0473,9.021672298104022e-13,9.021672298104022e-13,0.000006718848629548975,1.0000067188486295,0,1.000390324908522,388.1783403221645,7.5669814832859075,0.0000449509,0.00003304722789601255
2022-02-21T10:00:00.000Z,0.01975303321992807,0.9947771406225069,0.000013342157963714256,0.0000582601393872694,0.000026613064569969147,192642235.3233,6636592.7171,2872101.6698,-0.005249472442063086,-0.005249472442063086,-0.005209517219529402,0.9947904827804706,-0.000008188635733041849,0.9991741885631626,384.58109489889557,7.503741781181797,0.000045064,0.00002534528749869346
2022-02-21T11:00:00.000Z,0.01975303321992807,0.9879317511516806,0.000019667860296677443,0.00008926646575607388,0.00005605934824182146,192522661.5839,10190910.8508,3554318.1337,-0.012124308196561184,-0.012124308196561184,-0.012048580988022686,0.9879514190119774,-0.0000737381360920164,1.0003362521436294,378.84309152491585,7.388739841177487,0.00004474260000000001,0.000031385088786842846
2022-02-21T12:00:00.000Z,0.01975303321992807,0.9766282408363232,0.000025289593398360557,0.00012205621843277943,0.00009352895646974613,200841836.6464,14157471.7189,3966560.8681,-0.023465288120146588,-0.023465288120146588,-0.023346469570278482,0.9766535304297215,-0.0002643458286587519,0.9996411600207721,370.4520671823916,7.226257869024968,0.000042414300000000005,0.00003357444638211472
2022-02-21T13:00:00.000Z,0.01975303321992807,0.9736711376993019,0.000030873399711284397,0.00015872613448640168,0.00012717154437691391,204877909.3075,18696300.806500003,4538829.0876,-0.026456033845075,-0.026456033845075,-0.0262979889009868,0.9737020110990132,-0.00036251458470570874,1.0005085195975985,367.867253165872,7.153858831656215,0.000041307500000000004,0.00003766150032963822
2022-02-21T14:00:00.000Z,0.01975303321992807,0.9725540997299849,0.000036320625418862184,0.00019805630016543437,0.00016608375380333662,205917043.22259998,23594713.645900004,4898412.8394,-0.02761198402381848,-0.02761198402381848,-0.027409579644596282,0.9725904203554038,-0.00037355817247275436,0.9997276095954524,367.2808553120083,7.08102139202628,0.000041191799999999994,0.00004044008061041377
2022-02-21T15:00:00.000Z,0.01975303321992807,0.9873380252307321,0.00004267893928617827,0.00023964596790721488,0.00021223130557268544,231808199.07750002,29338515.512800004,5743801.8669,-0.012874206074840577,-0.012874206074840577,-0.012619295829981714,0.9873807041700183,-0.00008407475906335726,1.0004002341218083,378.24395647934205,7.288389795615374,0.000036776699999999996,0.00004212302762623794
2022-02-21T16:00:00.000Z,0.01975303321992807,0.9886228069793845,0.00004806657846762952,0.00026427431639176966,0.00023591138918210852,228857129.4814,32692184.460400004,3353668.9476,-0.01161310440979757,-0.01161310440979757,-0.011329126442147832,0.9886708735578522,-0.00007246189866649821,1.0007482589024719,379.07914811610743,7.286869163906787,0.00003749219999999998,0.00002491177453741225
2022-02-21T17:00:00.000Z,0.01975303321992807,0.9860574806440011,0.00005337129968729177,0.00029030055938305226,0.00026130722172001963,228996000.4777,36247582.515,3555398.0546,-0.014203826577718903,-0.014203826577718903,-0.013889148056311591,0.9861108519436884,-0.00009834743324521611,1.0001099578292658,377.33517022088495,7.273651017722281,0.000037528099999999984,0.000026394245664603174
2022-02-21T18:00:00.000Z,0.01975303321992807,0.9850741937514962,0.00005847638835157955,0.0003006788346416556,-0.0018257464049984407,235262167.87660003,37705588.8437,1458006.3287,-0.013100059843505374,-0.013100059843505374,-0.014867329860152234,0.9851326701398477,-0.00008563692036045456,1.0002912989342592,378.11206554521607,7.256664458819035,0.00003648450000000004,0.000010535526307358025
2022-02-21T19:00:00.000Z,0.01975303321992807,0.9770624621083389,0.00006293388303927213,0.00033639245104860816,0.0003154987539452092,233352892.1216,42722954.5995,5017365.7558,-0.023253036645606295,-0.023253036645606295,-0.022874604008621815,0.9771253959913782,-0.0002790598059413396,1.0004900175016003,370.2986778146459,7.168703610405636,0.00003648429999999998,0.000036552029449094095
2022-02-21T20:00:00.000Z,0.01975303321992807,0.9777385583239872,0.00006822661622534749,0.00035298639746809973,0.00032663086722062307,233480130.6917,45053877.8446,2330923.2451,-0.022588072543233473,-0.022588072543233473,-0.022193215059787504,0.9778067849402124,-0.0002499957150541299,0.9999059798993256,371.0196274391494,7.182376237092792,0.000036459899999999986,0.0000169717633142085
2022-02-21T21:00:00.000Z,0.01975303321992807,0.9781021556894204,0.00007347947734196003,0.0003654085783330687,0.00033966377396099645,233569150.6633,46798816.6978,1744938.8532,-0.022237508084540614,-0.022237508084540614,-0.02182436483323766,0.9781756351667623,-0.0002503590183793314,1.0002808633814226,371.14666960478013,7.189800435703921,0.00003649009999999996,0.000012700290436540515
2022-02-21T22:00:00.000Z,0.01975303321992807,0.9663447525560152,0.00007653744282476217,0.0003851534041676939,0.000355336281027796,231144223.1918,49576964.349300005,2778147.6515,-0.034010583725012644,-0.034010583725012644,-0.033578710001160084,0.9664212899988399,-0.0005862449652972446,1.0000378560290824,362.3506775136895,6.995632383509842,0.000036489899999999984,0.000020432485581225403
2022-02-21T23:00:00.000Z,0.01975303321992807,0.9687675087272274,0.00008187170128321885,0.0004186202473665055,0.0003893988350559541,231886616.1377,54289145.26980001,4712180.9205,-0.031621890107828565,-0.031621890107828565,-0.03115061957148939,0.9688493804285107,-0.0005110945511018761,1.0002361210542023,364.07275077498326,7.021679393057813,0.00003640449999999995,0.00003454579526096083
2022-02-22T00:00:00.000Z,0.01975303321992807,0.9582268073105223,0.00008495922791901812,0.0004407845432281068,0.00040821275331592854,230271134.388,57422259.29420001,3133114.0244,-0.042181405442793585,-0.042181405442793585,-0.04168823346155864,0.9583117665384414,-0.0008946947230124014,0.9996104012298169,356.39905446495,6.878717975118836,0.00003499110000000006,0.00002313053199497143
2022-02-22T01:00:00.000Z,0.01975303321992807,0.9625382459723274,0.00009056563475919991,0.00046168137583663484,0.000431698247649992,231297230.6301,60376078.86250001,2953819.5683,-0.03789345227532259,-0.03789345227532259,-0.0373711883929134,0.9626288116070866,-0.0007494334969058158,1.0004875884660547,359.28196469419646,6.930700678376356,0.00003626210000000003,0.000021710131385622065
2022-02-22T02:00:00.000Z,0.01975303321992807,0.9626525875310438,0.00009541528514574714,0.00048157798200321866,0.0004514108103731429,231329309.79410002,63188569.94680001,2812491.0843,-0.037798823279329374,-0.037798823279329374,-0.03725199718381048,0.9627480028161896,-0.0007247409093270596,0.9999420867273554,359.54868212181196,6.922380958407623,0.00003626179999999998,0.000020668521630768056
2022-02-22T03:00:00.000Z,0.01975303321992807,0.9589597684949943,0.00009945744863760585,0.0004992134466052973,0.0004659854762091298,230770880.45549998,65684995.28430001,2496425.3375,-0.041506216981214816,-0.041506216981214816,-0.04094077405636808,0.9590592259436319,-0.0008965538604251977,1.0003590409588423,356.6346045310835,6.85967804073923,0.00003620999999999997,0.00001839020185464155
2022-02-22T04:00:00.000Z,0.01975303321992807,0.9518281895371696,0.00010239348149519247,0.000541066671168118,0.0005041831539116526,228979586.8181,71607674.5783,5922679.294,-0.04867599361674202,-0.04867599361674202,-0.04806941698133518,0.9519305830186648,-0.0012455513052814782,1.0004266363889867,351.295387676267,6.730054683217018,0.000036222800000000096,0.00004397140784343539
2022-02-22T05:00:00.000Z,0.01975303321992807,0.9550682518864325,0.00010802859446869784,0.000574822364947008,0.0005407039106424261,230470144.5885,76399250.7351,4791576.1568,-0.04547245202420991,-0.04547245202420991,-0.04482371951909878,0.9551762804809012,-0.0010756070009741991,1.0002534884161582,353.7265356128666,6.7824536556575294,0.00003611069999999996,0.00003534375127461283
2022-02-22T06:00:00.000Z,0.01975303321992807,0.9567116792489164,0.00011333605981673529,0.0006030339393366009,0.0005699547042803399,230866849.77629998,80403848.4383,4004597.7032,-0.043858275455363915,-0.043858275455363915,-0.04317498469126684,0.9568250153087332,-0.0010053119717607917,1.0003999755209447,354.87193157166286,6.8111540167658955,0.000036050999999999916,0.000029488062500252762
2022-02-22T07:00:00.000Z,0.01975303321992807,0.9586807865737693,0.00011786623701476942,0.0006233212446978483,0.0005907863064438246,231344972.016,83283642.867,2879794.4287,-0.04190999973267451,-0.04190999973267451,-0.04120134718921591,0.9587986528107841,-0.0009056369359801142,1.000151833182078,356.40801434072455,6.792470333345091,0.00003608109999999999,0.000021161689774919392
2022-02-22T08:00:00.000Z,0.01975303321992807,0.9594871061799282,0.00012272364738513572,0.0006408175926375657,0.0006091764459228433,231531790.9454,85767176.1594,2483533.2924,-0.04112207026599468,-0.04112207026599468,-0.0403901701726867,0.9596098298273132,-0.0008836462719529203,1.0004535159776062,356.88682223505924,6.793140166272323,0.00003611269999999994,0.000018235105338409603
2022-02-22T09:00:00.000Z,0.01975303321992807,0.9635852475238502,0.0001293234812304961,0.0006615681421832802,0.0006345400471698959,232528672.7913,88712730.7159,2945554.5565,-0.03704929252331968,-0.03704929252331968,-0.03628542899491929,0.9637145710050807,-0.0006994253471763745,1.0000493121745901,360.0704482856461,6.886551330845025,0.000036111700000000076,0.000021534732409298605
2022-02-22T10:00:00.000Z,0.01975303321992807,0.9649888129269099,0.00013447638655096088,0.0006738531895904232,0.00064540330907914,232883117.7612,90456719.3503,1743988.6344,-0.035656590382169284,-0.035656590382169284,-0.034876710686539185,0.9651232893134608,-0.0006494018880828234,1.0001311195245581,361.08319336536243,6.89933121007718,0.00003604939999999996,0.000012730766862714828
2022-02-22T11:00:00.000Z,0.01975303321992807,0.9720188241227261,0.0001410301910973891,0.0006948700179251556,0.0006748503295266328,234607571.4689,93440628.6797,2983909.3294,-0.028656026206800522,-0.028656026206800522,-0.0278401456861765,0.9721598543138235,-0.0004405234624335064,1.001004010385941,366.0252657559248,6.980167450715657,0.00003610550000000007,0.000021621833550467655
2022-02-22T12:00:00.000Z,0.01975303321992807,0.96980166232718,0.00014558921402264846,0.0007118318784154916,0.0006917754678036347,234073976.4441,95848841.0138,2408212.3341,-0.03089011314062362,-0.03089011314062362,-0.030052748458797338,0.9699472515412026,-0.0004764400198120633,0.9998878687658502,364.7501935059077,6.959856870688673,0.00003614670000000008,0.000017490030417574814
2022-02-22T13:00:00.000Z,0.01975303321992807,0.9700974098427572,0.00015054465934990206,0.0007343562108382892,0.0007128517087704456,233899739.98099998,99043447.74509999,3194606.7313,-0.030615441866013282,-0.030615441866013282,-0.029752045497892933,0.9702479545021071,-0.0004605876170810097,0.9996531190939526,365.04268569665595,6.96037741763636,0.0000359634000000001,0.000023218629672915216
2022-02-22T14:00:00.000Z,0.01975303321992807,0.9736769512757433,0.00015645309856437249,0.0007622107392759154,0.0007410021821728785,234818361.14530003,102994966.5158,3951518.7707,-0.027064050906429604,-0.027064050906429604,-0.026166595625692353,0.9738334043743077,-0.0003689654771684703,1.0001222907810419,367.5497872573583,7.0026420589903005,0.000036105999999999745,0.00002860756662053918
2022-02-22T15:00:00.000Z,0.01975303321992807,0.9767930947488739,0.00016267072009969506,0.0008184364466115514,0.0007985353626339675,235575021.94599998,110971471.8398,7976505.324,-0.024005440613760087,-0.024005440613760087,-0.023044234531026424,0.9769557654689736,-0.0002968480193530354,1.0004609808719165,369.739134155522,7.0591624494302465,0.00003553390000000011,0.000057561531518856536
2022-02-22T16:00:00.000Z,0.01975303321992807,0.9729474859475351,0.00016662215892013845,0.0008433954411191745,0.0008203083998319372,234761958.3919,114514025.9578,3542554.118,-0.02787282245229683,-0.02787282245229683,-0.026885891893544754,0.9731141081064553,-0.00037753926929207093,0.999604701038332,367.12897466590965,7.013650875312168,0.00003609189999999971,0.00002565297223558938
2022-02-22T17:00:00.000Z,0.01975303321992807,0.9707943614708785,0.00017059212456619138,0.0008692329656063772,0.0008450919337421592,234223794.6257,118180982.3787,3666956.4209,-0.030050730462863662,-0.030050730462863662,-0.02903504640455531,0.9709649535954447,-0.0004784509280220117,1.0008190746984174,365.04234725866957,6.978330764342761,0.00003488790000000024,0.000026614827607468017
2022-02-22T18:00:00.000Z,0.01975303321992807,0.9694920576558371,0.00017536323009668885,0.0008903442944273372,0.0008646419370456071,234022266.46620002,121178623.1789,2997640.8002,-0.03137258428120848,-0.03137258428120848,-0.030332579114066185,0.9696674208859338,-0.0004796974412607513,0.9994954241782467,364.530176243954,6.972954165880039,0.0000355935,0.000021775660227938253
2022-02-22T19:00:00.000Z,0.01975303321992807,0.9720429972210787,0.00018104982689450035,0.0009063182899239179,0.0008835600148833223,234640157.85059997,123446824.1033,2268200.9244,-0.028840562793804647,-0.028840562793804647,-0.027775952952026825,0.9722240470479732,-0.00042674437642831187,1.0003454090919175,366.127093431751,7.003444213118521,0.000035563300000000026,0.000016433425577283978
2022-02-22T20:00:00.000Z,0.01975303321992807,0.9803348728287512,0.00018912882210221266,0.0009211419892592727,0.0009070589887439917,236655813.2322,125551815.8477,2104991.7444,-0.02057218615999279,-0.02057218615999279,-0.019475998349146584,0.9805240016508534,-0.00021260251316401746,1.0002258600446363,372.43249715730974,7.121948219490078,0.00003565170000000007,0.000015121056679765102
2022-02-22T21:00:00.000Z,0.01975303321992807,0.974459272315425,0.0001934784499065921,0.0009373641954453851,0.0009162414449809253,235222068.0129,127855247.6463,2303431.7986,-0.026456969129555974,-0.026456969129555974,-0.025347249234668457,0.9746527507653315,-0.00035718661847983224,1.0003087837872078,367.9399997869902,7.095187948843221,0.00003610570000000004,0.000016647392358633835
2022-02-22T22:00:00.000Z,0.01975303321992807,0.979517928877873,0.0002000867502468089,0.0009490754211880959,0.0009323724432503955,236452942.268,129518222.8572,1662975.2109,-0.02141444356537736,-0.02141444356537736,-0.020281984371880158,0.9797180156281199,-0.00024230937605229652,1.0007597585604775,371.59387847586504,7.1542164710475795,0.00003537179999999997,0.000011956111991728832
2022-02-22T23:00:00.000Z,0.01975303321992807,0.9778399815807056,0.0002044421251443951,0.0009583131582838839,0.0009400280078123435,236840258.5039,130834369.8508,1316146.9936,-0.023100046427106724,-0.023100046427106724,-0.021955576294149987,0.97804442370585,-0.0002649869331780019,1.0000429193255465,370.5802930626935,7.128774932668424,0.00003598280000000001,0.000009447084305910585
2022-02-23T00:00:00.000Z,0.01975303321992807,0.982643944298737,0.0002113910317894037,0.0009701311629982715,0.0009593862093671968,238004691.21629998,132518146.8027,1683776.9519,-0.01831544191063017,-0.01831544191063017,-0.01714466466947357,0.9828553353305264,-0.00015364831033981563,0.9994361619132393,374.44638464239523,7.193971714567277,0.00003574290000000008,0.00001202674116884787
2022-02-23T01:00:00.000Z,0.01975303321992807,0.9822173846060868,0.00021590791248086557,0.000986017940951973,0.0009719416682185678,237909960.9775,134781706.1836,2263559.3809,-0.018754557062131805,-0.018754557062131805,-0.01756670748143237,0.9824332925185676,-0.0001699221803861395,0.9998937737758756,373.94025795654045,7.174442245226453,0.000035921900000000047,0.000016174400313965517
2022-02-23T02:00:00.000Z,0.01975303321992807,0.9806282763190366,0.0002185194095173992,0.0009961801121012406,0.0009810871914244235,237986715.72390002,136232433.7971,1450727.6135,-0.020352810872387828,-0.020352810872387828,-0.019153204271446005,0.980846795728554,-0.00021516862507986456,1.0005740618963144,372.46968767078084,7.094003032397357,0.0000359116999999999,0.00001036291851605365
2022-02-23T03:00:00.000Z,0.01975303321992807,0.9810370837296215,0.0002220536993981491,0.0010203697773228338,0.0010050357985943448,238092701.2678,139685791.84600002,3453358.0489,-0.01996795206897284,-0.01996795206897284,-0.018740862570980343,0.9812591374290196,-0.0001981509932306169,1.0001292300274882,372.92819310751264,7.046468844060171,0.000035911599999999834,0.00002465723918402182
2022-02-23T04:00:00.000Z,0.01975303321992807,0.979845760546052,0.0002260289495183715,0.0010393106566807112,0.001023557897870564,237805846.9966,142389849.9959,2704058.1499,-0.021177797351818572,-0.021177797351818572,-0.01992821050442964,0.9800717894955704,-0.00023407683529275136,1.0006241489980336,371.8240060151052,7.014841587807712,0.00003588159999999983,0.000019330470267603314
2022-02-23T05:00:00.000Z,0.01975303321992807,0.9842153928763122,0.00023255520345373318,0.0010535350865189365,0.0010430139807553473,238865807.03570002,144420568.6898,2030718.6939,-0.016827621104443136,-0.016827621104443136,-0.015552051920234055,0.984447948079766,-0.00015949314735552722,1.00128162959426,374.89001341211673,7.062549637774751,0.00003576190000000005,0.000014452557368807681
2022-02-23T06:00:00.000Z,0.01975303321992807,0.9838859008116174,0.00023773003459491828,0.0010702766671087138,0.0010598927988640927,238789615.5553,146810680.51729998,2390111.8275,-0.017173991987246673,-0.017173991987246673,-0.01587636915378766,0.9841236308462123,-0.00014865550124743,1.0003108983522135,374.9894610585187,7.067454174641266,0.00003591119999999989,0.00001701577389494573
2022-02-23T07:00:00.000Z,0.01975303321992807,0.9855749241559913,0.00024325765208195596,0.0010855646200085332,0.0010778037333510904,239201294.57299998,148993281.24229997,2182600.725,-0.01550287957735974,-0.01550287957735974,-0.014181818191926694,0.9858181818080733,-0.00013325188344304184,1.0010923887072958,375.9720173391459,7.083158681138805,0.0000357316999999999,0.000015511710499408044
