query_ts,assumedLPToken,equityValue,totalDexYield,totalTradingfee,newTotalTradingFee,liquidity,totalVolume,volume,priceImpact,priceEffect,totalReturn,totalEquityVal,impermanentLoss,tokenPrice,quoteTokenPrice,rewardPrice,rewardTokenPerLP,feePerDollar
2021-07-20T09:00:00.000Z,0.027285989259247433,1,0.000021187809202535788,0.000021613695954067296,-1.0220713164699191e-12,129438046.726,1645667.4103,1645667.4103,1.0220713164699191e-12,1.0220713164699191e-12,0.000021187809202535788,1.0000211878092025,-2.220446049250313e-16,1.0008336892445404,261.7277992545892,11.294311197541633,0.00006875219999999998,0.00002161369603662324
2021-07-20T10:00:00.000Z,0.027285989259247433,0.9896493530806012,0.00004040386213359983,0.00008373375129516603,0.0000696169787204326,131687667.45169999,6508022.612400001,4862355.2021,-0.01042026389811923,-0.01042026389811923,-0.010310243057265198,0.9896897569427348,-0.00004059059286398714,0.999368818865324,256.67735853457754,10.918161390001988,0.0000668709,0.00006276976427273861
2021-07-20T11:00:00.000Z,0.027285989259247433,0.9960925397944737,0.00006089125397947569,0.00016185747045544368,0.0001456258495704521,130963064.4096,12550056.1828,6042033.5704,-0.0040530860550967995,-0.0040530860550967995,-0.0038465689515468715,0.9961534310484531,-0.0000041723930486181615,0.9996608167470282,259.91508151705006,10.979412558354992,0.0000676295,0.00007843018270827106
2021-07-20T12:00:00.000Z,0.027285989259247433,1.0034154442405399,0.00008232054310803565,0.0001898162967380381,0.00017125165605413883,131939991.20670001,14712603.7334,2162547.5506,0.0032441925844857167,0.0032441925844857167,0.0034977647836478914,1.0034977647836478,-0.000010607227393655272,0.9994664902780115,263.78909641260634,11.137763595640616,0.0000676234,0.00002786365833737689
2021-07-20T13:00:00.000Z,0.027285989259247433,1.0077540305554522,0.00010362554264644919,0.0002154468122857399,0.00019954984750869542,132486762.7315,16694707.4585,1982103.7251,0.007554480707943512,0.007554480707943512,0.007857656098098657,1.0078576560980987,-0.000023634485653012405,1.0014852212191245,265.5243178497164,11.23199153359332,0.0000672436,0.000025433305661629324
2021-07-20T14:00:00.000Z,0.027285989259247433,0.9994958584142464,0.00012303699588450817,0.0002443402519154367,0.00022868753425098198,131381862.47900002,18928818.3834,2234110.9249,-0.0007328291200046078,-0.0007328291200046078,-0.0003811045898691176,0.9996188954101309,-3.627197778799385e-7,0.9992487989162707,261.7588498002936,11.112670428424668,0.00006764819999999995,0.000028908012876869267
2021-07-20T15:00:00.000Z,0.027285989259247433,1.0044015312120658,0.00014454276033777535,0.00027882347474739264,0.00026250977266761844,132096505.6631,21596554.6623,2667736.2789,0.0041390214393981495,0.0041390214393981495,0.004546073972403543,1.0045460739724035,-0.000013041145332404191,0.9998567212824077,264.1567346818262,11.190398241307859,0.00006761350000000004,0.0000343321093269226
2021-07-20T16:00:00.000Z,0.027285989259247433,1.0152989462143425,0.00016885671241633255,0.0003074463519647926,0.0002943638590282571,133287730.13990001,23806902.457700003,2210347.7954,0.015004582355314211,0.015004582355314211,0.015467802926758801,1.0154678029267588,-0.0001090599420564553,1.0009573735667439,269.6076381706949,11.436305863241683,0.00006773780000000002,0.000028191576585751727
2021-07-20T17:00:00.000Z,0.027285989259247433,1.0089398726061451,0.00018761672778106896,0.00032724865387889014,0.0003140150861153934,132456949.6351,25336144.506300002,1529242.0486,0.008625857520029756,0.008625857520029756,0.009127489333926219,1.0091274893339262,-0.00004287391396629037,1.000162044684811,266.44133143424483,11.293202627330471,0.00006773710000000001,0.000019626840945543695
2021-07-20T18:00:00.000Z,0.027285989259247433,1.0071094500348876,0.00020758989350368423,0.00034005748307367156,0.00032564462887818557,132222587.5056,26325356.7833,989212.277,0.006783805406009424,0.006783805406009424,0.007317039928391294,1.0073170399283913,-0.000029592405648259934,0.9999009843628414,265.5383274778921,11.244506870027008,0.00006773460000000001,0.000012718408424950667
2021-07-20T19:00:00.000Z,0.027285989259247433,1.0115033926231507,0.00022993232151786167,0.0003487700085881063,0.0003363785422973997,136805696.6282,27018514.2806,693157.4973,0.0111670140808533,0.0111670140808533,0.01173332494466856,1.0117333249446685,-0.00007118147636886452,1.0000065166263656,267.8272281349671,11.351738343557027,0.00006574079999999997,0.000008613440627494315
2021-07-20T20:00:00.000Z,0.027285989259247433,1.0131932534726455,0.0002511121541456734,0.0003564682074664167,0.00034366715484246413,136955600.64110002,27630621.7222,612107.4416,0.012849586317803086,0.012849586317803086,0.013444365626791223,1.0134443656267913,-0.0000974361442642735,0.9996409039856112,268.81757606586126,11.38825472477514,0.00006577910000000003,0.00000759795616863385
2021-07-20T21:00:00.000Z,0.027285989259247433,1.0150207404916631,0.0002725401821584629,0.00036587561981211883,0.000354014673056513,137209713.4976,28378672.645999998,748050.9238,0.014666725818606619,0.014666725818606619,0.015293280673821595,1.0152932806738215,-0.00011654856384246681,1.0001252992056422,269.65233992113286,11.42972307709223,0.00006577600000000002,0.00000926819638379497
2021-07-20T22:00:00.000Z,0.027285989259247433,1.0089173970167338,0.00029035771269814235,0.00037846785555275923,0.0003633539560936594,132397736.7643,29350700.784199998,972028.1382,0.008554043060640115,0.008554043060640115,0.009207754729431916,1.009207754729432,-0.000045932319422958834,0.9997662460836998,266.50885812465503,11.300624531757583,0.00006776699999999991,0.000012480937177058825
2021-07-20T23:00:00.000Z,0.027285989259247433,1.0017048028345723,0.0003070504754269772,0.00040017129785409913,0.00038713150373625993,131435020.7258,31025840.428499997,1675139.6443,0.0013176713308360455,0.0013176713308360455,0.0020118533099992824,1.0020118533099993,-4.947767107132961e-8,1.0024677574817875,261.99024279521285,11.147926013650663,0.0000677758000000001,0.000021666503946851086
2021-07-21T00:00:00.000Z,0.027285989259247433,1.005689826624286,0.00033070137496598646,0.00041224521712856767,0.00039710679847604347,131971080.29550001,31957836.444199998,931996.0157,0.005292719825809922,0.005292719825809922,0.0060205279992519515,1.006020527999252,-0.000024211947963093117,0.9991536646296744,264.9503872154268,11.25123808689015,0.00006776959999999996,0.000012005609283051576
2021-07-21T01:00:00.000Z,0.027285989259247433,1.0009420308359092,0.0003484296452351442,0.0004287228713243668,0.00041122955400085814,131301747.24630001,33229312.085699998,1271475.6415,0.0005308012819082997,0.0005308012819082997,0.0012904604811443021,1.0012904604811443,-0.0000015634633275807275,0.999595771135545,262.3301966901146,11.15250558769363,0.00006779420000000006,0.000016462146436599757
2021-07-21T02:00:00.000Z,0.027285989259247433,1.0047844937521992,0.0003695358702069388,0.0004443779102445771,0.0004285057183939234,131801701.45230001,34437274.2932,1207962.2075,0.004355988033805325,0.004355988033805325,0.0051540296224061866,1.0051540296224062,-0.000016236723481388715,0.9994814182600285,264.37013403172926,11.166933752664082,0.00006778930000000007,0.0000155804950173059
2021-07-21T03:00:00.000Z,0.027285989259247433,1.012730214567931,0.00039701748346539543,0.00046457645656609853,0.0004522416491645753,132768631.85790001,35994935.2336,1557660.9404,0.012277972918766533,0.012277972918766533,0.013127232051396504,1.0131272320513964,-0.0000876966452258987,0.9997924762521113,268.4735332981913,11.361760924782034,0.0000678492000000001,0.00001994464778031406
2021-07-21T04:00:00.000Z,0.027285989259247433,1.0156453826842,0.000422922676635844,0.0004751792872014408,0.00046377209812553666,133209302.25809999,36812957.972399995,818022.7388,0.015181610586074479,0.015181610586074479,0.01606830536083586,1.016068305360836,-0.00013298241076831196,0.999591616856471,270.07018897231046,11.494288804564185,0.00006783159999999996,0.000010439501088787064
2021-07-21T05:00:00.000Z,0.027285989259247433,1.030885619065239,0.00045973160703199044,0.0005109265716862162,0.0005093387172736552,135228097.3763,39571315.700399995,2758357.728,0.030376280347965245,0.030376280347965245,0.03134535067227089,1.031345350672271,-0.0004927694398753069,0.999357863143552,278.28028552563194,11.896349853362327,0.00006782250000000002,0.00003467628568751739
2021-07-21T06:00:00.000Z,0.027285989259247433,1.0338735121112048,0.0004883371798418018,0.0005323567066047398,0.0005300720703478312,135946474.68620002,41228903.47439999,1657587.774,0.033343440040856986,0.033343440040856986,0.03436184929104662,1.0343618492910467,-0.0005197351169227149,1.0013861045690102,279.3184234100318,12.060420708637675,0.0000676585000000001,0.000020728005064525925
2021-07-21T07:00:00.000Z,0.027285989259247433,1.04090370287956,0.0005179955554774088,0.000555604871515821,0.0005582195867268602,136973385.7713,43028459.50039999,1799556.026,0.04034548329283316,0.04034548329283316,0.04142169843503743,1.0414216984350375,-0.0007993080076587056,1.0003902521534518,283.3984625909777,12.235437931406299,0.00006760930000000011,0.000022334596074801876
2021-07-21T08:00:00.000Z,0.027285989259247433,1.0354759713639705,0.0005343883739342989,0.0005786060163661382,0.0005768196164761541,136261175.0008,44808921.26349999,1780461.7631,0.03489915174749436,0.03489915174749436,0.03601035973790481,1.036010359737905,-0.0005827914358895736,1.0009888873754687,280.27126585667656,12.095582273580009,0.00006760910000000012,0.000022213113876731425
2021-07-21T09:00:00.000Z,0.027285989259247433,1.0344193613520372,0.0005603349551527106,0.0005975187541014004,0.0005955587165682452,114983005.6114,46045559.05049999,1236637.787,0.033823802635468914,0.033823802635468914,0.03497969630718987,1.0349796963071898,-0.000580875207632725,1.0000049872296937,279.9643014170042,12.085164700182753,0.00008008000000000011,0.000018283434379902562
2021-07-21T10:00:00.000Z,0.027285989259247433,1.0422898531428086,0.0006023923930758771,0.0006286572385411663,0.0006350818741074349,118007392.1204,48119370.44349999,2073811.393,0.04165477126870121,0.04165477126870121,0.04289224553588452,1.0428922455358844,-0.0009024200156162454,0.9991448902916674,284.4663579215624,12.417759438624337,0.00007861300000000006,0.000029875072270922155
2021-07-21T11:00:00.000Z,0.027285989259247433,1.0445349252415956,0.0006338988127221192,0.0006855054661270472,0.0006902757277560401,118713509.23249999,51919909.40499999,3800538.9615,0.043844649513839595,0.043844649513839595,0.045168824054317755,1.0451688240543178,-0.0009799799050927982,0.9994546440106622,285.57515280544567,12.516000556330217,0.00007830099999999997,0.00005442443978213396
2021-07-21T12:00:00.000Z,0.027285989259247433,1.0496344249454554,0.0006669711175859586,0.0007149676358166713,0.0007221310790552771,119503846.3097,53893057.160599984,1973147.7556,0.04891229386640017,0.04891229386640017,0.050301396063041404,1.0503013960630414,-0.0011106855798083126,1.0014348352315805,287.78451777107466,12.637026147243645,0.00007813700000000004,0.000028068980941642974
2021-07-21T13:00:00.000Z,0.027285989259247433,1.0403134835532468,0.0006863115788552073,0.0007514726058369944,0.0007522675544615609,118401342.1344,56337024.83769999,2443967.6771,0.03956121599878526,0.03956121599878526,0.04099979513210203,1.040999795132102,-0.0009057899706730321,0.9970576634587381,283.91715221636434,12.498403396546744,0.00007816540000000012,0.00003509035435049255
2021-07-21T14:00:00.000Z,0.027285989259247433,1.0448940614594486,0.0007195812952416703,0.0007719682065377844,0.0007767753128753441,119375248.2579,57714404.83429999,1377379.9966,0.04411728614657329,0.04411728614657329,0.0456136427546903,1.0456136427546903,-0.0010081835953116292,0.9990827362355617,285.8307088838824,12.616514009110537,0.00007780310000000025,0.000019615004185468084
2021-07-21T15:00:00.000Z,0.027285989259247433,1.0506025128778824,0.0007538841741936388,0.0008091212924751857,0.0008173845614283248,120330886.55489999,60217542.04459999,2503137.2103,0.0497851283164541,0.0497851283164541,0.051356397052076064,1.051356397052076,-0.001244878611872835,0.9994956030023089,288.8229592872714,12.745144659803533,0.00007754239999999962,0.00003536359931636121
2021-07-21T16:00:00.000Z,0.027285989259247433,1.0541006388065581,0.0007924854107192883,0.0008713194130315551,0.0008835208269208916,120099722.83900002,64386123.29259999,4168581.248,0.05321711797963724,0.05321711797963724,0.05489312421727742,1.0548931242172774,-0.0014318412267242397,0.9991377742897103,290.8186196691108,12.93306030809172,0.00007788769999999977,0.00005900586574292052
2021-07-21T17:00:00.000Z,0.027285989259247433,1.0601744102393047,0.0008257164818023475,0.0009224608278072439,0.00094083543044432,120473417.6229,67804640.2657,3418516.9731,0.05923357480886038,0.05923357480886038,0.061000126721107044,1.061000126721107,-0.0016167177441709368,1.001478387381547,293.46321046571416,13.021451168647431,0.00007828479999999996,0.00004823868176846121
2021-07-21T18:00:00.000Z,0.027285989259247433,1.0552870855720737,0.0008466243732972612,0.0009540146895901024,0.000966271233377336,119971036.47740002,69914771.14649999,2110130.8808,0.0543208143386964,0.0543208143386964,0.056133709945370994,1.056133709945371,-0.0014303726586816223,1.0002123040415032,291.11537126629577,12.916251028583536,0.00007825279999999992,0.0000299007377337759
2021-07-21T19:00:00.000Z,0.027285989259247433,1.0467561999085078,0.0008595902620629279,0.0010049521061242922,0.0010092546899458377,119041159.96419999,73322300.53889999,3407529.3924,0.04574694521856193,0.04574694521856193,0.047615790170570695,1.0476157901705707,-0.001049166357040665,0.9997371864407245,286.53595909744047,12.702809554539428,0.00007777180000000003,0.00004866215995225605
2021-07-21T20:00:00.000Z,0.027285989259247433,1.0467743803148486,0.0008767793573887007,0.001032499317801713,0.0010390091924246114,119052780.3834,75165257.45349999,1842956.9146,0.045735371122423985,0.045735371122423985,0.0476511596722373,1.0476511596722373,-0.0009927579344306547,1.0009765893873213,286.1748373217696,12.560643536949309,0.00007822309999999982,0.00002631628379219987
2021-07-21T21:00:00.000Z,0.027285989259247433,1.0465529392891564,0.0009024633026782563,0.001044192709398571,0.0010485416441112783,120841211.5671,75959485.9803,794228.5268,0.0455043976450451,0.0455043976450451,0.04745540259183464,1.0474554025918346,-0.001013981141980702,1.0002808867590496,286.2473841330459,12.55061695799237,0.00007704299999999989,0.000011173245269973771
2021-07-21T22:00:00.000Z,0.027285989259247433,1.045289251814565,0.0009279399701559037,0.001052809523848481,0.0010558728293541542,120792765.4433,76545222.40879999,585736.4285,0.044233378985210736,0.044233378985210736,0.04621719178472079,1.0462171917847207,-0.0010109114366826377,0.9991330886620083,285.87986608678796,12.538645859703145,0.00007698100000000015,0.000008243473231163044
2021-07-21T23:00:00.000Z,0.027285989259247433,1.051932148361977,0.0009729688769070152,0.0010734764942048136,0.0010842192875959444,121594667.4836,77950475.94799998,1405253.5392,0.05084792907438107,0.05084792907438107,0.05290511723888403,1.0529051172388841,-0.0012741728453873336,0.999922769987451,289.284427987611,12.784280385975427,0.00007697230000000019,0.000019646675845897646
2021-07-22T00:00:00.000Z,0.027285989259247433,1.0583637206908343,0.0010101467708881363,0.0010910147957321036,0.0011076250673791588,122904844.8237,79148519.64119999,1198043.6932,0.05725609562345513,0.05725609562345513,0.05937386746172242,1.0593738674617224,-0.0015486792820201822,1.0008207752484934,292.5606099386613,12.917940369138233,0.0000766159,0.000016571147226632874
2021-07-22T01:00:00.000Z,0.027285989259247433,1.0578850152816273,0.0010342226040397718,0.0011290763659532925,0.0011470494277008303,120698317.91209999,81702987.95879999,2554468.3176,0.05673796585392643,0.05673796585392643,0.05891923788566703,1.058919237885667,-0.0015257684912655112,1.0007445197706735,292.2962006013626,12.875435258405911,0.00007799070000000062,0.00003597892841458278
2021-07-22T02:00:00.000Z,0.027285989259247433,1.0530585559753645,0.0010525172006358304,0.001146466308099782,0.00115744988332378,122291707.342,82890925.79069999,1187937.8319,0.05190110609204068,0.05190110609204068,0.05411107317600029,1.0541110731760004,-0.001349023517832726,0.9994606412044592,289.9985967953721,12.7708190991256,0.0000766158999999995,0.00001651374699170974
2021-07-22T03:00:00.000Z,0.027285989259247433,1.0483943654567454,0.0010689116093798568,0.0011607756948020897,0.0011666935703837922,121764310.49249999,83868539.89739999,977614.1067,0.047227671886361566,0.047227671886361566,0.049463277066125216,1.0494632770661252,-0.00116714432705467,0.9986426337071306,287.66292047068316,12.648841372578632,0.00007662860000000016,0.000013648859626174013
2021-07-22T04:00:00.000Z,0.027285989259247433,1.054589734660446,0.0011079062294776464,0.0011909296352630079,0.0012035345049068447,121009438.096,85903851.3318,2035311.4344,0.05338620015553919,0.05338620015553919,0.055697640889923676,1.0556976408899237,-0.001408160563883043,0.9997431146246706,290.73585647028403,12.790029686299043,0.00007754770000000033,0.000028593054334613688
2021-07-22T05:00:00.000Z,0.027285989259247433,1.0582940744229339,0.0011447009641076887,0.0012167876804893456,0.0012350432170673553,121813567.2379,87654649.4101,1750798.0783,0.05705903120586653,0.05705903120586653,0.05943877538704157,1.0594387753870416,-0.0016031480659172148,0.9996619237923986,292.7905805298495,12.900654089692754,0.00007730569999999939,0.00002443370472270319
2021-07-22T06:00:00.000Z,0.027285989259247433,1.0536653120354975,0.0011622921403525602,0.001237950243539995,0.0012495029808481384,121306963.9764,89087834.7868,1433185.3767,0.052415809054649376,0.052415809054649376,0.05482760417585007,1.05482760417585,-0.001352834781000678,0.9998762444726208,290.1618058557486,12.79480552653573,0.00007728979999999997,0.000020084709570870132
2021-07-22T07:00:00.000Z,0.027285989259247433,1.0585411468291395,0.0011973436746956694,0.00126413715315188,0.0012820919512133155,121949238.158,90862460.10599999,1774625.3192,0.05725905487792615,0.05725905487792615,0.05973849050383514,1.0597384905038352,-0.0016088140146288676,0.9997509311741596,292.8753216563241,12.881798905847484,0.00007723910000000023,0.000024738678881546505
