query_ts,assumedLPToken,equityValue,totalDexYield,totalTradingfee,newTotalTradingFee,liquidity,totalVolume,volume,priceImpact,priceEffect,totalReturn,totalEquityVal,impermanentLoss,tokenPrice,quoteTokenPrice,rewardPrice,rewardTokenPerLP,feePerDollar
2021-10-31T09:00:00.000Z,0.018324283935123403,0.9999999999999999,0.000014757199291110186,0.0000508941025846745,8.514300375850326e-13,243074964.83170003,7277107.2426,7277107.2426,-8.515410598874951e-13,-8.515410598874951e-13,0.000014757199290999164,1.000014757199291,0,0.9996986692864781,523.9558280975008,17.78108703543794,0.0000452917,0.000050894103063988826
2021-10-31T10:00:00.000Z,0.018324283935123403,0.9987788083542013,0.000029434056835899403,0.00008201564862641436,0.0000300514873544655,242809656.0214,11727608.0383,4450500.7957,-0.0012512431331531682,-0.0012512431331531682,-0.0011917575889628033,0.9988082424110372,-5.874223636403997e-7,0.9995306102949302,522.7333326612129,17.733722369072886,0.0000452864,0.000031159598331720315
2021-10-31T11:00:00.000Z,0.018324283935123403,0.9999637825585523,0.000044003435204325565,0.00012023468092703698,0.00006894750783636994,243528835.6654,17202768.9766,5475160.9383,-0.0001051649492840312,-0.0001051649492840312,0.000007785993756664307,1.0000077859937566,-2.1576384057198084e-7,1.000250392466212,523.5566848899016,17.690034865134052,0.00004516910000000001,0.000038220416771911765
2021-10-31T12:00:00.000Z,0.018324283935123403,0.9941037667683821,0.000057996390434428926,0.00014942978766896374,0.000098603613228887,242150013.4598,21386019.9566,4183250.98,-0.005994836844846807,-0.005994836844846807,-0.005838236841183491,0.9941617631588165,-0.000014408686052957975,0.9990544068965581,518.0264442051805,17.511332477764732,0.000044992999999999994,0.00002936826872066478
2021-10-31T13:00:00.000Z,0.018324283935123403,0.9934594288875739,0.00007236998606936113,0.00019079659844767295,0.00014104047256024987,242004715.4647,27313591.560999997,5927571.6044,-0.006681611584986369,-0.006681611584986369,-0.006468201126356758,0.9935317988736433,-0.000028595872798020672,1.0005573582055411,516.5338053373521,17.478483722679552,0.00004521780000000001,0.00004163915446081405
2021-10-31T14:00:00.000Z,0.018324283935123403,0.9908863505671973,0.00008617488792840152,0.00024794011560914356,0.00019521948746969997,241384966.8831,35502092.8415,8188501.2805,-0.009308868920272384,-0.009308868920272384,-0.009027474544874282,0.9909725254551257,-0.000051766129494756896,1.0005215924113124,513.823394658603,17.3541430985835,0.000045030300000000015,0.00005766909330186878
2021-10-31T15:00:00.000Z,0.018324283935123403,0.9890994565203374,0.0001000178653500647,0.0002972603839276266,0.00024484432978366666,241285053.1584,42579382.4349,7077289.5934,-0.011145387809446294,-0.011145387809446294,-0.010800525614312563,0.9891994743856874,-0.0000555351972486573,0.999030369121482,512.6842621719511,17.26639285099122,0.00004512949999999998,0.00004986381108688722
2021-10-31T16:00:00.000Z,0.018324283935123403,0.990055935118794,0.00011444632069304357,0.0003370637924549886,0.0002851779364860807,241524284.5274,48291174.8068,5711792.3719,-0.010229242817692108,-0.010229242817692108,-0.009829618560512983,0.990170381439487,-0.00004623907435841179,0.9990339110242541,513.6328552979392,17.336524306869258,0.00004413950000000002,0.000040203191373612915
2021-10-31T17:00:00.000Z,0.018324283935123403,0.9924356262945571,0.00012888571532400505,0.00037475200506615014,0.0003297255988135017,242161808.4997,53700709.6668,5409534.86,-0.007894099304256441,-0.007894099304256441,-0.007435487990118934,0.992564512009881,-0.00002954290959056305,0.9994601716690967,515.8392241835752,17.42078465703086,0.00004349039999999998,0.00003797547317215131
2021-10-31T18:00:00.000Z,0.018324283935123403,0.993835033404296,0.0001430213703619291,0.0004009991779705868,0.00035007678577025914,242525225.2253,57468408.7926,3767699.1258,-0.006515043381474239,-0.006515043381474239,-0.006021945225342051,0.993978054774658,-0.000026904055400067683,1.000497872301143,516.7377750493121,17.388822612877025,0.0000451049000000001,0.000026409988931707324
2021-10-31T19:00:00.000Z,0.018324283935123403,0.9930952949053257,0.00015710379205906316,0.0004295820392349584,0.00037982532043734363,242361881.9215,61571679.5603,4103270.7677,-0.0072845304151116785,-0.0072845304151116785,-0.006747601302615272,0.9932523986973847,-0.0000267807762119876,0.9997061324146468,516.3462324397503,17.38869261916034,0.00004419939999999996,0.00002878158995047478
2021-10-31T20:00:00.000Z,0.018324283935123403,0.9937121769013154,0.00017200189417456273,0.0004511667959943694,0.0004006683556497803,242541496.9663,64670694.4874,3099014.9271,-0.0066884914543343665,-0.0066884914543343665,-0.006115821204510023,0.99388417879549,-0.00001882149259324617,0.9991234846444559,517.2679338376195,17.441029887255645,0.00004513610000000001,0.00002172133610935043
2021-10-31T21:00:00.000Z,0.018324283935123403,0.9963104480574445,0.0001874270647426854,0.00047654094870414174,0.0004266337043528079,243188243.7039,68313957.4621,3643262.9747,-0.004116185646908299,-0.004116185646908299,-0.0035021248778128056,0.9964978751221872,-0.00000804933458808943,0.9995863571415295,519.7096938596427,17.535761581482056,0.000045096700000000025,0.00002546811869956637
2021-10-31T22:00:00.000Z,0.018324283935123403,0.9999241062820745,0.00020327554830962087,0.0005007565467296876,0.0004557341106121715,244036394.94669998,71790390.3091,3476432.847,-0.0005316278285376619,-0.0005316278285376619,0.0001273818303841305,1.0001273818303842,-8.756963698619558e-7,1.0004903773208698,522.9847011910307,17.6651036085392,0.00004468959999999996,0.000024217436260647882
2021-10-31T23:00:00.000Z,0.018324283935123403,1.0010875602256484,0.0002184033354570721,0.000522558442588873,0.0004748369830347432,244443391.17810002,74921884.311,3131494.0019,0.0006127232426136331,0.0006127232426136331,0.0013059635611054484,1.0013059635611055,-2.536599263969208e-9,1.0002399618787292,524.314211690504,17.711452052066218,0.00004496830000000002,0.000021778211215173742
2021-11-01T00:00:00.000Z,0.018324283935123403,1.0011296926561613,0.0002324550783445944,0.0005533242263228692,0.0005071262756268791,244517836.09949997,79342057.20050001,4420172.8895,0.0006225663805343729,0.0006225663805343729,0.0013621477345058463,1.0013621477345058,-4.704406908473402e-7,0.9993512165028168,524.7908207374918,17.678804647904663,0.000044618800000000014,0.000030731066624899534
2021-11-01T01:00:00.000Z,0.018324283935123403,1.0040821038253664,0.00024752675850316596,0.000579056003087633,0.0005331466026361475,245267704.4102,83039419.25190002,3697362.0514,0.003548957222730298,0.003548957222730298,0.004329630583869612,1.0043296305838696,-0.000004141043001171241,1.000363498137189,527.3307306567252,17.7117462913431,0.00004510339999999988,0.000025627163194986886
2021-11-01T02:00:00.000Z,0.018324283935123403,1.002740466129858,0.0002605669286582927,0.0006071573204944735,0.0005628467298195439,244944165.626,87077326.33770002,4037907.0858,0.0021776194000384663,0.0021776194000384663,0.003001033058516303,1.0030010330585164,-0.0000031976234100561385,0.9993452042805536,526.4263948580259,17.613096049566117,0.000044675300000000104,0.00002802451745815889
2021-11-01T03:00:00.000Z,0.018324283935123403,0.9959238927837242,0.00027102747898042864,0.0006418976011005734,0.0005911893401945312,243300088.137,92069624.47160003,4992298.1339,-0.004667296556470357,-0.004667296556470357,-0.0038050797372953973,0.9961949202627046,-0.000014731696775904801,1.0004485546757549,518.6872540749098,17.363450484830654,0.00004448459999999996,0.0000348824650768359
2021-11-01T04:00:00.000Z,0.018324283935123403,0.992054595321509,0.00028853253334246495,0.0006671706239197362,0.0006142611502487627,242264126.89639997,95700085.61280003,3630461.1412,-0.008559665828739793,-0.008559665828739793,-0.007656872145148565,0.9923431278548515,-0.000043377458752269504,1.0004166007994302,514.6548453324959,17.613690857070694,0.00004213380000000009,0.000025475434679932022
2021-11-01T05:00:00.000Z,0.018324283935123403,0.9944535207358284,0.0003037747946717964,0.0006950582361976117,0.0006435712169735597,242905627.48220003,99707050.17050003,4006964.5577,-0.006190050481145182,-0.006190050481145182,-0.005242704469499825,0.9947572955305002,-0.000016255148077459758,0.999191481337216,517.7519550229639,17.676312254684472,0.00004389069999999997,0.000028043153296599382
2021-11-01T06:00:00.000Z,0.018324283935123403,0.9949226726241001,0.00031822771686704037,0.0007154624143159346,0.0006671174377597122,243033223.15229997,102638932.35260002,2931882.1821,-0.005744444813659655,-0.005744444813659655,-0.004759099659032902,0.9952409003409671,-0.00001644574129278098,0.9996728187568807,517.9668410058879,17.673935195207218,0.00004475290000000003,0.000020508306004099634
2021-11-01T07:00:00.000Z,0.018324283935123403,0.995137519093917,0.00033455856701519184,0.0007507978346805362,0.0007004313523796268,243611201.1008,107727265.07190003,5088332.7193,-0.005562912258462616,-0.005562912258462616,-0.004527922339067797,0.9954720776609322,-0.000018070938307190865,1.0001320464090349,517.9180803310329,17.802421201592132,0.00004296960000000004,0.000035508078379494484
2021-11-01T08:00:00.000Z,0.018324283935123403,1.0033459498275332,0.00035094385745815693,0.0007843834673397444,0.000741909236368743,245898034.4528,112569088.70650002,4841823.6346,0.0026040405911644804,0.0026040405911644804,0.00369689368499138,1.0036968936849915,-0.000002286267991147284,1.0001609418512953,526.4447512262896,17.975194785662215,0.00003988789999999997,0.00003347363144702141
2021-11-01T09:00:00.000Z,0.018324283935123403,1.0049683625510513,0.00036276865036936873,0.0008323861573407267,0.0007892152064150615,248029388.2906,119538039.68460003,6968950.9781,0.004179147344636203,0.004179147344636203,0.005331131201420633,1.0053311312014206,-0.000007588629147292636,0.9999732507959196,528.1992788735545,17.860164457991026,0.000042993299999999946,0.00004776537467765465
2021-11-01T10:00:00.000Z,0.018324283935123403,1.009427377865362,0.0003798937744440401,0.0008685093111852732,0.0008341776239542131,249129477.45769998,124782330.68120003,5244290.9966,0.00859320024140775,0.00859320024140775,0.009807271639806003,1.009807271639806,-0.000049648273294788936,0.9982916023114677,533.750682645909,18.003177304820102,0.000043105499999999915,0.000035785788117882354
2021-11-01T11:00:00.000Z,0.018324283935123403,1.0121450729646322,0.0003978452198902269,0.0009059911575431858,0.0008685825116334644,249790728.3623,130223667.47820003,5441336.797,0.011276490452998722,0.011276490452998722,0.012542918184522413,1.0125429181845225,-0.00006813745514377967,0.9992382829719872,536.0861008054285,18.20701997440642,0.000040913699999999906,0.000037032089283487234
2021-11-01T12:00:00.000Z,0.018324283935123403,1.0086213655255494,0.00040713989820590055,0.0009359749506278222,0.0008971632755827574,258948906.50860003,134751846.21320003,4528178.735,0.007724202249966616,0.007724202249966616,0.009028505423755275,1.0090285054237553,-0.000025811561304545094,1.0002081683158877,531.8103320846641,18.019248228636837,0.000040575799999999924,0.00002972750089309353
2021-11-01T13:00:00.000Z,0.018324283935123403,1.0081258605298553,0.0004177455261339823,0.0009729171981318405,0.0009323013643227629,258746528.05789998,140329276.81100002,5577430.5978,0.007193559165532548,0.007193559165532548,0.008543606055989294,1.0085436060559894,-0.000020185546146689326,1.00051268573885,531.0887106363317,17.878357064908606,0.00004209,0.00003664448016917268
2021-11-01T14:00:00.000Z,0.018324283935123403,1.0124091451109813,0.00043710536825346393,0.0010035555108170704,0.0009668947897232272,259846707.71859998,144954972.6822,4625695.8712,0.011442250321258118,0.011442250321258118,0.01284625047923481,1.0128462504792348,-0.00005757280027196554,1.0003451170752125,535.6685084488238,18.112586628503884,0.00004184039999999998,0.00003026277704297853
2021-11-01T15:00:00.000Z,0.018324283935123403,1.0093285474634894,0.00044937893493746507,0.0010567093366101986,0.0010185556241630866,259073288.35960004,152980539.0103,8025566.3281,0.008309991839326347,0.008309991839326347,0.009777926398426898,1.009777926398427,-0.00003018962779666179,1.0002037918804698,532.4311236292198,18.038798368476208,0.000042518099999999955,0.000052662560637407516
2021-11-01T16:00:00.000Z,0.018324283935123403,1.013270250026141,0.0004685437596910797,0.0010891826925642583,0.0010552959995662192,260233835.39970002,157886416.75530002,4905877.745,0.012214954026574798,0.012214954026574798,0.013738793785832096,1.0137387937858322,-0.00006604976007429375,1.0003458652934158,536.4868808611617,18.255251256408272,0.00004117190000000005,0.000032048069974030804
2021-11-01T17:00:00.000Z,0.018324283935123403,1.0150972839025545,0.00048171472867790496,0.001130576551818484,0.0010992162242640102,260702160.3325,164139928.39150003,6253511.6362,0.013998067678290482,0.013998067678290482,0.015578998631232398,1.0155789986312325,-0.0001023023269123291,0.9992952537772333,538.9447175706952,18.22072649061022,0.00004210199999999994,0.000040778218975942666
2021-11-01T18:00:00.000Z,0.018324283935123403,1.0130747468518566,0.0004931220037502537,0.0011636107756228017,0.001128247032289531,260197909.8853,169130812.73350003,4990884.342,0.01194649981956708,0.01194649981956708,0.013567868855606865,1.013567868855607,-0.00006765843561107321,0.99994142330945,536.419225711938,18.11681966872408,0.00004263639999999994,0.0000326078844566435
2021-11-01T19:00:00.000Z,0.018324283935123403,1.0141953946542943,0.0005084132944710449,0.001191711519479555,0.0011573711033958656,260639190.9893,173378836.84860003,4248024.1151,0.013038023550898448,0.013038023550898448,0.014703807948765357,1.0147038079487654,-0.00008391489128323215,0.9996970634832211,537.7084559470687,18.175561746696385,0.00004111159999999987,0.000027707425611087278
2021-11-01T20:00:00.000Z,0.018324283935123403,1.0224569414308629,0.0005276359618228404,0.0012761337989311593,0.001259065647088553,262771934.565,186141523.36150002,12762686.5129,0.0211978757837743,0.0211978757837743,0.022984577392685696,1.0229845773926858,-0.00019509778573312264,1.0009203988719997,545.7378237213622,18.347601092860703,0.00004286150000000004,0.0000825680531973367
2021-11-01T21:00:00.000Z,0.018324283935123403,1.0170464206682852,0.0005342809465851204,0.0013107383424040098,0.0012798873240456032,261367238.5873,191372641.99260002,5231118.6311,0.01576653334423961,0.01576653334423961,0.017580701614870332,1.0175807016148704,-0.0001368360174467398,0.9987988993852847,541.0950167399884,18.087521676993887,0.00004261480000000013,0.000034024546155579697
2021-11-01T22:00:00.000Z,0.018324283935123403,1.0218920258745536,0.0005527839633181669,0.0013361266854392615,0.0013105569246261162,262641566.1096,195210985.865,3838343.8724,0.020581468949927517,0.020581468949927517,0.0224448098378718,1.0224448098378718,-0.0002150972544209262,0.9993283919693732,545.9475482848273,18.24301408564873,0.00004161050000000013,0.00002484444743356826
2021-11-01T23:00:00.000Z,0.018324283935123403,1.0200554224505354,0.0005649277585676637,0.0013559837150987086,0.0013280448535373246,262164276.22370002,198213016.54140002,3002030.6764,0.01872737759699805,0.01872737759699805,0.02062035020910304,1.0206203502091031,-0.00017247134656916963,0.99967888698973,543.7749847290413,18.210701279320478,0.00003932569999999991,0.000019466619264042358
2021-11-02T00:00:00.000Z,0.018324283935123403,1.0264472858308742,0.0005861546438654863,0.0013958207615140904,0.0013760163611724607,263822399.6593,204236021.43600002,6023004.8946,0.02507126946970173,0.02507126946970173,0.027033440474739677,1.0270334404747397,-0.0003008837937341635,0.999926740303739,550.4320703260049,18.42916379169853,0.00004278869999999986,0.000038810610221280586
2021-11-02T01:00:00.000Z,0.018324283935123403,1.019903090202572,0.0005885582249230071,0.00143729588713514,0.001414673394127819,263316155.6053,210534815.18580002,6298793.7498,0.018488416808444263,0.018488416808444263,0.02049164842749509,1.020491648427495,-0.00015671826603924632,1.000312961640882,543.1753859115305,18.102375276811106,0.000038579599999999864,0.000040665751594485424
2021-11-02T02:00:00.000Z,0.018324283935123403,1.0232863409718027,0.0006046179213951637,0.001470508609621698,0.001446731068655227,264202214.19239998,215579044.574,5044229.3882,0.021839609903147483,0.021839609903147483,0.023890958893197874,1.023890958893198,-0.0002038038796401409,1.0011127717394113,546.3189365281763,18.166030383049062,0.00004202750000000004,0.000032456919356835095
2021-11-02T03:00:00.000Z,0.018324283935123403,1.0234208573027752,0.0006181312686751639,0.0014976004660481217,0.001474443563587391,264265366.83160004,219694101.4139,4115056.8399,0.02194641373918782,0.02194641373918782,0.024038988571450374,1.0240389885714505,-0.00022336297492631108,1.0002698581383158,546.8936179164397,18.147555771790095,0.00004248570000000006,0.000026471863156733132
2021-11-02T04:00:00.000Z,0.018324283935123403,1.0249289171839695,0.0006339893386460046,0.0015263730331267886,0.0015046648933021434,264745019.4792,224065936.09879997,4371834.6849,0.023424252290667358,0.023424252290667358,0.025562906522615506,1.0255629065226155,-0.0002760864235880067,0.9993518868332562,548.9803014858961,18.199720364975526,0.00004222309999999999,0.000028072743271810302
2021-11-02T05:00:00.000Z,0.018324283935123403,1.021081247912564,0.0006443440169317941,0.0015622976690088956,0.001535023423521853,262885929.50300002,229506582.43539998,5440646.3366,0.019546224489042086,0.019546224489042086,0.021725591929495733,1.0217255919294956,-0.00020677738237140364,0.9987192967581139,545.1728126754266,18.090444656804642,0.00004271959999999983,0.0000351829357687797
2021-11-02T06:00:00.000Z,0.018324283935123403,1.0206819264235711,0.0006571629394047292,0.0015967870718436397,0.0015728041596678732,262786845.4608,234729942.35379997,5223359.9184,0.019109122263903267,0.019109122263903267,0.02133908936297587,1.021339089362976,-0.00014940811518782127,1.001340980248155,543.2793244825426,18.065241645489234,0.00004143580000000002,0.000033790549316535665
2021-11-02T07:00:00.000Z,0.018324283935123403,1.0191463388685111,0.00066807600860155,0.001621705074488558,0.0015923401946444926,262395580.28519997,238503789.33969998,3773846.9859,0.017553998673866644,0.017553998673866644,0.019814414877112687,1.0198144148771127,-0.0001469069778267107,0.9999582801255379,542.3714732188728,17.983104564235372,0.00004218460000000008,0.00002444987781065861
