query_ts,assumedLPToken,equityValue,totalDexYield,totalTradingfee,newTotalTradingFee,liquidity,totalVolume,volume,priceImpact,priceEffect,totalReturn,totalEquityVal,impermanentLoss,tokenPrice,quoteTokenPrice,rewardPrice,rewardTokenPerLP,feePerDollar
2022-03-01T09:00:00.000Z,0.01895443641753203,1,0.0000046559003481644885,0.000026436305941075316,1.4765966227514582e-13,260784928.3671,4055405.888,4055405.888,-1.4765966227514582e-13,-1.4765966227514582e-13,0.0000046559003481644885,1.0000046559003481,-1.1102230246251565e-16,0.9998953182830688,417.60110131781215,7.044813492007711,0.0000348677,0.000026436305398351975
2022-03-01T10:00:00.000Z,0.01895443641753203,0.9865211446119254,0.000009050741960015221,0.00006881872714621598,0.00004201919377389007,256626439.8803,10540732.4295,6485326.5415,-0.013520874581848474,-0.013520874581848474,-0.013469804646114568,0.9865301953538854,-0.00009353575139137149,0.999960141176492,406.35843634664707,6.84432665560891,0.0000348981,0.000042961493467674225
2022-03-01T11:00:00.000Z,0.01895443641753203,0.9891725802752336,0.000013611256585231676,0.00010507369651368274,0.00007894346545900266,257314407.9647,16088403.0468,5547670.6173,-0.010906363190225421,-0.010906363190225421,-0.010813808468181186,0.9891861915318189,-0.00006413391183002215,1.000254912936293,408.39488389960246,6.86864048101042,0.000034782399999999994,0.00003665181489061354
2022-03-01T12:00:00.000Z,0.01895443641753203,0.9851691778161888,0.000018060793188519447,0.0001239403473543906,0.00009731757335318392,256275490.43670002,18975372.3667,2886969.3199,-0.014928139757164338,-0.014928139757164338,-0.014812761390622636,0.9851872386093774,-0.0001166158483363322,1.0001273022273012,405.1321542537119,6.830223658791526,0.0000349572,0.000019150671940835626
2022-03-01T13:00:00.000Z,0.01895443641753203,0.9896508317060286,0.00002280986615218076,0.00015115957008257936,0.0001242705897276375,257446930.2172,23140540.398900002,4165168.0322,-0.010473438883699004,-0.010473438883699004,-0.010326358427819185,0.9896736415721809,-0.000056487427197993156,0.9999958546541023,408.858360538911,6.897778934492481,0.0000349573,0.000027503865160738793
2022-03-01T14:00:00.000Z,0.01895443641753203,0.9943327318698801,0.000027655046050496057,0.0001799958962400608,0.0001548802160510343,258737352.2439,27554398.8513,4413858.4524,-0.005822148346170897,-0.005822148346170897,-0.005639613084069366,0.9943603869159306,-0.000019239988637176353,1.000259456196627,412.6023259119095,6.96928894166208,0.00003488830000000001,0.000029000680821711175
2022-03-01T15:00:00.000Z,0.01895443641753203,0.9843907110303491,0.000031576038375332206,0.00021477204995544992,0.0001875285157264539,255112960.27609998,32855885.2623,5301486.411,-0.015796817485377312,-0.015796817485377312,-0.015577712931275526,0.9844222870687245,-0.00012718763629693264,0.9999223906109728,404.50082058027266,6.817547952659651,0.000035002499999999996,0.000035327593270628244
2022-03-01T16:00:00.000Z,0.01895443641753203,0.9847490389284782,0.00003603011148225563,0.00024767116857773454,0.00022265485681838282,255363983.63340002,37874333.1297,5018447.8674,-0.015473615928340179,-0.015473615928340179,-0.01521493096003954,0.9847850690399604,-0.0001352262337029897,1.0007473759448164,404.4328544192188,6.802893419110236,0.00003506879999999998,0.000033408632075647765
2022-03-01T17:00:00.000Z,0.01895443641753203,0.9820274517113364,0.00004019094219355824,0.00027038819899153255,0.00024357963200383193,254618725.4082,41339062.827199996,3464729.6975,-0.018216127920667402,-0.018216127920667402,-0.017932357346470012,0.98206764265353,-0.00017487401193594376,1.0002141655535335,402.39720592472014,6.752856566499613,0.00003457779999999998,0.000023132785997208947
2022-03-01T18:00:00.000Z,0.01895443641753203,0.982753344038579,0.00004458599452439094,0.0002852919131293721,0.000257039374537138,254074992.79779997,43605600.6056,2266537.7784,-0.01750369533595819,-0.01750369533595819,-0.017202069966896664,0.9827979300331033,-0.00015065637646272112,0.999596150344104,403.2305670603654,6.736620422180514,0.0000351768,0.00001516526353440229
2022-03-01T19:00:00.000Z,0.01895443641753203,0.9882426288677857,0.000049301537876567865,0.00029860913904362056,0.00027669983856870584,255494667.04790002,45630871.3552,2025270.7496,-0.012034070970783017,-0.012034070970783017,-0.011708069594337744,0.9882919304056622,-0.00006792775273778417,0.9994444374689069,407.7945812559232,6.767349987863908,0.0000351767,0.000013475663950647217
2022-03-01T20:00:00.000Z,0.01895443641753203,0.987926750495253,0.00005361581076450957,0.00030795031747133067,0.0002822089046138343,255483402.8351,47051860.2995,1420988.9443,-0.012355458409360809,-0.012355458409360809,-0.012019633693982465,0.9879803663060175,-0.0000798926804909117,1.000103940769852,407.2605725099077,6.747801241936816,0.000034844900000000016,0.000009455335174430823
2022-03-01T21:00:00.000Z,0.01895443641753203,0.9880138559982711,0.00005811299182202394,0.0003173209207661353,0.00029136591480860563,255508212.728,48477338.2405,1425477.941,-0.012277509916537532,-0.012277509916537532,-0.011928031009906902,0.9880719689900931,-0.00007947208048886267,1.0001495461626744,407.30628657989644,6.747717860992066,0.00003516709999999998,0.000009484284179466769
2022-03-01T22:00:00.000Z,0.01895443641753203,0.9849887554451294,0.0000620373112872794,0.0003278829146391822,0.0003004935369252948,254724773.06599998,50084045.970000006,1606707.7295,-0.015311738091795868,-0.015311738091795868,-0.014949207243583293,0.9850507927564167,-0.00011725912251625559,0.9997799005625475,404.95735438114434,6.707587147799899,0.00003358489999999996,0.00001072295838081789
2022-03-01T23:00:00.000Z,0.01895443641753203,0.9883160257604183,0.00006680401405893405,0.00033868416846768393,0.00031291166585989405,253151012.7553,51711501.37950001,1627455.4095,-0.011996885905441568,-0.011996885905441568,-0.011617170225522739,0.9883828297744772,-0.0000828233777928622,1.0006969533026915,407.3148271233363,6.735295180721805,0.00003533059999999996,0.000010928947769307618
2022-03-02T00:00:00.000Z,0.01895443641753203,0.9891298710150995,0.00007188804460054242,0.0003511338005455673,0.0003247773516270591,234934549.4792,53450908.21840001,1739406.8389,-0.011194906336527533,-0.011194906336527533,-0.01079824094029993,0.9892017590597001,-0.000065180397689657,1.0000551487004121,408.23817142447933,6.753402583914456,0.00003831380000000003,0.000012586448577635867
2022-03-02T01:00:00.000Z,0.01895443641753203,0.9892379537321854,0.00007595459392444643,0.00037135941245055383,0.00034422486086427284,229897420.6514,56215850.59060001,2764942.3722,-0.011106271128678902,-0.011106271128678902,-0.010686091673890183,0.9893139083261098,-0.0000668638529275345,1.0002913407836151,408.214950763918,6.670259653969525,0.000039164300000000014,0.000020445649278803148
2022-03-02T02:00:00.000Z,0.01895443641753203,0.9900171338132718,0.00008129753553093929,0.00039209668799396977,0.00036430316308910804,210843907.5598,58813742.765200004,2597892.1746,-0.010347169349817276,-0.010347169349817276,-0.009901568651197228,0.9900984313488028,-0.00005710922754309511,1.0001818136358536,408.8866762974256,6.664664186759492,0.000042799599999999976,0.00002094638041920849
2022-03-02T03:00:00.000Z,0.01895443641753203,0.9912919651073232,0.00008675949699735256,0.0004120552205171714,0.0003903887660366978,211049877.0094,61313300.625800006,2499557.8606,-0.009098423658713495,-0.009098423658713495,-0.008621275395679445,0.9913787246043205,-0.00004267529930912506,0.9999939487703571,409.996205046106,6.673580398487746,0.000042319799999999994,0.000020133858513600276
2022-03-02T04:00:00.000Z,0.01895443641753203,0.9954042058793163,0.00009314954771667587,0.0004299292464771295,0.0004062535664798306,211965868.3329,63552227.500800006,2238926.875,-0.005002047687163502,-0.005002047687163502,-0.004502644572966996,0.995497355427033,-0.000008625579229204483,0.999034645574309,413.7900037007334,6.743753330151969,0.000042853999999999986,0.000017956549879635642
2022-03-02T05:00:00.000Z,0.01895443641753203,0.9936681523470805,0.00009831892251284601,0.00044980357770743357,0.0004227918554055021,206138694.82700002,65977506.852800004,2425279.352,-0.006754639508325,-0.006754639508325,-0.006233528730406652,0.9937664712695934,-0.000021749080692301526,0.9997131719714829,412.0537265615794,6.712724113128501,0.00004399680000000001,0.000020000975080686175
2022-03-02T06:00:00.000Z,0.01895443641753203,0.9939488744593162,0.00010390461893143516,0.0004679708458577637,0.0004432944986930698,206170948.22739998,68194192.49880001,2216685.646,-0.006494420039376836,-0.006494420039376836,-0.005947220921752331,0.9940527790782476,-0.00002079901783302862,0.9998294366263439,412.2217214563438,6.714898331926672,0.00004363590000000003,0.000018277869072240057
2022-03-02T07:00:00.000Z,0.01895443641753203,0.9910184040209704,0.00010901834319680236,0.0004909240352812187,0.0004627437664632694,205112423.7228,70988694.06780002,2794501.569,-0.009444339745492858,-0.009444339745492858,-0.008872577635832785,0.9911274223641672,-0.00004660233215614262,1.0000605380602343,409.68272134698435,6.684285437610822,0.000044100700000000064,0.000023161213646035837
2022-03-02T08:00:00.000Z,0.01895443641753203,0.9919764034831603,0.00011434498628236009,0.0005279003631126457,0.0005024039110156364,205189503.352,75487825.28610002,4499131.2183,-0.00852600042785534,-0.00852600042785534,-0.007909251530557344,0.9920907484694427,-0.00005523238407223463,1.0018449218537346,409.71166457539226,6.669147336574114,0.000044090999999999914,0.000037275411003793185
2022-03-02T09:00:00.000Z,0.01895443641753203,0.9927404189498734,0.00011993186289630534,0.0005487923769886435,0.000531326716661229,205348024.6085,78029887.64600001,2542062.3599,-0.0077909077667878135,-0.0077909077667878135,-0.0071396491872302795,0.9928603508127697,-0.000034057358492378675,1.0003272320640564,410.94195556819767,6.672217082579297,0.00004375999999999994,0.00002104478979074201
2022-03-02T10:00:00.000Z,0.01895443641753203,0.9938448357735941,0.0001257655347231941,0.0005663016058653098,0.0005398107369012362,205224944.75550002,80156702.38910002,2126814.7431,-0.0066949749633071765,-0.0066949749633071765,-0.006029398691682746,0.9939706013083173,-0.000024319852709675516,1.00015212539469,411.9223658187466,6.685143150224697,0.000044204800000000035,0.00001761766859081151
2022-03-02T11:00:00.000Z,0.01895443641753203,0.9963700707786914,0.00013222778844504355,0.0005842989569703749,0.0005591754099368851,205972447.2537,82345210.36040002,2188507.9713,-0.004189104631245444,-0.004189104631245444,-0.003497701432863515,0.9965022985671365,-0.000014735868560045162,1.0011268648736493,413.60025890072586,6.729474823950514,0.000044124699999999933,0.000018062918612737737
2022-03-02T12:00:00.000Z,0.01895443641753203,0.9936030120657102,0.00013779504088468932,0.0006010548853668302,0.0005742908000848646,203987470.04950002,84368742.66570002,2023532.3053,-0.006971278734374642,-0.006971278734374642,-0.006259192893405088,0.993740807106595,-0.00001622828915581742,0.998597711348436,412.33407241310414,6.7245762027034095,0.00004443340000000018,0.000016863805008098
2022-03-02T13:00:00.000Z,0.01895443641753203,0.9929603591335215,0.00014489547183244353,0.000642986003336313,0.0006178948422982389,202429111.50140002,89397128.41300002,5028385.7473,-0.007657535708776697,-0.007657535708776697,-0.0068947453946460145,0.993105254605354,-0.00003115723564239836,1.000102366914921,411.14486196591423,6.790274363629105,0.00004470809999999983,0.00004222839149472273
2022-03-02T14:00:00.000Z,0.01895443641753203,0.9870333143451797,0.00014843909154292156,0.000674390301180409,0.0006437704013373402,199195804.6703,93125236.83560002,3728108.4226,-0.013610456056157627,-0.013610456056157627,-0.012818246563277366,0.9871817534367227,-0.00012099261083164947,1.0017495725894467,405.55888870829193,6.687796903854113,0.00004520509999999993,0.000031816856428829
2022-03-02T15:00:00.000Z,0.01895443641753203,0.9948444100406759,0.00015689505071216761,0.000706141252921258,0.0006836701222745489,199792662.9415,96876108.53050002,3750871.6949,-0.0058392600815986295,-0.0058392600815986295,-0.004998694908611913,0.9950013050913881,-0.000021042149410899214,1.0005263741818033,412.4780534035005,6.804777966010168,0.00004542930000000007,0.00003191549573167788
2022-03-02T16:00:00.000Z,0.01895443641753203,0.9911127177483134,0.0001615354807552644,0.0007372305735227421,0.0007155232443640802,199156686.97980002,100550912.40240003,3674803.8719,-0.009602805496050637,-0.009602805496050637,-0.008725746770931292,0.9912742532290687,-0.00006714361111515021,1.0018363476681955,408.82569985631187,6.754346879045401,0.00004532869999999998,0.000031368098540741615
2022-03-02T17:00:00.000Z,0.01895443641753203,0.9919391520866522,0.00016844261105826026,0.0007648732743739277,0.0007371623897433066,199327090.46620002,103818391.68940003,3267479.287,-0.00879801030309113,-0.00879801030309113,-0.007892405302289563,0.9921075946977105,-0.00004829450435483995,1.0008869330925145,409.87882367795777,6.798515108326169,0.00004540370000000003,0.00002786733491623365
2022-03-02T18:00:00.000Z,0.01895443641753203,0.9909478134065717,0.0001740399587761185,0.0007774928917330471,0.0007549877170439645,199127884.0389,105310081.69850004,1491690.0091,-0.009807174310472289,-0.009807174310472289,-0.008878146634652206,0.9911218533653477,-0.00005757741693213081,1.0007713081991036,409.09189499260714,6.788628419407071,0.000045403699999999844,0.000012734896610334152
2022-03-02T19:00:00.000Z,0.01895443641753203,0.9869153425944269,0.00017864730233503574,0.000790401727255687,0.000759933675391844,198321441.9268,106835988.25780004,1525906.5593,-0.013844591080964919,-0.013844591080964919,-0.012906010103238039,0.987093989896762,-0.00008417458183485049,0.9989299632169346,406.51057921537205,6.744578915239107,0.00004487370000000013,0.000013079983311978212
2022-03-02T20:00:00.000Z,0.01895443641753203,0.9875739124899565,0.00018517390497815083,0.0008023111578956707,0.0007725751376517209,197992732.02150002,108240488.18250005,1404499.9247,-0.013198662647695203,-0.013198662647695203,-0.012240913605065332,0.9877590863949347,-0.00008856374338506168,0.9999181932912787,406.64099438557895,6.770486150045438,0.00004551039999999991,0.000012059280396871968
2022-03-02T21:00:00.000Z,0.01895443641753203,0.9883983552648109,0.0001911470594499482,0.0008092109366768316,0.0007788236355600331,198139345.6365,109054114.43440005,813626.2519,-0.012380468370749131,-0.012380468370749131,-0.01141049767573915,0.9885895023242609,-0.00007531214739853187,0.9997109038776688,407.40005339442126,6.775862294680891,0.00004536319999999999,0.000006980767115116595
2022-03-02T22:00:00.000Z,0.01895443641753203,0.9904554590221323,0.00019752180119142072,0.000817727877646038,0.0007894850120431229,198541219.2836,110058384.40470006,1004269.9703,-0.010334025989910844,-0.010334025989910844,-0.0093470191766763,0.9906529808233236,-0.00005751858559377432,1.0002333425772647,408.87647189436217,6.794047452094302,0.00004551839999999992,0.00000859901513484371
2022-03-02T23:00:00.000Z,0.01895443641753203,0.9911309188880417,0.00020469596981520063,0.0008262179108973061,0.0007981570991959508,198689685.5483,111059547.42350006,1001163.0188,-0.009667238211154228,-0.009667238211154228,-0.008664385142143077,0.9913356148578569,-0.00004862469883148979,1.0000427551317828,409.50564724494734,6.837904465212237,0.00004551490000000005,0.000008566006470156005
2022-03-03T00:00:00.000Z,0.01895443641753203,0.9901427017363816,0.0002103632659244872,0.0008323704242908113,0.0008035147237338558,198495730.9684,111785080.21210006,725532.7886,-0.01066081298735222,-0.01066081298735222,-0.009646934997693877,0.9903530650023061,-0.00005772987334573543,0.9999227473889846,408.7334160533389,6.830380518868946,0.000045514100000000046,0.000006213764571170324
2022-03-03T01:00:00.000Z,0.01895443641753203,0.9912012878871699,0.00021704558687085418,0.0008519636972424725,0.0008255506236258814,198709527.06550002,114095627.75340006,2310547.5413,-0.009624262736456002,-0.009624262736456002,-0.008581666525959266,0.9914183334740407,-0.00004769946599170183,0.9999918693804585,409.562028978946,6.855325880543845,0.000045514100000000046,0.000019767199279354373
2022-03-03T02:00:00.000Z,0.01895443641753203,0.9897718008108981,0.00022229820801177946,0.0008673374074811647,0.0008385978284173312,198504699.3841,115909327.99320006,1813700.2398,-0.011066797017519225,-0.011066797017519225,-0.010005900981090115,0.9899940990189099,-0.00006677985222580674,1.00032400064816,408.23421221936894,6.8350626840408895,0.00004549560000000006,0.000015532581431202975
2022-03-03T03:00:00.000Z,0.01895443641753203,0.988222838224183,0.00022748860068004276,0.0008822803686750504,0.0008518157560520878,198108192.1622,117671447.33490007,1762119.3417,-0.01262897753186909,-0.01262897753186909,-0.011549673175136959,0.988450326824863,-0.0000834344106169782,1.0001041379590512,407.03494930944174,6.813904198979619,0.0000455158,0.000015121044961317733
2022-03-03T04:00:00.000Z,0.01895443641753203,0.9845831162558489,0.00023122093411663392,0.0008978435417738414,0.0008656031220849458,197184468.6748,119504899.32000007,1833451.9851,-0.016282486866236012,-0.016282486866236012,-0.015185662810034433,0.9848143371899656,-0.00013346825570337284,0.9998179265647004,404.1439272348392,6.751210929188654,0.00004552329999999988,0.000015806865498166555
2022-03-03T05:00:00.000Z,0.01895443641753203,0.9859232963509212,0.00023659504731422711,0.000915229629363434,0.0008868350072411824,197453991.39020002,121553115.16490006,2048215.8449,-0.014963538656319941,-0.014963538656319941,-0.013840108601764533,0.9861598913982355,-0.00011383525332542277,0.9999081651615954,405.19181889194977,6.738218872939047,0.00004556150000000004,0.000017634320338701523
2022-03-03T06:00:00.000Z,0.01895443641753203,0.9878903882058665,0.00024310892844800936,0.0009280748746473368,0.00089912846738327,197849922.1905,123066399.68120006,1513284.5163,-0.013008740261516771,-0.013008740261516771,-0.011866502865685491,0.9881334971343145,-0.00009948026325301562,1.000907550924357,406.3954325253809,6.75753225972874,0.00004556140000000009,0.000013002702499084054
2022-03-03T07:00:00.000Z,0.01895443641753203,0.9876933539487548,0.00024874843189858067,0.0009625455453973155,0.0009336703437473615,197828566.5521,127127724.11890006,4061324.4377,-0.013240316394992568,-0.013240316394992568,-0.012057897619346626,0.9879421023806534,-0.00009269250344912106,1.0001827208234173,406.4991267580143,6.7523454361535205,0.00004552110000000015,0.0000349001747544468
