query_ts,assumedLPToken,equityValue,totalDexYield,totalTradingfee,newTotalTradingFee,liquidity,totalVolume,volume,priceImpact,priceEffect,totalReturn,totalEquityVal,impermanentLoss,tokenPrice,quoteTokenPrice,rewardPrice,rewardTokenPerLP,feePerDollar
2021-11-07T09:00:00.000Z,0.016132748206227766,0.9999999999999999,0.000013392290562355709,0.00004703917996464533,-4.239941731043473e-13,300671470.5824,8319611.5594,8319611.5594,4.2388315080188477e-13,4.2388315080188477e-13,0.000013392290562244687,1.0000133922905623,0,1.0003882003132063,666.7457075509584,20.081638646649402,0.0000413378,0.000047039180749621435
2021-11-07T10:00:00.000Z,0.016132748206227766,1.0000324101265001,0.000026751200451945863,0.00008271538617894497,0.00003589725722252801,299731661.4208,14609577.5838,6289966.0244,-0.000003487130722401588,-0.000003487130722401588,0.00005916132695207229,1.000059161326952,-2.2073985972426158e-9,1.000318244532418,666.7876850519167,20.007823612364582,0.0000415394,0.00003567505077973041
2021-11-07T11:00:00.000Z,0.016132748206227766,0.9990485077615442,0.00003984789856733062,0.00013117471099561187,0.00008651022535566266,299683910.3664,23160348.7404,8550771.1566,-0.0010380024638114715,-0.0010380024638114715,-0.0009116443398884782,0.9990883556601116,-4.5915286539521816e-7,1.0003079136988906,665.4156618000638,19.84688693804285,0.000041575599999999995,0.00004850547681538056
2021-11-07T12:00:00.000Z,0.016132748206227766,0.995853990659827,0.00005290848227858037,0.00017703080877675206,0.00013024859932375676,298595738.72910005,31248254.992700003,8087906.2523,-0.004276257939496708,-0.004276257939496708,-0.004093100857894371,0.9959068991421056,-0.000003602108958666861,0.998787504818279,662.1149798590865,19.83371559591369,0.000040900500000000006,0.00004604700886700909
2021-11-07T13:00:00.000Z,0.016132748206227766,0.9909778684985924,0.0000661614846552039,0.00023459567931293917,0.00018693186898333103,296978518.2586,41396003.525000006,10147748.5323,-0.009209063370390957,-0.009209063370390957,-0.008955970016752423,0.9910440299832476,-0.00003205611585765933,0.9991438810845091,655.3371774234055,19.819569044895207,0.000041566799999999996,0.000058088957430544504
2021-11-07T14:00:00.000Z,0.016132748206227766,0.9962577033154011,0.00008079293909987925,0.00029488179600415564,0.00024882516188795556,297892204.0016999,51999664.610700004,10603661.0857,-0.003991121846486867,-0.003991121846486867,-0.0036615037454990323,0.996338496254501,-0.000006453596589350852,0.9999816854153795,661.703089240984,20.14350791362697,0.000041696400000000016,0.00006051257335216175
2021-11-07T15:00:00.000Z,0.016132748206227766,0.9965562825953259,0.00009416533616938445,0.0003459658673291815,0.0002990378047321718,298169046.6891,60990443.33500001,8990778.7243,-0.0037427552094062566,-0.0037427552094062566,-0.0033495520685047,0.9966504479314953,-0.000007508930424560134,1.0005137806899969,661.6810536167179,20.13253153081877,0.000041307600000000004,0.000051260598647071904
2021-11-07T16:00:00.000Z,0.016132748206227766,0.9944202575779508,0.00010713891528632209,0.000389642811560518,0.0003424515495547009,298530882.3746,68703430.8049,7712987.4699,-0.005922193971603873,-0.005922193971603873,-0.00547260350676285,0.9945273964932372,-0.000009255754565451468,0.9987516220766871,659.9515403006557,20.040287436988464,0.000041462499999999985,0.00004392201769724049
2021-11-07T17:00:00.000Z,0.016132748206227766,0.9958850840265787,0.00012199942700219639,0.0004339562040015139,0.00038920889192639585,299187430.76030004,76534484.2493,7831053.4444,-0.004504124865347681,-0.004504124865347681,-0.003992916546419089,0.9960070834535809,-0.000010048748335211855,1.000356931602232,660.7736755973361,20.32156199731773,0.000040741399999999996,0.0000444964911181239
2021-11-07T18:00:00.000Z,0.016132748206227766,0.992043974084983,0.00013533866117964506,0.0004737881738882414,0.00042763628448649893,298126789.98670006,83575785.7868,7041301.5375,-0.008383662199503483,-0.008383662199503483,-0.00782068725383734,0.9921793127461627,-0.000037373802563189784,1.0006151157022876,655.4643514984838,20.295731993898205,0.00004121329999999998,0.000040151415490986264
2021-11-07T19:00:00.000Z,0.016132748206227766,0.9907440787549152,0.00014897058800293563,0.0005147114225548065,0.0004658874219788389,297751332.3266,90810367.1583,7234581.3715,-0.009721808667063625,-0.009721808667063625,-0.00910695065708185,0.9908930493429181,-0.00004528012036886242,1.000135254146195,654.0101408300543,20.300569584337136,0.00004152519999999999,0.000041305569434227085
2021-11-07T20:00:00.000Z,0.016132748206227766,0.9918199373861676,0.00016316578663740132,0.0005454348928158173,0.0004976366422382306,298096537.2848,96242187.9781,5431820.8198,-0.008677699256070648,-0.008677699256070648,-0.008016896827195016,0.991983103172805,-0.00003562534225476366,1.0001136990677821,655.4041171171697,20.386475500671224,0.000041244199999999994,0.00003097686232040256
2021-11-07T21:00:00.000Z,0.016132748206227766,0.9929214668900163,0.00017701280800615116,0.0005683164729384542,0.0005228021201222344,298437758.12409997,100287722.8516,4045534.8735,-0.007601335230105977,-0.007601335230105977,-0.006901520301977591,0.9930984796980225,-0.000031016253896787305,1.0006341269735426,656.4865321521935,20.408555927495236,0.000041519999999999955,0.000023044702279562606
2021-11-07T22:00:00.000Z,0.016132748206227766,0.9913885475184463,0.00018978703435674747,0.0005868789872582205,0.0005383133290970399,297954842.1328,103569389.37280001,3281666.5212,-0.009149765810650745,-0.009149765810650745,-0.008421665447196958,0.9915783345528031,-0.00004390439147272662,1.0005672092682685,654.4832792471384,20.312524342247332,0.000041523600000000003,0.000018723753727598374
2021-11-07T23:00:00.000Z,0.016132748206227766,0.9841336822670655,0.00020248173166751844,0.0006135320893228834,0.0005609278666752759,295776589.75079995,108281424.74870001,4712035.3759,-0.01642724559960973,-0.01642724559960973,-0.015663836001266935,0.984336163998733,-0.00012452863100120837,0.9996069004366568,645.5241930913916,20.17297545664741,0.000043013500000000045,0.00002708280647152987
2021-11-08T00:00:00.000Z,0.016132748206227766,0.9863942975368647,0.00021666486351997765,0.0006401930609421213,0.0005899266070332754,285273407.5291,112817056.49970001,4535631.751,-0.01419562907016858,-0.01419562907016858,-0.013389037599615327,0.9866109624003847,-0.00009012066497415816,0.9995167937800301,648.5152190084164,20.194520235818562,0.00004287040000000003,0.00002702871621818961
2021-11-08T01:00:00.000Z,0.016132748206227766,0.9790864955551675,0.000226635011303801,0.0006918158515147229,0.0006379047080856681,283158587.21629995,121599214.3453,8782157.8456,-0.0215514091529182,-0.0215514091529182,-0.02068686943352873,0.9793131305664713,-0.00023825918079611874,1.0004326542470496,638.2884039110959,19.837469538389776,0.000043123400000000015,0.000052725465557276155
2021-11-08T02:00:00.000Z,0.016132748206227766,0.9816249803637306,0.000239669675493451,0.0007283501021414931,0.0006758996689019137,283858312.413,127813730.106,6214515.7607,-0.019050919305171332,-0.019050919305171332,-0.018135349960775968,0.9818646500392241,-0.0001911307113791061,1.0007067124611577,641.3792494361329,19.773146951603888,0.00004316529999999999,0.0000372181342987022
2021-11-08T03:00:00.000Z,0.016132748206227766,0.976914907475381,0.0002516640483691076,0.0007582845003284394,0.0007017951582569681,282391183.1894,132903709.4102,5089979.3042,-0.023786887682875957,-0.023786887682875957,-0.022833428476249883,0.9771665715237501,-0.0003009300774483581,1.0008500374452067,635.1101488117771,19.640465279208655,0.00004293010000000005,0.00003064176692562122
2021-11-08T04:00:00.000Z,0.016132748206227766,0.9786025650644963,0.0002669831520526164,0.0007913116383031843,0.0007363592963596233,283118498.2871,138524325.495,5620616.0848,-0.022133794231863346,-0.022133794231863346,-0.021130451783451108,0.9788695482165489,-0.00024837164680202584,1.0002957920218778,637.616023055444,19.76245928228873,0.00004314600000000012,0.00003374928661309364
2021-11-08T05:00:00.000Z,0.016132748206227766,0.9775965009594162,0.00027959066577149465,0.0008252324353453399,0.0007686060427923858,282803656.42329997,144296540.59870002,5772215.1037,-0.023172105083376193,-0.023172105083376193,-0.022123908374812314,0.9778760916251877,-0.0002667917169816292,1.0000453200842203,636.4220429522472,19.692777109676605,0.000042646999999999844,0.000034698157019590546
2021-11-08T06:00:00.000Z,0.016132748206227766,0.9816062676309392,0.00029474777599120645,0.0008610321054816618,0.0008091701330734669,283977771.3081,150388782.3995,6092241.8008,-0.0192029025021343,-0.0192029025021343,-0.018098984593069627,0.9819010154069304,-0.00017839711788381063,0.9998888599982918,641.70497019436,19.79004837864004,0.000043149000000000105,0.000036470499129748574
2021-11-08T07:00:00.000Z,0.016132748206227766,0.984864510731998,0.0003119509168764283,0.000899162881909867,0.0008492557601956774,284950609.17410004,156878410.6945,6489628.295,-0.01598474502819769,-0.01598474502819769,-0.014823538351125582,0.9851764616488744,-0.00011968725422129012,0.9997467822088109,646.0147536252903,20.00995083546345,0.00004314530000000001,0.00003871677317509929
2021-11-08T08:00:00.000Z,0.016132748206227766,0.9817941019281452,0.0003225170230617126,0.0009451799441862348,0.0008950930444383554,284382646.0766,164719070.9436,7840660.2491,-0.019100991116293153,-0.019100991116293153,-0.017883381048793084,0.9821166189512069,-0.00017778229316067762,0.9999601712101184,641.7925599168049,19.80439905537637,0.000043100600000000026,0.00004687037907327062
2021-11-08T09:00:00.000Z,0.016132748206227766,0.9771223172234481,0.00033232051545309345,0.0010016543361268952,0.0009454432089200937,283053443.8656,174342329.4329,9623258.4893,-0.023823125985471982,-0.023823125985471982,-0.022545362261098795,0.9774546377389012,-0.00027714708317616576,0.9998228270307571,635.7154563774908,19.57148240926317,0.00004306229999999999,0.0000577966450730692
2021-11-08T10:00:00.000Z,0.016132748206227766,0.979049180694093,0.00035630555391108216,0.0010433701576738855,0.0009889795338907659,296348254.1357,181769950.63930002,7427621.2064,-0.021939798839797797,-0.021939798839797797,-0.02059451375199595,0.979405486248004,-0.000249852904506076,1.0005606546811698,637.700183870564,20.19410275408243,0.000041171300000000003,0.0000426085049419526
2021-11-08T11:00:00.000Z,0.016132748206227766,0.9828264097958431,0.0003689360845791395,0.0010961636082138734,0.0010468255852765784,297461371.44750005,191169020.66470003,9399070.0254,-0.018220415789433453,-0.018220415789433453,-0.016804654119577735,0.9831953458804222,-0.00016561943204584928,1.0002009182179066,642.790624583943,20.151879985332943,0.000041142100000000075,0.00005371594626026957
2021-11-08T12:00:00.000Z,0.016132748206227766,0.9833532213232262,0.00038065039990779493,0.0011299478415424632,0.0010823734876429514,297626644.21449995,197183906.85890004,6014886.1942,-0.017729152164416728,-0.017729152164416728,-0.016266128276865983,0.983733871723134,-0.0001648784115843016,1.0006606022143585,643.1384845814794,20.069599433314846,0.00004083260000000004,0.00003435615301555665
2021-11-08T13:00:00.000Z,0.016132748206227766,0.9814076787178513,0.0003922065627013978,0.0011706012538625309,0.0011182837139792623,299458641.1643,204480758.04000005,7296851.1811,-0.01971060499612798,-0.01971060499612798,-0.018200114719447318,0.9817998852805527,-0.00018123442932294065,0.9995208427208352,641.2768214895377,19.984047962525413,0.00004087740000000007,0.00004142357341782001
2021-11-08T14:00:00.000Z,0.016132748206227766,0.9821683165763712,0.0004050976306093944,0.0012118926002183679,0.001161181557362334,298599485.04270005,211865124.73540005,7384366.6954,-0.018992864980991175,-0.018992864980991175,-0.017426585793019447,0.9825734142069805,-0.00016160717695812288,0.999192279093243,642.4273940263249,19.97506919495747,0.00004054980000000007,0.000042041008143014196
2021-11-08T15:00:00.000Z,0.016132748206227766,0.9865693500673927,0.0004209535357043227,0.001258706352452503,0.0012125308955068803,298996797.7701,220210837.70920005,8345712.9738,-0.014643180828114222,-0.014643180828114222,-0.013009696396903019,0.986990303603097,-0.00008757840674289419,0.998872475869572,648.3444472567234,20.130787204631424,0.00003909879999999992,0.00004745105018271465
2021-11-08T16:00:00.000Z,0.016132748206227766,0.9888469100304826,0.0004344435790844372,0.001294258954389871,0.001251712773344682,300693943.23030007,226570266.24550006,6359428.5363,-0.012404802742862042,-0.012404802742862042,-0.010718646390432922,0.989281353609567,-0.00008206932691812163,1.0007180971022898,650.0922277207983,20.138571414169935,0.00004102080000000001,0.0000359535958575324
2021-11-08T17:00:00.000Z,0.016132748206227766,0.9859507426751752,0.00044591336401654313,0.0013245106756676595,0.001278134198014813,298907122.9094,231965151.45760006,5394885.2121,-0.015327391522839573,-0.015327391522839573,-0.013603343960808216,0.9863966560391918,-0.00010532590974487999,0.9994566886152456,647.0659159683931,20.06169898702185,0.000040562700000000004,0.00003068279126740604
2021-11-08T18:00:00.000Z,0.016132748206227766,0.988274305673117,0.0004581516846858765,0.001350094702453841,0.0013085941819354074,299618599.09070003,236527739.41520005,4562587.9576,-0.013034288508818381,-0.013034288508818381,-0.011267542642197098,0.9887324573578029,-0.00009001804608577135,1.0006866364961329,649.2841762361774,20.01749181012582,0.00004093959999999996,0.000025887576910978067
2021-11-08T19:00:00.000Z,0.016132748206227766,0.9867232163582955,0.00047014305960274235,0.001374354474216789,0.0013283237270795833,299145637.7269,240854123.82090005,4326384.4057,-0.014605107368784065,-0.014605107368784065,-0.01280664058210174,0.9871933594178982,-0.00008977080947281113,0.9990755559634703,648.262753459231,19.982646190632384,0.00003967090000000006,0.000024586196695284888
2021-11-08T20:00:00.000Z,0.016132748206227766,0.9837292148682925,0.00048214108274471484,0.001395431499976421,0.0013452380763426808,298312609.18889993,244613852.03050005,3759728.2096,-0.017616023208050224,-0.017616023208050224,-0.015788644048962828,0.9842113559510371,-0.0001232786377066697,0.998319455694998,644.7951981818452,19.93863318706882,0.00004051900000000005,0.000021425637936319007
2021-11-08T21:00:00.000Z,0.016132748206227766,0.9869894399339331,0.0004966433504848388,0.0014188366829615644,0.0013749239153644233,299305379.17560005,248788935.24730006,4175083.2168,-0.014385483981431357,-0.014385483981431357,-0.012513916715582095,0.9874860832844179,-0.00011300292170957071,1.0009328001852846,647.3483569218199,19.9897555528835,0.00004113640000000003,0.000023713711688408616
2021-11-08T22:00:00.000Z,0.016132748206227766,0.9870416371293923,0.0005093557878430979,0.001436076887867531,0.0013903486159111411,299364281.8473,251864734.53660005,3075799.2893,-0.01434871148651884,-0.01434871148651884,-0.0124490070827646,0.9875509929172354,-0.00008780353855220024,0.9991879720434835,648.5271758527372,19.99762407801821,0.00003879820000000012,0.000017466541965340877
2021-11-08T23:00:00.000Z,0.016132748206227766,0.9890845254085658,0.0005235114619295423,0.001453936003072582,0.001411037584755137,299997576.5539,255051098.40590006,3186363.8693,-0.012326512176189297,-0.012326512176189297,-0.010391963129504618,0.9896080368704954,-0.00007284653636840943,1.0000557177053608,650.6259545337836,20.03536971658327,0.000040820599999999885,0.000018056207786854473
2021-11-09T00:00:00.000Z,0.016132748206227766,0.9917680625068848,0.0005383936093225298,0.0014727525146066567,0.0014342495788306486,300847092.3888,258408674.63180006,3357576.2259,-0.009666187071945886,-0.009666187071945886,-0.007693543883792708,0.9923064561162073,-0.00004388372671393359,1.0000435178695495,654.1436118977864,20.094697562182386,0.00004112480000000026,0.000018972693200083903
2021-11-09T01:00:00.000Z,0.016132748206227766,0.9921747416860777,0.0005522705422649331,0.0014960721907997575,0.0014594390806429436,300876949.7866,262568492.83410007,4159818.2023,-0.009284697394565278,-0.009284697394565278,-0.007272987771657401,0.9927270122283426,-0.00002862272381176645,0.9986271616969414,655.5761674458943,20.12007358941568,0.0000406572999999998,0.000023503598228198165
2021-11-09T02:00:00.000Z,0.016132748206227766,0.9899269862412587,0.0005632411529488681,0.0015209617495606307,0.0014791910576746892,300237459.85230005,267008973.70020008,4440480.8661,-0.011552204816415945,-0.011552204816415945,-0.009509772605792388,0.9904902273942077,-0.00006066908765134382,0.9997843376639196,651.8233801601908,20.0353903871934,0.000041132399999999905,0.000025142823537354712
2021-11-09T03:00:00.000Z,0.016132748206227766,0.9877152629427043,0.0005747042115950069,0.0015528384870731866,0.0015103465630689206,300272549.6671001,272709419.52080005,5700445.8206,-0.013795083620364634,-0.013795083620364634,-0.011710032845700706,0.9882899671542993,-0.00008544688890466112,0.9995701974863053,649.0076506497759,19.972423613500318,0.00004107009999999997,0.00003227320614476331
2021-11-09T04:00:00.000Z,0.016132748206227766,0.9877759656085675,0.0005865147853464029,0.001587291004976746,0.0015473324719462722,300295163.0249,278870571.5055001,6161151.9847,-0.013771366863378764,-0.013771366863378764,-0.01163751960608609,0.988362480393914,-0.00009299561871423112,1.0001594547992552,648.6564764322104,19.924096532013248,0.00004107009999999976,0.000034878878062786225
2021-11-09T05:00:00.000Z,0.016132748206227766,0.9843894087458145,0.0006011107515125471,0.0016260932183189203,0.001577658209277022,299170367.03230006,285807372.2710001,6936800.7655,-0.017188249463462535,-0.017188249463462535,-0.015009480502672966,0.9849905194973271,-0.0001263624400678065,0.9989491554109212,644.9500570197065,19.979484582845892,0.00004022500000000049,0.00003941754465299971
2021-11-09T06:00:00.000Z,0.016132748206227766,0.9866359943485963,0.000615416792516017,0.0016510437814538606,0.0016063398991716937,299778862.6883,290266762.4542001,4459390.1832,-0.014970345550575415,-0.014970345550575415,-0.012748588858887704,0.9872514111411123,-0.00010523798249173488,0.9998130362403354,647.3044672892948,20.014028469375884,0.00004108859999999969,0.000025288518488117792
2021-11-09T07:00:00.000Z,0.016132748206227766,0.9854718737019653,0.0006258921744338661,0.0016775154691516696,0.0016300605754288044,300398362.97449994,295013399.7038001,4746637.2496,-0.016158186873463487,-0.016158186873463487,-0.013902234123600817,0.9860977658763992,-0.00011902473468961006,0.9995276997613592,645.9285889303274,19.926505706137032,0.00004095769999999993,0.00002686194173769509
