query_ts,assumedLPToken,equityValue,totalDexYield,totalTradingfee,newTotalTradingFee,liquidity,totalVolume,volume,priceImpact,priceEffect,totalReturn,totalEquityVal,impermanentLoss,tokenPrice,quoteTokenPrice,rewardPrice,rewardTokenPerLP,feePerDollar
2022-03-07T09:00:00.000Z,0.01995424839654906,1,0.000005311188950556335,0.000021436559715810907,1.0680345496894006e-13,194720670.3987,2455377.2098,2455377.2098,-1.0680345496894006e-13,-1.0680345496894006e-13,0.000005311188950556335,1.0000053111889506,0,1.000041793874236,374.7476530580436,6.036206328556859,0.00004409529999999999,0.000021436559601573077
2022-03-07T10:00:00.000Z,0.01995424839654906,1.0006110720665704,0.00001063107528702636,0.00004410306338513798,0.000023531508344332153,194837983.4844,5051611.7535999995,2596234.5438,0.000587540558226074,0.000587540558226074,0.0006217031418574325,1.0006217031418574,-1.6286092563433385e-7,1.0000584422268461,375.1818954135736,6.020885733044346,0.0000443921,0.000022652660664666454
2022-03-07T11:00:00.000Z,0.01995424839654906,0.9977208591834849,0.00001583579694556435,0.00006366861898632098,0.000040587353588139585,194261523.84329998,7292504.226399999,2240892.4728,-0.0023197281701032857,-0.0023197281701032857,-0.002263305019569582,0.9977366949804304,-0.000002414366954806013,0.9999168137972487,373.05766707969906,5.977199147926488,0.000044284700000000006,0.000019610250802073015
2022-03-07T12:00:00.000Z,0.01995424839654906,1.000128873014705,0.00002124281607408254,0.00007813690972480167,0.000055316869839394656,194728110.5119,8949574.6648,1657070.4384,0.00007355614486570516,0.00007355614486570516,0.00015011583077918235,1.0001501158307793,-0.000001112347185361351,0.9986247513335424,375.33462797807584,6.010085760521755,0.00004435950000000001,0.00001446642571467795
2022-03-07T13:00:00.000Z,0.01995424839654906,1.0040395382289764,0.000026738928430903874,0.00009905093751497635,0.00007629148903087746,195497419.2352,11344979.8336,2395405.1688,0.003963246739945525,0.003963246739945525,0.004066277157407306,1.0040662771574074,-0.000007004163193546908,1.000254458332213,377.643666140584,6.067223364144025,0.00004372919999999999,0.000020829885135520953
2022-03-07T14:00:00.000Z,0.01995424839654906,1.0107697089859051,0.000032537323608548945,0.0001221686666032946,0.00010213796095537298,196816546.9633,13992904.5783,2647924.7447,0.010667571024949751,0.010667571024949751,0.010802246309513673,1.0108022463095137,-0.000057449136721010596,0.9999335513206845,382.8270290978905,6.149007619692849,0.00004431960000000006,0.00002287141063819894
2022-03-07T15:00:00.000Z,0.01995424839654906,1.009020370441393,0.00003780225511846654,0.00014814310974565765,0.0001268834914103234,196513787.45340002,16968613.2841,2975708.7058,0.008893486949982599,0.008893486949982599,0.009058172696511388,1.0090581726965113,-0.00003733976520603477,1.0002541317393603,381.36194591707334,6.12041865580115,0.000044348499999999963,0.000025742238574784926
2022-03-07T16:00:00.000Z,0.01995424839654906,1.0093987028792475,0.00004331936975885494,0.0001704666976608652,0.00015363325617889778,196588687.40129998,19526085.2096,2557471.9255,0.009245069623068591,0.009245069623068591,0.009442022249006345,1.0094420222490064,-0.000046163893602568784,0.9996355352123762,381.8639485723482,6.134065360592212,0.000044385599999999936,0.000022115729703586442
2022-03-07T17:00:00.000Z,0.01995424839654906,1.0050913383112487,0.00004820487602073849,0.00019172882132804315,0.00016898510854335136,195752906.6847,21961990.5243,2435905.3147,0.0049223532027053984,0.0049223532027053984,0.005139543187269488,1.0051395431872694,-0.000009124774158819626,1.0006803371079762,378.2045238028887,6.065765759680473,0.000044348500000000004,0.000021154419135446034
2022-03-07T18:00:00.000Z,0.01995424839654906,1.003769652533698,0.00005341469290171728,0.00020418053173271893,0.00018334888444182518,195497266.23409998,23388539.6367,1426549.1124,0.0035863036492562728,0.0035863036492562728,0.003823067226599815,1.0038230672265998,-0.000005768992167309861,1.0002249374677779,377.37128041016035,6.05698842609654,0.000043682399999999967,0.00001240494835450027
2022-03-07T19:00:00.000Z,0.01995424839654906,0.9975042229225617,0.000058122818635553446,0.00023069766657787328,0.00020776651401588353,193961422.9884,26421580.7396,3033041.1029,-0.002703543591454194,-0.002703543591454194,-0.002437654258802757,0.9975623457411973,-0.000003226508280218532,0.9998748783139688,372.7863201495097,5.988901806502841,0.0000444216,0.000026583481372161142
2022-03-07T20:00:00.000Z,0.01995424839654906,0.9887118434676911,0.00006229321142884227,0.000257106653387568,0.0002404769288461006,192258379.18870002,29442355.560399998,3020774.8208,-0.011528633461154958,-0.011528633461154958,-0.011225863320880014,0.98877413667912,-0.0000688818615159903,1.000183822611063,366.104808644395,5.886386187027887,0.000043975699999999986,0.000026710498741486464
2022-03-07T21:00:00.000Z,0.01995424839654906,1.0050662709084215,0.00006958455054146836,0.00029237794448272014,0.00027743355480081,195526197.14470002,33478648.6498,4036293.0894,0.0047888373536206785,0.0047888373536206785,0.005135855458962957,1.005135855458963,-0.000008648412861966825,1.000660458103207,378.1115439399418,6.067016830769488,0.0000444381,0.00003509349822265489
2022-03-07T22:00:00.000Z,0.01995424839654906,1.0090941992229026,0.00007511312290485286,0.0003162343718649793,0.00029853256072898127,196313483.6068,36208725.727,2730077.0772,0.008795666662173574,0.008795666662173574,0.009169312345807408,1.0091693123458074,-0.000039017358084425524,0.999965134051821,381.3981925158845,6.081605029525288,0.0000441786999999999,0.000023641427710262684
2022-03-07T23:00:00.000Z,0.01995424839654906,1.009422713281592,0.00008034245058868127,0.00032593454905433325,0.0003096549957717354,196378026.72300002,37318796.23,1110070.503,0.009113058285820319,0.009113058285820319,0.009503055732180736,1.0095030557321807,-0.000038216555999670554,1.0003709042101652,381.4834245565888,6.069262691076172,0.00004443790000000012,0.000009609628361129561
2022-03-08T00:00:00.000Z,0.01995424839654906,1.008521060497811,0.00008532774426490447,0.0003407092233089691,0.0003199141075869161,196202315.1618,39009580.205299996,1690783.9753,0.008201146390224068,0.008201146390224068,0.008606388242075888,1.008606388242076,-0.00002936609686732261,1.0005458546660562,380.7276769866015,6.042776092546217,0.0000442524,0.000014649841188875144
2022-03-08T01:00:00.000Z,0.01995424839654906,1.0112561991509978,0.00009113749634207645,0.0003558641716615725,0.00033718005552119124,196653254.04070002,40743166.4955,1733586.2902,0.010919019095476656,0.010919019095476656,0.011347336647339924,1.01134733664734,-0.0000567266320218307,1.0002499652694932,382.8963811555373,6.072710930665743,0.00004445630000000003,0.000014986259483558093
2022-03-08T02:00:00.000Z,0.01995424839654906,1.0093386645626126,0.00009619953679047824,0.000373237984545676,0.00035615518311526984,196281522.96809998,42730582.3111,1987415.8156,0.008982509379497294,0.008982509379497294,0.009434864099403042,1.009434864099403,-0.00004175752756019335,0.999845395374568,381.58517799193754,6.053952671231964,0.000044234,0.000017213066392750055
2022-03-08T03:00:00.000Z,0.01995424839654906,1.0122713990211587,0.00010197699675544855,0.00038886993321992437,0.0003693316297701532,196803128.8054,44518301.199599996,1787718.8885,0.011902067391388549,0.011902067391388549,0.012373376017914151,1.012373376017914,-0.00007317783433447023,0.9997754894549604,383.82349277746397,6.078480955779739,0.00004441939999999993,0.00001544244814042108
2022-03-08T04:00:00.000Z,0.01995424839654906,1.0098271832686156,0.00010631120461678541,0.00040232060318495235,0.0003818869694802718,196259598.3365,46056026.8497,1537725.6501,0.009445296299135375,0.009445296299135375,0.009933494473232432,1.0099334944732323,-0.000047724598938092555,0.9996728101201356,382.0012372546337,6.02049424546265,0.00004417579999999993,0.000013319774560467081
2022-03-08T05:00:00.000Z,0.01995424839654906,1.0106521475756682,0.0001114007967644742,0.0004159926854901885,0.0003974707565481683,196525977.89180002,47619909.0144,1563882.1647,0.010254676819120068,0.010254676819120068,0.010763548372432711,1.0107635483724327,-0.000048003010233332866,1.0004458845311364,382.3184082219392,6.008774168452828,0.00004417450000000006,0.000013527980923996355
2022-03-08T06:00:00.000Z,0.01995424839654906,1.007686871259912,0.00011635176942872094,0.00043066551326100834,0.00040934604649245365,195820350.54659998,49297156.484299995,1677247.4699,0.007277525213419622,0.007277525213419622,0.007803223029340797,1.0078032230293408,-0.000028967696675041843,0.9996813934132174,380.3590474179046,5.990526184403952,0.00004424830000000009,0.000014560900799487958
2022-03-08T07:00:00.000Z,0.01995424839654906,1.0054171678271258,0.00012054066593490667,0.0004513222310181095,0.0004315837811545986,195377906.96620002,51658404.131699994,2361247.6474,0.004985584045971159,0.004985584045971159,0.005537708493060664,1.0055377084930606,-0.000013610218755788495,0.9997976601492615,378.58606140731547,5.935465663491629,0.00004439729999999995,0.000020545419197649785
2022-03-08T08:00:00.000Z,0.01995424839654906,1.0099403668923517,0.00012673331845411897,0.0004657813268389291,0.0004460251004763105,196259168.0673,53311227.37669999,1652823.245,0.00949434179187536,0.00949434179187536,0.01006710021080579,1.0100671002108057,-0.000038846306444906276,1.000677091927099,381.65494385629535,5.979132507275745,0.00004447139999999996,0.000014316780939051371
2022-03-08T09:00:00.000Z,0.01995424839654906,1.0126896333290007,0.00013335007327225563,0.0004847019830816089,0.00046683703268346477,196807278.532,55474205.15969999,2162977.783,0.012222796296317284,0.012222796296317284,0.012822983402273004,1.012822983402273,-0.00007336161570803412,1.0000771902485843,383.95097768644086,6.041141508598568,0.00004398650000000005,0.000018683568303608878
2022-03-08T10:00:00.000Z,0.01995424839654906,1.0139468863216639,0.00013906432950770286,0.0005026484649358698,0.00048493531012372415,197053753.9774,57525839.323599994,2051634.1639,0.01346195101154013,0.01346195101154013,0.014085950651171558,1.0140859506511715,-0.00011452105434139881,0.9982805575677635,385.5843121765401,6.067498915683924,0.00004239160000000008,0.000017699627681439713
2022-03-08T11:00:00.000Z,0.01995424839654906,1.0157846817559906,0.00014441143774524237,0.0005265008416057045,0.000514608169006392,197423863.7655,60252811.729899995,2726972.4063,0.015270073586984179,0.015270073586984179,0.015929093193735814,1.015929093193736,-0.00011472576695470416,1.000048071756487,386.27745847178505,6.065778294635506,0.000044502900000000024,0.000023481726080573847
2022-03-08T12:00:00.000Z,0.01995424839654906,1.0153136182223286,0.0001495130094388479,0.0005421544805479599,0.0005262762605267035,197332340.1636,62042446.62719999,1789634.8973,0.01478734196180187,0.01478734196180187,0.015463131231767421,1.0154631312317675,-0.00011560717968073231,0.9995145191854974,386.11622162686973,6.054961996586729,0.000044355099999999754,0.000015417540393468656
2022-03-08T13:00:00.000Z,0.01995424839654906,1.0120642293090938,0.00015418014494659676,0.0005618122626898069,0.0005426961127759089,196697987.62870002,64289831.36779999,2247384.7406,0.011521533196317879,0.011521533196317879,0.012218409454040385,1.0122184094540403,-0.00008545540026327902,0.998424949199379,384.0536634272819,6.027207758020053,0.000044504300000000176,0.00001942345270065461
2022-03-08T14:00:00.000Z,0.01995424839654906,1.0131792364905368,0.0001593566769201681,0.0005829383801953388,0.0005656006126948387,196922239.5317,66705176.73839999,2415345.3706,0.012613635877841922,0.012613635877841922,0.01333859316745693,1.013338593167457,-0.00007929287526398099,0.9999830402911022,384.2837148226391,6.024272463938855,0.00004368710000000018,0.000020851312374796617
2022-03-08T15:00:00.000Z,0.01995424839654906,1.0124382345644218,0.00016457554018457586,0.0006060320723960385,0.0005880529007968871,196778924.4484,69345484.09079999,2640307.3524,0.011850181663624948,0.011850181663624948,0.012602810104606411,1.0126028101046065,-0.00007128843439707655,0.9998814077807577,383.7434777525178,6.020789084784048,0.00004420669999999986,0.000022809975771856576
2022-03-08T16:00:00.000Z,0.01995424839654906,1.0104927998561342,0.0001687789626388245,0.0006290450516573991,0.0006132247998285045,196403178.5672,71976595.46079999,2631111.37,0.009879575056305656,0.009879575056305656,0.010661578818772985,1.010661578818773,-0.00004988674355277389,0.9998840152875577,382.24923403329666,5.9802822814866206,0.00004450320000000001,0.000022774017007416128
2022-03-08T17:00:00.000Z,0.01995424839654906,1.0081611184859243,0.00017325202319815045,0.0006523979535356197,0.0006307166642420814,195921995.1728,74646189.24579999,2669593.785,0.007530401821682187,0.007530401821682187,0.008334370509122419,1.0083343705091223,-0.000027984913445688875,1.0000625991364125,380.40499057886495,5.952837957810007,0.000044177599999999995,0.000023163858812775386
2022-03-08T18:00:00.000Z,0.01995424839654906,1.0120264924032225,0.00018061144564688136,0.0006740200857660937,0.0006569657073500768,196672698.52310002,77117923.54049999,2471734.2947,0.011369526695872434,0.011369526695872434,0.012207103848869392,1.0122071038488694,-0.00008223215595903888,0.9985234601197156,383.9003666559117,6.021925767515335,0.000044511900000000024,0.000021365183538662146
2022-03-08T19:00:00.000Z,0.01995424839654906,1.013783006034515,0.00018541090458050114,0.0006882878642441368,0.0006737496061821613,197035943.1033,78749126.17079999,1631202.6303,0.013109256428332827,0.013109256428332827,0.01396841693909549,1.0139684169390955,-0.00008428752280775775,1.000081768795823,384.6220059859271,6.004158911681067,0.00004450709999999996,0.00001407380007847693
2022-03-08T20:00:00.000Z,0.01995424839654906,1.0125584661025222,0.00019044261793913395,0.0006976976851696477,0.0006788613530317456,196793598.8895,79824905.69559999,1075779.5248,0.011879604749490458,0.011879604749490458,0.012748908720461338,1.0127489087204613,-0.00006667968679885394,1.0003029812766033,383.604058961857,5.994830681551419,0.00004447139999999996,0.000009293113203274914
2022-03-08T21:00:00.000Z,0.01995424839654906,1.0102335061452872,0.0001946527301035079,0.0007064870626634903,0.000687605494263499,196337310.1552,80829730.25609998,1004824.5605,0.009545900651023675,0.009545900651023675,0.010428158875390682,1.0104281588753907,-0.0000454867760961708,1.0000042329963539,381.95075518212025,5.9607104073715105,0.000044509599999999924,0.000008700342036364392
2022-03-08T22:00:00.000Z,0.01995424839654906,1.0084978120264918,0.0001994543987566859,0.0007133751315256651,0.0006926423004933735,195987987.5666,81617144.06159998,787413.8055,0.007805169725998429,0.007805169725998429,0.008697266425248488,1.0086972664252485,-0.000028487317496384,1.0002684519874148,380.53417345783686,5.946677722076045,0.00004432710000000006,0.000006830028135755616
2022-03-08T23:00:00.000Z,0.01995424839654906,1.0076468231791607,0.00020527981674594038,0.000718399675125511,0.0006970709247857698,195826840.66750002,82191540.31399998,574396.2524,0.006949752254374886,0.006949752254374886,0.007852102995906596,1.0078521029959067,-0.00003126342549453209,0.9990604535056163,380.3477947556488,5.962467046590453,0.000044511600000000036,0.00000498641363845512
2022-03-09T00:00:00.000Z,0.01995424839654906,1.010023708512585,0.00021115205542112858,0.0007297856889860723,0.0007100410035545401,196290094.1143,83493176.40839998,1301636.0944,0.009313667509030399,0.009313667509030399,0.010234860568006068,1.010234860568006,-0.00004596734184436624,0.9997239526085886,381.8820832121265,5.9807934673537595,0.00004391809999999989,0.000011273015943389858
2022-03-09T01:00:00.000Z,0.01995424839654906,1.0108817946351047,0.00021694122572248902,0.0007433438265466896,0.0007259219175943521,196469998.1458,85043230.99249998,1550054.5841,0.010155872717510395,0.010155872717510395,0.011098735860827236,1.0110987358608272,-0.00005469061822627186,0.9996877033224998,382.53352996627837,5.9942287551014335,0.00004443460000000014,0.000013412189229087808
2022-03-09T02:00:00.000Z,0.01995424839654906,1.0153431645757052,0.00022399390625830068,0.0007577850273975472,0.0007469974392730894,196951546.2388,86691017.48149997,1647786.489,0.014596167136432081,0.014596167136432081,0.015567158481963472,1.0155671584819634,-0.00010916148592809982,0.9997560628662627,385.87750364797535,6.040691570469654,0.00004455970000000012,0.000014222975573411106
2022-03-09T03:00:00.000Z,0.01995424839654906,1.0189728507657623,0.00023035999838471577,0.0007721435119025265,0.0007591834145257437,197581110.32950002,88328748.10919997,1637730.6277,0.01821366735123653,0.01821366735123653,0.019203210764146987,1.0192032107641469,-0.0001626353945926029,1.000055092528554,388.5178626126214,6.066773174584243,0.00004459820000000007,0.000014091134837976015
2022-03-09T04:00:00.000Z,0.01995424839654906,1.0329900743324187,0.00024186360104842196,0.0008050758697627268,0.0008025588468434375,200343126.483,92085843.43659997,3757095.3274,0.0321875154855753,0.0321875154855753,0.03323193793346716,1.0332319379334671,-0.0004935406092995143,1.0002978773526363,399.15808342843974,6.223892916965296,0.00004458900000000003,0.00003188061486662468
2022-03-09T05:00:00.000Z,0.01995424839654906,1.0298587188751025,0.00024554788261368677,0.0008534440479851106,0.0008518819119567311,199796760.8145,97605621.39159997,5519777.955,0.029006836963145766,0.029006836963145766,0.030104266757716183,1.0301042667577163,-0.0004161993923165186,0.9997795917066381,396.9075182672199,6.1772679808098205,0.00004458889999999992,0.00004696583911193717
2022-03-09T06:00:00.000Z,0.01995424839654906,1.027805654850024,0.0002497549351413051,0.0008688843600486082,0.0008640093974758845,199400890.10750002,99367691.82199997,1762070.4304,0.02694164545254818,0.02694164545254818,0.02805540978516537,1.0280554097851653,-0.00037329855424850233,0.9992989675291604,395.50608135330276,6.14577285538424,0.000044514399999999995,0.000015022599598552796
2022-03-09T07:00:00.000Z,0.01995424839654906,1.0288045055320156,0.00025596854190127545,0.0008882871847632677,0.0008829856175303075,199581375.7248,101581822.12829997,2214130.3063,0.027921519914485327,0.027921519914485327,0.02906047407391691,1.0290604740739169,-0.0003634687026894401,1.0006149426847466,395.74005020917184,6.1652552609869495,0.00004407199999999992,0.00001885958299986947
