query_ts,assumedLPToken,equityValue,totalDexYield,totalTradingfee,newTotalTradingFee,liquidity,totalVolume,volume,priceImpact,priceEffect,totalReturn,totalEquityVal,impermanentLoss,tokenPrice,quoteTokenPrice,rewardPrice,rewardTokenPerLP,feePerDollar
2021-09-09T09:00:00.000Z,0.021047421573987698,1,0.00001768621187255701,0.000015830651862244412,-5.81534820298657e-13,255355136.0536,2377904.9077,2377904.9077,5.81534820298657e-13,5.81534820298657e-13,0.00001768621187255701,1.0000176862118726,0,1.0002232989924105,417.89250908476856,20.201437105645056,0.0000415962,0.000015830652187240427
2021-09-09T10:00:00.000Z,0.021047421573987698,0.9991212371574527,0.00003537872440207555,0.000036328293737297976,0.000026140763492943364,254954836.67139998,5454710.3373,3076805.4296,-0.0009049036060402305,-0.0009049036060402305,-0.0008433841181452116,0.9991566158818548,-2.934525014097744e-7,1.0000840616664974,417.1946224942605,20.14676916275765,0.0000418368,0.000020515669750017133
2021-09-09T11:00:00.000Z,0.021047421573987698,0.9951995491520392,0.000052554301854715565,0.00005510568775226638,0.00003975848887260991,253896533.3783,8272658.4616,2817948.1243,-0.004840209336833379,-0.004840209336833379,-0.004747896546106053,0.9952521034538939,-0.000012489543921634372,1.000369315514547,413.79651722599345,19.963105217564472,0.000041645100000000006,0.000018867968568016038
2021-09-09T12:00:00.000Z,0.021047421573987698,0.9975811858584583,0.00007026241963341134,0.00007139136803100316,0.000055796925256701435,254372750.63480002,10715410.1719,2442751.7103,-0.00247461106679836,-0.00247461106679836,-0.002348551721908247,0.9976514482780917,-0.000003600610860132747,1.000429201410954,415.7412422605195,20.058421981811744,0.00004135030000000001,0.00001632516807380815
2021-09-09T13:00:00.000Z,0.021047421573987698,0.9958798013121726,0.00008732082606211225,0.00011394885665733853,0.0001002550646623801,253940863.3063,17098820.0846,6383409.9127,-0.004220453752489806,-0.004220453752489806,-0.0040328778617653134,0.9959671221382347,-0.000008065324808792518,1.0000102006069018,414.4608618884648,19.99095058396902,0.000041103800000000004,0.00004273355894872543
2021-09-09T14:00:00.000Z,0.021047421573987698,0.99745213647026,0.00010538536077508604,0.00014334181872127614,0.00012788169920951997,254291890.49730003,21506751.9547,4407931.8701,-0.002675745228949533,-0.002675745228949533,-0.002442478168964927,0.9975575218310351,-9.82902195745261e-7,0.998946569916628,416.1903970126673,20.06646987570969,0.00004199069999999999,0.00002946804227423667
2021-09-09T15:00:00.000Z,0.021047421573987698,1.0034738658640525,0.00012429069066157295,0.00016460769569326457,0.000150052339635387,255842373.84829998,24696091.7975,3189339.8428,0.0033238135244171296,0.0033238135244171296,0.0035981565547140897,1.003598156554714,-0.000007496716138311044,0.9996694831039767,420.9081729905787,20.299055266650456,0.00004139059999999998,0.000021192258542655902
2021-09-09T16:00:00.000Z,0.021047421573987698,1.0018474067688778,0.00014228426605060227,0.0001903211643555749,0.00017587908866056878,255387658.37730002,28551852.4853,3855760.6878,0.0016715276802172774,0.0016715276802172774,0.0019896910349284486,1.0019896910349284,-0.0000012000173997828156,1.0003442601961734,419.2400140151323,20.308487566049354,0.000041960900000000034,0.00002566605297573228
2021-09-09T17:00:00.000Z,0.021047421573987698,1.0075740453473638,0.00016278241445821025,0.00022036003811174367,0.0002068917307063156,257078308.45810002,33060260.2461,4508407.7608,0.007367153616657518,0.007367153616657518,0.007736827761822044,1.007736827761822,-0.00002756514256763154,1.000138369934496,424.10855789870857,20.623709343875323,0.0000421347,0.00002981306839666392
2021-09-09T18:00:00.000Z,0.021047421573987698,1.0137003218429859,0.0001837645869815387,0.0002492945389247302,0.00023929003896028256,257640981.8677,37386120.0923,4325859.8462,0.01346103180402558,0.01346103180402558,0.013884086429967402,1.0138840864299674,-0.0000874546228250006,1.0003687712127984,429.1563432689402,20.939843150104338,0.000041946200000000036,0.000028543447107014583
2021-09-09T19:00:00.000Z,0.021047421573987698,1.0035466353435822,0.00019892097304189562,0.00027103714420485375,0.0002584147182052021,255959961.79399997,40648219.1786,3262099.0863,0.0032882206253770363,0.0032882206253770363,0.003745556316624134,1.0037455563166242,-0.000005919635811424406,1.0000652696923187,420.7117429778442,20.58790369498214,0.00004210480000000004,0.000021665765254228112
2021-09-09T20:00:00.000Z,0.021047421573987698,1.003413146538512,0.00021671375484510143,0.00028917454085305327,0.0002744175648929925,255566817.2571,43365601.229499996,2717382.0509,0.0031387289736191093,0.0031387289736191093,0.003629860293357203,1.003629860293357,-0.00000646912651303122,0.999760128270516,420.71474790510223,20.547927639774077,0.00004203429999999999,0.0000180757014392942
2021-09-09T21:00:00.000Z,0.021047421573987698,1.0004891400399891,0.00023272194263780218,0.0003076582854517057,0.00029220341951075035,254858227.97059998,46135266.60349999,2769665.374,0.0001969366204783718,0.0001969366204783718,0.0007218619826269243,1.000721861982627,-3.786405060601794e-7,0.9995500734602637,418.33869538452166,20.363519496692938,0.00004188779999999998,0.00001847470718639367
2021-09-09T22:00:00.000Z,0.021047421573987698,1.003835684740676,0.0002530941533046483,0.00031637318082863104,0.00030299754579998783,255711843.56419998,47441141.1257,1305874.5222,0.003532687194875983,0.003532687194875983,0.004088778893980619,1.0040887788939805,-0.000006478826904521284,1.0001500633923783,420.8811079626759,20.563752196995086,0.00004178210000000002,0.00000868159509859637
2021-09-09T23:00:00.000Z,0.021047421573987698,1.0044730677356501,0.0002722748463635068,0.00033226292122220225,0.00031798119612158615,255890491.39049998,49822274.3986,2381133.2729,0.004155086539528563,0.004155086539528563,0.004745342582013656,1.0047453425820136,-0.000009622487649463274,0.9999828250897764,421.47381379625676,20.633070866744966,0.00004220279999999996,0.000015818979993878273
2021-09-10T00:00:00.000Z,0.021047421573987698,1.0035144243380343,0.0002877024118684994,0.0003491165051345905,0.00033467576152967915,255553446.5194,52346926.17919999,2524651.7806,0.003179748576504604,0.003179748576504604,0.0038021267499027825,1.0038021267499029,-0.000004705816798677986,1.0003301878288566,420.5093828099761,20.460093606662575,0.00004112599999999996,0.000016794561315744908
2021-09-10T01:00:00.000Z,0.021047421573987698,1.0127520238697634,0.0003121467284695529,0.0003695774845060044,0.00035815493187429936,258229161.9759,55415804.32839999,3068878.1492,0.012393868937889074,0.012393868937889074,0.013064170598232927,1.0130641705982328,-0.00007803270622785963,1.0000479483992368,428.3904124297081,20.896142085362886,0.000041637899999999997,0.000020203345020059743
2021-09-10T02:00:00.000Z,0.021047421573987698,1.02302914870841,0.0003401337847180697,0.0003883045415075364,0.00038165051544414297,260845632.21469998,58224574.19309999,2808769.8647,0.022647498192965854,0.022647498192965854,0.023369282493128068,1.023369282493128,-0.0002948401374969212,0.9983331987136403,437.86270934179765,21.49781988352696,0.00004198959999999998,0.00001830549635602029
2021-09-10T03:00:00.000Z,0.021047421573987698,1.0172092163161792,0.0003559074596339046,0.00040695584673408153,0.0003975708895198604,259394887.40429997,61022340.46119999,2797766.2681,0.01681164542665936,0.01681164542665936,0.017565123775813124,1.0175651237758132,-0.00019494440982248395,0.9971520244925391,433.39230960613713,21.31054436032077,0.00004177339999999999,0.000018335760983433928
2021-09-10T04:00:00.000Z,0.021047421573987698,1.0167578410732878,0.0003724087942745178,0.0004180109691352019,0.0004086033817889412,259284846.2583,62680682.86449999,1658342.4033,0.016349237691498875,0.016349237691498875,0.017130249867562335,1.0171302498675623,-0.00014835788969480568,0.9992141062224071,432.104638181756,21.1735966550956,0.00004215980000000005,0.000010872914967045648
2021-09-10T05:00:00.000Z,0.021047421573987698,1.014536503777441,0.000389263072914484,0.00043186215730274026,0.00042105625132582425,258661054.5513,64757993.50789999,2077310.6434,0.014115447526115155,0.014115447526115155,0.014925766850355463,1.0149257668503555,-0.00010603263858910417,0.9996769738617718,430.00812380101445,21.071170375570496,0.00004206550000000007,0.000013652724411512114
2021-09-10T06:00:00.000Z,0.021047421573987698,1.0122901253917567,0.0004056258535764844,0.00044917157153838286,0.00043772918252615867,258089307.27670002,67353956.2022,2595962.6943,0.011852396209230509,0.011852396209230509,0.012695751245333151,1.0126957512453332,-0.00007464837964288318,0.9997869180830432,428.0440180478783,20.952765366370688,0.000042063699999999995,0.00001709926159621419
2021-09-10T07:00:00.000Z,0.021047421573987698,1.0096670535588161,0.0004222358250806602,0.0004575858844783258,0.00044529719542496515,257422813.2712,68615895.8421,1261939.6399,0.009221756363391176,0.009221756363391176,0.010089289383896801,1.0100892893838969,-0.00004379456952352534,1.000043692880492,425.7118961920319,20.85311552816671,0.00004223950000000004,0.000008333750068879431
2021-09-10T08:00:00.000Z,0.021047421573987698,1.0007526239044329,0.00043204937015803166,0.00048327407097784145,0.0004665024233929671,255292540.9537,72470643.1626,3854747.3205,0.00028612148103990265,0.00028612148103990265,0.0011846732745909015,1.0011846732745908,-2.2150201561821348e-7,0.9998437812826612,418.29039251377765,20.448658922568164,0.00004182939999999993,0.000025668867646385595
2021-09-10T09:00:00.000Z,0.021047421573987698,0.9939010097416174,0.0004420643160706029,0.0005258953690721627,0.0005062936273370067,253559944.3812,78866743.3363,6396100.1737,-0.006605283885719571,-0.006605283885719571,-0.005656925942311961,0.9943430740576881,-0.000018481011285542692,0.9996758181282958,412.6159932567792,20.10671258037053,0.00004073720000000002,0.00004288283909284608
2021-09-10T10:00:00.000Z,0.021047421573987698,0.995565065035624,0.0004629391877296404,0.0005485272994750206,0.0005309046045351984,254486319.9415,82269786.5695,3403043.2332,-0.004965839568911168,-0.004965839568911168,-0.003971995776646329,0.9960280042233537,-0.000010854417032635233,0.999904363373802,413.88441282825323,20.24376827904536,0.00004192079999999996,0.00002273274845488695
2021-09-10T11:00:00.000Z,0.021047421573987698,0.9978430964344536,0.0004810898305375797,0.0005612849751689088,0.0005437943517963006,255064395.0738,84188058.7025,1918272.133,-0.0027006979173427315,-0.0027006979173427315,-0.001675813735008851,0.9983241862649912,-0.0000013511700469592824,0.9991631535460751,416.07936040090857,20.255291158609637,0.000041956900000000066,0.000012785252230741371
2021-09-10T12:00:00.000Z,0.021047421573987698,0.9975231839234225,0.0004980872937550416,0.0005801799758614062,0.0005625135390292524,254930573.3662,87028572.625,2840513.9225,-0.0030393296156067118,-0.0030393296156067118,-0.001978728782822418,0.9980212712171775,-0.00000366487365621726,0.9998866774697511,415.49597688225936,20.219252156510066,0.00004195250000000003,0.00001894191663435154
2021-09-10T13:00:00.000Z,0.021047421573987698,0.9934234701711415,0.000513866988388147,0.0005981890800561436,0.0005797028635531332,253927939.8985,89736389.3913,2707816.7663,-0.007156232692411613,-0.007156232692411613,-0.006062662840470332,0.9939373371595297,-0.000020751858351930608,0.999483839509296,412.23760293626253,20.13810365958198,0.00004194529999999992,0.000018128326109171066
2021-09-10T14:00:00.000Z,0.021047421573987698,0.9900068360917126,0.0005278622159033382,0.000635509010432447,0.0006137218137253209,252694686.6798,95339766.0542,5603376.6629,-0.010606885722012738,-0.010606885722012738,-0.00946530169238408,0.9905346983076159,-0.00005357585011978028,0.9999113799147277,409.20205776674214,20.00768076392192,0.000041137100000000186,0.000037696638786079675
2021-09-10T15:00:00.000Z,0.021047421573987698,0.9758737456189671,0.0005243384957479203,0.0007101433441321487,0.000680185066343042,249295540.60729998,106555058.7851,11215292.7309,-0.024806439447375928,-0.024806439447375928,-0.023601915885284964,0.9763980841147151,-0.0003008691352499593,0.9996374655904979,397.6497172188905,19.239467484218363,0.00004134929999999969,0.0000764794973712085
2021-09-10T16:00:00.000Z,0.021047421573987698,0.9851311197441834,0.0005525363765016357,0.0007831163964280468,0.0007593778739360957,251711706.8849,117522945.80489999,10967887.0198,-0.01562825812975266,-0.01562825812975266,-0.014316343879314927,0.9856836561206851,-0.00011556257560463301,0.9996751928601987,405.15473038630205,19.6525147243725,0.000040956400000000176,0.00007407445670449475
2021-09-10T17:00:00.000Z,0.021047421573987698,0.9829466034138039,0.0005642470648439623,0.0008050742347459281,0.000780734172851183,252079888.62770003,120835392.68659998,3312446.8817,-0.017834130759047273,-0.017834130759047273,-0.016489149521352126,0.9835108504786478,-0.0001391706394354708,0.998913320315655,403.6485760754722,19.474640883342758,0.000040770999999999986,0.000022338790014330455
2021-09-10T18:00:00.000Z,0.021047421573987698,0.9879889366775657,0.000584863749273649,0.0008206870584233347,0.0007991564010653152,253538532.63000003,123192201.85339999,2356809.1668,-0.012810219723499605,-0.012810219723499605,-0.01142619957316064,0.9885738004268394,-0.00008560491926090652,1.0004155667595827,407.1762268568551,19.597211265834126,0.000041373600000000034,0.00001580262984880082
2021-09-10T19:00:00.000Z,0.021047421573987698,0.9886356426258212,0.0006025772244313902,0.0008301204664684685,0.0008089417166387003,253776517.12589997,124616611.23879999,1424409.3854,-0.012173299090817546,-0.012173299090817546,-0.010761780149747456,0.9892382198502525,-0.00006790732585093551,0.9996296262095892,408.0223529312781,19.630685243175726,0.00004045370000000009,0.000009541844070539758
2021-09-10T20:00:00.000Z,0.021047421573987698,0.9875426640936852,0.0006175684970409873,0.0008386906208319717,0.0008168330711925131,253513586.48909998,125910762.56319998,1294151.3244,-0.013274168977507328,-0.013274168977507328,-0.011839767409273828,0.9881602325907262,-0.00008518826211068031,0.9999135187545172,406.99784341442404,19.557864847982554,0.00004184830000000007,0.000008678261713498314
2021-09-10T21:00:00.000Z,0.021047421573987698,0.9810266595457685,0.000625668469716248,0.0008523653747786817,0.0008257069891116631,252208198.43570003,127978755.24639998,2067992.6832,-0.019799047443343154,-0.019799047443343154,-0.018347671984515243,0.9816523280154847,-0.0002023114520603997,1.0003425944851185,401.4606949138892,19.277437676654724,0.000041787499999999904,0.00001393922792060343
2021-09-10T22:00:00.000Z,0.021047421573987698,0.9752927674785752,0.0006290479366293798,0.000878190872551804,0.0008463695983375041,251001061.6473,131888427.19149998,3909671.9451,-0.02555360211976232,-0.02555360211976232,-0.024078184584795437,0.9759218154152046,-0.00029401436344711485,0.9985907765511567,397.45678173201276,18.876125364203546,0.00004129050000000016,0.00002647973782680411
2021-09-10T23:00:00.000Z,0.021047421573987698,0.9730678833428059,0.0006425273027345524,0.0008953484380597588,0.0008611298414954449,250419037.5097,134485780.0524,2597352.8609,-0.027793246498689528,-0.027793246498689528,-0.02628958935445953,0.9737104106455404,-0.00036163102911035416,0.9989346393417555,395.495682751144,18.79902637983106,0.00004056069999999995,0.000017632444831032327
2021-09-11T00:00:00.000Z,0.021047421573987698,0.9800612448053598,0.0006682746822328827,0.0009104791600223024,0.0008825293000224166,253932621.75149998,136791868.75399998,2306088.7016,-0.020821284494662584,-0.020821284494662584,-0.019270480512407286,0.9807295194875927,-0.00021901002458823982,1.000113015019745,400.71574132363037,19.068704396690944,0.00004118659999999987,0.000015438547303136493
2021-09-11T01:00:00.000Z,0.021047421573987698,0.9835808424312376,0.0006889723420955209,0.0009230785506869857,0.0008982968064732422,254784564.7621,138711702.77549997,1919834.0215,-0.017317454375235686,-0.017317454375235686,-0.015730185226666922,0.9842698147733331,-0.0001386658709491284,0.9994085361092183,403.87315110570796,19.193985836522167,0.0000403657000000001,0.000012809715689007421
2021-09-11T02:00:00.000Z,0.021047421573987698,0.9887612687392996,0.0007186313204980385,0.0009311804378058265,0.0009111660294361945,256146404.56429997,139946324.93229997,1234622.1568,-0.012149897290136602,-0.012149897290136602,-0.010520099940202369,0.9894799000597976,-0.00008290796359200492,1.0008767457244205,407.5332544290678,19.54691972295507,0.0000412975999999999,0.000008193976683491286
2021-09-11T03:00:00.000Z,0.021047421573987698,0.9866762860317686,0.0007369617068873895,0.0009392345220207885,0.0009174102499340808,255607212.2983,141173667.26389998,1227342.3316,-0.01424112421816548,-0.01424112421816548,-0.012586752261344009,0.987413247738656,-0.00010308682330639751,1.0002391653615907,406.06830205017496,19.58025406811109,0.00004150520000000007,0.000008162844643385975
2021-09-11T04:00:00.000Z,0.021047421573987698,0.9808410776482716,0.0007445646924876403,0.0009513903887896118,0.0009248770254032257,254100261.1854,143026104.22879997,1852436.9649,-0.020083799377131673,-0.020083799377131673,-0.018414357659240807,0.9815856423407592,-0.00019322422687251262,0.9995950106794963,401.5275499071945,19.351837786015142,0.00003977379999999992,0.000012393308159696382
2021-09-11T05:00:00.000Z,0.021047421573987698,0.9870014594005453,0.0007716313459293129,0.0009630151470271792,0.0009433995262165817,255694278.6773,144797592.29869998,1771488.0699,-0.013941940125671293,-0.013941940125671293,-0.012226909253525398,0.9877730907464746,-0.00008786861554332948,0.9994404661655277,406.6395330936363,19.61007658263232,0.00004150509999999986,0.000011777853358348753
2021-09-11T06:00:00.000Z,0.021047421573987698,0.9856778073937759,0.0007853317779421091,0.0009788935197083584,0.000956707063939688,255358004.908,147217348.33459997,2419756.0359,-0.015278899670163826,-0.015278899670163826,-0.01353686082828203,0.986463139171718,-0.00011549423594570118,1.0000254859504472,405.3003442639704,19.525503554171983,0.000041435199999999945,0.000016109090696068197
2021-09-11T07:00:00.000Z,0.021047421573987698,0.9862654058259303,0.0008054034064323959,0.0009882303053552724,0.0009678047980646864,255512653.33449998,148640224.34519997,1422876.0106,-0.014702398972134434,-0.014702398972134434,-0.012929190767637351,0.9870708092323627,-0.00008800946729004,0.9986802945331484,406.32161225299484,19.599485601323003,0.00004144299999999987,0.000009466807950420179
