query_ts,assumedLPToken,equityValue,totalDexYield,totalTradingfee,newTotalTradingFee,liquidity,totalVolume,volume,priceImpact,priceEffect,totalReturn,totalEquityVal,impermanentLoss,tokenPrice,quoteTokenPrice,rewardPrice,rewardTokenPerLP,feePerDollar
2021-08-08T09:00:00.000Z,0.023278081134741058,1,0.000015936128432949762,0.000011250501459534338,8.607559109918839e-13,272678972.2638,1804573.6293,1804573.6293,-8.607559109918839e-13,-8.607559109918839e-13,0.000015936128432949762,1.0000159361284329,0,1.0005908737440927,353.53853597350206,18.037715102270308,0.0000379537,0.000011250501438893928
2021-08-08T10:00:00.000Z,0.023278081134741058,1.0006687993855912,0.00003163841606481354,0.000019320341780212382,0.000007599696900228992,272924865.254,3099272.5732,1294698.9439,0.0006611996886909388,0.0006611996886909388,0.0007004378016559813,1.000700437801656,-2.3322302677986073e-7,1.000568873561596,354.0139934489532,17.99105602548232,0.00003759219999999999,0.00000806444734370989
2021-08-08T11:00:00.000Z,0.023278081134741058,0.9955730920259095,0.00004694416549747328,0.00003059371861007783,0.00001882927658602984,271536452.7919,4907945.5601,1808672.9869,-0.00444573725067654,-0.00444573725067654,-0.004379963808593037,0.9956200361914069,-0.0000065369319537378345,0.999750871053842,350.69645664354044,17.855216840751773,0.00003739970000000001,0.00001132350388360719
2021-08-08T12:00:00.000Z,0.023278081134741058,0.996219954478388,0.00006264514478316287,0.000040039442505538336,0.000028541525254888178,271450180,6421929.193,1513983.6329,-0.003808587046866929,-0.003808587046866929,-0.003717400376828878,0.9962825996231711,-0.000004461606206707103,0.9997620495874254,351.1415623378713,17.849788819309598,0.000037821700000000004,0.0000094815637106227
2021-08-08T13:00:00.000Z,0.023278081134741058,1.0007204394877638,0.00007887496283595187,0.00005226827515900357,0.00004092998940730119,272659499.41139996,8381874.5212,1959945.3282,0.0006795094983564898,0.0006795094983564898,0.0007993144505997428,1.0007993144505998,-1.7205100666384254e-7,1.000683609405467,353.98635702735004,18.00969941815166,0.000037374600000000006,0.00001222002924942175
2021-08-08T14:00:00.000Z,0.023278081134741058,0.998846818090476,0.00009444937395404881,0.00006222412190787513,0.00005086034907775261,272154279.2852,9977553.6263,1595679.1051,-0.0012040422586017119,-0.0012040422586017119,-0.0010587325355699104,0.9989412674644301,-1.4745732668242084e-7,0.9999289945533353,352.9211510549719,17.973880346327615,0.00003759889999999998,0.000009967340898679437
2021-08-08T15:00:00.000Z,0.023278081134741058,0.9901390221862261,0.0001079767704335458,0.00008085428953271547,0.00006884351549207857,269464124.09650004,12959999.7467,2982446.1204,-0.009929821329266009,-0.009929821329266009,-0.009753001043340384,0.9902469989566596,-0.00004353353532571269,0.9999423930711808,346.77699174195556,17.614304520774155,0.00003759970000000001,0.000018815708479486803
2021-08-08T16:00:00.000Z,0.023278081134741058,0.9898998516603253,0.00012355871278776914,0.000092038657963746,0.00008014779951903694,269393446.1815,14750433.8149,1790434.0682,-0.01018029613919369,-0.01018029613919369,-0.009976589626886884,0.9900234103731131,-0.00004925367241281897,1.0002835600255664,346.4833383716546,17.625248723753124,0.000037815099999999996,0.000011298485390358475
2021-08-08T17:00:00.000Z,0.023278081134741058,0.9848039146647012,0.0001366051449247311,0.00011594871106759792,0.00010409958643486927,267909082.6838,18576648.0616,3826214.2467,-0.015300184921733684,-0.015300184921733684,-0.015059480190374083,0.9849405198096259,-0.00011498631224815536,1.0003378907306186,342.88958187031164,17.344069394932294,0.00003719649999999998,0.000024278998510352926
2021-08-08T18:00:00.000Z,0.023278081134741058,0.9841421656698345,0.00015118616205420064,0.0001320532324952081,0.00012002906094077392,267695253.7278,21153454.1534,2576806.0918,-0.015977863391106295,-0.015977863391106295,-0.01570664816811132,0.9842933518318887,-0.0001202433359898114,0.9999922233637626,342.53614901659773,17.299828229949238,0.00003707279999999997,0.000016364019514945474
2021-08-08T19:00:00.000Z,0.023278081134741058,0.9816451386396211,0.0001659133309754136,0.00014018534168292157,0.00012821275859609127,267024440.3951,22454674.2147,1301220.0613,-0.018483074118974985,-0.018483074118974985,-0.01818894802940348,0.9818110519705965,-0.00016397434327242166,1.0000452707449101,340.77617401168584,17.266704683828586,0.00003736079999999997,0.00000828416343064675
2021-08-08T20:00:00.000Z,0.023278081134741058,0.9792739146468569,0.00018070049859032243,0.0001569699508733481,0.00014400650093082668,266393710.2134,25140526.4027,2685852.188,-0.020870091854073958,-0.020870091854073958,-0.02054538485455281,0.9794546151454472,-0.00021144347880275305,1.0000657783389095,339.11372194307717,17.22029159182981,0.00003800160000000002,0.000017139851822861565
2021-08-08T21:00:00.000Z,0.023278081134741058,0.9811768596431416,0.0001964856711296238,0.00016784145025488715,0.00015589926380443764,266970210.1034,26880553.4734,1740027.0707,-0.01897903962066283,-0.01897903962066283,-0.01862665468572877,0.9813733453142712,-0.00017312420883530688,1.0000383406471776,340.4342282861197,17.278179456880824,0.00003773650000000002,0.000011080060277303306
2021-08-08T22:00:00.000Z,0.023278081134741058,0.98452890214169,0.00021341618925058492,0.00017265256173600732,0.0001605245688297563,267882724.0264,27650592.6093,770039.1359,-0.01563162242713978,-0.01563162242713978,-0.015257681669059438,0.9847423183309406,-0.0001234293412327725,1.0005483101732096,342.58673356212086,17.476719961752423,0.000036066499999999964,0.000004886715019744948
2021-08-08T23:00:00.000Z,0.023278081134741058,0.9874618712404055,0.0002298476183485516,0.00017805943147541702,0.00016659057300560942,268674121.1924,28515964.084799998,865371.4755,-0.01270471933260009,-0.01270471933260009,-0.012308281141245929,0.9876917188587541,-0.00008506395960905522,1.0008487164782591,344.5236043957627,17.589279102720695,0.00003677400000000003,0.000005475523663466305
2021-08-09T00:00:00.000Z,0.023278081134741058,0.9834857894818909,0.00024277600471767796,0.00018485582341734604,0.00017256278021438032,267579082.42249998,29603675.2262,1087711.1414,-0.016686773298323465,-0.016686773298323465,-0.016271434513391407,0.9837285654866086,-0.00013647672786887277,1.0002854166839166,341.9425304913761,17.410171525037477,0.00003767530000000003,0.000006910513795171432
2021-08-09T01:00:00.000Z,0.023278081134741058,0.9754479028784352,0.00025365926110793296,0.00019757141238637929,0.00018400175834953902,265393237.55330002,31638716.9357,2035041.7095,-0.024736098879914348,-0.024736098879914348,-0.024298437860456875,0.9757015621395432,-0.0002892083951193669,0.9995967995404,336.59893557934384,17.094440826161787,0.00003841410000000002,0.000013035640764792284
2021-08-09T02:00:00.000Z,0.023278081134741058,0.9753074795951904,0.0002686002946060102,0.00021214101206108634,0.0001988562210801792,265091751.71170002,33968166.7543,2329449.8186,-0.024891376625889805,-0.024891376625889805,-0.024423920110203615,0.9755760798897963,-0.0003089787706387348,1.0002462767548528,336.27327022888267,17.083734706526947,0.00003797030000000002,0.000014938468156967628
2021-08-09T03:00:00.000Z,0.023278081134741058,0.9793326664937922,0.0002889763027170809,0.00022355120581282124,0.00021182158069565915,264297276.0656,35779534.1588,1811367.4045,-0.02087915508690341,-0.02087915508690341,-0.020378357203490672,0.9796216427965093,-0.00018291751861743144,0.998619718283904,339.5984915304584,17.389290721973982,0.00003846909999999999,0.000011650988740745457
2021-08-09T04:00:00.000Z,0.023278081134741058,0.9799884520516389,0.0003043433116932323,0.00023349506900552464,0.00022181735367521327,264479390.3611,37358152.4206,1578618.2618,-0.020233365302036344,-0.020233365302036344,-0.019707204636667898,0.9802927953633321,-0.00020635578765237916,1.000466995664891,339.41874380615195,17.388083042477824,0.000038015199999999974,0.000010146919355024024
2021-08-09T05:00:00.000Z,0.023278081134741058,0.982812926579017,0.000326269004419574,0.00024216153585691856,0.00023111632025940576,264952332.8807,38732479.137499996,1374326.7169,-0.01741818974124243,-0.01741818974124243,-0.01686080441656345,0.9831391955834365,-0.0001588143115698326,1.0008427008811842,341.2439108776276,17.758041474860736,0.000037376200000000023,0.000008818021692158453
2021-08-09T06:00:00.000Z,0.023278081134741058,0.9816138889330458,0.0003412580099707691,0.00024950917371039126,0.00023711505336587724,264636542.0531,39897699.23639999,1165220.0989,-0.01862322612032008,-0.01862322612032008,-0.018044853056983435,0.9819551469430166,-0.00016422709972918614,0.9999164265153528,340.7227594413245,17.73130595863306,0.00003750499999999994,0.0000074852631944251015
2021-08-09T07:00:00.000Z,0.023278081134741058,0.9819222865401602,0.0003563094101561608,0.00026110847393764853,0.00024942544318118376,264719458.6442,41737164.45679999,1839465.2204,-0.018327138903020956,-0.018327138903020956,-0.01772140404968361,0.9822785959503164,-0.00015399116549186243,0.9996441526179299,341.0212455717172,17.711981882982492,0.00003740789999999997,0.00001181284855558356
2021-08-09T08:00:00.000Z,0.023278081134741058,0.9854967268970746,0.0003783364107217322,0.0002709980898900755,0.00025977159599255284,265641235.91180003,43305253.65179999,1568089.195,-0.014763044698917982,-0.014763044698917982,-0.014124936692203697,0.9858750633077963,-0.0000952682324774079,0.9995217532901021,343.54405146989143,18.027154234831954,0.00003738160000000003,0.000010035157464728483
2021-08-09T09:00:00.000Z,0.023278081134741058,0.9880494864860542,0.000396755487695047,0.0002799537868995686,0.00026948292002082486,265333847.6027,44719953.79089999,1414700.1391,-0.012219996433966651,-0.012219996433966651,-0.01155375802625078,0.9884462419737492,-0.00007460263024150482,1.000510895458888,344.9784244792474,18.1318584862732,0.00003843310000000006,0.000009064015986649143
2021-08-09T10:00:00.000Z,0.023278081134741058,0.9945051521240206,0.0004181276322513636,0.0002929873335066294,0.00028447695283995156,267099642.2368,46779065.61949999,2059111.8286,-0.005779324828819377,-0.005779324828819377,-0.005076720243728062,0.9949232797562719,-0.000013978369795664136,1.0000820569767281,349.64171480452796,18.36236315563006,0.00003820019999999997,0.000013105558956595696
2021-08-09T11:00:00.000Z,0.023278081134741058,1.0007797264163112,0.0004362256198193763,0.0003077118883840261,0.0003018428629966152,268781618.4177,49105304.36789999,2326238.7484,0.0004778835533145731,0.0004778835533145731,0.0012159520361305646,1.0012159520361306,-1.8525104750199972e-7,1.0004598854861215,353.92284957721404,18.449592576186138,0.00003751519999999996,0.00001471308155505763
2021-08-09T12:00:00.000Z,0.023278081134741058,1.0047366578282164,0.0004403942637179486,0.00032090741551866293,0.0003151974631638854,269747611.1723,51189234.768599994,2083930.4007,0.004421460365052532,0.004421460365052532,0.005177052091934366,1.0051770520919343,-0.000009296373827516469,1.000690704548249,356.636178405963,18.62589992272784,0,0.000013133319942274222
2021-08-09T13:00:00.000Z,0.023278081134741058,1.0020696389488746,0.00043586595454323733,0.0003386007707350843,0.0003321304629644306,268869263.1144,53981807.569299996,2792572.8007,0.0017375084859101442,0.0017375084859101442,0.0025055049034178123,1.0025055049034177,-0.000003539529775942185,0.9996661016323725,355.0963449753137,18.434381003304853,0,0.00001765681099505249
2021-08-09T14:00:00.000Z,0.023278081134741058,0.9979409788310617,0.00042950521584968963,0.00035552950383704846,0.00034769934467049346,267489611.56999996,56650985.971999995,2669178.4027,-0.0024067205136087955,-0.0024067205136087955,-0.0016295159530886124,0.9983704840469114,-0.0000014414257478723158,0.9998789824670744,352.08934820395996,18.165361871810173,0,0.000016963661721130222
2021-08-09T15:00:00.000Z,0.023278081134741058,0.9988434152307415,0.00043105041038885304,0.0003696754005345572,0.00036213027117870666,267710438.357,58881214.82349999,2230228.8515,-0.001518715040437213,-0.001518715040437213,-0.0007255343588696533,0.9992744656411303,-2.5935516223540844e-7,0.9997910671688537,352.74746596325366,18.230713855745268,0,0.000014162275743966574
2021-08-09T16:00:00.000Z,0.023278081134741058,1.0032972160274514,0.0004372101644660262,0.0003804463129997049,0.0003745988219812091,268329747.7464,60575719.52379999,1694504.7003,0.002922617205470157,0.002922617205470157,0.0037344261919173925,1.0037344261919174,-0.00000926448966664939,0.999204823520468,356.10135430107914,18.49123260551609,0,0.000010735514845832623
2021-08-09T17:00:00.000Z,0.023278081134741058,1.0023793106631376,0.0004344562034081588,0.00039365714081707166,0.0003878909966961164,268279755.68440002,62655592.91319999,2079873.3894,0.001991419666441452,0.001991419666441452,0.002813766866545727,1.0028137668665458,-0.0000027366767431091787,1.000240645022899,355.07230829198875,18.374757421162236,0,0.000013179469143916473
2021-08-09T18:00:00.000Z,0.023278081134741058,1.001677127943955,0.00043447474426598057,0.00040307316188100426,0.0003976359891542103,268187273.90899998,64138551.15079999,1482958.2376,0.0012794919548007044,0.0012794919548007044,0.0021116026882208954,1.0021116026882209,-0.0000012516887134550458,1.0002872072554352,354.5514159813688,18.37554158251655,0,0.00000940025590019392
2021-08-09T19:00:00.000Z,0.023278081134741058,1.0038451152748762,0.0004532635669674869,0.00041028654572934046,0.0004056694140808226,268930434.9489,65275296.90459999,1136745.7538,0.003439445860795365,0.003439445860795365,0.004298378841843674,1.0042983788418436,-0.00000509851428809327,1.0008313036439571,355.8891557033672,18.45759416243776,0.00003921440000000001,0.000007185753378293506
2021-08-09T20:00:00.000Z,0.023278081134741058,1.0005944984415551,0.0004673859154690247,0.000418759331962269,0.00041254667788814814,268090708.8133,66610665.05379999,1335368.1492,0.00018195176366697652,0.00018195176366697652,0.0010618843570241493,1.0010618843570243,-8.934411988015256e-9,1.0006391643167027,353.6501337163068,18.35062180695514,0.000039210100000000026,0.000008467752812802361
2021-08-09T21:00:00.000Z,0.023278081134741058,0.9950579839945101,0.0004779946078918099,0.0004311093712563947,0.0004227710268707163,266692998.03059998,68557739.91279998,1947074.859,-0.005364787032360652,-0.005364787032360652,-0.004464021397598126,0.9955359786024018,-0.000011150501536771884,0.9999338879820929,349.9851927450502,18.11806642754041,0.000039197800000000054,0.000012411376694337554
2021-08-09T22:00:00.000Z,0.023278081134741058,0.9985086880886704,0.0004968458671306254,0.0004438880461531112,0.00043666514381279775,267554227.2528,70571913.45589998,2014173.5431,-0.0019279770551423603,-0.0019279770551423603,-0.000994466044198937,0.999005533955801,-0.0000011996202445851978,1.0002098322265394,352.31078750178125,18.203402749673984,0.000039174699999999786,0.000012797760881702408
2021-08-09T23:00:00.000Z,0.023278081134741058,1.000793128464254,0.0005162672317647418,0.0004521258215345196,0.0004456480645560479,268559507.0583,71872254.50609998,1300341.0502,0.000347480399697897,0.000347480399697897,0.0013093956960186868,1.0013093956960186,-2.683308664153117e-7,1.0002055683362374,353.92056106259224,18.303801923372422,0.000039150300000000187,0.000008231247553117224
2021-08-10T00:00:00.000Z,0.023278081134741058,1.0012436379838638,0.0005339989058495688,0.00046064641163486643,0.0004543023634986376,268676356.5222,73217217.71279998,1344963.2067,0.0007893356203652058,0.0007893356203652058,0.0017776368897134123,1.0017776368897133,-7.814249901594295e-7,1.0001295915115342,354.26019479936315,18.35040359303915,0.000038433300000000105,0.000008510006168708327
2021-08-10T01:00:00.000Z,0.023278081134741058,0.9976030102045537,0.000546415210881651,0.00047315815677521087,0.00046616846821900815,267658270.2357,75191875.57429998,1974657.8615,-0.002863158263665344,-0.002863158263665344,-0.001850574584564685,0.9981494254154353,-0.000002680237437324706,1.0000387075762742,351.7110488669929,18.207226096682138,0.000039126100000000045,0.000012541806989912534
2021-08-10T02:00:00.000Z,0.023278081134741058,0.998126619749666,0.0005626102534532625,0.00047831887477346936,0.0004705275427859812,267798403.21629998,76006361.30239998,814485.7281,-0.0023439077931199925,-0.0023439077931199925,-0.0013107699968807488,0.9986892300031193,-0.000001675942210233039,1.0000748595169913,352.0647179439583,18.19459886851581,0.00003913249999999983,0.000005170403262829173
2021-08-10T03:00:00.000Z,0.023278081134741058,0.9987158242597479,0.0005788725734253293,0.00048535832247175863,0.00047785782504761176,267904169.0091,77117139.23439997,1110777.932,-0.0017620335652996921,-0.0017620335652996921,-0.0007053031668267511,0.9992946968331733,-9.544689522078542e-7,1.0002087770057215,352.4283222845682,18.187413212222868,0.00003893659999999988,0.000007048499810153602
2021-08-10T04:00:00.000Z,0.023278081134741058,0.9978110871755748,0.0005921625218699966,0.0004950236820461497,0.0004883493536829153,267812897.37420002,78643131.11619997,1525991.8818,-0.002677262178108153,-0.002677262178108153,-0.001596750302555241,0.9984032496974448,-0.000004307091496125182,1.0008452018866323,351.55868087539716,18.08928297809283,0.000038978599999999946,0.000009686561866493265
2021-08-10T05:00:00.000Z,0.023278081134741058,0.9960339417762387,0.0006070521227021303,0.0005039082575343519,0.0004957094136612827,268595871.0398,80052462.08189997,1409330.9657,-0.0044617676374225645,-0.0044617676374225645,-0.0033590061010591514,0.9966409938989409,-0.000008664010884174012,1.0002816969666788,350.4990625776738,18.049932428249786,0.00003850310000000006,0.000008919953357492179
2021-08-10T06:00:00.000Z,0.023278081134741058,0.9999888176544343,0.0006299896876548708,0.000522749839019866,0.0005162447274391635,269666744.276,83041288.50529997,2988826.4234,-0.0005274270730049047,-0.0005274270730049047,0.0006188073420891297,1.0006188073420892,-8.113917626673128e-8,1.0004660795048441,353.2097552440002,18.24251898496702,0.000038762500000000136,0.00001884179279659217
2021-08-10T07:00:00.000Z,0.023278081134741058,0.9992034026756683,0.0006449490280666378,0.0005323084988537598,0.000525241843078561,269541965.6922,84558061.47869997,1516772.9734,-0.0013218391674102437,-0.0013218391674102437,-0.00015164829626504483,0.999848351703735,-3.8712183203504225e-7,1.0001479079279143,352.7606801760013,18.204571264848678,0.00003839330000000004,0.0000095662805164985
