query_ts,assumedLPToken,equityValue,totalDexYield,totalTradingfee,newTotalTradingFee,liquidity,totalVolume,volume,priceImpact,priceEffect,totalReturn,totalEquityVal,impermanentLoss,tokenPrice,quoteTokenPrice,rewardPrice,rewardTokenPerLP,feePerDollar
2022-05-22T09:00:00.000Z,0.02100665806084797,1,0,0.000009958063408470167,-9.865441796819141e-13,234560682.4614,1373982.3478,1373982.3478,9.865441796819141e-13,9.865441796819141e-13,0,1,-1.1102230246251565e-16,0.9993533577405924,316.88227735763996,4.722000123688007,0,0.000009958062735618026
2022-05-22T10:00:00.000Z,0.02100665806084797,1.007831982676124,0,0.00002967710365881782,0.000019653163718658107,235984846.939,4090001.4253000002,2716019.0775,0.007812329512405292,0.007812329512405292,0.00783198267612395,1.007831982676124,-0.0000299762517567137,0.9993923076603005,321.8402512436392,4.818736616048569,0,0.00001956580048100933
2022-05-22T11:00:00.000Z,0.02100665806084797,1.004961824249432,0,0.0000438138577033996,0.00003382944143459632,235306279.803,6037085.5085,1947084.0832,0.004927994807997438,0.004927994807997438,0.004961824249432034,1.004961824249432,-0.000010349247929308802,0.9997195003289027,319.895957997662,4.746952830890727,0,0.000014066955391973346
2022-05-22T12:00:00.000Z,0.02100665806084797,1.0004618940991474,0,0.000056624001378788514,0.00004600511391061879,234254373.55539998,7801465.8654000005,1764380.3569,0.00041588898523681195,0.00041588898523681195,0.00046189409914743074,1.0004618940991474,-7.747728398843634e-7,0.9985252317558098,317.4089325313653,4.723439115861467,0,0.00001280422884408024
2022-05-22T13:00:00.000Z,0.02100665806084797,1.0047509916337287,0,0.00007054468934121964,0.00006245087398237814,235274230.73149997,9718931.981800001,1917466.1164,0.00468854075974634,0.00468854075974634,0.004750991633728718,1.0047509916337287,-0.000005700328305824343,1.000654452567069,319.44477725789284,4.7822482073549555,0,0.000013854863695633674
2022-05-22T14:00:00.000Z,0.02100665806084797,1.0023026751800614,0,0.0000819285250482589,0.00007151983158015796,234647964.88230002,11286612.554800002,1567680.573,0.002231155348481284,0.002231155348481284,0.002302675180061442,1.0023026751800614,-0.0000037190005872655973,0.9988552002391322,318.45662619803466,4.756770260625031,0,0.000011357682029915746
2022-05-22T15:00:00.000Z,0.02100665806084797,1.0028897579054474,0,0.00009453243795880125,0.00008423750277986031,234665261.0279,13021423.122500002,1734810.5677,0.0028055204026675717,0.0028055204026675717,0.002889757905447432,1.0028897579054474,-0.000006125733069017869,0.9986554272249774,318.88551485022504,4.774240411536721,0,0.000012567595016713462
2022-05-22T16:00:00.000Z,0.02100665806084797,0.9989269710981602,0,0.00010973828595273957,0.00010027890095287706,233742119.505,15114402.634500002,2092979.512,-0.001173307802792678,-0.001173307802792678,-0.001073028901839801,0.9989269710981602,-1.8929155731761682e-7,0.9987951694305884,316.31579072032923,4.747793643078624,0,0.000015222182368907155
2022-05-22T17:00:00.000Z,0.02100665806084797,0.9996257283498903,0,0.00012023851860176538,0.00011063486109941234,233910036.98520002,16559714.088500002,1445311.454,-0.00048490651120913775,-0.00048490651120913775,-0.0003742716501097254,0.9996257283498903,-2.636039716508165e-7,0.9995942977234767,316.49872876643434,4.761197247125017,0,0.00001050416435082459
2022-05-22T18:00:00.000Z,0.02100665806084797,1.0000627344831963,0,0.00013090766158692686,0.00012014097466628293,234012174.01900002,18028274.425600003,1468560.3371,-0.00005740649147001342,-0.00005740649147001342,0.00006273448319626951,1.0000627344831963,-4.4977371449483883e-7,0.9983486604809828,317.16475695278945,4.783583501933219,0,0.000010668473055027037
2022-05-22T19:00:00.000Z,0.02100665806084797,1.000853648567737,0,0.00013575924169537517,0.00012503856490742038,234203131.12489998,18696089.664100002,667815.2385,0.0007286100028296438,0.0007286100028296438,0.0008536485677370642,1.000853648567737,-2.1333099597953264e-7,0.9994284629169191,317.32036495214464,4.81657859934231,0,0.000004847441193450802
2022-05-22T20:00:00.000Z,0.02100665806084797,1.0006858778238952,0,0.00013924666203334683,0.0001301522941552502,234163872.2049,19176129.6409,480039.9768,0.0005557255297399255,0.0005557255297399255,0.0006858778238951757,1.0006858778238952,-1.3618204008913892e-7,0.999387022543955,317.22388817298196,4.813309226367249,0,0.000003485029321030007
2022-05-22T21:00:00.000Z,0.02100665806084797,1.000918317020505,0,0.000142598990653995,0.00013215771767804974,234219055.3667,19637576.1455,461446.5046,0.0007861593028268832,0.0007861593028268832,0.0009183170205049329,1.000918317020505,-3.7055255908136076e-7,0.9992783847505192,317.40452526974536,4.732725979412632,0,0.0000033492537854865334
2022-05-22T22:00:00.000Z,0.02100665806084797,0.9996211655210016,0,0.0001459315499087421,0.00013514303548689544,233915882.1675,20096302.128200002,458725.9827,-0.000513977514485342,-0.000513977514485342,-0.0003788344789984466,0.9996211655210016,-3.1839846315051545e-9,0.9989194227315111,316.6941339321044,4.76894115819131,0,0.000003333823096422263
2022-05-22T23:00:00.000Z,0.02100665806084797,1.0032035996518975,0,0.00015256602600612296,0.00014236898650699104,234757649.9177,21009549.2613,913247.1331,0.0030612306653905463,0.0030612306653905463,0.0032035996518975374,1.0032035996518975,-0.000003894287537664631,0.9996189694281935,318.7406303748705,4.826985876523311,0,0.000006613288754655167
2022-05-23T00:00:00.000Z,0.02100665806084797,1.0043921672590332,0,0.0001580589267811741,0.00014830107417984628,235039011.1928,21765667.1825,756117.9212,0.004243866184853395,0.004243866184853395,0.004392167259033242,1.0043921672590332,-0.000008164483050299154,0.9995472122075008,319.5156168883394,4.848536850610595,0,0.000005468881355127892
2022-05-23T01:00:00.000Z,0.02100665806084797,1.0055858978300705,0,0.00016884365890231542,0.00015993223545707203,235285458.3904,23250017.206800003,1484350.0243,0.005425965594613391,0.005425965594613391,0.005585897830070463,1.0055858978300705,-0.000014458665327898856,0.9993871184714215,320.319570169383,4.872213170479057,0,0.000010724823618818926
2022-05-23T02:00:00.000Z,0.02100665806084797,1.0062690233490224,0,0.00017596517226617123,0.00016849046705313953,235464375.457,24230261.796900004,980244.5901,0.006100532881969212,0.006100532881969212,0.006269023349022351,1.0062690233490224,-0.000011615573015433256,1.0006154446055362,320.3557936553985,4.890294282293884,0,0.000007077146170989748
2022-05-23T03:00:00.000Z,0.02100665806084797,1.001824446038922,0,0.00018743986176932367,0.0001779346056711706,234425930.7467,25809712.263500005,1579450.4666,0.0016465114332508968,0.0016465114332508968,0.0018244460389220674,1.001824446038922,-7.142809188565025e-7,0.9998031004300552,317.78362367011675,4.857687846473311,0,0.000011453791757027278
2022-05-23T04:00:00.000Z,0.02100665806084797,1.004579401873149,0,0.00020013741605950385,0.00019035486621210573,234993053.35309997,27556909.511300005,1747197.2478,0.004389047006936986,0.004389047006936986,0.0045794018731490915,1.004579401873149,-0.000008087754431618244,0.9997107413243261,319.5557262472205,4.953705366087168,0,0.000012639672870656868
2022-05-23T05:00:00.000Z,0.02100665806084797,1.0069307267087204,0,0.0002138035432388878,0.0002055105966942694,235689309.2184,29438550.665400006,1881641.1541,0.0067252161120261444,0.0067252161120261444,0.006930726708720414,1.0069307267087204,-0.0000200664192582245,0.9997207889003455,321.04077635944,4.958142298357586,0,0.000013572062188895726
2022-05-23T06:00:00.000Z,0.02100665806084797,1.010273557899958,0,0.00022345841965223156,0.0002164217228228793,236478441.63549998,30767934.417500004,1329383.7521,0.010057136177135106,0.010057136177135106,0.010273557899957986,1.010273557899958,-0.000050980560931890295,0.9992625258704504,323.31757170133255,4.970854668435097,0,0.000009556695159778731
2022-05-23T07:00:00.000Z,0.02100665806084797,1.0145242714912472,0,0.00026326666477661446,0.00025541816574792264,235727067.23810002,36208839.109900005,5440904.6924,0.01426885332549932,0.01426885332549932,0.014524271491247243,1.0145242714912472,-0.00009932470622142642,0.9994264369087626,325.9660513765942,4.9970390296192795,0,0.00003923833646026466
2022-05-23T08:00:00.000Z,0.02100665806084797,1.0173660904468431,0,0.00027864778602341506,0.000273368076327829,240355489.93949997,38346387.11620001,2137548.0063,0.01709272237051529,0.01709272237051529,0.01736609044684312,1.0173660904468431,-0.00014696696966876033,0.9991562384054927,327.87229141972165,5.038440711456094,0,0.000015118571294646416
2022-05-23T09:00:00.000Z,0.02100665806084797,1.0149061354433373,0,0.00029413891283648294,0.0002883651160019429,239753463.3891,40499035.418900006,2152648.3027,0.014617770327335355,0.014617770327335355,0.014906135443337298,1.0149061354433373,-0.00011063982845682663,0.9989894626638464,326.3330410400187,5.005135041088933,0,0.0000152636047999479
2022-05-23T10:00:00.000Z,0.02100665806084797,1.0184131329741009,0,0.00030437489643176394,0.00029790579768507186,240645997.6578,41921807.280600004,1422771.8617,0.018115227176415782,0.018115227176415782,0.018413132974100854,1.0184131329741009,-0.0001519614905421962,0.999871767374048,328.2967524676366,5.019651590036225,0,0.000010050913742307165
2022-05-23T11:00:00.000Z,0.02100665806084797,1.0205238460756763,0,0.00031800503080322645,0.00031390951746579354,241166335.06119996,43816525.9217,1894718.6411,0.020209936558210462,0.020209936558210462,0.020523846075676255,1.0205238460756763,-0.00019731389737520644,0.9994948282123745,329.77336330388886,5.077075566819705,0,0.000013356017078638326
2022-05-23T12:00:00.000Z,0.02100665806084797,1.0234721611832303,0,0.00033376065244793845,0.00032981612407922967,241639447.8415,46004682.7123,2188156.7906,0.023142345059151026,0.023142345059151026,0.023472161183230256,1.0234721611832303,-0.0002591326237153524,0.9994640160886364,331.6820602805268,5.102454756157279,0,0.00001539428506913322
2022-05-23T13:00:00.000Z,0.02100665806084797,1.0230170084798684,0,0.00035799941802535236,0.00035512519991942604,241282191.2554,49367505.478,3362822.7657,0.022661883279949002,0.022661883279949002,0.023017008479868428,1.0230170084798684,-0.0002480077961031224,0.9994884875797049,331.3625081516867,5.057897030786997,0,0.00002369341339261422
2022-05-23T14:00:00.000Z,0.02100665806084797,1.0231544187629615,0,0.00038845293406809654,0.00038468033070460095,241380518.3903,53593700.7948,4226195.3168,0.022769738432256936,0.022769738432256936,0.023154418762961537,1.0231544187629615,-0.0002517657550007435,0.9994258283549606,331.45318543539486,5.042393062309034,0,0.000029764340910656995
2022-05-23T15:00:00.000Z,0.02100665806084797,1.0206990002249885,0,0.0004127889982843167,0.00040726505649790745,240795753.52499998,56970868.0558,3377167.261,0.020291735168490588,0.020291735168490588,0.020699000224988495,1.0206990002249885,-0.00019985659679477852,0.9994474089407362,329.8418954699773,4.989476002995935,0,0.00002384254813324163
2022-05-23T16:00:00.000Z,0.02100665806084797,1.0258845104886087,0,0.00043144625070098134,0.000429716182146489,241891287.12749997,59558607.247099996,2587739.1913,0.025454794306462247,0.025454794306462247,0.025884510488608736,1.0258845104886087,-0.000319919650089151,0.9991912742231022,333.273999690591,5.068368313219831,0,0.0000181865030255977
2022-05-23T17:00:00.000Z,0.02100665806084797,1.027088838036358,0,0.00045247069930054104,0.00045071244646632813,242013367.5949,62472724.566599995,2914117.3195,0.02663812558989176,0.02663812558989176,0.027088838036358087,1.027088838036358,-0.0003405799097147,0.9995400194281049,333.92706185004505,5.0597766921664755,0,0.0000204699413606044
2022-05-23T18:00:00.000Z,0.02100665806084797,1.0258031941437908,0,0.0004662927210907262,0.00046237438727225744,241712926.78530002,64388561.23149999,1915836.6649,0.025340819756518584,0.025340819756518584,0.025803194143790842,1.0258031941437908,-0.0003195421309232227,0.99909514011958,333.23198097151106,5.040027806127929,0,0.000013474340713365902
2022-05-23T19:00:00.000Z,0.02100665806084797,1.020906224896754,0,0.0004816197817030072,0.0004808725524882984,240591799.828,66513297.07169999,2124735.8402,0.02042535234426568,0.02042535234426568,0.020906224896753978,1.020906224896754,-0.00020802160084143484,0.9991741369940969,330.0185278359589,4.988545832176047,0,0.000015013192182452888
2022-05-23T20:00:00.000Z,0.02100665806084797,1.0112035690728247,0,0.0005039477627572141,0.000502267917247945,238305899.1209,69608554.2754,3095257.2037,0.01070130115557677,0.01070130115557677,0.011203569072824715,1.0112035690728247,-0.00006117538367356179,0.998936651739399,323.8357029926872,4.867435959979528,0,0.000022080600042638707
2022-05-23T21:00:00.000Z,0.02100665806084797,1.0139013473403204,0,0.0005151306424712458,0.0005062804534123888,238945021.81469998,71158823.1292,1550268.8538,0.013395066886908058,0.013395066886908058,0.013901347340320447,1.0139013473403204,-0.00011068806484082483,0.9977823571170344,325.94083804253904,4.909881166758272,0,0.000011029554126906131
2022-05-23T22:00:00.000Z,0.02100665806084797,1.0136514547261495,0,0.0005202595986940611,0.000513703601034976,238886129.8953,71869843.968,711020.8388,0.013137751125114505,0.013137751125114505,0.013651454726149481,1.0136514547261495,-0.00008642961961868867,0.999257555758038,325.2943964027352,4.8830792123560025,0,0.000005059881151282284
2022-05-23T23:00:00.000Z,0.02100665806084797,1.0047816639803295,0,0.0005346829339705722,0.0005216895282029732,236913603.5694,73870327.839,2000483.871,0.004259974452126558,0.004259974452126558,0.004781663980329531,1.0047816639803295,-0.000009059901374230961,0.9993475357411927,319.589710607659,4.7930271523816925,0,0.000014354695253722668
2022-05-24T00:00:00.000Z,0.02100665806084797,1.0007578959958567,0,0.0005490793534161099,0.0005337706606114434,235959271.7936,75867031.5286,1996703.6896,0.00022412533524529543,0.00022412533524529543,0.0007578959958567388,1.0007578959958567,-4.500036565602272e-9,0.9994825140236572,316.9833690833267,4.795653931841814,0,0.000014385517663782124
2022-05-24T01:00:00.000Z,0.02100665806084797,1.0048870169562583,0,0.0005646241018245439,0.0005506167354156766,237040064.17319998,78023977.5873,2156946.0587,0.0043364002208425845,0.0043364002208425845,0.004887016956258261,1.0048870169562583,-0.0000099450528004974,0.999220626632087,319.67895167991355,4.828546391989447,0,0.000015469149962390928
2022-05-24T02:00:00.000Z,0.02100665806084797,1.0126186597147424,0,0.0005786010771272491,0.0005683978893455954,238956254.3429,79964133.933,1940156.3457,0.012050261825396813,0.012050261825396813,0.012618659714742408,1.0126186597147424,-0.00007313126210295451,0.9992374020107795,324.6029842064217,4.905115734299802,0,0.000013802801674975282
2022-05-24T03:00:00.000Z,0.02100665806084797,1.0122923614864099,0,0.0005873887839911805,0.0005770207790387616,238880191.10070002,81183968.137,1219834.204,0.011715340707371125,0.011715340707371125,0.012292361486409886,1.0122923614864099,-0.00006596290677562955,0.999514301990742,324.29830916446184,4.892112066786343,0,0.000008680996683922709
2022-05-24T04:00:00.000Z,0.02100665806084797,1.0151649593091685,0,0.000596627180301144,0.000588073366797115,239541041.87379998,82466271.9644,1282303.8274,0.014576885942371387,0.014576885942371387,0.015164959309168502,1.0151649593091685,-0.00010648325887485655,0.9992310888677427,326.2278372270185,4.919082039870156,0,0.000009100388349018156
2022-05-24T05:00:00.000Z,0.02100665806084797,1.0178503743034246,0,0.0006069421615347286,0.0005996577851921092,240171691.43010002,83897989.79319999,1431717.8288,0.01725071651823251,0.01725071651823251,0.01785037430342462,1.0178503743034246,-0.00014042451869455963,0.9996972748667159,327.7966623134333,4.941299806740031,0,0.000010134084889302503
2022-05-24T06:00:00.000Z,0.02100665806084797,1.0172386252681511,0,0.0006155935015771921,0.0006076988946586148,240031195.9764,85098813.58359998,1200823.7904,0.016630926373492505,0.016630926373492505,0.01723862526815112,1.0172386252681511,-0.0001345921139995765,0.9994396975797186,327.48172173404316,4.9317563704246465,0,0.000008504729709719531
2022-05-24T07:00:00.000Z,0.02100665806084797,1.012258563031889,0,0.0006287706819848833,0.0006215559902189582,238832482.01959997,86927652.62459998,1828839.041,0.011637007041670033,0.011637007041670033,0.012258563031888992,1.012258563031889,-0.00006612772514746901,0.999422579325968,324.27785056820886,4.8709259163881935,0,0.000013017602728948966
