query_ts,assumedLPToken,equityValue,totalDexYield,totalTradingfee,newTotalTradingFee,liquidity,totalVolume,volume,priceImpact,priceEffect,totalReturn,totalEquityVal,impermanentLoss,tokenPrice,quoteTokenPrice,rewardPrice,rewardTokenPerLP,feePerDollar
2021-09-05T09:00:00.000Z,0.01940001181058945,1,0.00001944213321625563,0.000010246259797850218,-9.190426197847046e-13,276210049.4743,1664776.548,1664776.548,9.190426197847046e-13,9.190426197847046e-13,0.00001944213321625563,1.0000194421332163,0,1.0001039659598803,494.9449462972144,23.60343593081802,0.0000424587,0.000010246260543330913
2021-09-05T10:00:00.000Z,0.01940001181058945,1.0007800835870895,0.000039000164351070526,0.000022857984375778598,0.000012453495386255398,276412938.71750003,3713792.0997,2049015.5517,0.0007676300917032197,0.0007676300917032197,0.0008190837514405456,1.0008190837514406,-5.171170158746463e-10,1.0009038639168089,495.3089517826903,23.673174699221484,0.00004246089999999999,0.000012601893580133868
2021-09-05T11:00:00.000Z,0.01940001181058945,1.0005428572861077,0.0000584613852571345,0.00003347305585815875,0.00002335602535752379,276398566.8321,5438732.3377,1724940.238,0.000519501260750177,0.000519501260750177,0.0006013186713648352,1.000601318671365,-3.414948623881031e-8,1.0003620517213925,495.33150420098144,23.6652146128194,0.000042418000000000006,0.000010609311177728729
2021-09-05T12:00:00.000Z,0.01940001181058945,0.9980692539883956,0.00007770688475374025,0.00004414227083350108,0.000034028929228657745,275745145.0741,7172658.9141,1733926.5764,-0.001964774940833025,-0.001964774940833025,-0.0018530391268506271,0.9981469608731494,-5.54967536814388e-7,0.9991911150415776,493.45234769951117,23.655482090625426,0.0000419892,0.000010689853411881037
2021-09-05T13:00:00.000Z,0.01940001181058945,0.9984841830706015,0.00009743422410178581,0.00005720510000605874,0.000046903722554891836,275822319.96999997,9295299.8282,2122640.9141,-0.0015627206519533976,-0.0015627206519533976,-0.00141838270529672,0.9985816172947033,-7.635565069108452e-8,0.9989313719180865,493.9784095462104,23.719201504785712,0.000042416399999999996,0.000013082659715002326
2021-09-05T14:00:00.000Z,0.01940001181058945,1.0015637555284034,0.00011756808901022142,0.00007002449977041829,0.000060063945109822825,276789091.2474,11379258.6035,2083958.7753,0.0015036915832935538,0.0015036915832935538,0.001681323617413598,1.0016813236174136,-0.0000010160502027511953,1.0001810209127664,496.3963086925332,23.842008751643846,0.00004243870000000002,0.000012799384188314822
2021-09-05T15:00:00.000Z,0.01940001181058945,1.001558456143577,0.00013750069593039042,0.00008611169378418779,0.0000764579493994777,276790002.9938,13994462.0471,2615203.4436,0.0014819981941776028,0.0014819981941776028,0.001695956839507471,1.0016959568395074,-7.949964998532622e-7,1.0003239644754434,496.3038736213709,23.90552421396856,0.00004230439999999999,0.000016062161949611978
2021-09-05T16:00:00.000Z,0.01940001181058945,0.9991651258228545,0.0001568283022702184,0.0001049624660404041,0.00009727534137426996,276136754.5888,17059015.165,3064553.1179,-0.0009321495185197204,-0.0009321495185197204,-0.000678045874875232,0.9993219541251248,-3.075560137677513e-7,0.9999556681778936,494.0959166799417,23.859507998853676,0.000042327399999999936,0.000018866522525000026
2021-09-05T17:00:00.000Z,0.01940001181058945,1.0023828239979464,0.00017780894525576348,0.00012042677029496275,0.00011040046397936543,276721636.8752,19570270.8897,2511255.7247,0.0022724235339670606,0.0022724235339670606,0.0025606329432021897,1.0025606329432022,-0.000004186887449519894,0.9994801885870931,497.5072527410547,24.057693842735237,0.00004216230000000005,0.000015427542205221046
2021-09-05T18:00:00.000Z,0.01940001181058945,1.0036024922101516,0.00019823467588924457,0.00014023989953705515,0.00013082777002093593,277045217.2815,22787582.071599998,3217311.1819,0.003471664440130695,0.003471664440130695,0.0038007268860408756,1.003800726886041,-0.000006475431516661523,0.9999708726404798,498.4538111130669,24.130462602606013,0.00004248360000000004,0.000019742008408947284
2021-09-05T19:00:00.000Z,0.01940001181058945,1.0029150967869902,0.0002174029773161491,0.00015153734703486098,0.00014158833096700185,276896967.3483,24622368.145499997,1834786.0739,0.0027735084560231993,0.0027735084560231993,0.0031324997643063504,1.0031324997643063,-0.0000035900110566533527,1.0001940884300307,497.6493768444972,24.05118508470518,0.00004247720000000002,0.00001126460992151834
2021-09-05T20:00:00.000Z,0.01940001181058945,1.0032951555565874,0.00023752682633299766,0.00016118849983041427,0.00015137234657935927,276952284.3142,26189503.6423,1567135.4968,0.0031437832100080776,0.0031437832100080776,0.0035326823829204346,1.0035326823829205,-0.00000590567384484153,0.9998060586326784,498.2102422984432,24.081660109565288,0.00004248509999999999,0.000009619456113738232
2021-09-05T21:00:00.000Z,0.01940001181058945,1.0078541970564394,0.0002598554044025769,0.00017346096864180615,0.0001656194807420075,278206711.7506,28182254.152099997,1992750.5098,0.007688577575697408,0.007688577575697408,0.008114052460841993,1.008114052460842,-0.000028759147037593635,1.0001789751600147,502.54735805718985,24.313683502845198,0.00004248600000000004,0.00001217683011794806
2021-09-05T22:00:00.000Z,0.01940001181058945,1.0081264434497612,0.00028064136649607176,0.00018307776207644171,0.00017416988852003712,278288421.82,29743824.3947,1561570.2426,0.007952273561241174,0.007952273561241174,0.008407084816257283,1.0084070848162572,-0.000034567957684750183,0.9997099027666226,503.0463326072503,24.38868468813849,0.0000422377,0.000009539273660968437
2021-09-05T23:00:00.000Z,0.01940001181058945,1.0090713860072755,0.00030102234194320316,0.00019024935280245522,0.0001822994135169953,278526967.4124,30908250.421499997,1164426.0268,0.008889086593758533,0.008889086593758533,0.00937240834921873,1.0093724083492188,-0.00003793143648955777,1.0002437342691863,503.71287599237576,24.41255626999844,0.00004245380000000004,0.00000710711879697101
2021-09-06T00:00:00.000Z,0.01940001181058945,1.0087484012867247,0.00032136957917191085,0.00020017384982441854,0.000191803557432646,278378922.799,32519315.495699998,1611065.0742,0.00855659772929207,0.00855659772929207,0.009069770865896627,1.0090697708658967,-0.00003357467635822786,1.0004296648740085,503.2873703685824,24.429364170943888,0.00004249570000000003,0.000009838426697690483
2021-09-06T01:00:00.000Z,0.01940001181058945,1.0080970337321966,0.0003411138645188235,0.0002181031273396354,0.00020972309327227379,278190126.6854,35429719.146699995,2910403.651,0.007887310638924339,0.007887310638924339,0.008438147596715436,1.0084381475967155,-0.000027296904432705382,1.0005716459051257,502.5482984109315,24.401007599168487,0.00004249720000000002,0.000017785268893799547
2021-09-06T02:00:00.000Z,0.01940001181058945,1.0068238101189873,0.00036165309862779867,0.0002328944859245095,0.00022354364029131268,277769932.1628,37830159.48629999,2400440.3396,0.0066002664786959375,0.0066002664786959375,0.007185463217615049,1.0071854632176152,-0.0000205891420197446,1.000265490050827,501.41906207613084,24.42916213155484,0.00004250800000000001,0.000014691109817200398
2021-09-06T03:00:00.000Z,0.01940001181058945,1.0041592630722098,0.00037985336140624823,0.0002436918845378891,0.00023366006925273908,271562131.63379997,39547818.13379999,1717658.6475,0.003925603002957079,0.003925603002957079,0.004539116433616066,1.0045391164336162,-0.0000060285672015547576,1.0005496823187343,498.61626998535775,24.27881802853372,0.000043366400000000005,0.000010752676314559314
2021-09-06T04:00:00.000Z,0.01940001181058945,1.0028714672429488,0.00039966557892156726,0.000255309147050396,0.0002453525180596827,271248089.4032,41396134.516399994,1848316.3826,0.0026261147248891614,0.0026261147248891614,0.0032711328218704115,1.0032711328218704,-0.000007484111053557285,0.9988583944661058,498.16836390502596,24.241747336960195,0.00004336090000000008,0.000011583999936491097
2021-09-06T05:00:00.000Z,0.01940001181058945,1.0037829823132929,0.0004198583028148408,0.00027531709121109035,0.0002652294966929425,271943298.79399997,44584675.94799999,3188541.4316,0.0035177528165999394,0.0035177528165999394,0.004202840616107722,1.0042028406161077,-0.000009188775039969954,0.9993288449763789,498.8198645425216,24.237043419226776,0.00004310999999999995,0.00001993253909090109
2021-09-06T06:00:00.000Z,0.01940001181058945,1.0048721468245285,0.0004418199076740266,0.0002854767318962075,0.0002770336411541674,272233044.5635,46203723.037099995,1619047.0891,0.004595113183374355,0.004595113183374355,0.005313966732202549,1.0053139667322026,-0.000009356631155865713,1.0003627145005263,499.3748541042134,24.325472769336113,0.00004329120000000001,0.000010110381918856256
2021-09-06T07:00:00.000Z,0.01940001181058945,1.009220665608096,0.00046785938589919405,0.00030639770463274714,0.00030111290063827845,273596714.5623,49539966.07919999,3336243.0421,0.0089195527074577,0.0089195527074577,0.009688524993995173,1.009688524993995,-0.00003456167320103898,1.000670028532236,503.5286992854611,24.62321897854599,0.00004319020000000008,0.000020729829232940337
2021-09-06T08:00:00.000Z,0.01940001181058945,1.0092224032865538,0.000491166048329609,0.00032145816466144827,0.00031307847124395494,273648529.92,51942090.781399995,2402124.7022,0.008909324815309816,0.008909324815309816,0.00971356933488338,1.0097135693348833,-0.00003734325873916422,1.000331615837012,503.6888308843699,24.757386691176766,0.00004321809999999987,0.00001492283548877031
2021-09-06T09:00:00.000Z,0.01940001181058945,1.0080390979734257,0.0005121333520300422,0.0003367334332609233,0.0003283844416996917,273248963.3728,54377775.408199996,2435684.6268,0.007710713531726032,0.007710713531726032,0.008551231325455766,1.0085512313254559,-0.00003169082236986753,0.9998237498855427,502.74799411317235,24.76637495094997,0.0000432682000000002,0.000015153447663443812
2021-09-06T10:00:00.000Z,0.01940001181058945,1.010151012207824,0.0005360618612707947,0.0003481744524861346,0.00034162288476680125,272433224.8923,56192829.4655,1815054.0573,0.009809389323057305,0.009809389323057305,0.010687074069094901,1.010687074069095,-0.00005156849052967427,0.9997097361743372,504.90181392288935,24.907346081818442,0.00004348779999999993,0.000011326048423902097
2021-09-06T11:00:00.000Z,0.01940001181058945,1.010911369055864,0.0005623225371145927,0.0003612597235923547,0.0003537718486312791,272858195.0834,58270409.1791,2077579.7136,0.010557597207232705,0.010557597207232705,0.011473691592978577,1.0114736915929785,-0.000054860522190836036,1.0001312033198735,505.4372076964135,25.153964199615448,0.00004293739999999996,0.000012944033115957786
2021-09-06T12:00:00.000Z,0.01940001181058945,1.0037958731283807,0.0005758589462280118,0.0003859860435655628,0.0003756801626051409,270876900.8369,62195386.3424,3924977.1633,0.003420192965775559,0.003420192965775559,0.004371732074608712,1.0043717320746086,-0.000004739581786705749,1.000439583439755,498.1691735693239,24.824110627648142,0.000043419599999999946,0.00002463281718372735
2021-09-06T13:00:00.000Z,0.01940001181058945,0.9981270501136416,0.0005901590264543102,0.00042358999631858226,0.0004111802541065801,269370206.9044,68165028.732,5969642.3896,-0.002284130140465024,-0.002284130140465024,-0.0012827908599041334,0.9987172091400959,-0.0000020702949823370176,0.99985207447313,492.81061310222896,24.551354584888625,0.00004330779999999994,0.00003767451560046387
2021-09-06T14:00:00.000Z,0.01940001181058945,1.0002572711303848,0.0006116702799380228,0.00044409494550184974,0.00043292966282426626,269919722.6762,71419891.3257,3254862.5937,-0.00017565853243950436,-0.00017565853243950436,0.0008689414103227847,1.0008689414103227,-2.642217555859361e-10,0.9999512756821434,494.84662937708225,24.59387454412804,0.000042943300000000054,0.00002049967432697682
2021-09-06T15:00:00.000Z,0.01940001181058945,1.0030866871890334,0.0006388430699417627,0.00046356512327515575,0.00045353058957209313,270458982.1505,74507938.4789,3088047.1532,0.0026331565994612838,0.0026331565994612838,0.0037255302589751394,1.0037255302589752,-0.000003814402029789221,0.9999716235088499,497.6207626125802,24.845749860269006,0.000043377800000000024,0.00001941026368840934
2021-09-06T16:00:00.000Z,0.01940001181058945,1.0027072032126862,0.0006603505053783005,0.00048050544056830064,0.0004701336514159049,270353443.6688,77194707.9507,2686769.4718,0.002237069561270344,0.002237069561270344,0.0033675537180645494,1.0033675537180646,-0.000005667864061975614,0.9989721948974701,497.72512812420285,24.868952592271356,0.000043342299999999926,0.00001689458081272116
2021-09-06T17:00:00.000Z,0.01940001181058945,1.0024218467278831,0.0006708829191765227,0.0005077737654290632,0.0005014443507442845,268423136.2034,81489864.02419999,4295156.0735,0.0019204023771388634,0.0019204023771388634,0.0030927296470596704,1.0030927296470598,-0.0000013818396680242984,1.0003601534455362,496.7205181770687,24.508931333716337,0.000042257099999999965,0.000027202443977917847
2021-09-06T18:00:00.000Z,0.01940001181058945,1.0033519098856791,0.0006930549557822901,0.0005220598332463199,0.0005118922496949452,268045408.65379998,83734877.1651,2245013.1409,0.0028400176359841822,0.0028400176359841822,0.004044964841461418,1.0040449648414613,-0.0000042475947580333795,1.000025297282151,497.79940027607245,24.557550471603463,0.000043745699999999814,0.000014238342520760407
2021-09-06T19:00:00.000Z,0.01940001181058945,1.0028512024193519,0.0007131797267060315,0.0005369072675653325,0.0005273034740089777,267908244.9554,86068077.77489999,2333200.6098,0.002323898945342906,0.002323898945342906,0.0035643821460579154,1.0035643821460578,-0.0000036093431876604853,0.9997384322802102,497.4298317819093,24.531681741362238,0.00004382050000000016,0.000014805221979339654
2021-09-06T20:00:00.000Z,0.01940001181058945,1.0032401303039884,0.0007377802684287836,0.0005516208321028461,0.0005415032742124293,268026221.17139998,88380362.90149999,2312285.1266,0.0026986270297759685,0.0026986270297759685,0.003977910572417182,1.0039779105724171,-0.000005424802253517491,0.9995051940556736,497.9180027145142,24.65807493159979,0.000043744799999999934,0.00001466604535198159
2021-09-06T21:00:00.000Z,0.01940001181058945,1.0030041800484835,0.0007546746876066862,0.0005598643491414408,0.0005495738949852225,265737161.5703,89665096.65269999,1284733.7512,0.00245460615349824,0.00245460615349824,0.0037588547360901487,1.00375885473609,-0.0000010762742893577482,1.0010889943189352,496.8883200007423,24.54131067598392,0.00004282290000000015,0.000008218825564832476
2021-09-06T22:00:00.000Z,0.01940001181058945,1.0034004259124552,0.0007796078864458894,0.00056705551253937,0.000557118650503341,265840893.93010002,90785818.2868,1120721.6341,0.0028433072619518107,0.0028433072619518107,0.004180033798901041,1.004180033798901,-0.000004289369628818207,1.0000142796416691,497.80815068645046,24.674040846993282,0.00004356090000000007,0.000007166793452293155
2021-09-06T23:00:00.000Z,0.01940001181058945,1.0040433158383621,0.0007994000296809357,0.0005768357433135051,0.0005671994621676557,266350644.2466,92311983.1713,1526164.8845,0.0034761163761944935,0.0034761163761944935,0.0048427158680430845,1.004842715868043,-0.00000588457819927779,1.0001434306666783,498.3722333034833,24.64489122368246,0.00004332289999999996,0.000009740844858809155
2021-09-07T00:00:00.000Z,0.01940001181058945,1.0016506752268595,0.0008157713245604274,0.000588477339260826,0.0005794074415192974,264918472.12050003,94123154.6052,1811171.4339,0.0010712677853401686,0.0010712677853401686,0.0024664465514198934,1.00246644655142,-0.0000011606154424192994,0.9996511564403314,496.23062604820973,24.504655458208433,0.000044006099999999883,0.000011622411276135923
2021-09-07T01:00:00.000Z,0.01940001181058945,1.0012473560526216,0.0008434242958734855,0.0006011150598545806,0.0005899133029270143,264647790.51640004,96088082.87769999,1964928.2725,0.0006574427496945923,0.0006574427496945923,0.002090780348495092,1.002090780348495,-4.7561148208696835e-7,0.9997859034124611,495.753620427408,24.705607242826296,0.00004373809999999986,0.000012621976010954072
2021-09-07T02:00:00.000Z,0.01940001181058945,1.0033194028340089,0.0008621261349740256,0.0006126926571029396,0.0006029712960142763,267520177.27,97903961.73089999,1815878.8532,0.0027164315379946125,0.0027164315379946125,0.004181528968982914,1.0041815289689828,-0.000002797294047285348,1.0004515202453101,497.46468860764554,24.64968183226087,0.000043101000000000155,0.000011539294276574848
2021-09-07T03:00:00.000Z,0.01940001181058945,1.00795513546339,0.0008891904976397275,0.000631213759138455,0.0006253407641978459,268736030.97389996,100808670.45759998,2904708.7267,0.007329794699192149,0.007329794699192149,0.008844325961029723,1.0088443259610298,-0.000023372332945359453,1.0005701116412191,501.9932496820305,24.824912490549167,0.00004347069999999986,0.000018374926568256068
2021-09-07T04:00:00.000Z,0.01940001181058945,1.002567083127622,0.0009015177328121613,0.0006466603802822484,0.0006361325885775315,267275350.57650003,103230982.14599998,2422311.6884,0.0019309505390445736,0.0019309505390445736,0.0034686008604342664,1.0034686008604343,-7.586309085372278e-7,1.0008015981039873,496.5118735202336,24.588621948475343,0.00004358480000000012,0.00001540706938143687
2021-09-07T05:00:00.000Z,0.01940001181058945,1.002387714731224,0.0009212025523257688,0.0006629881072824527,0.00065298396054847,266216427.3359,105781779.28209998,2550797.1361,0.00173473077067543,0.00173473077067543,0.0033089172835496687,1.0033089172835497,-0.0000030966161781442736,0.9993487767720103,497.0389476045999,24.565428260296947,0.00004308959999999987,0.000016288833768693695
2021-09-07T06:00:00.000Z,0.01940001181058945,1.0012326575541333,0.0009410650803333563,0.0006811445725159798,0.0006706235363727053,265836760.8872,108617493.17249998,2835713.8904,0.0005620340177605598,0.0005620340177605598,0.0021737226344666215,1.0021737226344667,-6.890541980331122e-7,0.9994920367945779,495.8048203242239,24.54915501847458,0.00004298710000000003,0.000018134112067839735
2021-09-07T07:00:00.000Z,0.01940001181058945,0.9979649673702666,0.0009508841679774892,0.0006991966307659447,0.0006864724126907085,264972908.41709998,111436940.35969998,2819447.1872,-0.002721505042424077,-0.002721505042424077,-0.0010841484617558797,0.9989158515382441,-0.000004853054509590393,1.000494336818904,492.06255490247884,24.270843027611384,0.000043512100000000054,0.000018088868959747135
