query_ts,assumedLPToken,equityValue,totalDexYield,totalTradingfee,newTotalTradingFee,liquidity,totalVolume,volume,priceImpact,priceEffect,totalReturn,totalEquityVal,impermanentLoss,tokenPrice,quoteTokenPrice,rewardPrice,rewardTokenPerLP,feePerDollar
2022-01-15T09:00:00.000Z,0.017897892999108496,1,0.000010870655240501166,0.000022124351566018373,7.460698725481052e-14,182165249.4996,2370757.7054,2370757.7054,-7.460698725481052e-14,-7.460698725481052e-14,0.000010870655240501166,1.0000108706552404,-2.220446049250313e-16,0.9999139116639234,492.40411476204423,11.495786228868456,0.00005283420000000001,0.000022124351983987204
2022-01-15T10:00:00.000Z,0.017897892999108496,0.9998032166935008,0.00002170175113336916,0.00004013632931468179,0.000018728284774893744,182131707.98,4300874.1895,1930116.4841,-0.0002155115912740868,-0.0002155115912740868,-0.0001750815553658239,0.9998249184446342,-2.6654776619228215e-7,1.000428598958374,491.9386836542,11.474901677561219,0.000052833899999999996,0.000018015523268086358
2022-01-15T11:00:00.000Z,0.017897892999108496,1.0001147703748807,0.00003281869395472836,0.000057860460619608446,0.000034947515807903784,182093384.8795,6199154.5943,1898280.4048,0.00007982285907282005,0.00007982285907282005,0.0001475890688354522,1.0001475890688354,-0.0000012942137410654198,0.9983861713260124,493.2363300219152,11.569680274944348,0.0000528205,0.000017722097319985086
2022-01-15T12:00:00.000Z,0.017897892999108496,0.999296806548037,0.00004337725597148883,0.00007602796031969831,0.000054590196877701835,182059215.0729,8146147.7012,1946993.1069,-0.0007577836488407153,-0.0007577836488407153,-0.0006598161959915246,0.9993401838040085,-4.771481121323973e-8,0.9994648971247626,491.8790057850217,11.497569498923502,0.000052303399999999984,0.00001818028425754037
2022-01-15T13:00:00.000Z,0.017897892999108496,0.9964850147027148,0.00005388605722559702,0.00010025436393499368,0.00007704669998809255,180811934.1132,10731956.1116,2585808.4104,-0.003592031997273315,-0.003592031997273315,-0.0034610992400596254,0.9965389007599403,-0.000004311866291684119,0.9992523133002366,489.19668502140996,11.41890140418801,0.00005287160000000001,0.00002431185927654475
2022-01-15T14:00:00.000Z,0.017897892999108496,1.0001822948547292,0.0000651631246002336,0.00011848911138844909,0.00009677928361373489,181291534.32860002,12676193.0074,1944236.8958,0.0000855155711154687,0.0000855155711154687,0.0002474579793294372,1.0002474579793295,-1.9839837173130093e-7,0.9993697004983831,492.7565214898464,11.506495371764037,0.000052751300000000025,0.000018231423409264957
2022-01-15T15:00:00.000Z,0.017897892999108496,1.0037630453477318,0.0000764621117014162,0.0001497112680198846,0.00012851668409563644,182064674.62150002,16007452.5755,3331259.5681,0.0036345286636361163,0.0036345286636361163,0.003839507459433169,1.003839507459433,-0.000006560775630659599,0.9999194728388991,495.9871745507585,11.565177692632675,0.00005298100000000001,0.00003110510744351304
2022-01-15T16:00:00.000Z,0.017897892999108496,1.0072037335111783,0.00008908257654730993,0.00017949094933442485,0.0001599428926406521,182384096.0585,19179507.8788,3172055.3033,0.00704379061853766,0.00704379061853766,0.007292816087725622,1.0072928160877257,-0.00003099598390821079,0.9990598496811293,499.79221863720477,11.78280395802611,0.00005302189999999998,0.000029566689926079674
2022-01-15T17:00:00.000Z,0.017897892999108496,1.00818721958324,0.00010118678791447607,0.00020313422706728416,0.0001836713365905851,182651211.0351,21699157.338,2519649.4592,0.008003548246649395,0.008003548246649395,0.008288406371154456,1.0082884063711544,-0.00003149770240307159,0.9999485303866499,500.30029551672845,11.891841541794827,0.00005299710000000005,0.000023451276651085876
2022-01-15T18:00:00.000Z,0.017897892999108496,1.0064382126639384,0.00011157481603549205,0.00022482254300490106,0.00020326728727404486,183244447.9572,24022004.4791,2322847.1411,0.006234945376664358,0.006234945376664358,0.006549787479973895,1.0065497874799738,-0.000016658526767243664,1.0003574276299796,498.3424404070322,11.804422164427747,0.0000526892,0.000021549575901979425
2022-01-15T19:00:00.000Z,0.017897892999108496,1.0060295815769609,0.00012154459382106509,0.00024260606667795596,0.00022391799837473414,183068376.6032,25925586.0691,1903581.59,0.00580566357858614,0.00580566357858614,0.006151126170781939,1.0061511261707818,-0.000017314676604818224,0.9998180866737715,498.1859196430377,11.713304229184912,0.000051664000000000005,0.000017676939966612637
2022-01-15T20:00:00.000Z,0.017897892999108496,1.0052812015776422,0.00013292961828206487,0.000255885095175517,0.00023560683920242909,182966711.75820002,27347266.3075,1421680.2384,0.005045594738439796,0.005045594738439796,0.00541413119592429,1.0054141311959244,-0.000011820378875482263,1.0000846197358713,497.3006930688245,11.751019872738738,0.00005227149999999996,0.000013209268407654397
2022-01-15T21:00:00.000Z,0.017897892999108496,1.004769086408983,0.00014426330345884627,0.000269305731802487,0.0002481808005563302,182891151.2775,28784245.8933,1436979.5858,0.004520905608426773,0.004520905608426773,0.004913349712441949,1.0049133497124418,-0.000015893173303749286,0.9987873852933729,497.4268165260235,11.770541120708168,0.00005275060000000004,0.000013356935416484148
2022-01-15T22:00:00.000Z,0.017897892999108496,1.002621139621361,0.0001543319715404442,0.0002791529592333521,0.0002565344102858358,182546022.7501,29838877.0373,1054631.144,0.002364605211075066,0.002364605211075066,0.002775471592901346,1.0027754715929014,-0.000005523776003601988,0.9989524774805006,495.21170509380283,11.69145427892437,0.0000527496,0.000009821484564768574
2022-01-15T23:00:00.000Z,0.017897892999108496,1.0035164688930112,0.00016502017749422054,0.000290287229519151,0.00027130685843856917,182710308.2485,31031357.8319,1192480.7946,0.0032451620345725907,0.0032451620345725907,0.00368148907050538,1.0036814890705055,-0.000003739724892093399,1.0004190410551335,495.3549227120932,11.693562175548157,0.00005093590000000001,0.000011095254396171392
2022-01-16T00:00:00.000Z,0.017897892999108496,1.0034421423064,0.00017640123151779825,0.00030090654699694745,0.0002791943651363482,182699260.0192,32168702.6525,1137344.8206,0.003162947941263594,0.003162947941263594,0.0036185435379177404,1.0036185435379177,-0.000003838546306922375,1.000301148520693,495.33211068931496,11.716380616670122,0.000052737800000000015,0.00001058289012674057
2022-01-16T01:00:00.000Z,0.017897892999108496,1.0019610100230645,0.0001874264521330956,0.00031357073812525666,0.00029094122818196233,182431332.0448,33525069.4442,1356366.7917,0.0016700687948825177,0.0016700687948825177,0.002148436475197576,1.0021484364751976,-0.0000026048081709362236,0.9993003677197886,494.3535193557274,11.714848792786094,0.000052693399999999925,0.00001263940530414893
2022-01-16T02:00:00.000Z,0.017897892999108496,1.0001577241905113,0.0001982659475595337,0.0003263072528493859,0.0003049432326405199,182079097.29230002,34889003.1315,1363933.6873,-0.00014721904212922077,-0.00014721904212922077,0.00035599013807083286,1.0003559901380707,-7.034922870907678e-7,0.998581520918698,492.9159561120336,11.701893495785779,0.000052744499999999935,0.000012734505513764184
2022-01-16T03:00:00.000Z,0.017897892999108496,0.9973095442624282,0.00020758060769327083,0.00034569438657000703,0.00032254279854715406,181581626.05539998,36965382.118099995,2076378.9866,-0.003012998536118916,-0.003012998536118916,-0.002482875129878491,0.9975171248701216,-0.0000036023142045982226,0.999580597094192,489.60456551688964,11.605120515873432,0.000052739100000000005,0.000019439435332201814
2022-01-16T04:00:00.000Z,0.017897892999108496,0.9991862014191393,0.00021975269494186437,0.0003737330127574837,0.00035053607978619006,181922970.80670002,39968337.7983,3002955.6802,-0.0011643346606469152,-0.0011643346606469152,-0.0005940458859188607,0.9994059541140812,-3.373575644394222e-7,0.9995703978053169,491.42696245252836,11.669781732027477,0.00005273990000000007,0.00002806146268227051
2022-01-16T05:00:00.000Z,0.017897892999108496,0.9999813285654349,0.00023157622857950108,0.00038668719091753236,0.00036434887558822737,181950181.7523,41354843.1403,1386505.342,-0.00038302031015335913,-0.00038302031015335913,0.00021290479401436932,1.0002129047940145,-3.441740097365198e-7,1.0003605467923884,491.80730811463593,11.710335336621789,0.00005276900000000005,0.000012954420043442494
2022-01-16T06:00:00.000Z,0.017897892999108496,1.0012963494603986,0.00024343603382578433,0.00040595081306835594,0.00038430920493270904,182191722.69169998,43416683.515,2061840.3747,0.0009120402554658735,0.0009120402554658735,0.0015397854942243668,1.0015397854942243,-0.0000014507266226093662,0.9991225514406986,493.693432082991,11.748944506063028,0.00005276880000000008,0.000019238682115769255
2022-01-16T07:00:00.000Z,0.017897892999108496,1.0025222606568092,0.0002564848022274963,0.0004191216094273728,0.0003970468689955542,182415871.88230002,44826399.8696,1409716.3546,0.002125213787813607,0.002125213787813607,0.002778745459036657,1.0027787454590367,-0.00000334190315876004,0.9994517075948912,494.7279517090569,11.839067665201824,0.000052768899999999975,0.000013137660545055542
2022-01-16T08:00:00.000Z,0.017897892999108496,1.0035795987832756,0.0002681990880955096,0.0004311377393276559,0.0004119701443072721,182663090.9167,46112914.3156,1286514.446,0.003167628638968356,0.003167628638968356,0.0038477978713711376,1.0038477978713711,-0.0000050585724660212605,0.9998957829868096,495.5375464469267,11.862778885918228,0.00005275369999999985,0.000011973270282595696
2022-01-16T09:00:00.000Z,0.017897892999108496,1.0034518690684826,0.00027922276001257195,0.0004489348152852897,0.0004273595847321676,182648311.6355,48018457.7614,1905543.4458,0.003024509483750437,0.003024509483750437,0.0037310918284951767,1.0037310918284952,-0.000002737126141183488,1.0005943146728655,495.0503182102007,11.855283994859082,0.00005275180000000023,0.000017735854379671017
2022-01-16T10:00:00.000Z,0.017897892999108496,1.002737679573451,0.0002903630656365606,0.0004622574877949291,0.0004413405895675737,182512954.55900002,49444882.3283,1426424.5669,0.0022963389838834836,0.0022963389838834836,0.0030280426390876178,1.0030280426390876,-0.000002454735074097769,0.9999918797338588,494.6295961879157,11.855413020841018,0.00005248800000000004,0.000013286299427836549
2022-01-16T11:00:00.000Z,0.017897892999108496,1.0024471244536388,0.0003000698088862591,0.0004805912177558268,0.00046007349743293346,182470555.8815,51407940.7562,1963058.4279,0.0019870509562058825,0.0019870509562058825,0.002747194262525075,1.002747194262525,-0.0000017248205218534096,1.0000416659412703,494.29976874404645,11.797359514237687,0.000052705200000000005,0.00001828897441183466
2022-01-16T12:00:00.000Z,0.017897892999108496,1.0025000126129047,0.00031350123952466583,0.0005094318002042825,0.0004889837280235287,182488521.0744,54496146.7329,3088205.9767,0.0020110288848811386,0.0020110288848811386,0.002813513852429333,1.0028135138524292,-0.0000017453249664400872,1.0000545894510458,494.3170385426179,11.884148475271934,0.000052768500000000035,0.000028768659691475122
2022-01-16T13:00:00.000Z,0.017897892999108496,1.0034189965041826,0.0003258888340137095,0.0005382646328650695,0.0005184969091240887,182649822.4185,57583421.7568,3087275.0239,0.002900499595058559,0.002900499595058559,0.003744885338196357,1.0037448853381963,-0.000009724871229410681,0.9984012844437007,496.0150436316656,11.93048858592641,0.00005228829999999994,0.0000287345887947516
2022-01-16T14:00:00.000Z,0.017897892999108496,1.0038925594967751,0.00033665421584944913,0.0005802974748258265,0.0005602135371618466,182751322.3687,62084464.3329,4501042.5761,0.003332345959613292,0.003332345959613292,0.004229213712624588,1.0042292137126245,-0.000005092496907721511,1.0000493146905933,495.6241896096667,11.912712600902575,0.0000527687,0.00004186986053065368
2022-01-16T15:00:00.000Z,0.017897892999108496,1.0067874745945649,0.00034944476894623587,0.0006097663449101228,0.0005924739296934156,183282657.5,65240181.9139,3155717.581,0.006195000664871442,0.006195000664871442,0.007136919363511093,1.0071369193635111,-0.00002870685983624721,0.9985136294494585,499.22301319219844,11.969950310486302,0.00005215259999999985,0.000029270199160550688
2022-01-16T16:00:00.000Z,0.017897892999108496,1.0100913885201805,0.00036166350058740337,0.0006326985142970774,0.000616017414210468,184856878.8495,67708898.1198,2468716.2059,0.009475371105970076,0.009475371105970076,0.010453052020767947,1.010453052020768,-0.000038721633408456135,1.0005444898922946,501.4635083599072,12.009133387333842,0.000051525700000000224,0.000022703063992802837
2022-01-16T17:00:00.000Z,0.017897892999108496,1.0105535002904897,0.00037702535539713806,0.0006576046082969069,0.0006436496536643688,185041716.5908,70391566.7952,2682668.6754,0.009909850636825368,0.009909850636825368,0.010930525645886875,1.010930525645887,-0.000052588750153792496,0.9995192606595902,502.41006754599044,12.142550672329554,0.00005219759999999995,0.000024645992439992005
2022-01-16T18:00:00.000Z,0.017897892999108496,1.0097708761272104,0.00038546061370776355,0.0006769627420615016,0.000659482229835362,185379242.2199,72482079.56740001,2090512.7722,0.00911139389737503,0.00911139389737503,0.010156336740918157,1.010156336740918,-0.00003454150860726646,1.0006725305422115,501.03783912446113,12.055793969154887,0.00005157749999999984,0.00001917081799549238
2022-01-16T19:00:00.000Z,0.017897892999108496,1.00793179722019,0.0003960104323890285,0.0006983078766395963,0.0006810817178444228,184408321.9167,74779282.3939,2297202.8265,0.007250715502345573,0.007250715502345573,0.008327807652579023,1.008327807652579,-0.000023670168080025533,1.0002579974219694,499.39871537899097,12.032149128455188,0.000052499700000000035,0.000021177161445100385
2022-01-16T20:00:00.000Z,0.017897892999108496,1.0077463581083634,0.00040683024075299095,0.0007177863934222922,0.0006995143701935547,184363766.345,76875475.6321,2096193.2382,0.007046843738169883,0.007046843738169883,0.008153188349116429,1.0081531883491164,-0.000022006364997717576,1.000301814358011,499.174708389425,12.01776953974953,0.00005250329999999986,0.00001932878990045998
2022-01-16T21:00:00.000Z,0.017897892999108496,1.0071195901575603,0.00042013061399421176,0.0007411025889503822,0.0007234045858723892,184249943.6592,79384674.5117,2509198.8796,0.006396185571687862,0.006396185571687862,0.007539720771554463,1.0075397207715544,-0.000032329051182777846,0.9982501230475032,499.55450043876925,12.075461648659095,0.00005250359999999991,0.000023151367162477863
2022-01-16T22:00:00.000Z,0.017897892999108496,1.0064966856656274,0.0004308448132865444,0.000761624611957973,0.0007428669939633092,184046548.6977,81592102.5713,2207428.0596,0.005753818671664135,0.005753818671664135,0.006927530478913989,1.006927530478914,-0.000025858692187186172,0.9984608648532867,498.81168361107393,12.057737079924,0.00005250440000000017,0.00002038955757591392
2022-01-16T23:00:00.000Z,0.017897892999108496,1.0071015892335504,0.0004430648479107601,0.0007737055769756454,0.0007553772167598893,184159629.99150002,82891595.2302,1299492.6589,0.006346212016790531,0.006346212016790531,0.00754465408146118,1.0075446540814612,-0.000022020470597516884,0.9996037502799597,498.82847851802825,12.081986051833889,0.00005250399999999985,0.000011995775188253602
2022-01-17T00:00:00.000Z,0.017897892999108496,1.0071774094906116,0.00045264676240426213,0.0007880010268166258,0.0007699187193925816,184174512.5551,84429298.1346,1537702.9044,0.006407490771219049,0.006407490771219049,0.007630056253015893,1.0076300562530158,-0.000015272468171012576,1.0007744752544692,498.3056199236477,12.034880927436104,0.00005250410000000012,0.000014193575979727022
2022-01-17T01:00:00.000Z,0.017897892999108496,1.0037339178960643,0.00045959139089538423,0.0008042872360286362,0.000783403698114471,183547267.74310002,86181162.2444,1751864.1098,0.002950514197949783,0.002950514197949783,0.004193509286959638,1.0041935092869596,-0.0000023847359019724124,1.0006763923710722,494.9366799058918,11.923601020428176,0.00005215380000000005,0.00001622562418541889
2022-01-17T02:00:00.000Z,0.017897892999108496,1.0016340164468713,0.00046854156111788875,0.0008196514603398476,0.0007970277884818966,183164278.8741,87833860.0044,1652697.76,0.000836988658389437,0.000836988658389437,0.002102558007989222,1.0021025580079892,-2.840095747469462e-8,1.0009893671641725,492.6988117675058,11.872151381361778,0.00005145400000000016,0.00001533916006587289
2022-01-17T03:00:00.000Z,0.017897892999108496,0.9977882529278945,0.0004800611759321965,0.0008465525519317693,0.0008225349979522623,183109434.8567,90737838.0099,2903978.0055,-0.0030342820700577366,-0.0030342820700577366,-0.001731685896173278,0.9982683141038268,-0.0000063039535423969895,1.0004258745860286,489.1700038422311,11.885319489039425,0.0000517102999999999,0.00002696072222173298
2022-01-17T04:00:00.000Z,0.017897892999108496,0.9935818973656805,0.00048516048107553894,0.0008737050910224354,0.0008465147101520687,182331976.1604,93668870.8838,2931032.8739,-0.007264617344471591,-0.007264617344471591,-0.0059329421532439836,0.994067057846756,-0.000026559411436033464,0.9999111254995866,485.2771984576489,11.742065743059591,0.00005179659999999999,0.000027327932217696138
2022-01-17T05:00:00.000Z,0.017897892999108496,0.9935335887975696,0.0005087213864438477,0.0008957878997890135,0.0008667206706638453,181714142.401,96044680.1717,2375809.2879,-0.007333131873094256,-0.007333131873094256,-0.005957689815986563,0.9940423101840135,-0.00002900587697574064,1.0001704078232831,485.08443208343226,12.038762411672286,0.00005245290000000003,0.00002222653523861208
2022-01-17T06:00:00.000Z,0.017897892999108496,0.9912651208594875,0.000516033485836748,0.0009292601061469356,0.0008982830388314378,181346332.85459998,99646768.619,3602088.4473,-0.009633162179343957,-0.009633162179343957,-0.00821884565467577,0.9917811543453242,-0.000057926928097917774,1.0009983474622624,482.43977139502,11.947106591244612,0.00005230930000000012,0.00003376715847526812
2022-01-17T07:00:00.000Z,0.017897892999108496,0.9928557524396632,0.0005183255518979308,0.0009579419002784925,0.0009352458747552417,181544831.7355,102731768.2999,3084999.6809,-0.008079493435092067,-0.008079493435092067,-0.006625922008438894,0.9933740779915611,-0.00003989186522679322,1.0007341902885294,484.0823897741231,11.749547000932466,0.000051477399999999786,0.000028888178238920746
