query_ts,assumedLPToken,equityValue,totalDexYield,totalTradingfee,newTotalTradingFee,liquidity,totalVolume,volume,priceImpact,priceEffect,totalReturn,totalEquityVal,impermanentLoss,tokenPrice,quoteTokenPrice,rewardPrice,rewardTokenPerLP,feePerDollar
2022-02-22T09:00:00.000Z,0.02049951809732242,1,0.000005097924209724712,0.000021534731461526342,-1.9562129693895258e-13,232528672.7913,2945554.5565,2945554.5565,1.9562129693895258e-13,1.9562129693895258e-13,0.000005097924209724712,1.0000050979242097,0,1.0000493121745901,360.0704482856461,6.886551330845025,0.000036111699999999995,0.000021534732409298605
2022-02-22T10:00:00.000Z,0.02049951809732242,1.001456607401023,0.000010205958330690259,0.00003428404185073389,0.000010321386042733138,232883117.7612,4689543.1909,1743988.6344,0.0014462860149802026,0.0014462860149802026,0.001466813359353626,1.0014668133593536,-9.294852060248715e-7,1.0001311195245581,361.08319336536243,6.89933121007718,0.00003604940000000001,0.000012730766862714828
2022-02-22T11:00:00.000Z,0.02049951809732242,1.0087522890377867,0.000015491875262044555,0.00005609511501601937,0.00003609385610103821,234607571.4689,7673452.5203,2983909.3294,0.008716195181685649,0.008716195181685649,0.008767780913048731,1.0087677809130486,-0.000029831143821934525,1.001004010385941,366.0252657559248,6.980167450715657,0.00003610550000000001,0.000021621833550467655
2022-02-22T12:00:00.000Z,0.02049951809732242,1.0064513387054277,0.000020603981555183828,0.00007369797945787679,0.000055186404937623834,234073976.4441,10081664.8544,2408212.3341,0.0063961523004900656,0.0063961523004900656,0.006471942686982873,1.0064719426869828,-0.000021367321980658716,0.9998878687658502,364.7501935059077,6.959856870688673,0.000036146700000000004,0.000017490030417574814
2022-02-22T13:00:00.000Z,0.02049951809732242,1.0067582627854064,0.000025736938117680268,0.0000970735266455065,0.00007687130031630574,233899739.98099998,13276271.5857,3194606.7313,0.00668139148509006,0.00668139148509006,0.006783999723524046,1.006783999723524,-0.000024888973263581526,0.9996531190939526,365.04268569665595,6.96037741763636,0.00003596340000000003,0.000023218629672915216
2022-02-22T14:00:00.000Z,0.02049951809732242,1.010473078306072,0.00003107626209052894,0.00012598070274560206,0.00010365696440661765,234818361.14530003,17227790.356399998,3951518.7707,0.010369421341665408,0.010369421341665408,0.010504154568162555,1.0105041545681626,-0.00005245779803220163,1.0001222907810419,367.5497872573583,7.0026420589903005,0.000036105999999999996,0.00002860756662053918
2022-02-22T15:00:00.000Z,0.02049951809732242,1.0137069836415245,0.000036469178129287795,0.0001843312300913877,0.00016127272561416994,235575021.94599998,25204295.6804,7976505.324,0.01354571091591028,0.01354571091591028,0.013743452819653739,1.0137434528196538,-0.00008505681992454495,1.0004609808719165,369.739134155522,7.0591624494302465,0.00003553389999999997,0.000057561531518856536
2022-02-22T16:00:00.000Z,0.02049951809732242,1.0097160458275418,0.000041423221103708326,0.0002102334474320547,0.0001865133188021506,234761958.3919,28746849.7984,3542554.118,0.009529532508739669,0.009529532508739669,0.009757469048645528,1.0097574690486455,-0.00004929149858334814,0.999604701038332,367.12897466590965,7.013650875312168,0.000036091900000000026,0.00002565297223558938
2022-02-22T17:00:00.000Z,0.02049951809732242,1.0074815528419034,0.00004620541595835298,0.00023704739518976277,0.000213722820795903,234223794.6257,32413806.219299998,3666956.4209,0.007267830021107535,0.007267830021107535,0.007527758257861792,1.007527758257862,-0.000020943791037120185,1.0008190746984174,365.04234725866957,6.978330764342761,0.000034887900000000036,0.000026614827607468017
2022-02-22T18:00:00.000Z,0.02049951809732242,1.0061300337953136,0.00005125762924511022,0.00025895654009957766,0.0002349155943248693,234022266.46620002,35411447.019499995,2997640.8002,0.005895118200988758,0.005895118200988758,0.006181291424558737,1.0061812914245587,-0.00002068382411990477,0.9994954241782467,364.530176243954,6.972954165880039,0.00003559349999999998,0.000021775660227938253
2022-02-22T19:00:00.000Z,0.02049951809732242,1.0087773756592504,0.00005658748366767098,0.0002755342072417735,0.0002528170645377248,234640157.85059997,37679647.9439,2268200.9244,0.008524558594712683,0.008524558594712683,0.008833963142918079,1.0088339631429182,-0.000033556698615599956,1.0003454090919175,366.127093431751,7.003444213118521,0.000035563299999999985,0.000016433425577283978
2022-02-22T20:00:00.000Z,0.02049951809732242,1.0173826086980295,0.00006275001383945963,0.0002909181074970417,0.00027154970447518245,236655813.2322,39784639.6883,2104991.7444,0.017111058993554362,0.017111058993554362,0.017445358711869006,1.017445358711869,-0.0001409319718053137,1.0002258600446363,372.43249715730974,7.121948219490078,0.00003565170000000003,0.000015121056679765102
2022-02-22T21:00:00.000Z,0.02049951809732242,1.0112849639609138,0.00006776573408744819,0.00030775336543379305,0.00028510351975996606,235222068.0129,42088071.4869,2303431.7986,0.010999860441153864,0.010999860441153864,0.011352729695001278,1.0113527296950013,-0.00005703251392785713,1.0003087837872078,367.9399997869902,7.095187948843221,0.00003610569999999997,0.000016647392358633835
2022-02-22T22:00:00.000Z,0.02049951809732242,1.0165347917010616,0.00007351706921660316,0.000319907168922177,0.00029839576019030645,236452942.268,43751046.6978,1662975.2109,0.01623639594087134,0.01623639594087134,0.01660830877027825,1.0166083087702782,-0.00011850418119851991,1.0007597585604775,371.59387847586504,7.1542164710475795,0.000035371799999999985,0.000011956111991728832
2022-02-22T23:00:00.000Z,0.02049951809732242,1.0147934332675663,0.00007851402943625176,0.00032949400840475156,0.000307493345514942,236840258.5039,45067193.69140001,1316146.9936,0.014485939922051383,0.014485939922051383,0.014871947297002577,1.0148719472970025,-0.00010350429486061241,1.0000429193255465,370.5802930626935,7.128774932668424,0.00003598280000000002,0.000009447084305910585
2022-02-23T00:00:00.000Z,0.02049951809732242,1.0197789420540242,0.00008450319680299193,0.0003417586261381142,0.00032431112907094217,238004691.21629998,46750970.643300004,1683776.9519,0.019454630924953253,0.019454630924953253,0.019863445250827186,1.0198634452508273,-0.00019759686010623057,0.9994361619132393,374.44638464239523,7.193971714567277,0.00003574289999999998,0.00001202674116884787
2022-02-23T01:00:00.000Z,0.02049951809732242,1.0193362622872404,0.00008955692358172134,0.00035824577970810313,0.0003376413616487106,237909960.9775,49014530.02420001,2263559.3809,0.01899862092559168,0.01899862092559168,0.019425819210822114,1.019425819210822,-0.0001800162107207237,0.9998937737758756,373.94025795654045,7.174442245226453,0.0000359219,0.000016174400313965517
2022-02-23T02:00:00.000Z,0.02049951809732242,1.017687100169894,0.00009377522952380968,0.0003687919884378252,0.00034822547829627126,237986715.72390002,50465257.63770001,1450727.6135,0.017338874691597672,0.017338874691597672,0.017780875399417754,1.0177808753994178,-0.00013885646636646598,1.0005740618963144,372.46968767078084,7.094003032397357,0.00003591169999999998,0.00001036291851605365
2022-02-23T03:00:00.000Z,0.02049951809732242,1.0181113567799194,0.00009833428019600516,0.0003938958028473485,0.00037281593674531877,238092701.2678,53918615.68660001,3453358.0489,0.017738540843174055,0.017738540843174055,0.018209691060115378,1.0182096910601153,-0.00015316037444690345,1.0001292300274882,372.92819310751264,7.046468844060171,0.00003591160000000003,0.00002465723918402182
2022-02-23T04:00:00.000Z,0.02049951809732242,1.016875012422603,0.00010305272358232875,0.00041355247505829227,0.0003928653630900225,237805846.9966,56622673.836500004,2704058.1499,0.016482147059512897,0.016482147059512897,0.01697806514618525,1.0169780651461853,-0.0001243831961275088,1.0006241489980336,371.8240060151052,7.014841587807712,0.000035881600000000006,0.000019330470267603314
2022-02-23T05:00:00.000Z,0.02049951809732242,1.0214097770856039,0.00010893115406610661,0.0004283144588835721,0.00041008181349799777,238865807.03570002,58653392.5304,2030718.6939,0.02099969527210588,0.02099969527210588,0.021518708239669983,1.02151870823967,-0.00019108533656064797,1.00128162959426,374.89001341211673,7.062549637774751,0.00003576189999999996,0.000014452557368807681
2022-02-23T06:00:00.000Z,0.02049951809732242,1.0210678332196703,0.00011420959380364828,0.0004456887188494636,0.00042783536521473486,238789615.5553,61043504.3579,2390111.8275,0.020639997854455583,0.020639997854455583,0.021182042813473967,1.021182042813474,-0.00020334651177611462,1.0003108983522135,374.9894610585187,7.067454174641266,0.00003591119999999994,0.00001701577389494573
2022-02-23T07:00:00.000Z,0.02049951809732242,1.0228206862741502,0.00011965166829903506,0.0004615544172286213,0.00044528036930113757,239201294.57299998,63226105.0829,2182600.725,0.0223754059048491,0.0223754059048491,0.022940337942449273,1.0229403379424493,-0.00022227416066389338,1.0010923887072958,375.9720173391459,7.083158681138805,0.00003573169999999997,0.000015511710499408044
2022-02-23T08:00:00.000Z,0.02049951809732242,1.0244386417414026,0.00012534222690102588,0.00048509070933745935,0.00047086843336829887,239584731.55990002,66463996.8373,3237891.7544,0.023967773308034346,0.023967773308034346,0.02456398396830367,1.0245639839683036,-0.0002808519249244412,1.0000313000530685,377.5442660481937,7.110161128362062,0.00003591249999999999,0.000022974819583207904
2022-02-23T09:00:00.000Z,0.02049951809732242,1.0265488444063577,0.00013115623458614343,0.0005127191398483066,0.000496839279829242,240828295.80120003,70276719.36140001,3812722.5241,0.0260520051265285,0.0260520051265285,0.026680000640943884,1.0266800006409438,-0.0003401831548007772,0.9996802644539945,379.21588679593754,7.142613695474014,0.000035800500000000065,0.000026913898424628978
2022-02-23T10:00:00.000Z,0.02049951809732242,1.0292954269239951,0.0001370844346449309,0.0005312492015936094,0.0005163959823770714,242236902.85369998,72841960.4782,2565241.1168,0.028779030941618045,0.028779030941618045,0.029432511358640046,1.02943251135864,-0.00037971911013434667,1.000860105022888,380.7849050677198,7.179655352106426,0.000035657300000000076,0.000018002665354393957
2022-02-23T11:00:00.000Z,0.02049951809732242,1.0291296521815778,0.00014215637569360817,0.0005507719648024861,0.0005390216309799634,242736407.7118,75550637.4268,2708676.9486,0.02859063055059785,0.02859063055059785,0.029271808557271423,1.0292718085572714,-0.0003725975578570129,1.000936793675784,380.6162876277857,7.171143317724377,0.00003560739999999994,0.000018970169559760485
2022-02-23T12:00:00.000Z,0.02049951809732242,1.0285599237384042,0.00014697450941956807,0.0005735476591914555,0.0005575784760896152,242619628.60610002,78710869.96169999,3160232.5349,0.0280023452623146,0.0280023452623146,0.02870689824782378,1.0287068982478238,-0.00037133858467697234,1.0004105220941475,380.3810342042408,7.150902133675453,0.00003560530000000004,0.00002214328387276628
2022-02-23T13:00:00.000Z,0.02049951809732242,1.031516291709055,0.00015306656498615174,0.0006065857649316559,0.0005939887676174038,243323896.3711,83295189.6769,4584319.7152,0.030922302941437607,0.030922302941437607,0.03166935827404116,1.0316693582740413,-0.0004457734597357321,1.0006390258847182,382.45762920043,7.192320042319918,0.000035545399999999926,0.00003202868124367924
2022-02-23T14:00:00.000Z,0.02049951809732242,1.030873110798902,0.00015820839464337672,0.000628994973035985,0.0006147903881765782,243101909.9792,86403760.43879999,3108570.7619,0.030258320410725403,0.030258320410725403,0.03103131919354536,1.0310313191935454,-0.00043868861622442523,1.000232935391476,382.12020783641213,7.190733601460597,0.000035111000000000023,0.000021738086285221502
2022-02-23T15:00:00.000Z,0.02049951809732242,1.026111995750046,0.00016212475114076453,0.0006604955616201392,0.0006445276710873582,241982113.0857,90773527.11289999,4369766.6741,0.02546746807895861,0.02546746807895861,0.026274120501186733,1.0262741205011867,-0.0003115215148572492,1.0002338428467552,378.57429724357,7.132065511972821,0.00003561569999999995,0.00003069897709067074
2022-02-23T16:00:00.000Z,0.02049951809732242,1.0264996295814999,0.0001667063759552996,0.0006863877341969385,0.0006697814899851995,243253787.9167,94382805.47649999,3609278.3636,0.025829848091514673,0.025829848091514673,0.026666335957455174,1.0266663359574553,-0.0002974542868503516,1.001158102712219,378.4921625943539,7.107584403687516,0.00003526460000000008,0.000025223751994444327
2022-02-23T17:00:00.000Z,0.02049951809732242,1.0290315389460238,0.0001727865945943782,0.0007097552476234258,0.0006943192932635789,243859622.68760002,97640233.25879999,3257427.7823,0.02833721965276026,0.02833721965276026,0.029204325540618217,1.0292043255406182,-0.0003713596704715272,1.0007356337287536,380.50523883906084,7.145478801240744,0.00003544140000000001,0.000022708258008764574
2022-02-23T18:00:00.000Z,0.02049951809732242,1.024039982045295,0.00017641593131682037,0.0007307200289333406,0.000711900892592876,242671064.82419997,100562652.39979999,2922419.141,0.02332808115270213,0.02332808115270213,0.024216397976611827,1.024216397976612,-0.00026547131898491116,1.0000647117824228,377.06009738199396,7.082757280876599,0.00003544259999999996,0.000020472620183618046
2022-02-23T19:00:00.000Z,0.02049951809732242,1.0190689642082837,0.00017905208607211606,0.0007490764228612266,0.0007296047852864973,241494860.29639998,103121490.28859998,2558837.8888,0.018339359422997248,0.018339359422997248,0.019248016294355862,1.0192480162943558,-0.0001888193092604018,0.9987888113684388,373.86971411257025,6.984847590673204,0.00003544250000000002,0.000018012906799014166
2022-02-23T20:00:00.000Z,0.02049951809732242,1.0152415629050346,0.00018218712951251011,0.0007592860315537424,0.0007346139980688449,240504605.568,104544192.95479998,1422702.6662,0.0145069489069658,0.0145069489069658,0.015423750034547155,1.015423750034547,-0.00010716083317618974,0.9998116757882954,370.6813559021189,6.911351184861074,0.00003542560000000002,0.000010056333544332768
2022-02-23T21:00:00.000Z,0.02049951809732242,1.0157439099652097,0.00018728860224512085,0.000775847465127557,0.0007541631111342983,240093590.9056,106846935.39409998,2302742.4393,0.014989746854075392,0.014989746854075392,0.015931198567454813,1.0159311985674548,-0.00010098122131985132,1.0007161310116808,370.6989063326387,6.913824871950567,0.000035534199999999996,0.000016304734049936248
2022-02-23T22:00:00.000Z,0.02049951809732242,1.0129608537681456,0.00019145607786376703,0.0007843484963853117,0.0007582286522225257,239438066.2224,108028951.01889998,1182015.6248,0.012202625115923071,0.012202625115923071,0.013152309846009364,1.0131523098460093,-0.00007885874152813166,0.9996191819490946,369.0704141411592,6.882593550884925,0.00003553410000000022,0.000008392260236071074
2022-02-23T23:00:00.000Z,0.02049951809732242,1.0169161022327136,0.00019709946781450147,0.0007964250228403242,0.0007733041107487182,240374803.9616,109708129.79099998,1679178.7721,0.01614279812196484,0.01614279812196484,0.01711320170052806,1.017113201700528,-0.00009267834133264152,1.0024510967273983,370.89859354496735,6.904806680237639,0.00003550439999999977,0.000011875636986587098
2022-02-24T00:00:00.000Z,0.02049951809732242,1.0098514366372746,0.0002003517632611293,0.0008101164357325858,0.0007817705376893525,238709919.6097,111611890.30039997,1903760.5094,0.00906966609958526,0.00906966609958526,0.010051788400535742,1.0100517884005358,-0.00003662732671616542,1.0005192055243737,366.45931643581196,6.844093384954411,0.00003553349999999992,0.000013557848250594815
2022-02-24T01:00:00.000Z,0.02049951809732242,1.0044088016123904,0.00020320523192984886,0.0008244586734752566,0.0007938828844697987,237424495.72770002,113606155.93239997,1994265.632,0.003614918727920635,0.003614918727920635,0.004612006844320283,1.0046120068443203,-0.0000071487944730552755,0.9998764926623319,362.74109001640846,6.773720350822633,0.00003538540000000005,0.000014279283036945977
2022-02-24T02:00:00.000Z,0.02049951809732242,1.0094033613768278,0.00020934665870961383,0.0008401031287553972,0.0008112427474680217,238608044.668,115781519.59359998,2175363.6612,0.008592118629359824,0.008592118629359824,0.00961270803553746,1.0096127080355375,-0.000028393442550012082,1.0010695024374083,365.91128559708415,6.813011889850379,0.00003553339999999998,0.000015498715599407275
2022-02-24T03:00:00.000Z,0.02049951809732242,0.9992092178815563,0.0002103769061572873,0.0008665604361470071,0.0008376701790605567,236569948.60109997,119466200.46529998,3684680.8717,-0.0016284522975043014,-0.0016284522975043014,-0.0005804052122864574,0.9994195947877136,-0.000003803269386093433,1.0011782246503358,358.49399965063395,6.691615601513644,0.00003470349999999993,0.000026478246788869088
2022-02-24T04:00:00.000Z,0.02049951809732242,0.9758587181900101,0.00019889513917515188,0.0009838725199745053,0.0009257648267538832,230099584.7432,135737517.81149998,16271317.3462,-0.02506704663674375,-0.02506704663674375,-0.023942386670814716,0.9760576133291853,-0.00032662167027641686,1.0002248647342482,342.1848271103773,6.183855289124777,0.00003535369999999996,0.00012021420864105864
2022-02-24T05:00:00.000Z,0.02049951809732242,0.9738919235856183,0.00019772200222415204,0.001059444438279827,0.0010028217751418822,229405319.2273,146208905.77049997,10471387.959,-0.027110898189523613,-0.027110898189523613,-0.02591035441215758,0.9740896455878424,-0.00035499571385810835,0.9992140476857678,341.09632542350363,6.010887581214391,0.00003562830000000003,0.00007759784991150101
2022-02-24T06:00:00.000Z,0.02049951809732242,0.9633810408083037,0.00019428683810862832,0.001119868877272097,0.001117215085834955,226235980.0343,154555845.65099996,8346939.8805,-0.03773617427753129,-0.03773617427753129,-0.036424672353587706,0.9635753276464123,-0.000719322000760636,0.9995236399170866,333.58317978994245,5.777663508773989,0.00003576940000000011,0.00006272122495590075
2022-02-24T07:00:00.000Z,0.02049951809732242,0.9591489877547081,0.00019767312177205733,0.0011735629411320277,0.0010979693675657876,225269377.9964,161973958.71059996,7418113.0596,-0.04194898161285765,-0.04194898161285765,-0.0406533391235198,0.9593466608764802,-0.0008940194574813543,0.9994961604476224,330.6777991428132,5.753033351394803,0.00003573620000000009,0.00005598094296474478
