query_ts,assumedLPToken,equityValue,totalDexYield,totalTradingfee,newTotalTradingFee,liquidity,totalVolume,volume,priceImpact,priceEffect,totalReturn,totalEquityVal,impermanentLoss,tokenPrice,quoteTokenPrice,rewardPrice,rewardTokenPerLP,feePerDollar
2021-11-03T09:00:00.000Z,0.017823033173175174,0.9999999999999999,0.000010756157119858614,0.000037231072251047454,2.4635848916432224e-13,274517896.11,6012115.0923,6012115.0923,-2.4646951146678475e-13,-2.4646951146678475e-13,0.000010756157119747592,1.0000107561571197,0,1.0001080516203584,550.8561337722676,18.413350570256092,0.000032775,0.00003723107236992149
2021-11-03T10:00:00.000Z,0.017823033173175174,1.0020833538709628,0.000023897996466572927,0.00006453995143178262,0.000026428727986305134,275091380.1586,10422008.3511,4409893.2588,0.0020569251429765067,0.0020569251429765067,0.002107251867429385,1.0021072518674294,-0.0000036687900483167724,0.9994542064123731,553.4864594459384,18.466985197914127,0.0000398329,0.000027252102685434262
2021-11-03T11:00:00.000Z,0.017823033173175174,1.0020596028720041,0.00003687003785155108,0.00009341566771719814,0.00005615494578381508,275062984.4796,15084547.008,4662538.6569,0.002003447926220314,0.002003447926220314,0.00209647290985568,1.0020964729098556,-9.131594218558803e-7,1.000758362735364,552.7061758220063,18.44409932499987,0.00003955120000000001,0.000028816366301434693
2021-11-03T12:00:00.000Z,0.017823033173175174,1.0008354309111955,0.00004917630963208351,0.00013087203736598105,0.00009281807110195217,275304331.2905,21145307.572899997,6060760.5649,0.0007426128400935816,0.0007426128400935816,0.0008846072208276173,1.0008846072208277,-2.1695812291167016e-7,1.0001916781379188,551.6284574483306,18.396167719035088,0.00003782559999999999,0.00003742510301974874
2021-11-03T13:00:00.000Z,0.017823033173175174,0.9933234872248904,0.00006066911873779441,0.00017573988187809432,0.00014020268461067964,273255898.9093,28405784.103899997,7260476.531,-0.006816715459720291,-0.006816715459720291,-0.006615843656371817,0.9933841563436282,-0.00002684504912231489,1.0005956023970644,543.1069081072559,18.09834392237179,0.000038097300000000005,0.000045169418672995836
2021-11-03T14:00:00.000Z,0.017823033173175174,0.9911202206319322,0.0000728678039667005,0.00023273501007695153,0.00020413937426566608,272643356.3431,37628469.4524,9222685.3485,-0.009083918742333497,-0.009083918742333497,-0.00880691156410113,0.9911930884358988,-0.00004338720860530554,1.0002981082047107,540.7909545944211,17.99412106825302,0.000039125900000000004,0.000057505766150853025
2021-11-03T15:00:00.000Z,0.017823033173175174,0.9950250708786901,0.00008522065295728063,0.00027536906532461765,0.00023729554380347295,273721204.36429995,44527405.7504,6898936.298,-0.005212224665113396,-0.005212224665113396,-0.004889708468352643,0.9951102915316473,-0.000012462215855268965,0.9998746613206692,545.2559708894561,18.14650555864288,0.00003628580000000001,0.000042847216509360236
2021-11-03T16:00:00.000Z,0.017823033173175174,0.9981158403454867,0.00009698055169389903,0.00030876022211221067,0.00027229517378835055,274706239.0274,49933332.1203,5405926.3699,-0.002156454828301624,-0.002156454828301624,-0.0017871791028193742,0.9982128208971807,-0.00000186190543949305,0.9998789891014771,548.6085547591757,18.208177864897532,0.00003534480000000001,0.00003345419041579669
2021-11-03T17:00:00.000Z,0.017823033173175174,0.9971612396583045,0.00010925043068197608,0.0003461714317595394,0.0003182694688951271,277116903.68359995,56049092.547400005,6115760.4271,-0.003157029810590628,-0.003157029810590628,-0.002729509911013525,0.9972704900889865,-0.000002635134211392831,0.9992420184939711,547.8578974213788,18.163952613056285,0.00003862839999999998,0.00003751771396067779
2021-11-03T18:00:00.000Z,0.017823033173175174,1.002340632170857,0.0001235313774015662,0.0003760952707213765,0.000340354415699462,278583033.9488,60941332.09460001,4892239.5472,0.0020002777551575424,0.0020002777551575424,0.0024641635482585706,1.0024641635482585,-0.0000026329016492576685,0.9998116070589376,553.2260514860396,18.385902888007617,0.00003950649999999999,0.000029853961716019365
2021-11-03T19:00:00.000Z,0.017823033173175174,1.0095301907139669,0.00013813069818309045,0.0004217508576536777,0.0003888614860845241,280597274.27459997,68405976.7263,7464644.6317,0.009141329227882355,0.009141329227882355,0.00966832141214997,1.00966832141215,-0.00003613507742261657,1.0007067821137747,560.6376454232604,18.602641955517445,0.00003964070000000006,0.00004522458711224446
2021-11-03T20:00:00.000Z,0.017823033173175174,1.0083801493625089,0.00015158568805760967,0.00045351934312056873,0.00041996667247756747,280424656.1398,73602818.3963,5196841.67,0.007960182690031292,0.007960182690031292,0.00853173505056647,1.0085317350505665,-0.000041738124073043004,0.9989006255064103,560.3373622898935,18.611435253159634,0.000040365399999999924,0.00003150447239773265
2021-11-03T21:00:00.000Z,0.017823033173175174,1.0133842732341802,0.00016652435918361878,0.0004906833882907619,0.0004619177482894088,281841686.3521,79682840.0547,6080021.6584,0.012922355485890824,0.012922355485890824,0.013550797593363851,1.0135507975933638,-0.00008146361785743572,1.0001829081182543,565.1425372790161,18.77990456254693,0.00004053159999999996,0.000036673201019551685
2021-11-03T22:00:00.000Z,0.017823033173175174,1.015352549638375,0.00018142251085031288,0.0005221768180159045,0.0004933122837942339,282372492.288,84834848.4875,5152008.4328,0.014859237354580834,0.014859237354580834,0.01553397214922538,1.0155339721492254,-0.00012402049333259946,0.9991082331747351,567.9161168609927,18.96998480225753,0.000039078900000000044,0.0000310172363631902
2021-11-03T23:00:00.000Z,0.017823033173175174,1.0140007828735953,0.00019395090879736855,0.0005457040274055952,0.0005145509406150328,281472843.7427,88676515.4957,3841667.0082,0.013486231932980264,0.013486231932980264,0.014194733782392666,1.0141947337823927,-0.0000969943321779132,0.9995756937003146,566.1156133665845,18.860856563021326,0.00004037410000000001,0.000023202358803430312
2021-11-04T00:00:00.000Z,0.017823033173175174,1.0150861249196643,0.00020753907088427717,0.0005714834764636739,0.0005408849450001529,281576482.2712,92882989.39750001,4206473.9018,0.01454523997466417,0.01454523997466417,0.0152936639905486,1.0152936639905485,-0.00011064368662205837,0.9996721553380733,567.244577505906,18.88844306324873,0.00003952030000000003,0.000025396317104965176
2021-11-04T01:00:00.000Z,0.017823033173175174,1.0112104724014968,0.0002198129416558367,0.0006009624061776223,0.0005690701107363694,282723162.3635,97731212.84030001,4848223.4428,0.010641402290760382,0.010641402290760382,0.011430285343152588,1.0114302853431525,-0.00005533344860686462,1.0001731657748472,562.6056462286825,18.776425133997197,0.00004035430000000003,0.000029152121049647866
2021-11-04T02:00:00.000Z,0.017823033173175174,1.0104827309462292,0.00023378389174846508,0.0006266833939045896,0.0005958353295218988,282469189.8663,101960633.90540001,4229421.0651,0.009886895616707303,0.009886895616707303,0.010716514837977666,1.0107165148379778,-0.00004237941294060743,1.0007400412873007,561.4477037252367,18.822838935459966,0.00004002499999999995,0.00002545415949283963
2021-11-04T03:00:00.000Z,0.017823033173175174,1.0102221744897075,0.0002467632696334747,0.000664227989349883,0.0006368772767526565,284547185.44039994,108181285.8796,6220651.9742,0.009585297212954869,0.009585297212954869,0.010468937759341,1.010468937759341,-0.000033530000938863935,1.0014596281619923,560.7092252589833,18.795590911168215,0.0000397553,0.000037164691472075784
2021-11-04T04:00:00.000Z,0.017823033173175174,1.0067012357282301,0.0002591544838166255,0.0007063211297991699,0.0006730240322438963,283502162.45820004,115154261.9115,6972976.0319,0.006028211695986219,0.006028211695986219,0.006960390212046741,1.0069603902120468,-0.000016326688605072803,1.0004038898080594,557.3526379156214,18.726765773950195,0.000039832499999999934,0.00004181294121866805
2021-11-04T05:00:00.000Z,0.017823033173175174,1.007749436717277,0.00027741934685149847,0.0007752145709598986,0.0007407946535105125,283816763.9868,126567646.09920001,11413384.1877,0.0070086420637665015,0.0070086420637665015,0.008026856064128512,1.0080268560641286,-0.000027711452598500053,0.9996475614827676,558.8620219974674,19.085616289730872,0.00003909540000000013,0.00006836366128109471
2021-11-04T06:00:00.000Z,0.017823033173175174,1.0061540390360548,0.0002928935887641232,0.0008240030924456839,0.0007896650528675941,283376582.6732,134650565.05200002,8082918.9528,0.005364373983187232,0.005364373983187232,0.006446932624818949,1.0064469326248189,-0.00001335940166891092,1.0002890723211026,556.681222175929,19.207386956717297,0.000040031799999999944,0.00004849011195680403
2021-11-04T07:00:00.000Z,0.017823033173175174,1.0102870214678379,0.00031207275350116244,0.0008731221634693056,0.0008412294477433413,284557801.5703,142788738.52080002,8138173.4688,0.009445792020094546,0.009445792020094546,0.01059909422133905,1.010599094221339,-0.00003108519970840273,1.001625902659925,560.4612230066,19.57087513569056,0.000039093600000000035,0.00004861892670175865
2021-11-04T08:00:00.000Z,0.017823033173175174,1.0042433486256899,0.0003153140531113525,0.0009237473734758331,0.0008879323492636537,282742069.9364,151173088.3422,8384349.8214,0.003355416276426215,0.003355416276426215,0.004558662678801222,1.0045586626788012,-0.000005630448410620659,1.0001021165774233,554.5623300318081,19.04829893613547,0.00003409199999999991,0.00005041129782909971
2021-11-04T09:00:00.000Z,0.017823033173175174,1.0010066233281454,0.000320077010994855,0.0009967855770417135,0.0009619937066367434,281721793.44380003,163264712.8765,12091624.5343,0.00004462962150864058,0.00004462962150864058,0.001326700339140239,1.0013267003391402,-1.276743989420126e-7,0.9996474160643848,551.1591599477601,18.638720679185564,0.00003474689999999998,0.00007296475525387642
2021-11-04T10:00:00.000Z,0.017823033173175174,1.0037239564338194,0.0003356538385445161,0.001045874687546571,0.0010081254210585477,282627772.1911,171395578.5245,8130865.648,0.00271583101276085,0.00271583101276085,0.0040596102723639135,1.004059610272364,-0.0000059986683281776365,0.9993566767812078,554.2686796317511,18.846260843506585,0.00003576330000000001,0.00004890698282918168
2021-11-04T11:00:00.000Z,0.017823033173175174,1.005996876290577,0.00035306864289764734,0.0010962212344294358,0.0010608777929395075,283419059.3536,179739172.88180003,8343594.3573,0.004935998497637595,0.004935998497637595,0.0063499449334747495,1.0063499449334747,-0.000012316125822864343,1.000068790154464,556.3294449232119,19.099397724333368,0.00003791440000000006,0.000050046423976425604
2021-11-04T12:00:00.000Z,0.017823033173175174,1.0055464143978998,0.00036481501177302314,0.0011399042215192296,0.0011048467653582694,283803667.1997,186991531.73710003,7252358.8553,0.004441567632541554,0.004441567632541554,0.0059112294096728465,1.0059112294096728,-0.000010308814432646862,0.9999990953377372,555.8208839819124,19.04773409033696,0.00003741339999999994,0.00004344203926489302
2021-11-04T13:00:00.000Z,0.017823033173175174,1.0071233968560667,0.0003792583949495717,0.001179147820771699,0.0011453803655552264,284438079.7734,193511191.82690004,6519660.0898,0.00597801649051144,0.00597801649051144,0.007502655251016238,1.0075026552510162,-0.000026490118061772705,0.9987901645537799,558.1974353477488,19.120583972360528,0.00003828819999999991,0.000038966027901361525
2021-11-04T14:00:00.000Z,0.017823033173175174,1.007518110591238,0.0003934544742349,0.0012271586734156458,0.0011965145656236409,284437896.66899997,201484252.82150003,7973060.9946,0.00632159602561444,0.00632159602561444,0.00791156506547298,1.007911565065473,-0.00001795649431879376,1.000417041766573,557.6704312434831,19.15742504444482,0.00003943649999999991,0.00004765259429053158
2021-11-04T15:00:00.000Z,0.017823033173175174,1.006268398633822,0.0004018977422387792,0.0012733051155930529,0.0012384411833641362,284386027.9799,209155813.46460003,7671560.6431,0.005029957450457756,0.005029957450457756,0.006670296376060671,1.0066702963760608,-0.000007108878669281893,1.0013556580102285,555.718393608287,18.96930670860021,0.000036400999999999904,0.000045858979732266466
2021-11-04T16:00:00.000Z,0.017823033173175174,0.9975836917222054,0.0004071063367173521,0.0013336994811955511,0.001290671664089027,281932416.4633,219196032.21360004,10040218.749,-0.003706979941883626,-0.003706979941883626,-0.002009201941077247,0.9979907980589228,-0.000010002991805424521,1.000867377453824,546.364854069142,18.617419621325745,0.00003816520000000002,0.00006054065044174103
2021-11-04T17:00:00.000Z,0.017823033173175174,0.9987893109659511,0.00042079849602516013,0.0013726811852339674,0.0013285633130137864,282370881.4945,225678762.01200002,6482729.7984,-0.0025392523470626482,-0.0025392523470626482,-0.0007898905380237017,0.9992101094619763,-0.000003508997259538127,1.0002147407668966,548.003700392508,18.638702352143167,0.000039815899999999945,0.00003902895581495948
2021-11-04T18:00:00.000Z,0.017823033173175174,0.9977839194161452,0.00043327127769884075,0.0013937785216951496,0.0013482454163741275,282149343.3086,229188068.04700002,3509306.035,-0.0035643260002289345,-0.0035643260002289345,-0.0017828093061559662,0.9982171906938441,-0.0000029830931433938446,0.9989804533612785,547.5536242074796,18.605970011143995,0.000039840699999999925,0.000021144193318128344
2021-11-04T19:00:00.000Z,0.017823033173175174,1.0000569466851945,0.0004455235621212499,0.0014310939503622056,0.0013899056056267955,293443507.5794,235628860.14620003,6440792.0992,-0.0013329589204322811,-0.0013329589204322811,0.0005024702473157643,1.0005024702473158,-0.000001949834885550672,1.0007492379811558,549.0365785956849,18.565070619585207,0.00003990710000000006,0.000037313303194064785
2021-11-04T20:00:00.000Z,0.017823033173175174,1.002539618018226,0.0004616357831770324,0.0014575332508836348,0.0014217449056563858,294032925.38870007,240190231.93970004,4561371.7935,0.0011178731125696117,0.0011178731125696117,0.00300125380140303,1.003001253801403,-0.0000024998715804080973,0.9989897922700627,552.7063989887229,18.682916860246095,0.000039893999999999974,0.00002637232561183097
2021-11-04T21:00:00.000Z,0.017823033173175174,1.0050999102113303,0.0004769535005065102,0.0014751868672149824,0.0014428146245837326,294796372.7192,243236005.83270004,3045773.893,0.0036570955867465393,0.0036570955867465393,0.005576863711836782,1.0055768637118367,-0.00000656676511745502,1.0001344482971715,554.8779228349996,18.77782845109112,0.00003876129999999995,0.000017564041139108528
2021-11-04T22:00:00.000Z,0.017823033173175174,1.006730740893449,0.0004901271429150979,0.0014908458080949343,0.0014583532419751855,295303397.617,245937901.59120005,2701895.7585,0.005272387651473753,0.005272387651473753,0.007220868036364037,1.0072208680363641,-0.000012079879309068176,1.00045140243551,556.4890503398801,18.779606510073442,0.0000392235000000001,0.000015554249719155883
2021-11-04T23:00:00.000Z,0.017823033173175174,1.00727008406211,0.0005036781258730015,0.0015094478949596254,0.0014787606281050358,295078684.92440003,249143466.92240006,3205565.3312,0.0057913234340050135,0.0057913234340050135,0.007773762187983051,1.007773762187983,-0.000014098502431503235,1.0005727115098237,556.996195415888,18.788045243432546,0.00003980989999999995,0.000018467823470326793
2021-11-05T00:00:00.000Z,0.017823033173175174,1.0079269747204145,0.0005164030054484087,0.0015255086115648834,0.0014944694086702626,295515304.4374,251913384.84220007,2769917.9198,0.006432505311744219,0.006432505311744219,0.00844337772586289,1.0084433777258628,-0.000024248184327335665,0.9995560456246172,558.2738338372312,18.788719005624422,0.00003794529999999974,0.0000159344047260926
2021-11-05T01:00:00.000Z,0.017823033173175174,1.006568118327322,0.0005267877319616759,0.0015470781675076856,0.0015140494527321469,295102722.17080003,255633208.15110007,3719823.3089,0.005054068874589923,0.005054068874589923,0.007094906059283746,1.0070949060592838,-0.000008144198352377785,1.0011141035906481,555.8791514132413,18.683066591487336,0.000039906900000000246,0.0000214288081743616
2021-11-05T02:00:00.000Z,0.017823033173175174,1.0101813509338156,0.0005435794662766456,0.00156823459445305,0.0015426487205338901,296483141.9728999,259285740.38710007,3652532.236,0.008638702213281668,0.008638702213281668,0.010724930400092205,1.0107249304000923,-0.00003164702889302262,1.000754070912422,560.0528409637362,18.804771670711606,0.00003986219999999962,0.000020943196837031503
2021-11-05T03:00:00.000Z,0.017823033173175174,1.0145947028147706,0.0005630234836966808,0.0015979282168599959,0.0015773705995707488,297703851.08950007,264410885.10290006,5125144.7158,0.01301733221519985,0.01301733221519985,0.01515772629846728,1.0151577262984672,-0.0000827001181907816,1.0001801514081934,565.2500814454642,19.009683866486018,0.000039906500000000245,0.000029266487433649786
2021-11-05T04:00:00.000Z,0.017823033173175174,1.0265768134744246,0.0005833606508555813,0.0016372218382373692,0.0016390883457968464,302155838.199,271214076.3184001,6803191.2155,0.024937725128627797,0.024937725128627797,0.027160174125280226,1.0271601741252803,-0.0003021531297100477,1.0001541755275787,578.6462169256886,19.242255499578242,0.000039214799999999827,0.00003827635810476382
2021-11-05T05:00:00.000Z,0.017823033173175174,1.031832460873747,0.0006036746151450147,0.001676126500432591,0.001683949755287406,303056198.14360005,277935584.2629001,6721507.9445,0.03014851111845962,0.03014851111845962,0.03243613548889204,1.032436135488892,-0.00048028684865975,0.9988124012986613,585.3301106959768,19.45666958132822,0.000039834400000000026,0.00003770443757839145
2021-11-05T06:00:00.000Z,0.017823033173175174,1.0337405447777954,0.000619355052928483,0.0017360196057032169,0.0017474707634972386,305088522.1206,288333402.78710014,10397818.5242,0.031993074014298184,0.031993074014298184,0.034359899830723906,1.034359899830724,-0.0005106283085770658,0.9996361604135728,586.9440722461261,19.517674375275597,0.00003963519999999983,0.000057938238280077445
2021-11-05T07:00:00.000Z,0.017823033173175174,1.0351974514225193,0.0006349466758618548,0.0017627340296939205,0.0017753674146459009,305639079.46190006,292973024.69260013,4639621.9055,0.03342208400787339,0.03342208400787339,0.035832398098381145,1.0358323980983812,-0.0005548302572084829,0.9996645379703608,588.5539832210742,19.57665417777037,0.000039321899999999824,0.000025806115020488444
