query_ts,assumedLPToken,equityValue,totalDexYield,totalTradingfee,newTotalTradingFee,liquidity,totalVolume,volume,priceImpact,priceEffect,totalReturn,totalEquityVal,impermanentLoss,tokenPrice,quoteTokenPrice,rewardPrice,rewardTokenPerLP,feePerDollar
2022-05-05T09:00:00.000Z,0.018912993400548365,1,0,0.000013317739389542016,2.1604940059205546e-13,269145011.0774,2108472.3947,2108472.3947,-2.1604940059205546e-13,-2.1604940059205546e-13,0,1,0,0.9988563641163085,399.4795548267648,7.681065451053454,0,0.00001331773922407652
2022-05-05T10:00:00.000Z,0.018912993400548365,0.9990724347905234,0,0.000022645088714380552,0.000009631558908873572,269066287.5593,3586122.7133,1477650.3186,-0.0009371967683854399,-0.0009371967683854399,-0.0009275652094765663,0.9990724347905234,-5.070990928279784e-7,0.9989257251853314,398.70343764974,7.681261023705657,0,0.000009336009963962411
2022-05-05T11:00:00.000Z,0.018912993400548365,1.012469116469825,0,0.00005554047515764838,0.00004271060749405642,272682397.4087,8797606.618099999,5211483.9048,0.012426405862330903,0.012426405862330903,0.012469116469824959,1.012469116469825,-0.0000640180238870025,0.9998899441840935,409.04616482614813,7.856641562986317,0,0.00003249026237979428
2022-05-05T12:00:00.000Z,0.018912993400548365,1.0075640703103557,0,0.00008009363714593072,0.00006774000191289709,271364163.7434,12687505.713799998,3889899.0957,0.007496330308442767,0.007496330308442767,0.007564070310355664,1.0075640703103557,-0.000021250794561722408,0.9998047191836803,405.1066401509369,7.762203509219841,0,0.000024368834747623652
2022-05-05T13:00:00.000Z,0.018912993400548365,1.00891819402298,0,0.00010276896017156139,0.00009175547531836692,271551070.899,16277552.742899999,3590047.0291,0.008826438547661741,0.008826438547661741,0.008918194022980108,1.00891819402298,-0.000027055921534069327,1.0002873059959396,405.98103976032576,7.874022765026755,0,0.000022474888164738497
2022-05-05T14:00:00.000Z,0.018912993400548365,1.0032549610038595,0,0.00012249854286647117,0.00011028178653016418,270024438.70680004,19401191.1303,3123638.3874,0.0031446792173293048,0.0031446792173293048,0.003254961003859469,1.0032549610038595,-0.000001031475512891511,1.000559312780951,401.31177956081666,7.805444801462905,0,0.000019665572805230215
2022-05-05T15:00:00.000Z,0.018912993400548365,0.9911513883076714,0,0.00015066496415715202,0.00013663797416074708,267026588.4464,23864914.4985,4463723.3682,-0.008985249666489392,-0.008985249666489392,-0.008848611692328645,0.9911513883076714,-0.00004868621670017781,0.9996978421656622,392.00272026205056,7.56501003841883,0,0.000028417880669075018
2022-05-05T16:00:00.000Z,0.018912993400548365,0.9761966598416264,0,0.0002109934565066819,0.00019428993498449287,263944711.7625,33460007.6387,9595093.1402,-0.02399763009335809,-0.02399763009335809,-0.023803340158373598,0.9761966598416264,-0.0003074260219864122,0.9993650341077384,380.34279395944117,7.320284130941991,0,0.00006179952698964239
2022-05-05T17:00:00.000Z,0.018912993400548365,0.9767616471336563,0,0.00023750229199065654,0.0002220963250779695,264683903.73479998,37685532.538100004,4225524.8994,-0.02346044919142165,-0.02346044919142165,-0.02323835286634368,0.9767616471336563,-0.0002806231997605213,0.9988098017017218,380.9732451945855,7.349746295091142,0,0.000027139513312367495
2022-05-05T18:00:00.000Z,0.018912993400548365,0.9725634853595462,0,0.0002533521766973382,0.00023572184621267755,263580872.99330002,40212345.638900004,2526813.1008,-0.0276722364866665,-0.0276722364866665,-0.027436514640453824,0.9725634853595462,-0.00042482149673062075,0.9999471821624036,377.26447386598363,7.318853046304579,0,0.00001629701815074112
2022-05-05T19:00:00.000Z,0.018912993400548365,0.971628348013532,0,0.000278987279168691,0.0002638089460663684,264745802.3734,44321145.9261,4108800.2872,-0.02863546093253433,-0.02863546093253433,-0.02837165198646796,0.971628348013532,-0.00045408705179250664,0.999943887128608,376.51862005757044,7.291792340875223,0,0.00002638364962020567
2022-05-05T20:00:00.000Z,0.018912993400548365,0.9716692270492058,0,0.00029716271121780217,0.00027925184516863766,264754355.8177,47234280.0336,2913134.1075,-0.028610024795962863,-0.028610024795962863,-0.028330772950794225,0.9716692270492058,-0.00046981006212132304,1.0004877855574834,376.3336405750228,7.351135225050038,0,0.000018705369237286462
2022-05-05T21:00:00.000Z,0.018912993400548365,0.9716968820026335,0,0.00030830858646668894,0.00029033956456148147,264776856.41799998,49020827.1496,1786547.116,-0.028593457561927993,-0.028593457561927993,-0.02830311799736651,0.9716968820026335,-0.00045234136235861033,0.9999291129154508,376.5567469492206,7.387205359277618,0,0.00001147052706300478
2022-05-05T22:00:00.000Z,0.018912993400548365,0.9732591075887904,0,0.00031450158374282027,0.00029722878983950984,265219591.2256,50013552.3681,992725.2185,-0.027038121201049092,-0.027038121201049092,-0.026740892411209582,0.9732591075887904,-0.00040454934782319096,0.9998947947793936,377.7765012493592,7.43182380757737,0,0.000006363153127758471
2022-05-05T23:00:00.000Z,0.018912993400548365,0.9716801804809643,0,0.00032210822514547826,0.00030414412393087176,264789760.56460002,51232884.1493,1219331.7812,-0.0286239636429666,-0.0286239636429666,-0.028319819519035727,0.9716801804809643,-0.00044826871679060076,0.9997619485819236,376.5960544125268,7.487573113605593,0,0.000007828339070287762
2022-05-06T00:00:00.000Z,0.018912993400548365,0.9736500437639111,0,0.0003324412823508877,0.0003187690884276506,265316596.3768,52889193.3782,1656309.2289,-0.026668725324516585,-0.026668725324516585,-0.026349956236088934,0.9736500437639111,-0.00034468776664664524,0.9980864888967325,378.74837484042314,7.520691473216684,0,0.000010612700930065958
2022-05-06T01:00:00.000Z,0.018912993400548365,0.9705323408043813,0,0.0003450274785034925,0.0003289308895197962,309964791.132,55253740.2409,2364546.8627,-0.029796590085138464,-0.029796590085138464,-0.029467659195618667,0.9705323408043813,-0.0004821333020543772,0.9996651197620064,375.72375376358514,7.426413100171252,0,0.000012968342797612062
2022-05-06T02:00:00.000Z,0.018912993400548365,0.9710226506185766,0,0.00035350785481007166,0.00033693414168678437,310134313.97110003,56847000.3187,1593260.0778,-0.029314283523110163,-0.029314283523110163,-0.02897734938142338,0.9710226506185766,-0.0004810898282748832,1.000128425579932,375.92317971780966,7.459216355580526,0,0.000008733448735738401
2022-05-06T03:00:00.000Z,0.018912993400548365,0.9736158117659632,0,0.00036347790736794696,0.0003475384417398475,311895330.4004,58725753.6646,1878753.3459,-0.026731726675776613,-0.026731726675776613,-0.026384188234036765,0.9736158117659632,-0.00036659965413721185,0.9988426531985334,378.4126547897633,7.516383846694466,0,0.00001024023246494204
2022-05-06T04:00:00.000Z,0.018912993400548365,0.9733455851347504,0,0.00037181563809570047,0.0003568868138325021,311795811.382,60296847.7299,1571094.0653,-0.027011301679082056,-0.027011301679082056,-0.026654414865249554,0.9733455851347504,-0.00040237903626350047,0.9998459249657992,377.8157939512908,7.473922848292357,0,0.000008566054493072605
2022-05-06T05:00:00.000Z,0.018912993400548365,0.9730086524439006,0,0.0003790634565136652,0.000363104372832046,311783582.6323,61662986.886800006,1366139.1569,-0.02735445192893149,-0.02735445192893149,-0.026991347556099443,0.9730086524439006,-0.00041139891515240556,0.99980954799082,377.5630841590081,7.460254459838595,0,0.000007448873821778328
2022-05-06T06:00:00.000Z,0.018912993400548365,0.9737448361048117,0,0.00038632321281306437,0.00037038485423168677,312025652.20710003,63031403.29580001,1368416.409,-0.026625548749420025,-0.026625548749420025,-0.026255163895188338,0.9737448361048117,-0.0003968886168228547,1.0000479948052703,378.03903040009214,7.453258367413285,0,0.000007455502068002939
2022-05-06T07:00:00.000Z,0.018912993400548365,0.9751349892911462,0,0.00039438252725626776,0.00037968343908223456,312475498.4377,64550552.26730001,1519148.9715,-0.025244694147936064,-0.025244694147936064,-0.02486501070885383,0.9751349892911462,-0.0003762651809805506,1.0007237522619725,378.85638069233187,7.468995778714913,0,0.000008264818408041993
2022-05-06T08:00:00.000Z,0.018912993400548365,0.9726141283774755,0,0.00041452619481128784,0.00039809205801799585,311696626.5497,68347906.99080001,3797354.7235,-0.02778396368054248,-0.02778396368054248,-0.027385871622524482,0.9726141283774755,-0.00042468603220080503,0.9998276318863235,377.2228777268878,7.481498154073769,0,0.000020710853054165697
2022-05-06T09:00:00.000Z,0.018912993400548365,0.973691391045584,0,0.0004248873434857951,0.0004098667409846435,312048698.6809,70301166.8883,1953259.8975,-0.026718475695400645,-0.026718475695400645,-0.026308608954416002,0.973691391045584,-0.0003743950547968611,0.9991424745396915,378.3094023274574,7.496852904641894,0,0.00001064110134022887
2022-05-06T10:00:00.000Z,0.018912993400548365,0.9764808432085152,0,0.00043445759995007423,0.00042218906768332065,312930400.5945,72105258.8547,1804091.9664,-0.023941345859168073,-0.023941345859168073,-0.023519156791484752,0.9764808432085152,-0.0003239592753466747,1.0000807958769373,380.1144183073977,7.51376172839897,0,0.000009800761885241724
2022-05-06T11:00:00.000Z,0.018912993400548365,0.9718577325102126,0,0.00044667957534966934,0.00043092871774452757,311493601.61550003,74409558.1958,2304299.3411,-0.02857319620753196,-0.02857319620753196,-0.02814226748978743,0.9718577325102126,-0.0004441311359735245,0.9996756518385027,376.6679327937103,7.455499096620703,0,0.000012575888748769319
2022-05-06T12:00:00.000Z,0.018912993400548365,0.9698486495173941,0,0.00046409325632878394,0.00044828782191386196,311110526.4949,77695443.58260001,3285885.3868,-0.030599638304519727,-0.030599638304519727,-0.030151350482605865,0.9698486495173941,-0.0005125135289028027,0.9998010299620265,375.0510393256827,7.369569353680727,0,0.000017955050317629065
2022-05-06T13:00:00.000Z,0.018912993400548365,0.9722022937153421,0,0.00048012381307882237,0.00046554797417619476,311830955.06659997,80720003.89340001,3024560.3108,-0.028263254258834136,-0.028263254258834136,-0.02779770628465794,0.9722022937153421,-0.0004627963691938852,1.000614973796592,376.5545086462583,7.404202965170456,0,0.000016488909919997645
2022-05-06T14:00:00.000Z,0.018912993400548365,0.9678410530764006,0,0.0005049699543565732,0.0004867793889805627,310551368.08519995,85409643.17630002,4689639.2829,-0.03264572631258,-0.03264572631258,-0.03215894692359944,0.9678410530764006,-0.0005826186793747024,0.9998091039614158,373.4664733355361,7.326006427048244,0,0.00002567171682445389
2022-05-06T15:00:00.000Z,0.018912993400548365,0.9736616918812648,0,0.0005342378891871948,0.0005191839497964423,312362453.72150004,90932882.92720002,5523239.7509,-0.026857492068531608,-0.026857492068531608,-0.026338308118735165,0.9736616918812648,-0.0003938354977439662,0.9997010928392114,377.99000682272396,7.4374443643004415,0,0.000030059654944642012
2022-05-06T16:00:00.000Z,0.018912993400548365,0.9759821395184798,0,0.0005505377272459709,0.0005369142904085855,313107800.18950003,94008883.39250001,3076000.4653,-0.0245547747719288,-0.0245547747719288,-0.024017860481520215,0.9759821395184798,-0.0003363640354504538,0.9999350786875236,379.6921064735732,7.4879187250162875,0,0.000016700959822288577
2022-05-06T17:00:00.000Z,0.018912993400548365,0.9780661717480438,0,0.000561635684534778,0.0005488290843319588,313682031.9127,96102588.48480001,2093705.0923,-0.02248265733628818,-0.02248265733628818,-0.021933828251956222,0.9780661717480438,-0.0002812755335797057,0.999837416705124,381.34420875318904,7.492033110962847,0,0.000011346836269858703
2022-05-06T18:00:00.000Z,0.018912993400548365,0.9761122259902334,0,0.0005700603904452827,0.0005560337753741651,313057882.7524,97691979.53610002,1589391.0513,-0.02444380778514077,-0.02444380778514077,-0.023887774009766605,0.9761122259902334,-0.0003329503159090752,0.9999168272431025,379.78543128122936,7.463568360913007,0,0.000008630879259306196
2022-05-06T19:00:00.000Z,0.018912993400548365,0.977162723449667,0,0.0005783539990507321,0.0005688605257253565,313394797.4037,99256637.89850001,1564658.3624,-0.02340613707605832,-0.02340613707605832,-0.022837276550332963,0.977162723449667,-0.00030462522214569354,0.9998574409830141,380.6163996378839,7.4987249316174855,0,0.00000848743896872551
2022-05-06T20:00:00.000Z,0.018912993400548365,0.9780079762385031,0,0.0005846070753416996,0.0005716353873986835,313665056.89449996,100436329.49560001,1179691.5971,-0.022563659148895576,-0.022563659148895576,-0.021992023761496893,0.9780079762385031,-0.00027746195277167374,0.999593225509078,381.37415467691966,7.515038356764205,0,0.000006393685464761648
2022-05-06T21:00:00.000Z,0.018912993400548365,0.9770835174938665,0,0.000589717545831965,0.0005774177150498216,313368974.84070003,101400460.90700002,964131.4114,-0.02349390022118336,-0.02349390022118336,-0.02291648250613354,0.9770835174938665,-0.00030674154713417057,0.9998531954877152,380.549609179616,7.531405988311332,0,0.000005230330795233291
2022-05-06T22:00:00.000Z,0.018912993400548365,0.9767521827105206,0,0.0005937651477017051,0.000580261198673826,313264440.3106,102164077.97250003,763617.0655,-0.02382807848815327,-0.02382807848815327,-0.023247817289479444,0.9767521827105206,-0.00032006205430179513,1.0000432004558202,380.21693794463283,7.5005383888448325,0,0.000004143939893282788
2022-05-06T23:00:00.000Z,0.018912993400548365,0.9758618224362069,0,0.0005984079187781685,0.0005840113678275971,312485139.4234,103038597.14720003,874519.1747,-0.024722188931620703,-0.024722188931620703,-0.024138177563793106,0.9758618224362069,-0.0003392001679599632,0.9998726050347329,379.58550134901446,7.47969230004531,0,0.00000475761055304338
2022-05-07T00:00:00.000Z,0.018912993400548365,0.9759744550633485,0,0.0006019506401803804,0.0005892475683733078,312521224.7794,103705909.49110003,667312.3439,-0.02461479250502485,-0.02461479250502485,-0.024025544936651544,0.9759744550633485,-0.00033640252843136764,0.9998750386195676,379.6681808826932,7.472373569854976,0,0.0000036299326083556826
2022-05-07T01:00:00.000Z,0.018912993400548365,0.9754690395642586,0,0.0006068284657214243,0.0005923387096159471,312370508.4217,104624736.77150002,918827.2804,-0.02512329914535738,-0.02512329914535738,-0.024530960435741433,0.9754690395642586,-0.0003457407656319855,0.99971130013873,379.3345316103933,7.456389821197267,0,0.000005000492474697042
2022-05-07T02:00:00.000Z,0.018912993400548365,0.974573816275169,0,0.0006144622907694969,0.0006014489975180171,313043483.8138,106067128.40660003,1442391.6351,-0.02602763272234898,-0.02602763272234898,-0.025426183724830964,0.974573816275169,-0.00031596114282461674,0.9976275568644398,379.42193329592635,7.414043658824481,0,0.000007832987768333497
2022-05-07T03:00:00.000Z,0.018912993400548365,0.9750377226314056,0,0.0006237169082869143,0.0006092462398694654,313035285.9592,107814886.75840002,1747758.3518,-0.02557152360846382,-0.02557152360846382,-0.024962277368594354,0.9750377226314056,-0.0003572815964187903,0.9996868959518688,378.99504605674446,7.396191326876723,0,0.00000949154721952737
2022-05-07T04:00:00.000Z,0.018912993400548365,0.972052134823171,0,0.0006319741888146399,0.0006157796707226826,312068512.95849997,109374254.49730003,1559367.7389,-0.028563644847551695,-0.028563644847551695,-0.027947865176829012,0.972052134823171,-0.00042841449694808187,0.999153412046932,376.8722213830297,7.351600126662866,0,0.000008494689614785102
2022-05-07T05:00:00.000Z,0.018912993400548365,0.9705125695015142,0,0.0006411130625950446,0.0006238288486737353,311605891.3836,111100283.99570003,1726029.4984,-0.030111259347159525,-0.030111259347159525,-0.02948743049848579,0.9705125695015142,-0.0005009519930079254,0.9999412729554991,375.37637773457936,7.326299562980691,0,0.000009416542589266432
2022-05-07T06:00:00.000Z,0.018912993400548365,0.971365405649858,0,0.0006505926766471522,0.0006337803732934244,311881329.6154,112890677.46320003,1790393.4675,-0.029268374723435464,-0.029268374723435464,-0.02863459435014204,0.971365405649858,-0.0004699147302947848,0.9998131306388525,376.0772993454599,7.353453764242802,0,0.00000975906091750774
2022-05-07T07:00:00.000Z,0.018912993400548365,0.9716038282348685,0,0.000661222249871796,0.0006443633790802483,311966455.38049996,114898316.34100004,2007638.8778,-0.029040535144211788,-0.029040535144211788,-0.02839617176513154,0.9716038282348685,-0.00045125773689036475,0.9994328587706967,376.3970175667719,7.367537671623979,0,0.000010940234225174116
