query_ts,assumedLPToken,equityValue,totalDexYield,totalTradingfee,newTotalTradingFee,liquidity,totalVolume,volume,priceImpact,priceEffect,totalReturn,totalEquityVal,impermanentLoss,tokenPrice,quoteTokenPrice,rewardPrice,rewardTokenPerLP,feePerDollar
2021-09-18T09:00:00.000Z,0.020973925379265186,1,0.000019045667548229843,0.00000845194450839147,-5.253575352526241e-13,271833945.5398,1351485.5897,1351485.5897,5.253575352526241e-13,5.253575352526241e-13,0.000019045667548229843,1.0000190456675482,0,1.0002151373058152,417.8013941870892,22.8195210342803,0.0000397933,0.00000845194480007874
2021-09-18T10:00:00.000Z,0.020973925379265186,0.9987829554094593,0.000037990741233098426,0.000017773402943838602,0.0000095034122883364,271505314.5563,2842020.6686,1490535.0789,-0.0012265480028290643,-0.0012265480028290643,-0.0011790538493076294,0.9988209461506924,-2.7400432323076984e-7,0.9997281264479635,416.9801459834243,22.787833371803274,0.00003969350000000001,0.000009332817806056473
2021-09-18T11:00:00.000Z,0.020973925379265186,1.0008381425473107,0.00005721484342216099,0.000027137193052878704,0.000018786994718800187,272073987.1859,4339379.548599999,1497358.88,0.0008193555525919383,0.0008193555525919383,0.0008953573907328994,1.0008953573907329,-3.5862062097713476e-8,1.0007666143256857,418.2557216529609,22.857272321650093,0.00003985830000000001,0.000009355948072539288
2021-09-18T12:00:00.000Z,0.020973925379265186,0.9972508985299438,0.00007539227876808438,0.000037570001067182036,0.000030386945149230016,271098508.60440004,6007682.8308,1668303.2822,-0.0027794884152054777,-0.0027794884152054777,-0.0026737091912881635,0.9973262908087118,-0.0000018276352617974112,0.9993438487970765,415.8443161068436,22.578400716800367,0.0000398589,0.000010461568358823381
2021-09-18T13:00:00.000Z,0.020973925379265186,0.9972638885376673,0.00009455311590250871,0.000048557760270487885,0.000040292047211898385,271131193.1008,7764916.967,1757234.1362,-0.002776403509544556,-0.002776403509544556,-0.002641558346430149,0.9973584416535699,-0.0000025092621149802596,0.9996751107219748,415.70908993263464,22.662353692165507,0.00003972180000000002,0.000011017906119084555
2021-09-18T14:00:00.000Z,0.020973925379265186,0.9978994437698508,0.00011347734700615828,0.00006880654364065305,0.00006143918232648371,271102336.8073,11000827.4657,3235910.4987,-0.002161995412475637,-0.002161995412475637,-0.0019870788831429947,0.998012921116857,-0.0000012607123313079782,0.9996387438205864,416.2366421739712,22.65561498376014,0.0000398848,0.00002029140697411308
2021-09-18T15:00:00.000Z,0.020973925379265186,0.9976466172840696,0.00013193091747491526,0.00008075773171668529,0.00007461337273417801,270918486.763,12909907.3275,1909079.8618,-0.002427996088664619,-0.002427996088664619,-0.002221451798455526,0.9977785482015444,-0.0000024010207260172223,0.9999755242834161,415.8746444398527,22.63640951393301,0.000039070700000000005,0.000011979380971144702
2021-09-18T16:00:00.000Z,0.020973925379265186,0.9966341070475125,0.00015052805415807907,0.00009466954555803093,0.00008649255720716287,271063265.7338,15135623.2819,2225715.9544,-0.003452385509694622,-0.003452385509694622,-0.00321536489832938,0.9967846351016706,-0.000005011901089924109,0.99992280389197,415.0428557864365,22.6052004364062,0.000039608200000000005,0.000013958797080958331
2021-09-18T17:00:00.000Z,0.020973925379265186,0.9941096201788329,0.00016769817951343448,0.00010798933679726621,0.0001003154307519516,272438678.2155,17282875.0452,2147251.7633,-0.005990695251919087,-0.005990695251919087,-0.005722681641653701,0.9942773183583463,-0.000015603211821035856,0.9997927315085512,412.98495648353935,22.39478826121609,0.000039537999999999966,0.000013398714241017487
2021-09-18T18:00:00.000Z,0.020973925379265186,0.9943192018345501,0.00018666870434059116,0.00011936997957077645,0.00011142638589622944,272504091.0199,19117575.1961,1834700.1509,-0.005792224551346092,-0.005792224551346092,-0.005494129461109272,0.9945058705388907,-0.000015665957115662543,1.0000035779484444,413.0627808813921,22.465235542154623,0.00003914180000000001,0.000011445663970975873
2021-09-18T19:00:00.000Z,0.020973925379265186,0.993083600246824,0.00020469821177173967,0.00012932012093250437,0.00012148463476391314,272270262.8232,20722278.2694,1604703.0733,-0.007037884387939952,-0.007037884387939952,-0.0067117015414042995,0.9932882984585957,-0.000025004152324870077,1.0002241008520019,411.93752120310444,22.410546816493277,0.000039324399999999986,0.00001001943876030794
2021-09-18T20:00:00.000Z,0.020973925379265186,0.9918410013653789,0.0002231335786780537,0.000139394398568982,0.00013077086799473392,271938522.2974,22347054.828,1624776.5586,-0.00828976950261584,-0.00828976950261584,-0.007935865055943053,0.992064134944057,-0.00002634667976286753,0.9991502535577901,411.3410873257889,22.396354843104618,0.00003952189999999999,0.000010157149219922818
2021-09-18T21:00:00.000Z,0.020973925379265186,0.9892246868047709,0.00024027868028133074,0.00015012655064108329,0.00014176193818460359,271226089.34070003,24077964.4076,1730909.5796,-0.010917075133413667,-0.010917075133413667,-0.010535034514947732,0.9894649654850523,-0.00005426706978428619,0.9996562770868295,408.9573512270721,22.264805693173695,0.0000395214,0.00001084905324732138
2021-09-18T22:00:00.000Z,0.020973925379265186,0.9894498923276183,0.00025854342487765717,0.00015500522620960042,0.00014683164279172267,271289209.24230003,24864814.0431,786849.6355,-0.01069693931517346,-0.01069693931517346,-0.01029156424750408,0.9897084357524959,-0.000047565900618273815,0.9992146064552047,409.32025804603785,22.24837591231684,0.000039521299999999984,0.000004930695120849029
2021-09-18T23:00:00.000Z,0.020973925379265186,0.9892615489987783,0.00027700041390127167,0.00016255994604072514,0.00015366604148547847,272243803.3358,26087785.3895,1222971.3464,-0.010892117042707206,-0.010892117042707206,-0.010461450587320455,0.9895385494126795,-0.000054475260754083266,0.999701461877088,408.959505290064,22.255034632101072,0.00003937570000000003,0.000007636725844281523
2021-09-19T00:00:00.000Z,0.020973925379265186,0.9913863902974192,0.0002970569850349237,0.0001706234031136717,0.0001629522118620219,273295239.7462,27395344.8223,1307559.4328,-0.00877656191444287,-0.00877656191444287,-0.008316552717545925,0.9916834472824541,-0.00003908433856325555,1.0002412896538642,410.4891240553268,22.383767260904868,0.00003930830000000001,0.000008133515380012787
2021-09-19T01:00:00.000Z,0.020973925379265186,0.9891135351222771,0.0003145437068272879,0.00017784113069094272,0.00016896790117693072,272676868.22360003,28565797.1194,1170452.2971,-0.011055432778899865,-0.011055432778899865,-0.010571921170895646,0.9894280788291043,-0.00005918787476699716,0.9999784464961674,408.7112258835217,22.31515742961267,0.00003930730000000002,0.000007297167955729758
2021-09-19T02:00:00.000Z,0.020973925379265186,0.9902872010397463,0.0003339874372393411,0.00019213873681832202,0.00018499468343624592,273008481.8737,30884416.028899997,2318618.9095,-0.009897793643689923,-0.009897793643689923,-0.009378811523014336,0.9906211884769857,-0.00004826164277749179,1.0000928400914317,409.6217855121105,22.39957092708967,0.000038853999999999964,0.000014437837678513952
2021-09-19T03:00:00.000Z,0.020973925379265186,0.9897609573825639,0.0003544002135215336,0.00019859742432829503,0.0001904849738942893,272865311.74770004,31931817.8703,1047401.8414,-0.010429527591330423,-0.010429527591330423,-0.0098846424039146,0.9901153575960854,-0.000052406833871643244,0.9999688966044761,409.2326462748608,22.523274162947477,0.00003930620000000002,0.0000065255019737590685
2021-09-19T04:00:00.000Z,0.020973925379265186,0.9892690585974037,0.00037093048576830975,0.00020511921818494916,0.00019649109805042198,272729731.5786,32989453.656299997,1057635.786,-0.010927432500646761,-0.010927432500646761,-0.01036001091682803,0.989639989083172,-0.00005762228619710097,0.9999629996592089,408.8233478598282,22.40484150348247,0.000039142600000000054,0.000006592536962483046
2021-09-19T05:00:00.000Z,0.020973925379265186,0.9888283663129207,0.00038865152430877815,0.000213383406210738,0.00020463601875220228,272618903.98179996,34329705.0663,1340251.41,-0.011376269705831499,-0.011376269705831499,-0.010782982162770518,0.9892170178372295,-0.00006738479658019436,1.0003830696943818,408.28087431687635,22.36174528290839,0.00003930489999999999,0.000008357554680625185
2021-09-19T06:00:00.000Z,0.020973925379265186,0.9895583744677662,0.0004088805943109447,0.0002211977203162819,0.00021276364233513423,272824595.0905,35597018.598,1267313.5317,-0.010654389174568957,-0.010654389174568957,-0.010032744937922878,0.9899672550620772,-0.000051819662324592564,0.999684170396464,409.1631894157795,22.460334448615725,0.00003930440000000008,0.000007896769729193008
2021-09-19T07:00:00.000Z,0.020973925379265186,0.9903708090650003,0.00042841897755313964,0.0002270139597127477,0.00021939623886002568,273039230.89030004,36540255.044,943236.446,-0.009848587173859724,-0.009848587173859724,-0.00920077195744656,0.9907992280425535,-0.00004445216770720961,0.999746825122143,409.80428685167675,22.51486157458078,0.00003927309999999994,0.000005872789609652266
2021-09-19T08:00:00.000Z,0.020973925379265186,0.9915641805453671,0.0004474947277621101,0.00023482110912538204,0.00022678872923675986,273364664.613,37806346.5748,1266091.5308,-0.008662608183869658,-0.008662608183869658,-0.007988324726870787,0.9920116752731292,-0.00004221554416727891,1.000703815775301,410.3937393285674,22.5405975295213,0.000039313499999999975,0.000007873569195225255
2021-09-19T09:00:00.000Z,0.020973925379265186,0.9924758497070633,0.00046620071035001357,0.00024262673583103384,0.00023487831901103373,273312922.85830003,39070789.0519,1264442.4771,-0.007759028611947771,-0.007759028611947771,-0.0070579495825867245,0.9929420504174132,-0.000028913052775525472,1.0000302675519133,411.4191235348375,22.54731304927629,0.000039273499999999996,0.00000786480269059375
2021-09-19T10:00:00.000Z,0.020973925379265186,0.9929425224579328,0.0004838379340556115,0.0002516634585477097,0.000244523207934777,273428989.4448,40534591.5007,1463802.4488,-0.00730200075000198,-0.00730200075000198,-0.006573639608011592,0.9934263603919884,-0.00002288734253874658,0.9996521475078349,411.95397484148435,22.513835266415022,0.0000388168,0.000009100952199738763
2021-09-19T11:00:00.000Z,0.020973925379265186,0.9914799520107257,0.0004954232771096137,0.0002624716788523765,0.00025516744757347887,273017777.4399,42285293.471099995,1750701.9704,-0.008775215436847783,-0.008775215436847783,-0.008024624712164691,0.9919753752878353,-0.000039579275568635275,1.0002984701979776,410.4667742210526,22.36091400780899,0.000031709699999999924,0.000010901097275012269
2021-09-19T12:00:00.000Z,0.020973925379265186,0.9838060697139503,0.0005047796570233603,0.0002780190645635077,0.0002708747683879409,270906555.0849,44803657.1873,2518363.7162,-0.016464805054437592,-0.016464805054437592,-0.015689150629026292,0.9843108493709737,-0.0001343121348528209,1.000003936215929,404.241976854222,21.982240027912646,0.000038490500000000034,0.00001580330278903107
2021-09-19T13:00:00.000Z,0.020973925379265186,0.983600104137052,0.0005208232650875011,0.0002968527749413995,0.00028736784596683496,270851698.7918,47854360.3938,3050703.2065,-0.016687263708914823,-0.016687263708914823,-0.015879072597860488,0.9841209274021395,-0.0001320931752345489,0.999641818652173,404.2055017795267,21.894787504025068,0.00003930969999999989,0.000019147730932404292
2021-09-19T14:00:00.000Z,0.020973925379265186,0.9893316230869175,0.0005454854798327175,0.0003119726008914968,0.00030408926954328397,272442124.24579996,50303594.2778,2449233.884,-0.010972466182625817,-0.010972466182625817,-0.010122891433249816,0.9898771085667502,-0.00007144017693994087,1.0011362644039874,408.3070502618169,22.16340115303945,0.0000393082,0.00001528287013003713
2021-09-19T15:00:00.000Z,0.020973925379265186,0.9924757946085613,0.0005709648192661588,0.00032860934502072407,0.00032170019672528305,273311021.85080004,52998581.018300004,2694986.7405,-0.007845905588164004,-0.007845905588164004,-0.006953240572172562,0.9930467594278274,-0.00002572622689422932,0.999511500340941,411.56057966515357,22.44672818921925,0.000039308099999999984,0.00001676287120740787
2021-09-19T16:00:00.000Z,0.020973925379265186,0.9965260225876715,0.0005954804265559366,0.0003442524808959967,0.0003390786601241702,274442718.55090004,55532763.800500005,2534182.7822,-0.0038130560724526363,-0.0038130560724526363,-0.0028784969857725295,0.9971215030142274,-0.000007084753751662731,1.0001590342473006,414.6445263029568,22.675605092664966,0.000039306000000000155,0.000015697668178217626
2021-09-19T17:00:00.000Z,0.020973925379265186,0.999326771600205,0.0006306904501117173,0.00035993726469489497,0.0003553126197072265,275363253.5597,58075071.463300005,2542307.6628,-0.001028541019502227,-0.001028541019502227,-0.00004253794968328334,0.9999574620503168,-2.0011541423947676e-8,0.9993862899337569,417.28817825026795,23.285770829052748,0.00003928499999999993,0.000015695351398159548
2021-09-19T18:00:00.000Z,0.020973925379265186,0.9964497350014049,0.0006490406688335262,0.0003729882939569278,0.00036760017164427783,276309465.349,60203878.109900005,2128806.6466,-0.0039178651702393985,-0.0039178651702393985,-0.0029012243297615943,0.9970987756702384,-0.000006623002703931569,0.999929072820374,414.65262011327934,23.26069851340093,0.000039004999999999915,0.000013097529231034349
2021-09-19T19:00:00.000Z,0.020973925379265186,0.9988457638404069,0.0006719739531094025,0.00038194851847556783,0.0003780157928237049,276783125.3485,61664410.32490001,1460532.215,-0.0015322519524167966,-0.0015322519524167966,-0.0004822622064836892,0.9995177377935163,-0.0000021731436168348495,1.0007667579158086,416.2924350007847,23.395606610777765,0.00003906470000000008,0.000008970578543665742
2021-09-19T20:00:00.000Z,0.020973925379265186,0.9949880814629039,0.0006811651911963241,0.0003897472384675922,0.00038423214351146484,275704311.0248,62935569.880200006,1271159.5553,-0.005396150680607614,-0.005396150680607614,-0.004330753345899825,0.9956692466541002,-0.000013384506123315099,0.9999782586400152,413.40242650936574,23.057830161721146,0.00003906619999999982,0.00000783800309823816
2021-09-19T21:00:00.000Z,0.020973925379265186,0.9951198591657897,0.0007058563194110983,0.0004003983032467847,0.0003945985277220565,275745362.0564,64671678.51370001,1736108.6335,-0.005274739361932346,-0.005274739361932346,-0.004174284514799191,0.9958257154852008,-0.00001245497022872577,0.9999174294839507,413.52851589772797,23.249335551089565,0.000039033200000000235,0.000010703297618279917
2021-09-19T22:00:00.000Z,0.020973925379265186,0.993330558874281,0.0007195668355180892,0.0004104616912212054,0.0004038046039858134,275266174.0277,66312095.69430001,1640417.1806,-0.007073245729704802,-0.007073245729704802,-0.0059498742902009,0.9940501257097991,-0.00001876552483948135,0.9992433277954877,412.3124762732232,23.078103964157634,0.0000390653999999997,0.000010130954945228295
2021-09-19T23:00:00.000Z,0.020973925379265186,0.986265339308937,0.0007233996702029489,0.0004286897983803038,0.00042397681500361273,273304961.6613,69283395.0611,2971299.3668,-0.014158637506066607,-0.014158637506066607,-0.013011261020860046,0.98698873897914,-0.00009517820761173468,0.9997528358492672,406.24191844096947,22.606971850622067,0.000039064200000000005,0.00001848195105151379
2021-09-20T00:00:00.000Z,0.020973925379265186,0.9885977457462137,0.0007453645287406003,0.00044224502193192136,0.00043653142074540074,273952915.9922,71492997.1621,2209602.101,-0.011838785674531671,-0.011838785674531671,-0.01065688972504567,0.9893431102749544,-0.00007329797646860037,1.0004138289823707,407.8864033902497,22.711859978551395,0.000039064300000000025,0.000013711566303630618
2021-09-20T01:00:00.000Z,0.020973925379265186,0.9824805608551437,0.0007508405601832809,0.0004581181914311836,0.0004488655606690317,302290178.5827,74365859.5457,2872862.3836,-0.01796830470552535,-0.01796830470552535,-0.01676859858467304,0.9832314014153269,-0.0001638223659445881,1.0001856316215,402.93380630013877,22.37568058953241,0.000035177200000000155,0.000016156218091564227
2021-09-20T02:00:00.000Z,0.020973925379265186,0.9863867110063878,0.0007751040031690849,0.0004696929080336207,0.00046187518599449806,303396288.0334,76460090.0593,2094230.5136,-0.014075164179606747,-0.014075164179606747,-0.012838184990443164,0.9871618150095568,-0.0000870501880653185,0.9992354366576237,406.5211018114867,22.601645545684484,0.000035188499999999895,0.000011734460880180804
2021-09-20T03:00:00.000Z,0.020973925379265186,0.9734195451879747,0.0007637601223929441,0.000494547013802835,0.00048033282423365353,296619597.9452,80915103.15990001,4455013.1006,-0.027060787636258965,-0.027060787636258965,-0.025816694689632366,0.9741833053103677,-0.0003720395535946608,1.0000634859738557,395.5552483667299,21.797341869149825,0.00003552029999999987,0.00002553277775131768
2021-09-20T04:00:00.000Z,0.020973925379265186,0.9683922010565577,0.0007730242378031325,0.0005305739799590048,0.0005137750239693206,294388945.4037,87357522.44790001,6442419.288,-0.032121573967411665,-0.032121573967411665,-0.030834774705639213,0.9691652252943608,-0.0005024466749510292,0.9992732773062564,391.76050720295535,21.60172428351304,0.000035575700000000046,0.00003720286702539459
2021-09-20T05:00:00.000Z,0.020973925379265186,0.9705693957101152,0.0007885847983838299,0.0005552154373909764,0.0005398985685891589,294996904.64470005,91763155.65730001,4405633.2094,-0.029970502858473913,-0.029970502858473913,-0.028642019491500924,0.9713579805084991,-0.0004557244528982096,0.9999822622468177,393.2247931611751,21.586000925939675,0.000035612300000000005,0.00002538866116239623
2021-09-20T06:00:00.000Z,0.020973925379265186,0.9699530461482918,0.000803886400171405,0.0005645439325783882,0.0005501930421517587,294802391.19969994,93430951.7522,1667796.0949,-0.03059714689385995,-0.03059714689385995,-0.029243067451536785,0.9707569325484632,-0.0004979819861863355,1.0007057979363776,392.4329625016395,21.563949030510297,0.000035613300000000156,0.000009617470705688378
2021-09-20T07:00:00.000Z,0.020973925379265186,0.9666946011347634,0.0008198320536604927,0.0005818838023872449,0.0005644151259919239,285965620.4033,96448272.3338,3017320.5816,-0.03386981399122857,-0.03386981399122857,-0.032485566811576154,0.9675144331884239,-0.0005840959373724086,0.9999455732919027,390.08410003609276,21.54797705525888,0.000036599700000000035,0.000017937278549379103
