query_ts,assumedLPToken,equityValue,totalDexYield,totalTradingfee,newTotalTradingFee,liquidity,totalVolume,volume,priceImpact,priceEffect,totalReturn,totalEquityVal,impermanentLoss,tokenPrice,quoteTokenPrice,rewardPrice,rewardTokenPerLP,feePerDollar
2022-03-28T09:00:00.000Z,0.01843590565878989,1,0.000004257445044724763,0.000015860699081975784,-2.5135449277513544e-13,332097552.16809994,3098411.3817,3098411.3817,2.5135449277513544e-13,2.5135449277513544e-13,0.000004257445044724763,1.0000042574450447,-2.220446049250313e-16,1.000246004911634,432.1999093628334,8.205993303821867,0.000028141899999999996,0.00001586069910633914
2022-03-28T10:00:00.000Z,0.01843590565878989,1.0027089208842337,0.000008571609200461171,0.00003221061151292265,0.000016958108785436465,334811331.29889995,6309791.8259,3211380.4442,0.0026919627754482534,0.0026919627754482534,0.002717492493434151,1.0027174924934341,-0.0000041493052579388845,1.0000535861459088,434.61358074605573,8.283171497977763,0.000027988899999999992,0.0000163057407106279
2022-03-28T11:00:00.000Z,0.01843590565878989,1.0019508154137067,0.000012895956086154526,0.00005111163847916871,0.00003679016586644046,332833306.9664,10003110.972199999,3693319.1463,0.0019140252478402342,0.0019140252478402342,0.001963711369792829,1.0019637113697928,-0.000005394315032769548,0.998874192298474,434.451815702124,8.301070697143597,0.000028135700000000002,0.000018864225476520106
2022-03-28T12:00:00.000Z,0.01843590565878989,1.003929514198178,0.000017264348192189727,0.00006949023981239939,0.000053774274239248854,332060640.23260003,13578947.8271,3575836.8549,0.003875739923938859,0.003875739923938859,0.003946778546370298,1.0039467785463703,-0.000009560103260697339,0.9997415733940448,435.7763557458312,8.327448585344111,0.000028187200000000007,0.00001830666425587769
2022-03-28T13:00:00.000Z,0.01843590565878989,1.0028060065241209,0.00002167885728772307,0.00008567649670881318,0.00007018610028763916,332079381.4009,16731937.011799999,3152989.1847,0.002735820423833246,0.002735820423833246,0.0028276853814086086,1.0028276853814087,-0.000006540117976849835,0.9993615926644717,434.95256970382206,8.368983504210357,0.000028053699999999992,0.000016140964824067433
2022-03-28T14:00:00.000Z,0.01843590565878989,1.0093344493817784,0.00002633527472212948,0.00010572696183389234,0.00009049788281267901,334937346.16969997,20645785.6659,3913848.6541,0.00924395149896573,0.00924395149896573,0.009360784656500538,1.0093607846565005,-0.00003999075918081907,1.0005042016731431,440.1137031364707,8.46920686176533,0.000028159800000000008,0.000019865036813777416
2022-03-28T15:00:00.000Z,0.01843590565878989,1.0075779879402973,0.000030324832086243962,0.00012877790010238862,0.00011405906907291374,334304948.8372,25144659.6867,4498874.0208,0.007463928871224379,0.007463928871224379,0.007608312772383536,1.0076083127723836,-0.00003857548819219403,0.9988990886584512,439.2673168580624,8.360775432433037,0.000028070399999999995,0.000022877572892540303
2022-03-28T16:00:00.000Z,0.01843590565878989,1.006277727134265,0.000034470236891774894,0.00014761053723300285,0.0001328878201682926,333560367.83390003,28816795.9116,3672136.2249,0.006144839314096817,0.006144839314096817,0.006312197371156885,1.0063121973711568,-0.000021530133095470916,0.9998099384591456,437.7186542861557,8.355321763292137,0.000027040000000000022,0.00001871514779429247
2022-03-28T17:00:00.000Z,0.01843590565878989,1.0044276057575783,0.000038412247382521014,0.0001656128691060999,0.00015093915029384952,332946319.6043,32327024.6818,3510228.7702,0.0042766666072844295,0.0042766666072844295,0.0044660180049608,1.0044660180049607,-0.000016185791243295,0.9988245722845246,436.52490221833085,8.282999816141801,0.000027768500000000007,0.000017922976041399473
2022-03-28T18:00:00.000Z,0.01843590565878989,1.0064050746864706,0.000042615836752674864,0.00017850948567883846,0.00016338925639036717,334091632.78840005,34845395.4821,2518370.8003,0.0062416854300801905,0.0062416854300801905,0.006447690523223233,1.0064476905232231,-0.00001825131394317392,1.000426565985853,437.5330770238705,8.265282656788466,0.000028125799999999987,0.00001281453930700969
2022-03-28T19:00:00.000Z,0.01843590565878989,1.0089663131057853,0.00004731319497951282,0.00018988063983015554,0.00017524667912849345,335028775.15500003,37066459.344000004,2221063.8619,0.008791066426656835,0.008791066426656835,0.009013626300764842,1.0090136263007647,-0.00004054278223508678,0.9999937202158624,439.94327088516485,8.337376821791073,0.000028142099999999986,0.000011270102287432277
2022-03-28T20:00:00.000Z,0.01843590565878989,1.0065817968000343,0.00005143356339421015,0.00020108406595537953,0.00018586522474328682,334056466.738,39253580.146000005,2187120.802,0.006395931575291058,0.006395931575291058,0.006633230363428555,1.0066332303634287,-0.000020295178528750846,1.000250460347799,437.74428200311684,8.303851409907022,0.000028157599999999983,0.000011130170296377184
2022-03-28T21:00:00.000Z,0.01843590565878989,1.006881268163778,0.00005561205223223055,0.0002086408846900194,0.00019385981653230466,334080270.36259997,40728480.38640001,1474900.2404,0.0066874083472456824,0.0066874083472456824,0.006936880216010218,1.0069368802160101,-0.000022513427352599535,1.0002008734421983,438.0195961299543,8.288295512715065,0.000027976299999999988,0.000007505173549933447
2022-03-28T22:00:00.000Z,0.01843590565878989,1.0017845732773634,0.00005908158771960585,0.00022151162278198473,0.0002056431007044779,332527430.78729993,43241568.14760001,2513087.7612,0.0015789301766588881,0.0015789301766588881,0.001843654865082972,1.0018436548650829,-0.0000015369032196899113,1.0000704335565913,433.641930180618,8.173657300518416,0.000028129000000000008,0.00001284780983007904
2022-03-28T23:00:00.000Z,0.01843590565878989,1.003679044275185,0.00006344556923026236,0.00023205618651077488,0.000216446396506198,333337448.52419996,45301576.45510001,2060008.3075,0.0034625978786788636,0.0034625978786788636,0.003742489844415324,1.0037424898444154,-0.000006366690273207354,1.0001342048183037,435.2468089044592,8.19789893070974,0.000027715199999999954,0.000010505912666742444
2022-03-29T00:00:00.000Z,0.01843590565878989,0.9977947584746513,0.00006607475008133109,0.0002483275195810323,0.00023384971861550863,331424543.3019,48480775.139000006,3179198.6839,-0.002439091243964242,-0.002439091243964242,-0.0021391667752674024,0.9978608332247326,-0.0000036664891408522138,1.0005119863866696,429.9797920310472,8.002215729956667,0.000028087000000000024,0.000016307294893688145
2022-03-29T01:00:00.000Z,0.01843590565878989,1.0011571172242146,0.00007123326835007743,0.000267367186401423,0.00025139919997019256,332681325.1493,52202434.40190001,3721659.2629,0.0009057180242444396,0.0009057180242444396,0.0012283504925647095,1.0012283504925648,-0.0000013303538978215457,0.9995202293716605,433.29756583404816,8.117672280272467,0.000028098899999999972,0.00001901766125312463
2022-03-29T02:00:00.000Z,0.01843590565878989,1.0022553968159706,0.00007556177443482052,0.0002807560988065588,0.00026528512029688756,333047275.3444,54819555.91590001,2617121.514,0.0019901116956737575,0.0019901116956737575,0.0023309585904054656,1.0023309585904054,-0.000001389540383645027,1.000567211024354,433.78257395257845,8.131319693222029,0.000028075499999999965,0.0000133587838819556
2022-03-29T03:00:00.000Z,0.01843590565878989,1.0031397204735584,0.00007990189953963319,0.00029129156257231577,0.0002760555264018638,333907849.7806,56882416.65010001,2062860.7342,0.002863664947156508,0.002863664947156508,0.003219622373098005,1.003219622373098,-0.000004056192947743398,1.0002573503792211,434.673874746971,8.149383891910992,0.000027770400000000004,0.000010502488187816626
2022-03-29T04:00:00.000Z,0.01843590565878989,1.0005246700164832,0.00008449321325540508,0.00030326789929356,0.00028886535392014245,336918780.99009997,59254732.31820001,2372315.6681,0.00023580466256301058,0.00023580466256301058,0.0006091632297385581,1.0006091632297385,-4.006357030572616e-7,0.9995866991586456,432.68896706578033,8.193016238725589,0.000027564599999999966,0.000011970055880881581
2022-03-29T05:00:00.000Z,0.01843590565878989,1.0031780809897886,0.00008929183235524626,0.00031597760159318635,0.0003013135500735675,338724258.149,61779112.124400005,2524379.8062,0.002876767439714989,0.002876767439714989,0.003267372822143803,1.0032673728221437,-0.0000042445089796228075,1.000205036050132,434.70796852251,8.251456475231898,0.00002758249999999998,0.000012669437063619617
2022-03-29T06:00:00.000Z,0.01843590565878989,1.0035206040131655,0.00009370816024499749,0.0003310639742015873,0.00031710683946939433,338883222.5894,64775925.540400006,2996813.416,0.003203497173696057,0.003203497173696057,0.003614312173410449,1.0036143121734105,-0.00000470436970023691,1.0003770497675155,434.916467596096,8.274680332174794,0.000027302400000000035,0.000015033446531440518
2022-03-29T07:00:00.000Z,0.01843590565878989,1.0043704264919853,0.0000983047318849472,0.00034759138937580754,0.0003332836511666937,339325857.01449996,68060499.69440001,3284574.154,0.004037142840818575,0.004037142840818575,0.004468731223870216,1.0044687312238703,-0.000009604769912963107,0.9998921094804878,435.850866816833,8.30741771214596,0.000027591899999999962,0.000016455498295732283
2022-03-29T08:00:00.000Z,0.01843590565878989,1.0034600305480095,0.00010333667463689316,0.0003618222511564746,0.00034743408440962575,338444125.87350005,70883878.85700001,2823379.1626,0.003112596463599848,0.003112596463599848,0.003563367222646367,1.0035633672226463,-0.0000065109042037825304,0.9997451854118055,435.11248366720463,8.37592364554816,0.000027336800000000036,0.00001418179312178104
2022-03-29T09:00:00.000Z,0.01843590565878989,1.0050785049765758,0.00010869495709218297,0.0003820049404405292,0.0003674031688010171,339496254.6354,74894070.37280001,4010191.5158,0.004711101807774787,0.004711101807774787,0.005187199933667987,1.005187199933668,-0.00000975874353237316,1.000528275470596,436.1586928849518,8.46026057272623,0.000027683000000000026,0.000020080709238402133
2022-03-29T10:00:00.000Z,0.01843590565878989,1.0065608747664077,0.0001141448633829451,0.0003964394618274183,0.000382922691011478,340179302.17660004,77763669.87910001,2869599.5063,0.006177952075396176,0.006177952075396176,0.006675019629790599,1.0066750196297907,-0.000020123471991650987,1.0000608221600442,437.6376488422713,8.54621525504387,0.000027580999999999962,0.000014340434969137182
2022-03-29T11:00:00.000Z,0.01843590565878989,1.0067225925674226,0.00011829109786244541,0.00041353157616632957,0.00039972233026541737,341776353.66590005,81177006.11420001,3413336.2351,0.006322870237157163,0.006322870237157163,0.006840883665285026,1.0068408836652851,-0.000018772332621042054,1.0004216101642247,437.605849048942,8.532993092370647,0.000027479099999999986,0.000016977978544830347
2022-03-29T12:00:00.000Z,0.01843590565878989,1.0089544449067123,0.00012385710568247333,0.0004297250802172578,0.00041700193962790344,340230379.32369995,84389138.5594,3212132.4452,0.008537442967084363,0.008537442967084363,0.00907830201239474,1.0090783020123948,-0.0000378575803311465,1.0000455976491198,439.69927292878447,8.61743669885602,0.000027666500000000037,0.000016049787110999525
2022-03-29T13:00:00.000Z,0.01843590565878989,1.009915999970842,0.00012982325841870892,0.00045496246158916956,0.0004423723659221501,334847489.99569994,89311314.89410001,4922176.3347,0.009473627604919876,0.009473627604919876,0.010045823229260736,1.0100458232292608,-0.00004267302965443864,1.00043664681377,440.34377379651187,8.724700169220357,0.00002750719999999994,0.0000249895848677183
2022-03-29T14:00:00.000Z,0.01843590565878989,1.0065785813531694,0.00013399946403603387,0.0004820558980427762,0.0004680855046215182,337822378.27870005,94660109.186,5348794.2919,0.006110495848547837,0.006110495848547837,0.0067125808172053885,1.0067125808172055,-0.000018991774295096242,1.0001747641566594,437.5291206543954,8.706970418621246,0.000027660100000000084,0.000026916364577625486
2022-03-29T15:00:00.000Z,0.01843590565878989,1.0079458905854324,0.00013972147868636373,0.0005047605067619287,0.000491933966501712,337600996.1424999,99133445.9078,4473336.7218,0.007453956618930668,0.007453956618930668,0.008085612064118744,1.0080856120641188,-0.00003364411321027383,0.9994693735544318,439.00798528812953,8.78514158340836,0.000027901399999999977,0.00002252562200334889
2022-03-29T16:00:00.000Z,0.01843590565878989,1.0029004725379604,0.000143720065358293,0.000524164561101256,0.0005082704011580841,335622327.5736,102953210.289,3819764.3812,0.002392202136802357,0.002392202136802357,0.003044192603318734,1.0030441926033187,-0.00000481200910429358,0.9995331626384752,434.57991251899443,8.752768995293787,0.000027970399999999965,0.000019347936399183667
2022-03-29T17:00:00.000Z,0.01843590565878989,1.001481750004181,0.00014600420126139127,0.0005518146254800563,0.0005353275327417695,334954079.2661,108393091.98750001,5439881.6985,0.0009464224714392788,0.0009464224714392788,0.0016277542054424395,1.0016277542054424,-0.0000018613631616037907,0.9992627831457299,433.4444511075356,8.622489711903699,0.00002782599999999994,0.000027609154388304085
2022-03-29T18:00:00.000Z,0.01843590565878989,1.0004840642097386,0.0001497294670620037,0.0005665627176555241,0.0005503947030698342,334853179.7449,111296654.4246,2903562.4371,-0.00006633049333126806,-0.00006633049333126806,0.0006337936768005698,1.0006337936768006,-1.0896601398968642e-9,1.00013296761548,432.1914169316539,8.581598817513125,0.000027922900000000078,0.0000147409564598742
2022-03-29T19:00:00.000Z,0.01843590565878989,1.0029977924889906,0.00015482937779750616,0.0005761830193771976,0.0005612466982787279,335719412.22889996,113190812.627,1894158.2024,0.0024365457907118415,0.0024365457907118415,0.0031526218667880758,1.003152621866788,-0.0000022576305720445333,1.000554794340649,434.17458941740944,8.619596128228137,0.000027921099999999986,0.000009591548259605836
2022-03-29T20:00:00.000Z,0.01843590565878989,1.0053654990410468,0.00016094958629342241,0.0005839735408699211,0.0005699777433161302,336653426.26830006,114725347.30420001,1534534.6772,0.004795521297730643,0.004795521297730643,0.005526448627340195,1.00552644862734,-0.000013055850845211658,0.9999200484437276,436.49734055360005,8.716258823636332,0.0000272814,0.000007748945199093139
2022-03-29T21:00:00.000Z,0.01843590565878989,1.002816728612716,0.00016470308692131087,0.0005917906285026989,0.000576051652486198,335803020.7434,116265128.84420002,1539781.54,0.0022406769602298926,0.0022406769602298926,0.0029814316996374015,1.0029814316996375,-0.0000028567101857390753,1.000093870392325,434.204961354681,8.677924928340762,0.00002788600000000002,0.000007795131241538862
2022-03-29T22:00:00.000Z,0.01843590565878989,1.0011714742428977,0.0001686262128334027,0.0005977285276793612,0.0005810554230893938,335285073.94310004,117434869.63240002,1169740.7882,0.0005904188198082583,0.0005904188198082583,0.0013401004557310548,1.001340100455731,-8.667139210771779e-7,0.9995197370669913,433.0248326101959,8.650337455633423,0.00002788319999999998,0.0000059309509861374585
2022-03-29T23:00:00.000Z,0.01843590565878989,1.0016423916940083,0.00017219366996772828,0.0006077119042834884,0.0005913987294934309,335493341.0812,119401848.85690002,1966979.2245,0.0010509929645148297,0.0010509929645148297,0.0018145853639759887,1.001814585363976,-1.8177034899480304e-7,1.000693712814963,432.91509305287894,8.606238683206318,0.000027902399999999924,0.000009967007604006898
2022-03-30T00:00:00.000Z,0.01843590565878989,1.0026690982531974,0.000177593817504702,0.0006135830986662961,0.0005983141831460426,335848445.3424,120558662.01920003,1156813.1623,0.002070784070051346,0.002070784070051346,0.0028466920707020905,1.002846692070702,-0.0000018749465725553804,1.0003782235217569,433.9343879831879,8.654744120992788,0.000027762000000000064,0.000005855564922758699
2022-03-30T01:00:00.000Z,0.01843590565878989,1.0012349107581124,0.00018034092852888927,0.0006278324535039294,0.0006172657911542867,335286589.9516,123365559.01250003,2806896.9933,0.000617644966958153,0.000617644966958153,0.001415251686641329,1.0014152516866413,-1.1014743783732683e-8,1.0007152612969794,432.5310484005175,8.574692619453106,0.000027768800000000086,0.000014231779712092922
2022-03-30T02:00:00.000Z,0.01843590565878989,0.9950551622879432,0.00017907543507728898,0.0006621583510551963,0.0006417664676742207,332721810.5812,130117165.06540003,6751606.0529,-0.005586604179731003,-0.005586604179731003,-0.004765762276979493,0.9952342377230206,-0.000014451827154648988,1.000019951504922,427.48094850299077,8.311443296003551,0.00002787400000000008,0.00003449647701147288
2022-03-30T03:00:00.000Z,0.01843590565878989,0.9986176169002033,0.00018485499802665774,0.0006749165195072091,0.0006568991257601686,333931163.1911,132626722.45100003,2509557.3856,-0.0020392822255568266,-0.0020392822255568266,-0.0011975281017700002,0.99880247189823,-0.0000027213102840040193,1.0005376998884068,430.31346214983773,8.379674675283107,0.000027895399999999913,0.000012775829349830818
2022-03-30T04:00:00.000Z,0.01843590565878989,1.0010400787834124,0.00019153134207305594,0.0006855340396454627,0.0006694919661549559,334375226.56689996,134712926.61180004,2086204.1608,0.0003705868172574345,0.0003705868172574345,0.0012316101254854462,1.0012316101254854,-2.592800085743363e-7,0.9998963869998772,432.6715364113677,8.484148287652351,0.000027949500000000018,0.00001060648873354984
2022-03-30T05:00:00.000Z,0.01843590565878989,0.9999285983992325,0.000193875315296456,0.0006964515635893208,0.0006802585037852804,334346389.1072,136860276.83080006,2147350.219,-0.0007516601045527427,-0.0007516601045527427,0.00012247371452899373,1.000122473714529,-2.8777114979838814e-7,1.000252708972876,431.54752628488535,8.406372122907648,0.00002645380000000008,0.000010918303565496433
2022-03-30T06:00:00.000Z,0.01843590565878989,1.000599454399457,0.00019925629983596333,0.0007074865519060838,0.0006906623305011905,334279391.3991,139028841.09860006,2168564.2678,-0.00009120793104422376,-0.00009120793104422376,0.0007987106992929301,1.0007987106992928,-6.165008537006855e-8,0.999803640598128,432.312265323157,8.464171202549988,0.00002594110000000008,0.000011028377309861062
2022-03-30T07:00:00.000Z,0.01843590565878989,1.0029840543562862,0.00020524667416440358,0.00071969857324527,0.0007073694007615483,335080921.43390006,141428747.44110006,2399906.3425,0.002276684955524688,0.002276684955524688,0.00318930103045064,1.0031893010304507,-0.000003100184132964756,1.0000300152581878,434.2638890830112,8.541832711022488,0.000026430199999999986,0.000012175688083915012
