query_ts,assumedLPToken,equityValue,totalDexYield,totalTradingfee,newTotalTradingFee,liquidity,totalVolume,volume,priceImpact,priceEffect,totalReturn,totalEquityVal,impermanentLoss,tokenPrice,quoteTokenPrice,rewardPrice,rewardTokenPerLP,feePerDollar
2021-11-10T09:00:00.000Z,0.016376131267256712,0.9999999999999999,0.000012247825319969432,0.00003877668914091492,1.87960758069039e-13,300030899.7903001,6843649.9386,6843649.9386,-1.8807178037150152e-13,-1.8807178037150152e-13,0.00001224782531985841,1.00001224782532,-1.1102230246251565e-16,0.9982911299524048,645.1833650789205,19.68197373089801,0.0000379996,0.0000387766890135365
2021-11-10T10:00:00.000Z,0.016376131267256712,1.0010473627774834,0.000022753684428563023,0.0000710048892730661,0.00003535594911374673,299575809.0928,12516995.6567,5673345.7181,0.0010120068283696604,0.0010120068283696604,0.0010701164619119701,1.001070116461912,-4.0492893926824536e-8,0.9990170666338225,646.02011331347,19.61782113416696,0.00003282590000000001,0.00003219448108970091
2021-11-10T11:00:00.000Z,0.016376131267256712,1.0062569219875408,0.00003352403404031134,0.00010795073676398048,0.00007117240713561124,301290146.9279001,19024174.804700002,6507179.148,0.0061857495804051865,0.0061857495804051865,0.006290446021581109,1.0062904460215811,-0.000010748735673193899,0.9998198234322316,652.1912303689382,19.719986248855182,0.00003298429999999999,0.000036716117883029305
2021-11-10T12:00:00.000Z,0.016376131267256712,1.0075271608394094,0.00004439555618119723,0.0001515125183602828,0.00011435185660024771,301972297.27150005,26704277.813500002,7680103.0088,0.00741280898280916,0.00741280898280916,0.0075715563955906055,1.0075715563955907,-0.000016063754775808015,1.0000069859926108,653.6605524885716,19.694760890677397,0.000033840600000000016,0.000043236334037692645
2021-11-10T13:00:00.000Z,0.016376131267256712,1.0031165128292006,0.00005659304726771254,0.000198384410644862,0.00015970464577930166,300660617.15320003,34968247.7352,8263969.9217,0.0029568081834212556,0.0029568081834212556,0.0031731058764682698,1.0031731058764684,-0.0000010413063862291239,0.9997990071263667,648.0255570262877,19.547705712478063,0.000039138900000000006,0.00004672626897366985
2021-11-10T14:00:00.000Z,0.016376131267256712,1.0125257559762406,0.00007010003727141906,0.00024556831408324996,0.00021066526316793066,303490096.27790004,43287482.741100006,8319235.0059,0.012315090713072685,0.012315090713072685,0.012595856013512034,1.012595856013512,-0.00003602205946939829,1.0020436222793678,658.6962142408476,19.75859514545076,0.000039856800000000015,0.00004660020107239283
2021-11-10T15:00:00.000Z,0.016376131267256712,1.0079905863039191,0.00008150406042321852,0.0003017009462645647,0.0002663216659208878,302119675.3787,53184151.1744,9896668.4333,0.007724264637998246,0.007724264637998246,0.008072090364342352,1.0080720903643423,-0.00001668787653608117,1.0002070594929258,653.9339574934472,19.562177634139314,0.00003777360000000002,0.00005568765528269909
2021-11-10T16:00:00.000Z,0.016376131267256712,1.0045592814491189,0.00009351293231755485,0.0003566208096550071,0.0003185000712300212,301106282.9555,62867482.078700006,9683330.9043,0.004240781377888858,0.004240781377888858,0.0046527943814364345,1.0046527943814365,-0.000006947787043354303,0.9987945223881571,650.3391951710367,19.57277160144888,0.0000373284,0.000054670604597589356
2021-11-10T17:00:00.000Z,0.016376131267256712,1.0026893241568124,0.00010551778312814302,0.00041278461052696283,0.0003745314923258025,300741670.28220004,72776595.31120001,9909113.2325,0.0023147926644866423,0.0023147926644866423,0.0027948419399405878,1.0027948419399406,-9.77765155063537e-7,0.9992036997025951,647.58177843375,19.458383956865315,0.00003938879999999998,0.000056013163987029414
2021-11-10T18:00:00.000Z,0.016376131267256712,1.0011869758584524,0.00011845632553998527,0.0005366280387870593,0.0004997757100118072,300253157.09150004,94623827.9551,21847232.6439,0.0006872001484405921,0.0006872001484405921,0.0013054321839923845,1.0013054321839925,-0.0000013948874811875456,1.000647104499926,644.5492688671262,19.441144348041018,0.000040933500000000004,0.00012369660274150505
2021-11-10T19:00:00.000Z,0.016376131267256712,0.9989356844123372,0.00013111932331450385,0.0005705441005671167,0.0005317706166246827,299599477.0112,100607392.9647,5983565.0096,-0.001596086204287528,-0.001596086204287528,-0.0009331962643483414,0.9990668037356517,-0.00000569495169278067,1.0000672102210084,641.9833064455142,19.386684787448193,0.00004093129999999993,0.00003395219717269311
2021-11-10T20:00:00.000Z,0.016376131267256712,0.9923194004390927,0.00014210654891234282,0.0006115742747418431,0.0005705560574003066,297586001.3961,107845340.7859,7237947.8212,-0.008251155618307582,-0.008251155618307582,-0.007538493011994932,0.9924615069880051,-0.00004893564304175868,0.9998974820931402,633.5608095856743,19.11497833333992,0.00004097020000000001,0.00004134774901478701
2021-11-10T21:00:00.000Z,0.016376131267256712,0.979486632142764,0.00015103651379694798,0.0006884433911171888,0.000636645317634188,293622926.283,121400181.4657,13554840.6798,-0.021150013174870197,-0.021150013174870197,-0.02036233134343906,0.979637668656561,-0.0002487206344523596,0.9992187974203761,617.6067826657675,18.668582435813455,0.00004006490000000007,0.00007847898475560607
2021-11-10T22:00:00.000Z,0.016376131267256712,0.962586339435216,0.00015653177892247476,0.0008376046605776077,0.000779240751673016,284199820.8483,147305638.265,25905456.7993,-0.03819290131645703,-0.03819290131645703,-0.037257128785861536,0.9627428712141385,-0.000788589554203023,0.9990754963379053,596.3730676674695,17.929258317243985,0.00003908800000000001,0.00015495884700897564
2021-11-10T23:00:00.000Z,0.016376131267256712,0.9739765315066047,0.00017035833080424357,0.0008974994698260582,0.0008450658030952907,290250746.5093,157805053.7812,10499415.5162,-0.02686853429649061,-0.02686853429649061,-0.025853110162591075,0.9741468898374089,-0.0004229903645550648,1.0001444619689968,609.8466887593015,18.132632371833136,0.00004058359999999999,0.00006149512651457762
2021-11-11T00:00:00.000Z,0.016376131267256712,0.9776158490218091,0.0001840716161682142,0.000939313425294593,0.0008876854190683625,291229560.75399995,165132279.2925,7327225.5113,-0.02327183639725927,-0.02327183639725927,-0.022200079362022694,0.9777999206379773,-0.00033111678473329853,1.000480332388068,614.1567639817843,18.324083229535102,0.000039704999999999946,0.00004277135650982819
2021-11-11T01:00:00.000Z,0.016376131267256712,0.9803092799668072,0.00019720559202353265,0.0009877916768593743,0.0009397570601270555,292169046.09580004,173631304.5474,8499025.2549,-0.020630477093319888,-0.020630477093319888,-0.0194935144411693,0.9805064855588307,-0.0002678988806933402,1.0005934758393624,617.4131526041508,18.409544827662913,0.00004071779999999997,0.000049451997487072925
2021-11-11T02:00:00.000Z,0.016376131267256712,0.9784579114127029,0.0002091180976697328,0.0010172185759769485,0.0009681750050071214,291584086.3958,178789730.9729,5158426.4255,-0.022510263592304236,-0.022510263592304236,-0.021332970489627383,0.9786670295103727,-0.00030932231816815925,1.0003980346183332,615.1654783186277,18.36841444040212,0.000041067000000000025,0.00003007477202115346
2021-11-11T03:00:00.000Z,0.016376131267256712,0.9750794989858248,0.00021889949675672884,0.0010560790388549743,0.0010027779795960257,290935299.48809993,185610218.7858,6820487.8129,-0.025923278993771226,-0.025923278993771226,-0.024701601517418473,0.9752983984825815,-0.0003831057245232694,0.9997094453331505,611.2979047576448,18.15296739691259,0.00004115440000000002,0.00003985363516332009
2021-11-11T04:00:00.000Z,0.016376131267256712,0.9792760925208466,0.00023303128792178074,0.0010817383223922189,0.001032469071960418,292292889.10150003,190115363.17720002,4505144.3914,-0.021756376551113843,-0.021756376551113843,-0.020490876191231643,0.9795091238087683,-0.00026555153212071136,0.9993415725875384,616.766065247363,18.302337038951855,0.00004114019999999998,0.000026202298280066832
2021-11-11T05:00:00.000Z,0.016376131267256712,0.978128934591814,0.0002450334381290038,0.0011050210231545292,0.0010570909679558094,291936139.54089993,194203036.72100002,4087673.5438,-0.02292815637614176,-0.02292815637614176,-0.02162603197005695,0.978373968029943,-0.0002829877211550924,0.9988882359597581,615.5686191240484,18.286997804678652,0.00004073010000000003,0.00002380330518649763
2021-11-11T06:00:00.000Z,0.016376131267256712,0.985038624946795,0.00025920631367112694,0.0011417485194991916,0.0011102224023121776,294089553.648,200653170.73040003,6450134.0094,-0.016071597455517228,-0.016071597455517228,-0.014702168739533924,0.9852978312604661,-0.00017210464062789033,1.0006419364599897,623.1443594521909,18.424014951752827,0.000040889500000000016,0.00003728533598002069
2021-11-11T07:00:00.000Z,0.016376131267256712,0.9884481782936706,0.0002725090922640507,0.001170638178341573,0.0011324212811650858,295121684.6636,205727056.7639,5073886.0335,-0.012684242987494487,-0.012684242987494487,-0.01127931261406535,0.9887206873859347,-0.00010585109351390898,1.000074927194656,627.7980620649857,18.495917334264604,0.00004057950000000004,0.00002922728726891776
2021-11-11T08:00:00.000Z,0.016376131267256712,0.9898565534695686,0.00028597901870397024,0.0012074500756291736,0.0011709132695003621,295561016.40849996,212192736.09960002,6465679.3357,-0.011314359799931784,-0.011314359799931784,-0.00985746751172745,0.9901425324882726,-0.0000817311384360142,0.9996965322155257,629.779675718645,18.574536953445023,0.00004047480000000006,0.000037189122585430026
2021-11-11T09:00:00.000Z,0.016376131267256712,0.9901531814555543,0.00029933077187894015,0.0012492418430774545,0.0012151946919470857,295688086.3789,219534040.93050003,7341304.8309,-0.011062013236392776,-0.011062013236392776,-0.00954748777256675,0.9904525122274332,-0.00007630764213284458,0.9995202796588673,630.2123098411138,18.642011294637562,0.00004033260000000003,0.00004220737590535733
2021-11-11T10:00:00.000Z,0.016376131267256712,0.9903660066564476,0.0003118576512219553,0.0012861407926036458,0.0012507426055524684,294729766.91529995,225993458.33560002,6459417.4051,-0.010884735949104885,-0.010884735949104885,-0.00932213569233046,0.9906778643076696,-0.00005845783039049035,0.9981599729276482,631.2974444706243,18.70903426172615,0.000037374000000000025,0.0000372578911984338
2021-11-11T11:00:00.000Z,0.016376131267256712,0.9888906772126069,0.0003239056574270483,0.0013207259650935387,0.0012829500183655362,294297736.5449,232047977.54810002,6054519.2125,-0.012392272805758608,-0.012392272805758608,-0.010785417129966024,0.9892145828700339,-0.00008689996275734746,0.9990042642612929,628.8426514100092,18.6805209446901,0.000040937200000000086,0.00003497370649902936
2021-11-11T12:00:00.000Z,0.016376131267256712,0.9888913982798684,0.00034250619766771793,0.0013523349100098842,0.0013143728215616601,294780799.7783,237590553.70310003,5542576.155,-0.012422974541693277,-0.012422974541693277,-0.010766095522463898,0.9892339044775361,-0.0000988851558605397,0.9998525570145005,628.2700662296985,19.021767530494696,0.00004071739999999995,0.000031964020284178696
2021-11-11T13:00:00.000Z,0.016376131267256712,0.9845591305574147,0.0003508921128840869,0.0013935971306894414,0.0013523066803214912,293568909.03830004,244827776.42980003,7237222.7267,-0.01679317612290676,-0.01679317612290676,-0.015089977329701182,0.9849100226702988,-0.00017699636768875315,1.0001699847168348,622.5243230082203,18.78781596879688,0.000040947700000000096,0.000041909338000724294
2021-11-11T14:00:00.000Z,0.016376131267256712,0.9862382946274775,0.0003646810538173262,0.0014421918492997954,0.0014005538145029917,294070627.0134,253351118.82850003,8523342.3987,-0.015162259187025517,-0.015162259187025517,-0.0133970243187052,0.9866029756812948,-0.00014271138739063716,0.9999067555708095,624.7557149461878,18.872961428933532,0.00003946960000000006,0.00004927279621548107
2021-11-11T15:00:00.000Z,0.016376131267256712,0.9877225706056594,0.00037737639003158923,0.0014872649185462279,0.0014480382619155296,294441972.2008,261254864.39830002,7903745.5698,-0.013725467656256152,-0.013725467656256152,-0.011900053004309033,0.9880999469956909,-0.0001120120304268779,0.9994374256557276,626.8742100808732,18.929700602176894,0.00003741660000000004,0.00004563332927106203
2021-11-11T16:00:00.000Z,0.016376131267256712,0.9857724482107026,0.00038788792227782514,0.001530663176283761,0.001488148059193506,293218775.4524,268848302.79690003,7593438.3986,-0.01571569984849086,-0.01571569984849086,-0.01383966386701953,0.9861603361329805,-0.00014621088366728596,0.9995506543551439,624.2760614171171,18.845508859178288,0.00003949869999999994,0.00004402462038013514
2021-11-11T17:00:00.000Z,0.016376131267256712,0.9887769910584764,0.00040140774740452965,0.0015766667962628716,0.0015390761461727687,293995022.23670006,276894389.63320005,8046086.8363,-0.012762085087696384,-0.012762085087696384,-0.010821601194119086,0.9891783988058809,-0.00009572195473162015,0.9992825831877024,628.1967827293363,18.934600535511485,0.0000376879000000001,0.00004652577964635518
2021-11-11T18:00:00.000Z,0.016376131267256712,0.9888944732096604,0.0004134330047646676,0.001613701538307144,0.0015760669040754127,293800517.1151001,283366754.76280004,6472365.1296,-0.012681593694415016,-0.012681593694415016,-0.010692093785574936,0.9893079062144251,-0.00011186064059509615,1.0004851068257117,627.5440447475982,18.933041496153137,0.0000388915000000001,0.00003745065130708884
2021-11-11T19:00:00.000Z,0.016376131267256712,0.9857236043832962,0.0004236241272856206,0.0016460612142091744,0.0016032649682279354,292933326.59550005,289023529.2997,5656774.5369,-0.015879660584931732,-0.015879660584931732,-0.013852771489418176,0.9861472285105818,-0.00013541831140484462,0.9987414109216013,624.5737560565594,18.84434677642521,0.00003930010000000009,0.00003282834638343852
2021-11-11T20:00:00.000Z,0.016376131267256712,0.9889456226604273,0.00043758232417578826,0.0016668395410562062,0.0016295002717403584,293829845.41169995,292655021.81780005,3631492.5181,-0.012683877611313066,-0.012683877611313066,-0.01061679501539692,0.9893832049846031,-0.00009846489415565873,0.9995585041481305,628.1228795520368,18.90680285011913,0.00004054699999999991,0.000021010586151042424
2021-11-11T21:00:00.000Z,0.016376131267256712,0.9884624640428962,0.00044917664551196183,0.001689111025538442,0.0016509965802690152,293727247.0776,296548020.9901,3892999.1723,-0.013188532537372843,-0.013188532537372843,-0.011088359311591866,0.9889116406884081,-0.00011577116292726952,1.0002306702062125,627.0592544219284,18.85670454723063,0.00004130120000000006,0.000022531442550038812
2021-11-11T22:00:00.000Z,0.016376131267256712,0.9913530995408593,0.00046497147793703663,0.0017144714184782494,0.0016819625379610459,294729861.5024,300983114.93340003,4435093.9433,-0.010328862997101784,-0.010328862997101784,-0.008181928981203701,0.9918180710187963,-0.00005937813188994223,0.9988056105175331,631.5986740771853,18.984161309927693,0.00004103980000000002,0.000025581594159398078
2021-11-11T23:00:00.000Z,0.016376131267256712,0.992066155973964,0.0004790782266817447,0.0017349419330115294,0.0017042383327536825,297040668.12350005,304588528.59540004,3605413.662,-0.009638082358789712,-0.009638082358789712,-0.007454765799354285,0.9925452342006457,-0.00005948464620386673,0.9995125326297273,632.0333483677665,19.040486793608707,0.00004081720000000003,0.000020634222458898026
2021-11-12T00:00:00.000Z,0.016376131267256712,0.990478898913748,0.0004873328705915332,0.0017623991323492487,0.0017277852479195,298730197.16120005,309459787.56560004,4871258.9702,-0.011248886334171537,-0.011248886334171537,-0.009033768215660504,0.9909662317843395,-0.00009425340205715393,1.000707602075929,629.2267046650118,18.879019342659458,0.000039840599999999965,0.000027721135419300618
2021-11-12T01:00:00.000Z,0.016376131267256712,0.9915129546467525,0.0004986588121407268,0.0017917076025607244,0.0017590229568777982,299046146.6352999,314659556.6363,5199769.0707,-0.010246068310125311,-0.010246068310125311,-0.007988386541106786,0.9920116134588932,-0.00007072319395740045,0.9998842283123023,631.0229096039818,18.86537004505237,0.000037800900000000006,0.000029559342327758845
2021-11-12T02:00:00.000Z,0.016376131267256712,0.9916059110194396,0.0005102364213846087,0.0018307231490394642,0.0018003752779264248,299298743.20790005,321586706.0461,6927149.4098,-0.010194464258486802,-0.010194464258486802,-0.007883852559175768,0.9921161474408242,-0.000054057631574511156,0.9984421823130292,632.0001910677843,18.85343799866675,0.00003852029999999971,0.00003934581839683838
2021-11-12T03:00:00.000Z,0.016376131267256712,0.9934988363222195,0.0005215969805870269,0.0018600939304304117,0.0018314393527862904,300623722.1634,326814548.2426,5227842.1965,-0.00833260303056682,-0.00833260303056682,-0.005979566697193504,0.9940204333028065,-0.00006263941031403597,1.0011158713799124,632.6858147932353,18.822840241799007,0.00003954200000000017,0.000029562975503374973
2021-11-12T04:00:00.000Z,0.016376131267256712,0.9916532486145074,0.0005316843160093592,0.0018901860116239306,0.0018577721221285648,300094420.7689,332171298.425,5356750.1824,-0.010204523507621133,-0.010204523507621133,-0.00781506706948321,0.9921849329305168,-0.00006713660423141032,0.9996207493683504,631.2422232291996,18.748410957787282,0.00003957259999999991,0.00003034536692400828
2021-11-12T05:00:00.000Z,0.016376131267256712,0.9930868927046383,0.000544917370261439,0.0019303701293528655,0.0019048144677787926,300554062.09409994,339325165.5,7153867.075,-0.008817921763140446,-0.008817921763140446,-0.006368189925100214,0.9936318100748998,-0.00005117166530188566,0.9995494437569704,633.0572306772863,18.792973287724706,0.000038892199999999905,0.000040463848476259665
2021-11-12T06:00:00.000Z,0.016376131267256712,0.9906371962663564,0.0005527852486882029,0.0019638918276901974,0.001930207778632509,299845731.4981,345293598.5017,5968433.0017,-0.01129301151227613,-0.01129301151227613,-0.008810018484955419,0.9911899815150446,-0.00009010599780778783,1.0003572804181389,629.3908780334873,18.63750464539738,0.000040548499999999966,0.000033838521069473
2021-11-12T07:00:00.000Z,0.016376131267256712,0.9896090885341913,0.0005636124808569641,0.002003568720954939,0.001967276759424652,299543602.46830004,352358158.375,7064559.8733,-0.01235818822523338,-0.01235818822523338,-0.009827298984951764,0.9901727010150483,-0.00009908967977290128,0.9999326851432526,628.3021474744576,18.587800645574575,0.00004041260000000027,0.00004009350119864757
