query_ts,assumedLPToken,equityValue,totalDexYield,totalTradingfee,newTotalTradingFee,liquidity,totalVolume,volume,priceImpact,priceEffect,totalReturn,totalEquityVal,impermanentLoss,tokenPrice,quoteTokenPrice,rewardPrice,rewardTokenPerLP,feePerDollar
2022-03-17T09:00:00.000Z,0.019625232161601693,1,0.000003932162509023555,0.000009670694251901008,4.1100456371623295e-13,246752765.08370003,1403688.5005,1403688.5005,-4.1100456371623295e-13,-4.1100456371623295e-13,0.000003932162509023555,1.000003932162509,0,0.9998789345787591,384.61247058441194,5.619433810543175,0.0000356553,0.00000967069386250064
2022-03-17T10:00:00.000Z,0.019625232161601693,1.0006081564106761,0.00000790971418042728,0.000020525060831350425,0.000009463278889842996,246905731.0679,2979204.179,1575515.6785,0.0005986931317862876,0.0005986931317862876,0.0006160661248565579,1.0006160661248567,-6.41354025443519e-8,1.0001192992045584,384.98059121180745,5.698679853329629,0.000035069499999999993,0.000010847770288140603
2022-03-17T11:00:00.000Z,0.019625232161601693,0.9991046261539381,0.000011864398625838385,0.000034592433132356163,0.00002439945779564301,246541039.4243,5021140.9869,2041936.8079,-0.0009197733038575073,-0.0009197733038575073,-0.0008835094474360259,0.999116490552564,-6.755053499896135e-7,1.0001210682092128,383.8123382674455,5.688912278722521,0.000035543,0.000014079978658059704
2022-03-17T12:00:00.000Z,0.019625232161601693,1.0003142992588068,0.000016352407119973383,0.00005144103838465404,0.000041526402217106906,246842186.70749998,7466811.4929,2445670.506,0.00027277285658966477,0.00027277285658966477,0.00033065166592674506,1.0003306516659267,-2.7441164895947168e-9,1.000225771002023,384.6888826152755,5.874446334318359,0.00003557259999999999,0.00001684331157350615
2022-03-17T13:00:00.000Z,0.019625232161601693,1.0083471812355347,0.000023561210625776762,0.00009899883404401518,0.00008842409664122641,248640093.07410002,14364981.0515,6898169.5586,0.008258757138893458,0.008258757138893458,0.008370742446160461,1.0083707424461605,-0.00003425245438948288,0.9998268951008608,391.0118963672131,6.798941214290636,0.00003473960000000002,0.000047164108187995005
2022-03-17T14:00:00.000Z,0.019625232161601693,1.0083001011808268,0.000028726605485086588,0.0001267698406680971,0.00011720408482829292,248353640.351,18388661.0382,4023679.9867,0.00818289709599851,0.00818289709599851,0.00832882778631189,1.0083288277863118,-0.000025476636298371602,1.0008906905203763,390.5375361831105,6.899286152949535,0.000035580899999999956,0.000027542402711402238
2022-03-17T15:00:00.000Z,0.019625232161601693,1.0036424888748599,0.00003166315542731231,0.00014663147445127104,0.00013883643177692306,247243736.74589998,21266803.7295,2878142.6913,0.0035036524430829274,0.0035036524430829274,0.003674152030287163,1.0036741520302872,-0.00000694134022971582,0.9996505595729376,387.40077213632634,6.514862681972451,0.000035486699999999946,0.00001978955115145556
2022-03-17T16:00:00.000Z,0.019625232161601693,1.0042366395423517,0.00003567263509866012,0.0001595745505646333,0.00015032918705149,247391989.95769998,23142394.8064,1875591.0769,0.00408631035530016,0.00408631035530016,0.00427231217745031,1.0042723121774504,-0.00000870579161216245,0.9997842005413181,387.79892686665534,6.423263595825739,0.0000353382,0.000012888472384555306
2022-03-17T17:00:00.000Z,0.019625232161601693,1.0047591780575769,0.00004015699421576111,0.00017367811375626824,0.00016378841671227384,247556469.49420002,25186448.2599,2044053.4535,0.004595389640864589,0.004595389640864589,0.004799335051792624,1.0047993350517925,-0.000010496496782863574,0.9998819660859816,388.1543041704201,6.422722562994512,0.00003560060000000006,0.000014036760493675618
2022-03-17T18:00:00.000Z,0.019625232161601693,1.0044225509974751,0.00004502460931896148,0.00019284467676692826,0.00018503537726077823,247475951.91090003,27964317.9411,2777869.6812,0.004237515620214349,0.004237515620214349,0.0044675756067940895,1.004467575606794,-0.000012933740005771632,0.9990219328360743,388.2117179990491,6.480145849242643,0.000035452000000000005,0.000019082171102185396
2022-03-17T19:00:00.000Z,0.019625232161601693,1.005162979265082,0.000049641572054730444,0.00020238597008804854,0.00019922751401102445,247658383.2891,29347167.4003,1382849.4592,0.004963751751070999,0.004963751751070999,0.005212620837136754,1.0052126208371368,-0.00000888439059121282,1.0006152705846816,388.15434201124043,6.4928405682045245,0.00003554100000000004,0.000009492285499965411
2022-03-17T20:00:00.000Z,0.019625232161601693,1.0054039990825487,0.00005433938389054409,0.00020865051100850518,0.0001989267992570376,247718474.33580002,30255109.452,907942.0517,0.005205072283291701,0.005205072283291701,0.005458338466439282,1.0054583384664393,-0.000016848674195935054,0.9992657871604206,388.86522280247857,6.511733850234325,0.00003563040000000003,0.000006230869506315761
2022-03-17T21:00:00.000Z,0.019625232161601693,1.0053854145685988,0.00005829260294654411,0.00021503143151820333,0.00020435872879809303,247712540.1055,31179913.6259,924804.1739,0.005181055839800663,0.005181055839800663,0.0054437071715453,1.0054437071715454,-0.000007620063330326943,1.0011433878931353,388.1173765175457,6.445372268350154,0.00003563069999999997,0.0000063467400356898315
2022-03-17T22:00:00.000Z,0.019625232161601693,1.0061262797998496,0.00006358099279031258,0.00022048557398934843,0.00021081637341691106,247895193.972,31970397.7568,790484.1309,0.005915463426432677,0.005915463426432677,0.0061898607926399,1.0061898607926398,-0.000014756191023312937,1.0003444589423256,388.99514258044474,6.525569831633624,0.00003563069999999997,0.000005420932132640643
2022-03-17T23:00:00.000Z,0.019625232161601693,1.0079358041349835,0.00006907672851820972,0.0002260260576693885,0.00021635555669363704,248366200.90370002,32773476.9418,803079.185,0.007719448578289878,0.007719448578289878,0.008004880863501726,1.0080048808635018,-0.000027275757203071294,1.0001827663930627,390.45473504204347,6.615295471319567,0.00003559750000000003,0.000005496861527585017
2022-03-18T00:00:00.000Z,0.019625232161601693,1.0085642087003528,0.00007487883593898406,0.0002343765802164875,0.0002254334075426634,248521975.2696,33983868.6534,1210391.7116,0.00833877529281013,0.00833877529281013,0.008639087536291777,1.0086390875362918,-0.00004563195715601154,0.9986306689139092,391.54241674651263,6.722674225261203,0.00003547880000000006,0.000008279613533120426
2022-03-18T01:00:00.000Z,0.019625232161601693,1.0039947247220595,0.00007674582757309177,0.0002496701330979037,0.0002407305421929795,247398763.9806,36200663.7379,2216795.0845,0.003753994179866549,0.003753994179866549,0.0040714705496326204,1.0040714705496325,-0.0000061683719420058125,1.0001135200708615,387.4146638139341,6.483306681811177,0.0000356275999999999,0.000015232701986924697
2022-03-18T02:00:00.000Z,0.019625232161601693,1.0037535361746968,0.00008093523270058631,0.0002609583821600747,0.0002525886716271408,247336546.6006,37836872.9835,1636209.2456,0.003500947503069618,0.003500947503069618,0.003834471407397345,1.0038344714073975,-0.000004404464526319707,1.0004058535870206,387.10620246243946,6.456489646998815,0.00003556820000000009,0.000011246036041781026
2022-03-18T03:00:00.000Z,0.019625232161601693,1.000985893031381,0.00008456833973737633,0.00027292415507468385,0.0002616148787464301,246649196.9575,39571250.2499,1734377.2664,0.0007242781526346498,0.0007242781526346498,0.0010704613711184563,1.0010704613711185,-5.726622408497306e-7,0.9995328537939641,385.3031673317246,6.390728096722616,0.00003554039999999994,0.000011953987238758553
2022-03-18T04:00:00.000Z,0.019625232161601693,1.000764260662838,0.00008863565797579095,0.00028532096481335116,0.00027357786680193286,246601373.7643,41368153.6409,1796903.391,0.0004906827960360349,0.0004906827960360349,0.0008528963208137587,1.0008528963208139,-1.5124174024272463e-8,1.0001955883010751,384.8681239525645,6.361930316717892,0.00003562869999999994,0.000012387342852435593
2022-03-18T05:00:00.000Z,0.019625232161601693,1.001908812013345,0.0000935172421581584,0.00029676424732202916,0.00028577406996688204,246876522.4186,43026797.9467,1658644.3058,0.0016230379433781472,0.0016230379433781472,0.002002329255503188,1.0020023292555031,-0.0000021227022092284997,0.9994403664027983,386.0312865536634,6.394837459275572,0.00003524390000000012,0.000011421480229209354
2022-03-18T06:00:00.000Z,0.019625232161601693,1.003439260468131,0.00009863663667423149,0.00030981180817141977,0.00029883671733066386,247258746.81660002,44918013.3543,1891215.4076,0.0031404237508003696,0.0031404237508003696,0.003537897104805265,1.0035378971048052,-0.000006492372936817148,0.9994111585693517,387.21310694145154,6.4371158217156506,0.00003562989999999996,0.000013002841089802663
2022-03-18T07:00:00.000Z,0.019625232161601693,1.0048221590445139,0.00010251325686763418,0.0003232492850959203,0.0003144059773594332,247594041.24899998,46865703.1111,1947689.7568,0.004507753067154452,0.004507753067154452,0.004924672301381519,1.0049246723013816,-0.000010032274226801086,0.9998971905107843,388.08067630332977,6.399529514509611,0.000035452500000000034,0.000013372989793523042
2022-03-18T08:00:00.000Z,0.019625232161601693,1.0039652978737599,0.00010678940341490367,0.00034281901317592255,0.000333454251533416,247385436.4158,49702258.771800004,2836555.6607,0.0036318436222264605,0.0036318436222264605,0.00407208727717478,1.0040720872771747,-0.0000037683343971917083,1.0007591759713088,387.07049170817226,6.387865094271933,0.00003560050000000004,0.00001949243533918078
2022-03-18T09:00:00.000Z,0.019625232161601693,1.0056273862059004,0.00011183598437337047,0.00036023834961732806,0.00035601575206434255,247792772.4286,52227100.9138,2524842.142,0.005271370453836077,0.005271370453836077,0.00573922219027379,1.005739222190274,-0.00001221878874235749,1.0001930082995434,388.555977574292,6.421155369650084,0.00003563060000000008,0.000017321859710967884
2022-03-18T10:00:00.000Z,0.019625232161601693,1.0029793369547755,0.00011041672165604236,0.0003887568715218293,0.00038126346958100577,247144259.79619998,56360778.6954,4133677.7816,0.0025980734851944742,0.0025980734851944742,0.0030897536764315225,1.0030897536764316,-0.000003909585001515836,0.9996774011839742,386.6915103259918,6.099476449419895,0.00003494760000000008,0.000028433807180125525
2022-03-18T11:00:00.000Z,0.019625232161601693,1.0023070627027888,0.00011575268853687376,0.00040211447571395534,0.0003907976945605185,246952539.2002,58296720.7185,1935942.0231,0.0019162650082282795,0.0019162650082282795,0.0024228153913256716,1.0024228153913257,-0.0000022351011182975,0.9996791228098908,386.16509142004173,6.157168137843774,0.00003551589999999999,0.000013326858067257866
2022-03-18T12:00:00.000Z,0.019625232161601693,1.001590503264657,0.00011993912900460247,0.0004169339889626009,0.00040719637409591947,246773937.80120003,60444522.0841,2147801.3656,0.00118330689056112,0.00118330689056112,0.0017104423936616419,1.0017104423936616,-5.168647720932285e-7,1.0000448104592925,385.4592921570689,6.154530928686379,0.00003507099999999998,0.000014795980297001382
2022-03-18T13:00:00.000Z,0.019625232161601693,1.0027304744510066,0.00012392095968572362,0.00043318416986068794,0.0004235886487304885,247057550.6433,62799697.0158,2355174.9317,0.002306885802276115,0.002306885802276115,0.0028543954106923274,1.0028543954106923,-0.0000019700649278586724,1.000198198251781,386.26569594443686,6.139273347900517,0.000035516299999999916,0.000016205930049353783
2022-03-18T14:00:00.000Z,0.019625232161601693,1.004403818487687,0.00012928558796178948,0.00044595666149357835,0.00043890893073816883,247470923.0914,64650850.8967,1851153.8809,0.003964909556948726,0.003964909556948726,0.004533104075648684,1.0045331040756487,-0.000007419724323942667,0.9999837849963049,387.6277763535033,6.191426832858475,0.00003548660000000014,0.000012716490318208869
2022-03-18T15:00:00.000Z,0.019625232161601693,1.0059720943223363,0.00013485513175737334,0.00046130374415823854,0.00045189614181651017,247871205.08749998,66875272.338800006,2224421.4421,0.005520198180519742,0.005520198180519742,0.006106949454093625,1.0061069494540937,-0.000015315884657973733,0.9998493235254184,388.8819814420772,6.248875456443423,0.00003563349999999985,0.000015255973158459865
2022-03-18T16:00:00.000Z,0.019625232161601693,1.0116573545980099,0.0001404545243584334,0.0004801276604279731,0.00047357298793149205,249281043.52839997,69603727.72870001,2728455.3899,0.01118378161007838,0.01118378161007838,0.011797809122368306,1.0117978091223683,-0.00005771557599854038,1.000256518237333,393.11496873815037,6.30406299918485,0.00003563250000000004,0.00001860700716419121
2022-03-18T17:00:00.000Z,0.019625232161601693,1.0141487803309923,0.00014641180383746205,0.0005013819693736469,0.0004974674438760207,250135220.385,72687421.3666,3083693.6379,0.013651312887116296,0.013651312887116296,0.01429519213482978,1.0142951921348298,-0.00006719676692934495,1.0018464558807987,394.4089746616496,6.3718126146330105,0.00003556879999999998,0.00002095778106082484
2022-03-18T18:00:00.000Z,0.019625232161601693,1.0160156565987482,0.00015171164938305835,0.0005149900405912353,0.0005110030269364074,250590887.48569998,74661718.6685,1974297.3019,0.015504653571811744,0.015504653571811744,0.01616736824813121,1.0161673682481311,-0.00012054083599755128,0.9997370615436397,396.6877815690873,6.408582449428981,0.00003542140000000002,0.000013393565292439168
2022-03-18T19:00:00.000Z,0.019625232161601693,1.015458751842966,0.0001561912779557757,0.0005233120555260964,0.0005229725271262975,250453532.06620002,75869099.9395,1207381.271,0.014935779315839781,0.014935779315839781,0.015614943120921855,1.0156149431209218,-0.00010147442450536559,1.0004577568078177,395.9580258827178,6.411433524220215,0.000035065400000000066,0.000008195325271585584
2022-03-18T20:00:00.000Z,0.019625232161601693,1.0183271883221168,0.00016173139684491227,0.0005329685940980392,0.0005296927127620421,251195110.22329998,77270287.93,1401187.9905,0.01779749560935473,0.01779749560935473,0.018488919718961685,1.0184889197189617,-0.00014616627348940092,1.0004212139765891,398.20860795455854,6.45588606784603,0.00003517960000000008,0.000009482746625650884
2022-03-18T21:00:00.000Z,0.019625232161601693,1.0175266763935853,0.0001658348594104474,0.0005398627065786704,0.0005358860429445222,251013272.5547,78270703.1684,1000415.2384,0.016990790350640772,0.016990790350640772,0.01769251125299574,1.0176925112529958,-0.00014018515138558563,0.9999817488245224,397.75234333757635,6.440261796278256,0.00003556310000000007,0.000006775362465781119
2022-03-18T22:00:00.000Z,0.019625232161601693,1.0154572975190619,0.00016925401382411533,0.0005456182729905855,0.000543263770820035,250502778.25959998,79105902.4218,835199.2534,0.01491403374824185,0.01491403374824185,0.015626551532886,1.015626551532886,-0.00012117822068213879,0.9991146449765673,396.4733231829818,6.402543170810652,0.000034941099999999997,0.000005667956022861347
2022-03-18T23:00:00.000Z,0.019625232161601693,1.0158508098904901,0.00017320371974929318,0.0005529460834767559,0.000549229277706953,250235900.24530002,80167707.90370001,1061805.4819,0.015301580612783194,0.015301580612783194,0.01602401361023944,1.0160240136102394,-0.00011236237147793648,1.0000730981960675,396.39590558612844,6.383586818209001,0.00003552719999999981,0.000007213470638947231
2022-03-19T00:00:00.000Z,0.019625232161601693,1.016421273301155,0.00017800428877758566,0.0005647385263409138,0.0005602297151312552,250369569.5792,81876395.4678,1708687.5641,0.015861043586023804,0.015861043586023804,0.016599277589932643,1.0165992775899326,-0.00012560266994565694,0.999765238287444,396.95507668781437,6.395880689106151,0.00003558780000000033,0.000011601924562366304
2022-03-19T01:00:00.000Z,0.019625232161601693,1.0189869207711872,0.00018266662495256529,0.0005798830491343412,0.0005777584790616075,251002853.60140002,84070800.18450001,2194404.7167,0.018409162292125636,0.018409162292125636,0.01916958739613981,1.0191695873961397,-0.00016412859165793048,1.0000015838960552,398.854676299991,6.403250661966488,0.00003546900000000002,0.000014862333096475969
2022-03-19T02:00:00.000Z,0.019625232161601693,1.0197468793103446,0.00018646004586904261,0.0006009035901645988,0.0005983884576692411,251193077.4424,87116662.34040001,3045862.1559,0.019148490852675337,0.019148490852675337,0.019933339356213622,1.0199333393562136,-0.00018183506828062246,0.999774836050742,399.52458610828,6.379772363578306,0.00003564719999999988,0.00002061348870658005
2022-03-19T03:00:00.000Z,0.019625232161601693,1.0182314218560484,0.00018993629887126108,0.00062078140495169,0.0006180838017066925,250822336.6184,89996973.5374,2880311.197,0.01761333805434173,0.01761333805434173,0.018421358154919687,1.0184213581549197,-0.00015502343192308476,0.9997296995367624,398.33986117972773,6.347287977418149,0.000035528399999999916,0.00001952190184062258
2022-03-19T04:00:00.000Z,0.019625232161601693,1.0179212791645003,0.00019268176413749356,0.0006462319928132967,0.0006426061429074537,250706767.00999996,93684208.1447,3687234.6073,0.017278673021592805,0.017278673021592805,0.018113960928637752,1.0181139609286378,-0.00013870518354353045,1.0003534806333187,397.829672493796,6.292038512387395,0.00003562240000000016,0.000025002511528378394
2022-03-19T05:00:00.000Z,0.019625232161601693,1.018108644886615,0.00019631367696280953,0.0006632958731247449,0.0006653698743193104,250759400.0848,96156455.8944,2472247.7497,0.0174432750122957,0.0174432750122957,0.01830495856357782,1.0183049585635777,-0.0001465330397414366,1.0000515978087618,398.07855613518086,6.26755980100284,0.0000356215,0.000016760373382089447
2022-03-19T06:00:00.000Z,0.019625232161601693,1.0177777403322592,0.00020216710459039082,0.0006804497370881771,0.0006767416427884143,250679618.44050002,98641757.6232,2485301.7288,0.017100998689470792,0.017100998689470792,0.017979907436849598,1.0179799074368496,-0.00014478861987476943,0.9998173706007072,397.9039624818481,6.314214982634962,0.00003544349999999993,0.000016854233963032882
2022-03-19T07:00:00.000Z,0.019625232161601693,1.017775282778262,0.00020727783886713864,0.000702983772097691,0.000702341411985774,250683985.8774,101906618.9928,3264861.3696,0.01707294136627624,0.01707294136627624,0.01798256061712915,1.017982560617129,-0.0001484544292386092,0.9995757444586137,397.9781894594783,6.3356205158712475,0.00003559150000000011,0.000022140482204692654
