query_ts,assumedLPToken,equityValue,totalDexYield,totalTradingfee,newTotalTradingFee,liquidity,totalVolume,volume,priceImpact,priceEffect,totalReturn,totalEquityVal,impermanentLoss,tokenPrice,quoteTokenPrice,rewardPrice,rewardTokenPerLP,feePerDollar
2021-12-03T09:00:00.000Z,0.016336286159105103,1,0.000007324042455204142,0.00003221636029004519,6.661338147750939e-14,300639223.0686,5697353.9789,5697353.9789,-6.661338147750939e-14,-6.661338147750939e-14,0.000007324042455204142,1.0000073240424552,0,0.9995703126696535,619.3216674788044,13.09152395809139,0.0000342458,0.00003221636107647856
2021-12-03T10:00:00.000Z,0.016336286159105103,1.000350181764722,0.00001462831370711917,0.00006638621857988202,0.000032857271780040165,300701953.37430006,11739322.2836,6041968.3047,0.00031732449294197274,0.00031732449294197274,0.0003648100784291321,1.000364810078429,-1.0511391201895037e-8,1.0000324873648128,619.4283745238732,13.100651182368962,0.0000341057,0.000034157896224919756
2021-12-03T11:00:00.000Z,0.016336286159105103,1.0023768306072167,0.00002208698867777495,0.00010025754594281873,0.00006820976076560292,301211339.259,17726519.838600002,5987197.555,0.002308620846451115,0.002308620846451115,0.0023989175958944926,1.0023989175958945,-0.0000015671070943135135,1.000105813644475,621.8513809517387,13.115916855016684,0.000034730899999999996,0.000033791011548699126
2021-12-03T12:00:00.000Z,0.016336286159105103,1.0039082028312878,0.00002961025067115476,0.00013188468579642009,0.00009948509740898004,301678216.07369995,23317152.3476,5590632.509,0.003808717733878808,0.003808717733878808,0.003937813081958943,1.003937813081959,-0.000008544728787640565,0.999238039266013,624.2558071670537,13.18578813564408,0.00003437959999999999,0.00003150401573237278
2021-12-03T13:00:00.000Z,0.016336286159105103,1.003554005493074,0.00003676196756464506,0.00016152463406002664,0.00012888126759214025,301597996.2946,28556970.598800004,5239818.2512,0.0034251242254819125,0.0034251242254819125,0.0035907674606386977,1.0035907674606388,-0.000010033120587782385,0.998511047218411,624.23295297365,13.22105805030724,0.000032745699999999994,0.000029534980790585204
2021-12-03T14:00:00.000Z,0.016336286159105103,1.0020847321338324,0.00004369348640840738,0.00020189759094256713,0.00017000456703519795,301157461.778,35694219.1582,7137248.5594,0.0019147275667972252,0.0019147275667972252,0.0021284256202408307,1.0021284256202407,-0.0000027300363204529887,0.9991467988326402,621.9591240904664,13.174721504216846,0.0000328044,0.000040288965378264976
2021-12-03T15:00:00.000Z,0.016336286159105103,0.9974452867142646,0.000050691398848531926,0.0002427513672011141,0.00020875051323965277,299904109.33379996,42919864.2722,7225645.114,-0.0027634637989750743,-0.0027634637989750743,-0.00250402188688689,0.9974959781131131,-0.000004951309247380742,0.9999497814895981,615.669723163351,13.062548620441838,0.0000345368,0.00004095841407804147
2021-12-03T16:00:00.000Z,0.016336286159105103,0.9915494332923497,0.00005771966209922679,0.000272393342797833,0.00024043972133458436,298096622.34499997,48161911.378800005,5242047.1066,-0.008691006428984904,-0.008691006428984904,-0.008392847045551093,0.9916071529544489,-0.000047040539792764235,1.0005411034815712,608.0128828285845,12.968798290903896,0.00003489100000000001,0.0000298946026664682
2021-12-03T17:00:00.000Z,0.016336286159105103,0.9846038601533608,0.00006372408341108433,0.0003155565210200625,0.0002805220290644783,296000862.0295,55794923.3307,7633011.9519,-0.015676661875703712,-0.015676661875703712,-0.01533241576322815,0.9846675842367718,-0.00013466047833987638,1.0001813184772763,599.689506535492,12.739260775449681,0.0000337607,0.00004383811665027102
2021-12-03T18:00:00.000Z,0.016336286159105103,0.9853567898133347,0.00007136296288710726,0.0003444657374020006,0.0003103813440529235,296230501.0233,60907309.6344,5112386.3037,-0.01495359153071818,-0.01495359153071818,-0.01457184722377815,0.9854281527762219,-0.00010139855069801751,0.9987457702326695,601.4341085741385,12.804641334878191,0.00003495469999999999,0.000029338831370394246
2021-12-03T19:00:00.000Z,0.016336286159105103,0.985473005636844,0.00007818222977392057,0.00036674865716376895,0.0003342639501001665,296254778.74300003,64847741.2746,3940431.6402,-0.014861258313256132,-0.014861258313256132,-0.014448812133382045,0.985551187866618,-0.00011262818706270217,0.9996067521945282,601.0287398283372,12.725404470060196,0.00003492720000000003,0.00002261139488369613
2021-12-03T20:00:00.000Z,0.016336286159105103,0.977044434678282,0.0000839788414803011,0.00039074398238056425,0.0003526061573547734,293743736.5864,69091317.5176,4243576.243,-0.023308171479072826,-0.023308171479072826,-0.02287158648023775,0.9771284135197622,-0.0002834025332969503,0.9997966180911712,590.6538900020024,12.507417452728195,0.00003492419999999994,0.000024559092550993318
2021-12-03T21:00:00.000Z,0.016336286159105103,0.9796264847360759,0.00009142842039687585,0.00044819444519959243,0.00041251178611723116,294508925.95830005,79251056.5496,10159739.032,-0.02078602705004129,-0.02078602705004129,-0.020282086843527183,0.9797179131564728,-0.00024338630287745744,1.0006304829879809,593.2135992641128,12.559438598898351,0.0000346061,0.00005864527296821389
2021-12-03T22:00:00.000Z,0.016336286159105103,0.982064560771128,0.00009927385564564566,0.00046904978428914646,0.0004345321564758198,295243975.604,82939213.1136,3688156.564,-0.018369971385347794,-0.018369971385347794,-0.01783616537322633,0.9821638346267737,-0.00016593118547525432,0.9992480583294671,596.9692772155561,12.645216133457424,0.00003495570000000004,0.000021236220471470495
2021-12-03T23:00:00.000Z,0.016336286159105103,0.979364711116287,0.0001050794810294211,0.0004901823191158768,0.0004531648284061829,294461372.3687,86676759.2284,3737546.1148,-0.021088453712119204,-0.021088453712119204,-0.0205302094026836,0.9794697905973164,-0.0002623742980197852,1.001166805351273,592.5296454710268,12.48988056797444,0.00003443039999999997,0.0000215777993019888
2021-12-04T00:00:00.000Z,0.016336286159105103,0.9813471374328464,0.00011275855848449396,0.0005123557220488631,0.00047555914498786933,294134649.24609995,90586130.82990001,3909371.6015,-0.019128421712141463,-0.019128421712141463,-0.018540104008669102,0.9814598959913309,-0.00020536332204068586,1.0005247473606838,595.2865766611395,12.548239591923428,0.000035065300000000005,0.000022594861705631303
2021-12-04T01:00:00.000Z,0.016336286159105103,0.9702727579124101,0.00011762132163142075,0.0005441466299039523,0.0005052896190201883,290595436.626,96186916.46990001,5600785.64,-0.03023253170661011,-0.03023253170661011,-0.0296096207659585,0.9703903792340415,-0.00048604219575254515,1.0000558463190272,582.1576286607744,12.304407028747928,0.000035092300000000043,0.00003276491777898797
2021-12-04T02:00:00.000Z,0.016336286159105103,0.9736714478115239,0.0001250842853080626,0.0005886732737761074,0.0005486264949908781,291635584.53400004,104032027.95330001,7845111.4834,-0.02687717868346695,-0.02687717868346695,-0.02620346790316801,0.973796532096832,-0.00039810831841025074,1.00054738762952,585.9050972299258,12.35004235784593,0.00003482819999999998,0.00004573066604025873
2021-12-04T03:00:00.000Z,0.016336286159105103,0.97378970342293,0.0001320565458594202,0.0006175514936886872,0.0005810929144406396,292876354.9285,109141083.52410002,5109055.5708,-0.02679138949151061,-0.02679138949151061,-0.02607824003121055,0.9739217599687895,-0.0004059662169996203,1.000913065722314,585.7943120317694,12.343282886228092,0.0000349167,0.000029655499067107576
2021-12-04T04:00:00.000Z,0.016336286159105103,0.9631104324847537,0.0001357750456563522,0.0006547566682530867,0.0006096321419493123,291506185.1139,115765171.72670002,6624088.2026,-0.037499199657195614,-0.037499199657195614,-0.03675379246958995,0.96324620753041,-0.0007453264824139882,0.9999708105317942,573.5146275571703,12.058402813349261,0.000034348699999999904,0.00003863022645649874
2021-12-04T05:00:00.000Z,0.016336286159105103,0.9412975984875639,0.00013552132908560053,0.0007214044928522634,0.0006805653098377329,284911569.4403,127631604.70050003,11866432.9738,-0.05938296682227384,-0.05938296682227384,-0.05856688018335051,0.9414331198166495,-0.0018757246276729367,0.9996480843466332,547.9086580769222,11.465895547273677,0.00003426290000000003,0.00007080420108979467
2021-12-04T06:00:00.000Z,0.016336286159105103,0.9301043603017178,0.00013081702138152736,0.0012128320927558478,0.001157067039943449,278925793.6682,214321328.46520004,86689723.76470001,-0.07105270673822561,-0.07105270673822561,-0.06976482267690064,0.9302351773230993,-0.0027340294536333243,0.9998976603152361,534.26437795082,10.594159708371619,0.00003235230000000009,0.0005283574834075726
2021-12-04T07:00:00.000Z,0.016336286159105103,0.9326703671986025,0.00014071925951025457,0.0013242447442793795,0.0012672446776191837,278430947.00339997,233886105.90330005,19564777.4381,-0.06859687747901666,-0.06859687747901666,-0.06718891354188722,0.9328110864581127,-0.0026673817637732355,1.001629232358328,536.1644459890376,10.893973838404303,0.000034838599999999873,0.00011945554904269981
2021-12-04T08:00:00.000Z,0.016336286159105103,0.9306840982869509,0.00014775712219612948,0.0013903113058471004,0.0013301563333263378,276688581.6544,245439822.99560004,11553717.0923,-0.07064605804637547,-0.07064605804637547,-0.069168144590853,0.930831855409147,-0.002699330200088501,0.999862969985904,534.7507836895143,10.952195203267953,0.000035132300000000084,0.00007098709653816917
2021-12-04T09:00:00.000Z,0.016336286159105103,0.9377218030074602,0.0001575281576602931,0.0014291628382615857,0.0013805761054236365,278664026.0614,252231329.57250005,6791506.5769,-0.06365877309796342,-0.06365877309796342,-0.06212066883487949,0.9378793311651206,-0.002252895502619978,1.0009836851593998,542.2142358740591,11.196705373402985,0.00003538480000000003,0.00004143183224585324
2021-12-04T10:00:00.000Z,0.016336286159105103,0.9362430632866162,0.00016463579972358938,0.0014708869285316303,0.001422903325812519,277635058.55910003,259509523.90050006,7278194.328,-0.0651798400391963,-0.0651798400391963,-0.0635923009136602,0.9364076990863398,-0.002348731419883232,1.0007746248006424,540.5669351952479,11.24752015318176,0.000034791699999999954,0.000044565446531912606
2021-12-04T11:00:00.000Z,0.016336286159105103,0.9328906805787464,0.00016956835493858906,0.001509744812494174,0.001454079903435157,276418746.19420004,266282303.80760005,6772779.9071,-0.0685633993246888,-0.0685633993246888,-0.06693975106631506,0.933060248933685,-0.0025994982807072686,1.0007256271113676,536.6871547542586,11.147627833384531,0.000035114500000000024,0.00004165320189239606
2021-12-04T12:00:00.000Z,0.016336286159105103,0.9282747895549628,0.0001733473018250947,0.001565090746714241,0.0015030857020426058,271832204.7918,275815996.4602001,9533692.6526,-0.07322829614707982,-0.07322829614707982,-0.07155186314321212,0.9284481368567878,-0.002926144725604929,1.000115914581902,531.6487734482521,10.997900957962727,0.00003370979999999999,0.00005962235976356581
2021-12-04T13:00:00.000Z,0.016336286159105103,0.940982600656095,0.00018333265859332937,0.001612187932985218,0.0015708173568701467,275569708.4389,283929266.39940006,8113269.9392,-0.06058821670077519,-0.06058821670077519,-0.058834066685311714,0.9411659333146883,-0.0020628593484350866,1.0013568179872454,545.57287658674,11.22599960862637,0.00003484409999999998,0.00005005107047060697
2021-12-04T14:00:00.000Z,0.016336286159105103,0.9429533907030021,0.00018945044452086917,0.0016559857759247286,0.0016162851304606374,276162859.2134,291474606.998,7545340.5986,-0.058662894427458534,-0.058662894427458534,-0.056857158852477024,0.943142841147523,-0.0019024793886518454,1.000849924764703,548.0889150388086,11.208951627799077,0.000034930400000000034,0.0000464475167086393
2021-12-04T15:00:00.000Z,0.016336286159105103,0.9541610365751412,0.00020015064848001487,0.0016941437186377567,0.00167637876378679,279450250.9749,298048442.7622,6573835.7642,-0.047515342188645615,-0.047515342188645615,-0.04563881277637881,0.9543611872236212,-0.0012490174614172567,1.0008957191567942,561.121319354416,11.447608823227304,0.0000356474999999999,0.00003999109236850811
2021-12-04T16:00:00.000Z,0.016336286159105103,0.9546522316672185,0.00020870375367110805,0.0017506743832008827,0.0017317320645453549,279704362.0143,307791364.5719,9742921.8097,-0.04707950039732689,-0.04707950039732689,-0.045139064579110426,0.9548609354208896,-0.0012175311584602388,1.000718081927579,561.7346528681836,11.558394265068557,0.00003503910000000004,0.000059215977030930994
2021-12-04T17:00:00.000Z,0.016336286159105103,0.949731040101676,0.00021291036013750556,0.0017869541986375713,0.0017641583163839902,278266066.4073,314044182.1237,6252817.5518,-0.05203311821470802,-0.05203311821470802,-0.05005604953818652,0.9499439504618135,-0.001483799267746111,1.0006440965463999,555.9507444326656,11.421593090490898,0.00003578370000000002,0.000038200093799799146
2021-12-04T18:00:00.000Z,0.016336286159105103,0.9550381522369547,0.00022215445486644392,0.0018088617873239484,0.0017921606720914252,279832345.3557,317820102.64110005,3775920.5174,-0.046754008435136774,-0.046754008435136774,-0.0447396933081789,0.955260306691821,-0.00123730210056483,1.0014600600260957,561.7019937286087,11.558657637852034,0.0000354246,0.00002293896679964072
2021-12-04T19:00:00.000Z,0.016336286159105103,0.9567094031777639,0.00022992282393309227,0.0018272242973615682,0.0018105639709373733,280357152.7745,320985401.61550003,3165298.9744,-0.0451011607931735,-0.0451011607931735,-0.04306067399830304,0.956939326001697,-0.0010741782185305082,0.9997914961328032,564.5922544225771,11.609206249426391,0.00003583860000000001,0.000019193404567095574
2021-12-04T20:00:00.000Z,0.016336286159105103,0.9611303397739995,0.00023996149600819035,0.0018489590857138402,0.0018427053038324592,281655084.6347,324732040.12950003,3746638.514,-0.04071236552983293,-0.04071236552983293,-0.03862969872999228,0.9613703012700078,-0.0009231026495244432,1.0009904205237736,569.1115436938802,11.768192302544403,0.00003583860000000001,0.000022613777706377333
2021-12-04T21:00:00.000Z,0.016336286159105103,0.9591065855237432,0.0002460372470235581,0.0018727622324938883,0.0018612039870550268,282494736.4927,328856137.7796,4124097.6501,-0.042754618463311855,-0.042754618463311855,-0.04064737722923327,0.9593526227707667,-0.0009836047704645523,1.0002461622965677,567.1125903105033,11.731037445398568,0.000035656999999999994,0.000024818041186233472
2021-12-04T22:00:00.000Z,0.016336286159105103,0.9543828980111668,0.0002496063822833281,0.001892994897700202,0.0018715521120067358,281102448.25479996,332361607.01610005,3505469.2365,-0.04748865410083991,-0.04748865410083991,-0.045367495606549846,0.9546325043934502,-0.0012279908499217562,1.000500324259986,561.3745303909798,11.579602468511952,0.000035657300000000097,0.00002119973603591068
2021-12-04T23:00:00.000Z,0.016336286159105103,0.9558125796964113,0.0002544007500565846,0.0019105169891299953,0.001891816510314892,281199293.3841,335393951.36320007,3032344.3471,-0.04607923681390358,-0.04607923681390358,-0.043933019553532106,0.9560669804464679,-0.0011506091262359908,1.0003896578649056,563.09936009276,11.491140542576474,0.0000356975,0.000018332142047841575
2021-12-05T00:00:00.000Z,0.016336286159105103,0.960906441484074,0.000263216509611612,0.001939978631731061,0.001933635045698212,282480610.4633,340488615.73840004,5094664.3752,-0.04102719356162421,-0.04102719356162421,-0.03883034200631438,0.9611696579936856,-0.000932461995632683,1.0008796005107687,568.801024409438,11.584216496539577,0.00003569569999999998,0.00003066026168534223
2021-12-05T01:00:00.000Z,0.016336286159105103,0.9541091447182878,0.0002609340358353285,0.001981560878929272,0.0019621023887012035,283791401.2741,347764071.61560005,7275455.8772,-0.04785295767041342,-0.04785295767041342,-0.04562992124587689,0.9543700787541232,-0.0012281869127015455,1.0001216291562944,561.1576001024521,11.199463295200525,0.000035308100000000307,0.00004358227534629951
2021-12-05T02:00:00.000Z,0.016336286159105103,0.9528946471738307,0.0002672072900582143,0.002014746531521396,0.0019899549716836384,283343470.26489997,353568637.74950004,5804566.1339,-0.04909530779785298,-0.04909530779785298,-0.04683814553611113,0.9531618544638889,-0.0012420609413752448,0.9990959698035762,560.2687469384765,11.1926580924135,0.000035175999999999997,0.0000348261508140793
2021-12-05T03:00:00.000Z,0.016336286159105103,0.953337113808347,0.000272500294495561,0.0020381369518334062,0.0020155221908958465,283393771.95379996,357658728.13710004,4090090.3876,-0.04867840838254889,-0.04867840838254889,-0.04639038589715748,0.9536096141028425,-0.0012706113067724178,1.000104364714853,560.1947164854995,11.145198127299688,0.00003529410000000005,0.000024535308630754
2021-12-05T04:00:00.000Z,0.016336286159105103,0.9582101860310943,0.00028054318882365486,0.0020613626811437605,0.0020521794723025177,284843278.6321,361720033.30420005,4061305.1671,-0.043841993441208205,-0.043841993441208205,-0.041509270780082035,0.958490729219918,-0.0010488188632425954,1.0005582790262462,565.6484034933325,11.210233231025809,0.000035235399999999734,0.00002423865789365317
2021-12-05T05:00:00.000Z,0.016336286159105103,0.9560796168888378,0.0002865162899710212,0.0020831648534091816,0.002068598531666299,284196416.62979996,365532230.60440004,3812197.3002,-0.0459889816428285,-0.0459889816428285,-0.04363386682119118,0.9563661331788088,-0.0011411526568808616,1.0002864146454546,563.2640509190177,11.194636718200165,0.00003479580000000008,0.000022803719649927667
2021-12-05T06:00:00.000Z,0.016336286159105103,0.9628504172734016,0.00029674426450032284,0.002112546642609873,0.002109185083261078,286163503.28220004,370668936.809,5136706.2046,-0.039258767809859485,-0.039258767809859485,-0.03685283846209808,0.9631471615379019,-0.0007927122225601657,0.9993508025739672,571.7741505907752,11.339179861648734,0.00003524359999999998,0.000030515423691918344
2021-12-05T07:00:00.000Z,0.016336286159105103,0.9656584613951044,0.00030338738595922244,0.0021385557205843295,0.0021412977035112357,286940985.1161,375215100.58210003,4546163.7731,-0.036482836308406874,-0.036482836308406874,-0.03403815121893641,0.9659618487810636,-0.0007320013235107004,1.0006794367143783,574.3194955535689,11.34280004037317,0.000035339499999999955,0.000026934034575586883
