query_ts,assumedLPToken,equityValue,totalDexYield,totalTradingfee,newTotalTradingFee,liquidity,totalVolume,volume,priceImpact,priceEffect,totalReturn,totalEquityVal,impermanentLoss,tokenPrice,quoteTokenPrice,rewardPrice,rewardTokenPerLP,feePerDollar
2021-10-16T09:00:00.000Z,0.01925720768135563,1,0.000020209180139122327,0.000016481593160852653,6.856737400084967e-13,223555051.2531,2167378.4074,2167378.4074,-6.856737400084967e-13,-6.856737400084967e-13,0.000020209180139122327,1.0000202091801391,0,0.9995912748951217,482.8970801072423,20.041414600242526,0.0000523633,0.000016481592663314543
2021-10-16T10:00:00.000Z,0.01925720768135563,0.9959952799084607,0.00004055249827353315,0.000029551669917752445,0.000012802540852341338,221630994.2685,3878191.0235,1710812.6161,-0.004017522632391635,-0.004017522632391635,-0.0039641675932657605,0.9960358324067342,-0.000005744506738625255,0.998955675318346,479.32956064525155,19.91700417312507,0.000053367199999999986,0.000013122629607691846
2021-10-16T11:00:00.000Z,0.01925720768135563,0.9952553424125058,0.000060726626953286075,0.000046532022831831445,0.000029880415973848606,221608645.3788,6102268.6906,2224077.6671,-0.004774538003468054,-0.004774538003468054,-0.00468393096054092,0.9953160690394591,-0.000014522350536005924,1.0001945839632929,478.0083627121933,19.864334780372452,0.000053018799999999995,0.000017061302042649008
2021-10-16T12:00:00.000Z,0.01925720768135563,0.9965050225536922,0.00008137936586332822,0.00006139093049606389,0.00004502017803886815,221926525.4587,8048828.28,1946559.5894,-0.003539997624346647,-0.003539997624346647,-0.0034135980804444505,0.9965864019195555,-0.000006291074974407174,0.9995921382362855,479.4838084126861,19.93088308031707,0.00005327930000000001,0.000014911021993158834
2021-10-16T13:00:00.000Z,0.01925720768135563,0.9843586934498321,0.00010038271033530387,0.00009982635086714545,0.00008283633110273136,219221795.53980002,13083985.939100001,5035157.6591,-0.015724142881270664,-0.015724142881270664,-0.015540923839832629,0.9844590761601674,-0.00013958913226741476,1.000451815107169,467.4277855206192,19.657662723435596,0.00005314710000000001,0.00003904615414444939
2021-10-16T14:00:00.000Z,0.01925720768135563,0.9851582100214582,0.00012123571916514423,0.00012665495340699503,0.00011009860444644026,218977427.6355,16591848.0151,3507862.076,-0.014951888582988238,-0.014951888582988238,-0.014720554259376652,0.9852794457406233,-0.00009928660362712449,0.9986195337326161,469.02054233161533,19.776744290454182,0.000053157899999999974,0.00002723278647297999
2021-10-16T15:00:00.000Z,0.01925720768135563,0.9852841464845952,0.00014152772246502323,0.00014549183786773126,0.00012838438836748622,219429776.3151,19059558.5048,2467710.4897,-0.014844237903772317,-0.014844237903772317,-0.014574325792939808,0.9854256742070602,-0.00010432616829114671,0.9990815282407695,468.9061299404596,19.78880268272237,0.00005305509999999993,0.00001911822498723166
2021-10-16T16:00:00.000Z,0.01925720768135563,0.9845344227915149,0.00016135979363931664,0.00017233001509124002,0.0001552156171833463,219463372.3092,22578687.9953,3519129.4905,-0.015620792825668417,-0.015620792825668417,-0.015304217414845753,0.9846957825851542,-0.00012229308246458626,0.9994872875514703,467.97712453019966,19.764486350107745,0.0000525631,0.000027259765813774517
2021-10-16T17:00:00.000Z,0.01925720768135563,0.9847586050374613,0.0001821730324191081,0.00019015224498212868,0.00017312473962749486,218643121.2656,24906345.9034,2327657.9081,-0.01541451970216623,-0.01541451970216623,-0.015059221930119627,0.9849407780698803,-0.00011415916698909179,0.9991679042340068,468.3229221831686,19.856679351828447,0.00005246180000000002,0.00001809806968024003
2021-10-16T18:00:00.000Z,0.01925720768135563,0.9815965933507474,0.00020123601721805064,0.00021165093386597107,0.00019491087866030377,217898744.3239,27713619.5148,2807273.6114,-0.018598317527912855,-0.018598317527912855,-0.0182021706320345,0.9817978293679654,-0.00017097327598503131,0.9993111021385923,465.23236523269316,19.764990025706897,0.00005229429999999995,0.000021901756038970194
2021-10-16T19:00:00.000Z,0.01925720768135563,0.9843346809346862,0.00022148198225516096,0.00023048055450796987,0.0002140286661252988,218526610.5569,30172594.9806,2458975.4658,-0.015879347731439064,-0.015879347731439064,-0.015443837083058604,0.9845561629169414,-0.00012572310165870348,0.9994424575272131,467.75230120791866,19.78505304435367,0.000052602200000000016,0.00001912928718935831
2021-10-16T20:00:00.000Z,0.01925720768135563,0.982767821484235,0.00024151522497579638,0.0002420449930022575,0.00022566657193623385,218185499.7876,31682850.9173,1510255.9367,-0.017457845087701207,-0.017457845087701207,-0.016990663290789177,0.9830093367092109,-0.00016798312032384466,1.0003098739116447,465.84867560397083,19.773278003663595,0.000052957499999999955,0.000011767212279868989
2021-10-16T21:00:00.000Z,0.01925720768135563,0.9830405096399093,0.00026147552747590464,0.0002594259497562902,0.00024278122452381368,218248807.0221,33952743.057000004,2269892.1397,-0.017202271584614515,-0.017202271584614515,-0.016698014832614797,0.9833019851673852,-0.00017072065986256657,1.0007189453962242,465.9005275723747,19.742445428117602,0.000053492199999999975,0.000017680814342775555
2021-10-16T22:00:00.000Z,0.01925720768135563,0.9814907086630866,0.00028180594502836745,0.0002701878075317627,0.00025367322556113514,217917125.215,35358284.059700005,1405541.0027,-0.018762964562474505,-0.018762964562474505,-0.018227485391885002,0.981772514608115,-0.00017223969074164902,0.9992117677941417,465.1225113340498,19.74206598060731,0.00005348939999999996,0.000010964809223839412
2021-10-16T23:00:00.000Z,0.01925720768135563,0.9821757595333833,0.00030225242083719314,0.00027948261078593345,0.0002627571872773071,218110384.4026,36572451.114800006,1214167.0551,-0.018086997653893988,-0.018086997653893988,-0.017521988045779487,0.9824780119542205,-0.00016676210200450292,0.9996026176005792,465.5814549869607,19.7539888620824,0.000053301600000000005,0.00000946348336106731
2021-10-17T00:00:00.000Z,0.01925720768135563,0.9830245962576212,0.0003224766534175888,0.00028909594943808225,0.0002726307563689634,218303897.9512,37828256.655600004,1255805.5408,-0.01724803449874779,-0.01724803449874779,-0.016652927088961236,0.9833470729110387,-0.00015579898790263336,0.9998459725484679,466.2638835574096,19.7466528751343,0.00005347969999999997,0.00000977934631216357
2021-10-17T01:00:00.000Z,0.01925720768135563,0.9790227737576815,0.0003406530908061221,0.00030849785192651406,0.0002908886610162309,216896961.618,40356716.429400004,2528459.7738,-0.02126811490333469,-0.02126811490333469,-0.020636573151512336,0.9793634268484877,-0.00022938257007354412,0.9995146199816323,462.6103649384828,19.61942317229257,0.000053608700000000055,0.000019817620234949768
2021-10-17T02:00:00.000Z,0.01925720768135563,0.9814235319180227,0.00036217680992066463,0.00032126970771381887,0.0003044327307599737,217447475.4185,42021289.9728,1664573.5434,-0.0188809008127373,-0.0188809008127373,-0.018214291272056662,0.9817857087279434,-0.0001838199471139168,0.9997052205424678,464.78118213076635,19.688376914816498,0.00005361159999999995,0.00001301360256463685
2021-10-17T03:00:00.000Z,0.01925720768135563,0.9802847331418028,0.000380786055169289,0.00033688229434368033,0.00031955433625885377,217219083.1841,44056324.1042,2035034.1314,-0.0200348211944561,-0.0200348211944561,-0.019334480803027954,0.9806655191969721,-0.0002046935768991176,0.9995880802481718,463.7428809175711,19.60009199622654,0.000053606200000000036,0.000015926584223946455
2021-10-17T04:00:00.000Z,0.01925720768135563,0.982355928720583,0.0004028997091515646,0.0003465129432998139,0.0003302521283508053,217833049.2789,45312532.079399996,1256207.9752,-0.017974323407767834,-0.017974323407767834,-0.017241171570265463,0.9827588284297345,-0.00017042834076141933,0.9999169865890489,465.54190168700427,19.69270423128512,0.00005356800000000005,0.00000980362513819365
2021-10-17T05:00:00.000Z,0.01925720768135563,0.9829582380074325,0.00042456227999582147,0.0003571966745837232,0.0003428024186885592,217992932.1414,46706270.785799995,1393738.7064,-0.01738456441125602,-0.01738456441125602,-0.01661719971257164,0.9833828002874283,-0.00015592676828068974,0.9997143044689656,466.1957326496973,19.755547673729925,0.00005356169999999997,0.000010868956977665355
2021-10-17T06:00:00.000Z,0.01925720768135563,0.9818927856755765,0.00044549959757001173,0.0003680281240563146,0.0003528930250024098,217758592.81100002,48119292.572299995,1413021.7865,-0.018460107349425936,-0.018460107349425936,-0.017661714726853513,0.9823382852731465,-0.00018019598135687875,0.9999439891879828,465.068872245756,19.781950593118346,0.00005347199999999997,0.000011031192872994431
2021-10-17T07:00:00.000Z,0.01925720768135563,0.9818888848912969,0.00046616797014338975,0.0003802629849045417,0.0003633759457362107,217760130.6296,49715414.83799999,1596122.2657,-0.018474491054439324,-0.018474491054439324,-0.017644947138559724,0.9823550528614403,-0.00015868520169581846,0.9987607547590112,465.606194037589,19.793184078236813,0.00005356099999999992,0.000012460535561972924
2021-10-17T08:00:00.000Z,0.01925720768135563,0.9829760558081656,0.00048542136181542353,0.00039526539150325327,0.00037934374917536484,217952118.6789,51672141.46659999,1956726.6286,-0.01740328794100976,-0.01740328794100976,-0.01653852283001897,0.983461477169981,-0.00015513158372704172,0.9996501745295512,466.20787272313146,19.74572314293665,0.000053573500000000025,0.000015262229561166602
2021-10-17T09:00:00.000Z,0.01925720768135563,0.9848287274131551,0.0005073152340433732,0.000414252100891192,0.0003986479022551892,219031341.6811,54156111.3,2483969.8334,-0.015569920489100109,-0.015569920489100109,-0.014663957352801547,0.9853360426471984,-0.00010514946071138453,0.9984023863882713,468.5340694426444,19.80771531465852,0.00005340240000000001,0.000019279198512732192
2021-10-17T10:00:00.000Z,0.01925720768135563,0.9863334994268684,0.0005283518089216862,0.0004295927603428266,0.00041618530642661966,219395695.652,56163351.8336,2007240.5336,-0.014082685879558188,-0.014082685879558188,-0.013138148764209882,0.9868618512357901,-0.00009734592109411633,0.9993623747501011,469.4993858806152,19.832749633067596,0.00005340180000000002,0.000015553217199541232
2021-10-17T11:00:00.000Z,0.01925720768135563,0.9869125067664266,0.0005492267340032156,0.0004474451566495481,0.0004331126338360525,219514574.4317,58499133.8025,2335781.9689,-0.013520605867409441,-0.013520605867409441,-0.012538266499570173,0.9874617335004299,-0.00008687745420032922,0.9991607917847598,470.1297004288334,19.85003926838428,0.000053404799999999974,0.00001808913762291209
2021-10-17T12:00:00.000Z,0.01925720768135563,0.985946452871026,0.0005683400368082364,0.0004650766034582168,0.000450607428908123,219345579.6904,60806489.746700004,2307355.9442,-0.01450415455788212,-0.01450415455788212,-0.013485207092165762,0.9865147929078343,-0.00010266196503894154,0.9993108025749907,469.12226924856225,19.815495140447727,0.00005259319999999981,0.000017882763403194645
2021-10-17T13:00:00.000Z,0.01925720768135563,0.9839886311541912,0.0005843848945225583,0.0005199648274646674,0.0005043624457290452,227804722.3132,68281346.8319,7474857.0852,-0.016515731291537827,-0.016515731291537827,-0.015426983951286223,0.9845730160487137,-0.0001328914162421757,0.9992415927504832,467.24145561356045,19.720209455399683,0.000049447000000000206,0.00005578135920891612
2021-10-17T14:00:00.000Z,0.01925720768135563,0.9864301249525151,0.0006066938203535486,0.0005679100655165651,0.0005547346933718611,228236430.4511,74806867.8694,6525521.0375,-0.01412460974085672,-0.01412460974085672,-0.01296318122713131,0.9870368187728686,-0.0000881867608573117,0.9986478522529331,469.79535149302257,19.816304806993998,0.000050998200000000084,0.00004860479872483273
2021-10-17T15:00:00.000Z,0.01925720768135563,0.986056916416209,0.0006261314899299031,0.0005926197686094236,0.0005791352176023334,228143771.432,78169855.1398,3362987.2704,-0.014522218801393372,-0.014522218801393372,-0.013316952093861136,0.9866830479061388,-0.00009831239971103134,0.9989858785053348,469.25764954590005,19.816049920610556,0.000050957500000000076,0.000025059103405696168
2021-10-17T16:00:00.000Z,0.01925720768135563,0.981611016839466,0.0006396905723256703,0.0006138209760004459,0.0005972598056872558,227121242.4538,81055414.5738,2885559.434,-0.0189862429662212,-0.0189862429662212,-0.017749292588208274,0.9822507074117918,-0.00019046212143458696,0.9999412267251392,464.5717068254609,19.64083010353452,0.00005048689999999996,0.00002159838060412973
2021-10-17T17:00:00.000Z,0.01925720768135563,0.9829480337709913,0.0006587411297081489,0.0006329136828366251,0.0006170596338520573,227436919.3117,83654071.76359999,2598657.1898,-0.017669025862860788,-0.017669025862860788,-0.016393225099300582,0.9836067749006994,-0.00017716061976524866,1.0005891905858015,465.5184577897591,19.6423873715771,0.0000502299,0.00001942392306415988
2021-10-17T18:00:00.000Z,0.01925720768135563,0.9820974448315007,0.0006757763285157925,0.0006440405359493277,0.0006290086639708647,227240379.1959,85168519.82779999,1514448.0642,-0.01853156383247012,-0.01853156383247012,-0.017226778839983463,0.9827732211600165,-0.0001735046944798535,0.9995154191110602,465.20054252360757,19.575645583508816,0.000051127100000000116,0.00001132968409157826
2021-10-17T19:00:00.000Z,0.01925720768135563,0.9833613084800095,0.0006963963227427671,0.0006530279383230017,0.0006371912864084894,227560827.2311,86391923.11469999,1223403.2869,-0.017275882806399023,-0.017275882806399023,-0.015942295197247765,0.9840577048027522,-0.00013914683283378082,0.9988481065407555,466.7032378701236,19.613179446845137,0.00005116369999999989,0.00000913947102863125
2021-10-17T20:00:00.000Z,0.01925720768135563,0.9781444037406792,0.0007072283340036247,0.0006692807288965091,0.0006509012055714303,226512318.0611,88605873.44879998,2213950.3341,-0.022506497464892194,-0.022506497464892194,-0.02114836792531714,0.9788516320746828,-0.00027827985340567185,1.0004218997658676,461.02195127053585,19.38126329903544,0.000051085400000000065,0.00001661594212706245
2021-10-17T21:00:00.000Z,0.01925720768135563,0.9771003251781266,0.000717312512794046,0.000700828483493544,0.000680947261703535,226049321.67769998,92899097.69059998,4293224.2418,-0.02358062208357692,-0.02358062208357692,-0.02218236230907934,0.9778176376909207,-0.00027461921853044746,0.9991669628531075,460.5870784232038,19.142747058206798,0.00005096550000000007,0.00003228711839032253
2021-10-17T22:00:00.000Z,0.01925720768135563,0.9825395538120504,0.0007421923595630744,0.0007129211279373235,0.0006983262706112825,227566203.0659,94546615.27879998,1647517.5882,-0.0181587724585609,-0.0181587724585609,-0.016718253828386546,0.9832817461716135,-0.00017550854592973675,1.0000023452891709,465.3273141888928,19.302561132741083,0.00005082229999999997,0.000012307538914857815
2021-10-17T23:00:00.000Z,0.01925720768135563,0.9861290811709092,0.0007662216656065834,0.0007280676362211147,0.0007150004494934636,228445698.68310001,96610630.06399998,2064014.7852,-0.014585919278584214,-0.014585919278584214,-0.013104697163484167,0.9868953028365158,-0.00011695759025553976,1.0001929015797273,468.63076428165033,19.43215835271507,0.00005089729999999985,0.00001535955877071445
2021-10-18T00:00:00.000Z,0.01925720768135563,0.9874018138246273,0.00078537351212681,0.0007408483965412513,0.0007296092285666855,228743372.1241,98352285.89749998,1741655.8335,-0.013327795403939358,-0.013327795403939358,-0.011812812663245862,0.9881871873367541,-0.00010359239913582119,1.0005684819423661,469.6518154857719,19.435849005667357,0.00005078100000000015,0.000012943828227484863
2021-10-18T01:00:00.000Z,0.01925720768135563,0.99153217731734,0.0008096877686337808,0.0007635901555124122,0.0007542400782050152,229727004.4116,101451705.52369998,3099419.6262,-0.009222062760865013,-0.009222062760865013,-0.007658134914026217,0.9923418650859738,-0.00005730150024096936,1.0010324093738674,473.3490957943889,19.57005470981181,0.000050127299999999855,0.00002293597732680809
2021-10-18T02:00:00.000Z,0.01925720768135563,0.9912885876478637,0.0008260716911370531,0.0007792653665816534,0.000771348145826023,229609616.5325,103587475.22669998,2135769.703,-0.009482760497962373,-0.009482760497962373,-0.007885340660999296,0.9921146593390007,-0.00006064790251425478,1.0010774790575476,473.0787297620353,19.50125272382908,0.00005120770000000002,0.000015812963541908442
2021-10-18T03:00:00.000Z,0.01925720768135563,0.9893591879365554,0.0008437110686649454,0.0007954915148083336,0.0007852064200706277,228913851.3417,105795910.04919998,2208434.8225,-0.01142601848351521,-0.01142601848351521,-0.009797100994779637,0.9902028990052204,-0.00006295393043787012,0.9993207866958618,472.05267916675143,19.464457414134678,0.00005121779999999998,0.000016400664163593547
2021-10-18T04:00:00.000Z,0.01925720768135563,0.987988256865056,0.000864349359934886,0.0008088600416955998,0.0007968038546349865,228387785.169,107613750.40629998,1817840.3571,-0.012808546989579006,-0.012808546989579006,-0.011147393775009133,0.9888526062249908,-0.00008764059265820023,0.9999397730648658,470.4418686094,19.49618217595116,0.00005130789999999986,0.000013531059048465532
2021-10-18T05:00:00.000Z,0.01925720768135563,0.9879652912352683,0.0008967254691136359,0.0008223455850053417,0.0008102741186921669,228382346.656,109447501.34089997,1833750.9346,-0.012844982883423839,-0.012844982883423839,-0.011137983295618036,0.988862016704382,-0.00008754008472178221,0.9998952728157852,470.42807793873925,19.78550563319575,0.000051308300000000086,0.000013649814157989787
2021-10-18T06:00:00.000Z,0.01925720768135563,0.9880487951229845,0.0009144640139879028,0.0008376508766693488,0.000825636799372309,227373161.9454,111519328.31069997,2071826.9698,-0.012776841676387818,-0.012776841676387818,-0.011036740863027606,0.9889632591369724,-0.00008332537611477342,0.9996418643092848,470.6122951251953,19.744492792054242,0.00005154160000000006,0.000015490420322807388
2021-10-18T07:00:00.000Z,0.01925720768135563,0.9893193338665802,0.000933647194119018,0.0008540218448749551,0.00084331768039414,227900234.9197,113737696.95739996,2218368.6467,-0.01152398381381392,-0.01152398381381392,-0.009747018939300762,0.9902529810606993,-0.0000694543809659498,0.9997866118375119,471.739227857117,19.736159864166503,0.000051489100000000184,0.000016547708696828597
