query_ts,assumedLPToken,equityValue,totalDexYield,totalTradingfee,newTotalTradingFee,liquidity,totalVolume,volume,priceImpact,priceEffect,totalReturn,totalEquityVal,impermanentLoss,tokenPrice,quoteTokenPrice,rewardPrice,rewardTokenPerLP,feePerDollar
2022-04-12T09:00:00.000Z,0.01885466914263459,1,0.000004214586493441775,0.000016579992835127383,7.225331444260519e-13,326799015.2506,3187250.1985,3187250.1985,-7.225331444260519e-13,-7.225331444260519e-13,0.000004214586493441775,1.0000042145864934,0,0.9997438971389478,407.8468934047649,7.999245702464514,0.000027943900000000002,0.000016579992853696496
2022-04-12T10:00:00.000Z,0.01885466914263459,0.9994326826803455,0.000008391907226277424,0.00002982837694555272,0.000013613868756867653,326618999.8709,5734091.4465,2546841.248,-0.0005809311884114043,-0.0005809311884114043,-0.0005589254124282592,0.9994410745875717,-1.138812650847143e-7,0.999640073884671,407.4154791216052,7.9905454650994026,0.000027757400000000006,0.00001325590404511476
2022-04-12T11:00:00.000Z,0.01885466914263459,0.9988090707129518,0.00001259989690624844,0.00004372550119903634,0.000027115185953219267,326417587.4211,8405664.7302,2671573.2837,-0.001218044473001445,-0.001218044473001445,-0.0011783293901419774,0.998821670609858,-5.598907626414018e-8,0.9988603587081026,407.21382842510684,7.989297795625995,0.000027943599999999994,0.000013913694473916147
2022-04-12T12:00:00.000Z,0.01885466914263459,1.0036372311914419,0.00001697529396458642,0.00006526693241249264,0.000050568233451286915,327998264.2123,12546809.4407,4141144.7105,0.003586662957990594,0.003586662957990594,0.0036542064854064673,1.0036542064854064,-0.000009023219815218475,0.9990764112354532,411.0522005344603,8.091882610950535,0.000027617599999999998,0.00002146336360881876
2022-04-12T13:00:00.000Z,0.01885466914263459,1.0096071331977958,0.000021578008679610754,0.0000897945246444873,0.00007546612349029758,329409866.5401,17254307.9005,4707498.4598,0.009531667074305528,0.009531667074305528,0.009628711206475436,1.0096287112064755,-0.000043203176461004134,0.999934724723748,415.57954464198235,8.222574451550177,0.000027920000000000004,0.0000242941945416374
2022-04-12T14:00:00.000Z,0.01885466914263459,1.0074344651170213,0.000025632235820785166,0.00011128391508564303,0.00009581917601853007,328791612.10849994,21379831.8681,4125523.9676,0.007338645941002753,0.007338645941002753,0.007460097352842068,1.007460097352842,-0.00002477446065818345,1.0000165414458944,413.7421128643054,8.138141819013612,0.000027865900000000004,0.000021330807984863092
2022-04-12T15:00:00.000Z,0.01885466914263459,1.0021252699125116,0.000029304577600558324,0.00013003832829604548,0.00011340255784264563,327000602.1388,24979654.421299998,3599822.5532,0.0020118673546689614,0.0020118673546689614,0.0021545744901121655,1.0021545744901121,-0.0000024244512969451293,0.9995517864656032,409.56831451235536,7.984231814268193,0.0000276146,0.00001871463936278138
2022-04-12T16:00:00.000Z,0.01885466914263459,1.007059590732638,0.00003370830850742297,0.0001456461329099065,0.00013007065684900176,328599585.59139997,27975398.6373,2995744.216,0.006929520075789064,0.006929520075789064,0.007093299041145489,1.0070932990411454,-0.000019583859782512647,1.0003910991184768,413.2513183848556,8.065904053457846,0.00002698559999999999,0.000015498391935078833
2022-04-12T17:00:00.000Z,0.01885466914263459,1.0079851789622358,0.00003786998923078866,0.0004423693504226376,0.00043289071853092054,329463304.8642,85025380.7897,57049982.1524,0.007552288243704908,0.007552288243704908,0.008023048951466617,1.0080230489514665,-0.000018401698808401257,1.0012018715980442,413.4275891132698,8.056197818475102,0.00002766509999999999,0.00029437260000489526
2022-04-12T18:00:00.000Z,0.01885466914263459,1.0040042826265314,0.00004167314895147406,0.0004639730303262683,0.00045205261685565823,328168466.5056,89179128.4073,4153747.6176,0.0035522300096757498,0.0035522300096757498,0.004045955775482882,1.0040459557754828,-0.000006054573221003778,0.9998099894709032,410.7224191472244,7.987842607044,0.00002738550000000002,0.000021517518197622142
2022-04-12T19:00:00.000Z,0.01885466914263459,1.0031453027240422,0.00004559252375427352,0.0004758015843170436,0.0004639793506595602,327890785.501,91453430.3967,2274301.9894,0.0026813233733826713,0.0026813233733826713,0.003190895247796505,1.0031908952477966,-0.000002546495425415074,1.0001648449965177,409.86438870121003,7.943555716274498,0.000027711399999999977,0.000011791467015678634
2022-04-12T20:00:00.000Z,0.01885466914263459,1.000581149312339,0.000049352584906375346,0.0004866532213355316,0.0004741848896916423,327054951.839,93539912.95369999,2086482.557,0.00010696442264745976,0.00010696442264745976,0.0006305018972454774,1.0006305018972455,-1.0530664784624832e-8,0.9999959482722294,407.8313276056708,7.875697612166456,0.000027944199999999986,0.000010845334482647121
2022-04-12T21:00:00.000Z,0.01885466914263459,1.0018339716131976,0.00005357183948164131,0.0004976355758897186,0.0004853816693419777,330518215.13729995,95671220.87769999,2131307.924,0.0013485899438556714,0.0013485899438556714,0.0018875434526792905,1.0018875434526793,-0.000001375437395756407,0.999433129400432,409.074831418791,7.891639752530514,0.000027684900000000007,0.00001096225050499829
2022-04-12T22:00:00.000Z,0.01885466914263459,1.0066963318652247,0.0000584377764906757,0.00050492206648057,0.0004966822830214657,332123780.949,97085290.91539998,1414070.0377,0.006199649582203204,0.006199649582203204,0.006754769641715345,1.0067547696417154,-0.000012100630154332492,1.0010053777601358,412.3992180232467,7.998050092789523,0.000027477200000000002,0.000007238021490725889
2022-04-12T23:00:00.000Z,0.01885466914263459,1.0055839248558431,0.00006279284539646246,0.0005161360167067697,0.000507863435095679,331759355.8299,99261569.71369998,2176278.7983,0.0050760614207474575,0.0050760614207474575,0.005646717701239599,1.0056467177012396,-0.000011027368958083095,1.00011082333869,411.8467578365042,8.021512915874204,0.000027661700000000037,0.00001115167934859055
2022-04-13T00:00:00.000Z,0.01885466914263459,1.0077113916031606,0.00006705879318507882,0.0005394637958388066,0.000530772180542538,332416830.10899997,103788161.18799998,4526591.4743,0.007180619422618051,0.007180619422618051,0.007778450396345667,1.0077784503963456,-0.000030832530069524466,0.9990464695133933,414.01392788591306,8.03086128221001,0.00002768979999999997,0.000023149265648754098
2022-04-13T01:00:00.000Z,0.01885466914263459,1.0075434471258862,0.0000710630067463868,0.0005521746842395822,0.0005454522260506245,332371176.387,106254691.98439997,2466530.7964,0.006997994899835547,0.006997994899835547,0.007614510132632558,1.0076145101326326,-0.000019262474747261393,1.0005107204835395,413.2581102708142,8.009620938236138,0.000027689100000000006,0.000012615721975234443
2022-04-13T02:00:00.000Z,0.01885466914263459,1.0076070487799818,0.00007539535379590257,0.0005715302880029322,0.0005700157190406951,332393908.66510004,110010640.83379997,3755948.8494,0.007037033060941056,0.007037033060941056,0.007682444133777654,1.0076824441337777,-0.00002155759555222403,1.0001899962084608,413.4226793442532,8.026786896803149,0.000027619800000000037,0.000019209476700769667
2022-04-13T03:00:00.000Z,0.01885466914263459,1.0133918295056128,0.00008011052220179627,0.0005973513237363799,0.0005921522385230471,334397374.2829,115022630.88419998,5011990.0504,0.012799677267089749,0.012799677267089749,0.013471940027814593,1.0134719400278145,-0.00006319805461330041,1.0012201634072218,417.73747916428016,8.07981348465996,0.000027681700000000044,0.000025479814558806197
2022-04-13T04:00:00.000Z,0.01885466914263459,1.0133287518001475,0.00008454826511658373,0.0006176237527559927,0.0006157571623670588,334378576.3757,118957632.92139998,3935002.0372,0.012712994637780417,0.012712994637780417,0.01341330006526406,1.013413300065264,-0.00008419804721171431,0.9993997001839112,418.42677856973694,8.100955117624371,0.000027681700000000044,0.00002000577768990747
2022-04-13T05:00:00.000Z,0.01885466914263459,1.0132394778680016,0.00008878794384634683,0.0006290548654049766,0.0006229419735963582,334366664.4009,121176597.82249998,2218964.9011,0.012616535894405256,0.012616535894405256,0.013328265811847961,1.0133282658118479,-0.000072408803910462,1.0002471235647672,417.9926443532852,8.103968325186452,0.00002754120000000003,0.000011281747654566266
2022-04-13T06:00:00.000Z,0.01885466914263459,1.0152683173531785,0.0000932480146248313,0.0006468842591199069,0.000641796306433795,335042864.75630003,124637642.48709998,3461044.6646,0.014626521046744667,0.014626521046744667,0.015361565367803294,1.0153615653678032,-0.00008574182502918415,1.001169488422605,419.2670519515143,8.124071060889355,0.00002767929999999999,0.000017561263195679986
2022-04-13T07:00:00.000Z,0.01885466914263459,1.0129018703292154,0.00009739370689444026,0.0006785977805648807,0.0006719916391593195,334270653.3116,130794036.57719998,6156394.0901,0.012229878690056095,0.012229878690056095,0.012999264036109855,1.0129992640361098,-0.00007786390769293217,0.9994202303786934,418.01906463439076,8.116230572797264,0.000027679000000000007,0.00003130956860701121
2022-04-13T08:00:00.000Z,0.01885466914263459,1.0132451950184884,0.00010129790286073008,0.000693364363374807,0.000687856157541411,334410274.57649994,133660828.29349998,2866791.7163,0.01255733886094701,0.01255733886094701,0.013346492921349151,1.0133464929213492,-0.00007477710037950835,0.9999933971905517,418.0498185774412,8.092311464873951,0.000027469400000000015,0.00001457355317171968
2022-04-13T09:00:00.000Z,0.01885466914263459,1.0141361282681576,0.00010591598048815137,0.0007120855282616434,0.0007068808779489011,334704991.8196,137295371.75039998,3634543.4569,0.013429247390208676,0.013429247390208676,0.014242044248645728,1.0142420442486457,-0.00008280192117027241,1.0002146020147902,418.67747606938656,8.122615200448536,0.000027677200000000013,0.00001846020832596432
2022-04-13T10:00:00.000Z,0.01885466914263459,1.0153014094544979,0.00010996913692695642,0.0007375358680014786,0.0007339922928881748,335044940.90599996,142235665.22559997,4940293.4752,0.014567417161609697,0.014567417161609697,0.015411378591424827,1.0154113785914247,-0.00010756527234256907,0.9995383160304809,419.90234021954353,8.108885378225434,0.00002768119999999998,0.0000250667832354952
2022-04-13T11:00:00.000Z,0.01885466914263459,1.0098555386935186,0.00011263926485371997,0.0007635103072085378,0.0007559572465698494,333259270.6512,147277867.15169996,5042201.9261,0.009099581446948779,0.009099581446948779,0.009968177958372348,1.0099681779583722,-0.000029013969425562003,1.0011852967063677,414.7052270875295,7.997952795549113,0.00002768289999999998,0.000025720944709566578
2022-04-13T12:00:00.000Z,0.01885466914263459,1.0089865194659506,0.00011665447901408211,0.0007860851364411651,0.0007775551546531645,333247432.6052,151663749.83099997,4385882.6793,0.008208964311297473,0.008208964311297473,0.00910317394496472,1.0091031739449647,-0.000032703373825992976,0.9998317784872935,414.53393907394076,7.987538628259105,0.000027634900000000036,0.000022373767433170785
2022-04-13T13:00:00.000Z,0.01885466914263459,1.006992349997301,0.00012018620292995901,0.0008057398563321945,0.0007950051654643797,332599352.0578,155482428.99959996,3818679.1686,0.006197344831836649,0.006197344831836649,0.007112536200230987,1.007112536200231,-0.00002157411024084066,0.9993535041161766,413.0789977579929,7.945655076293428,0.000027657300000000004,0.000019518241831967986
2022-04-13T14:00:00.000Z,0.01885466914263459,1.0159799679117647,0.0001268827368629245,0.0008484272251046381,0.0008505059512859958,335569992.3684,163776131.12119997,8293702.1216,0.015129461960478707,0.015129461960478707,0.016106850648627626,1.0161068506486277,-0.00011549054247694812,0.9995613203945948,420.35802519076765,8.109717814358138,0.00002756539999999999,0.000042015954725896116
2022-04-13T15:00:00.000Z,0.01885466914263459,1.0099671078514665,0.0001303020332894644,0.0008669643325967709,0.0008581159045324416,333629503.7797,167378185.40129995,3602054.2801,0.009108991946934042,0.009108991946934042,0.010097409884755947,1.010097409884756,-0.000038876841177537536,0.9999936719770998,415.20714725554046,8.059883040677926,0.00002763110000000006,0.000018354168941285912
2022-04-13T16:00:00.000Z,0.01885466914263459,1.0138903973581601,0.0001357602587809594,0.0008850886152225588,0.0008799753710739822,334999299.40430003,170900797.18919995,3522611.7879,0.01301042198708613,0.01301042198708613,0.01402615761694107,1.0140261576169411,-0.00008220149540560939,0.9998479771973634,418.48488337947805,8.13598017495018,0.000027561600000000014,0.00001787597780078561
2022-04-13T17:00:00.000Z,0.01885466914263459,1.0124118762075744,0.00013988619652262465,0.0008989673033805547,0.000893337990012677,334942682.4345,173601723.69909996,2700926.5099,0.011518538217561769,0.011518538217561769,0.012551762404097071,1.0125517624040972,-0.0000638333098234023,0.9998973085653377,417.23258060950735,8.129595074111693,0.000027612599999999973,0.000013708539722249073
2022-04-13T18:00:00.000Z,0.01885466914263459,1.012487273527461,0.00014462551945637684,0.0009055110783864071,0.0008988976043975416,334956859.1604,174875164.51889995,1273440.8198,0.011588375923063499,0.011588375923063499,0.012631899046917416,1.0126318990469174,-0.00006426773005985265,0.9999279602722508,417.27740452888315,8.158175929058663,0.000027613699999999915,0.000006463069301182227
2022-04-13T19:00:00.000Z,0.01885466914263459,1.0180436012603629,0.00015072108995716537,0.0009147271086806429,0.0009129491177968241,336795985.7886,176668640.06089994,1793475.542,0.01713065214256604,0.01713065214256604,0.01819432235032003,1.01819432235032,-0.00013796185340286815,1.0001175418833024,421.7823092481618,8.25944764411963,0.000027613699999999915,0.000009052686344408323
2022-04-13T20:00:00.000Z,0.01885466914263459,1.0161975920533433,0.00015388419072418993,0.0009208044493393771,0.0009174314696138719,336185618.1401,177851315.59559995,1182675.5347,0.015280160583729385,0.015280160583729385,0.016351476244067447,1.0163514762440675,-0.0001050932681044836,1.0004100967791856,420.12609134723203,8.199049999065682,0.00002759070000000007,0.000005980471205499742
2022-04-13T21:00:00.000Z,0.01885466914263459,1.0168799706966054,0.00015851840091705069,0.0009263698084267454,0.0009235480147575803,336412445.4922,178934360.83959994,1083045.244,0.015956422681847826,0.015956422681847826,0.017038489097522456,1.0170384890975224,-0.00012046286776101756,1.000051761097149,420.83669545378564,8.217993149309542,0.000027613699999999915,0.000005472975032496796
2022-04-13T22:00:00.000Z,0.01885466914263459,1.01712131750385,0.0001627933881018461,0.0009311759616354825,0.001164894822002216,336502403.3358,179869689.11889994,935328.2793,0.015956422681847826,0.015956422681847826,0.01728411089195189,1.017284110891952,-0.00012046286776101756,1.000051761097149,420.83669545378564,8.217993149309542,0.000027589899999999934,0.000004725250277702359
2022-04-13T23:00:00.000Z,0.01885466914263459,1.0198942103090307,0.00016707209402764582,0.0009448957916640841,0.003937787627182887,337412353.0089,182539654.68949994,2669965.5706,0.015956422681847826,0.015956422681847826,0.02006128240305836,1.0200612824030584,-0.00012046286776101756,1.000051761097149,420.83669545378564,8.217993149309542,0.000027613900000000085,0.000013452208935279486
2022-04-14T00:00:00.000Z,0.01885466914263459,1.019206844475683,0.00017134362588225806,0.0009536071484567135,0.0032504217938351676,337191237.4813,184234971.17799994,1695316.4885,0.015956422681847826,0.015956422681847826,0.01937818810156525,1.0193781881015653,-0.00012046286776101756,1.000051761097149,420.83669545378564,8.217993149309542,0.00002756760000000005,0.000008547191356388176
2022-04-14T01:00:00.000Z,0.01885466914263459,1.0208414663168652,0.00017562223883953269,0.0009658899491364731,0.004885043635017405,337738595.5659,186625372.80379996,2390401.6258,0.015956422681847826,0.015956422681847826,0.021017088555704763,1.0210170885557048,-0.00012046286776101756,1.000051761097149,420.83669545378564,8.217993149309542,0.000027613299999999938,0.000012032035477174501
2022-04-14T02:00:00.000Z,0.01885466914263459,1.0229249614548728,0.00017990091377582406,0.000977648316621365,0.006968538773024946,338424259.1478,188913687.86669996,2288315.0629,0.015956422681847826,0.015956422681847826,0.023104862368648595,1.0231048623686485,-0.00012046286776101756,1.000051761097149,420.83669545378564,8.217993149309542,0.000027613699999999915,0.000011494848557032847
2022-04-14T03:00:00.000Z,0.01885466914263459,1.021448582454896,0.00018418701069936987,0.0009923089663581804,0.0054921597730481775,337355922.46430004,191761924.76849997,2848236.9018,0.015956422681847826,0.015956422681847826,0.021632769465595374,1.0216327694655953,-0.00012046286776101756,1.000051761097149,420.83669545378564,8.217993149309542,0.000027661600000000044,0.00001435280192412331
2022-04-14T04:00:00.000Z,0.01885466914263459,1.0183872879630544,0.00018845524217134076,0.0010045239449075671,0.002430865281206618,336347250.3038,194135039.39269996,2373114.6242,0.015956422681847826,0.015956422681847826,0.018575743205225783,1.0185757432052258,-0.00012046286776101756,1.000051761097149,420.83669545378564,8.217993149309542,0.000027546299999999936,0.000011994433899774982
2022-04-14T05:00:00.000Z,0.01885466914263459,1.0183706418110705,0.00019274127711586985,0.0010045239449075671,0.0024142191292226833,336347250.3038,194135039.39269996,0,0.015956422681847826,0.015956422681847826,0.018563383088186378,1.0185633830881864,-0.00012046286776101756,1.000051761097149,420.83669545378564,8.217993149309542,0.000027661200000000063,0
2022-04-14T06:00:00.000Z,0.01885466914263459,1.0166418896330698,0.0001970273430499073,0.00101576766854181,0.000685466951221958,335776244.5474,196319494.77359995,2184455.3809,0.015956422681847826,0.015956422681847826,0.01683891697611969,1.0168389169761196,-0.00012046286776101756,1.000051761097149,420.83669545378564,8.217993149309542,0.000027661400000000053,0.000011059669073777409
2022-04-14T07:00:00.000Z,0.01885466914263459,1.0163427203446507,0.00020127056598862416,0.0010263387216869187,0.00038629766280284805,335676494.471,198373256.81909996,2053762.0455,0.015956422681847826,0.015956422681847826,0.016543990910639298,1.0165439909106393,-0.00012046286776101756,1.000051761097149,420.83669545378564,8.217993149309542,0.000027384899999999965,0.000010401072267071207
