query_ts,assumedLPToken,equityValue,totalDexYield,totalTradingfee,newTotalTradingFee,liquidity,totalVolume,volume,priceImpact,priceEffect,totalReturn,totalEquityVal,impermanentLoss,tokenPrice,quoteTokenPrice,rewardPrice,rewardTokenPerLP,feePerDollar
2021-09-25T09:00:00.000Z,0.02278394782145352,1,0.000016101382741025075,0.000027529144685464168,9.869882688917642e-13,255602009.24050003,4139120.5184,4139120.5184,-9.869882688917642e-13,-9.869882688917642e-13,0.000016101382741025075,1.000016101382741,0,1.0006109001103933,351.630971822741,18.30227810400243,0.0000386126,0.000027529145417081754
2021-09-25T10:00:00.000Z,0.02278394782145352,1.0032382126437225,0.000032729807640551724,0.00004197111455525762,0.00000968780247156964,256240957.0232,6308932.106699999,2169811.5883,0.0032285248412509127,0.0032285248412509127,0.003270942451363034,1.003270942451363,-0.000008976151224082685,0.9995970875293696,354.26407375871685,18.4856995433376,0.00003909769999999998,0.000014395355617470737
2021-09-25T11:00:00.000Z,0.02278394782145352,1.003379920022795,0.000049346359070648735,0.00005489941690276934,0.000022964600223218667,256528670.3063,8253231.3258,1944299.2191,0.003356955422571861,0.003356955422571861,0.0034292663818657285,1.0034292663818658,-0.000007044993962201929,1.0002083944391256,354.1382090121038,18.547936519746766,0.0000390595,0.000012884753460591364
2021-09-25T12:00:00.000Z,0.02278394782145352,0.9983848133328294,0.00006512193292901945,0.00006727673048332527,0.00003530016691366544,255257758.4679,10114711.6817,1861480.3559,-0.0016504868340843082,-0.0016504868340843082,-0.0015500647342416233,0.9984499352657584,-0.0000013661582743962342,1.0006120233857922,350.4708116899597,18.349842006108165,0.00003899379999999999,0.000012397337593278107
2021-09-25T13:00:00.000Z,0.02278394782145352,0.9987147811554079,0.00008161213233491294,0.00007676123683922951,0.000044531198058694876,255349002.28359997,11541167.937900001,1426456.2562,-0.0013297500426507902,-0.0013297500426507902,-0.0012036067122571823,0.9987963932877428,-7.13268154539648e-8,0.9996578323633201,351.030782851906,18.386058686888273,0.000039058000000000004,0.000009496710830484206
2021-09-25T14:00:00.000Z,0.02278394782145352,0.9995734409202038,0.00009799311403650431,0.00009967164012788165,0.0000678599233474575,255599993.0025,14987284.242600001,3446116.3047,-0.0004944190031436202,-0.0004944190031436202,-0.0003285659657596584,0.9996714340342403,-2.5424582439370624e-9,1.0001874984949939,351.4320577669678,18.472282231951777,0.000038012200000000015,0.000022920179492855855
2021-09-25T15:00:00.000Z,0.02278394782145352,0.9946150757634771,0.00011327786311971255,0.0001158498311222768,0.00008363756746865292,254310333.2784,17420552.7423,2433268.4997,-0.005468561803991578,-0.005468561803991578,-0.005271646373403213,0.9947283536265968,-0.000012536628235304548,1.0001344999515929,347.96132362702787,18.299836613103075,0.0000388532,0.000016265782031599974
2021-09-25T16:00:00.000Z,0.02278394782145352,0.9998399397727434,0.00013146698584324133,0.00013523468050095897,0.00010353583478817097,255568118.4022,20335224.8514,2914672.1091,-0.0002635960620447353,-0.0002635960620447353,-0.000028593241413322996,0.9999714067585866,-5.907561861917543e-8,1.0000033514316102,351.65913878283646,18.566864974055868,0.00003909019999999999,0.000019387952677540804
2021-09-25T17:00:00.000Z,0.02278394782145352,0.9972738105577117,0.0001474777515950488,0.00015053271392064267,0.00011863990502491983,254696520.7448,22633464.3473,2298239.4959,-0.002844829347313227,-0.002844829347313227,-0.0025787116906932583,0.9974212883093068,-0.000001891271189213839,0.9997067504901151,349.9493707916555,18.57185868782587,0.000037754399999999965,0.000015339852824078152
2021-09-25T18:00:00.000Z,0.02278394782145352,0.997044481877378,0.00016381586038720039,0.00015704537781529736,0.0001265896885590534,254667710.4831,23611982.8794,978518.5321,-0.003082107811181012,-0.003082107811181012,-0.0027917022622347583,0.9972082977377652,-0.000003202566536408824,1.0000546876102803,349.6611501364338,18.55221918945993,0.00003902140000000003,0.000006531968663849868
2021-09-25T19:00:00.000Z,0.02278394782145352,0.9954971892899842,0.0001794672054071468,0.00016524761042299453,0.00013383301105041046,254307049.16509998,24844524.2068,1232541.3274,-0.004636643721066203,-0.004636643721066203,-0.004323343504608645,0.9956766564953914,-0.000009277112480887695,1.0002708021471687,348.49620676299423,18.475615754552674,0.00003878809999999997,0.000008239332190983375
2021-09-25T20:00:00.000Z,0.02278394782145352,0.9984100658348183,0.00019636092014395037,0.00017289790645150656,0.00014134449428171436,254146469.38230002,25990048.746099997,1145524.5393,-0.001731278659463431,-0.001731278659463431,-0.0013935732450377663,0.9986064267549623,-0.000004166641619507416,1.0017662401825216,350.01034928434564,18.51048394963982,0.000039253900000000014,0.000007662477946449984
2021-09-25T21:00:00.000Z,0.02278394782145352,0.9977667792656186,0.00021264022574643784,0.0001793629382248457,0.0001479809235667151,253984086.3224,26958101.854099996,968053.108,-0.0023812016579480844,-0.0023812016579480844,-0.0020205805086349316,0.997979419491365,-0.0000043765383246352485,1.001185940321982,349.75735535589075,18.49010729708616,0.00003915580000000001,0.000006479501560231646
2021-09-25T22:00:00.000Z,0.02278394782145352,0.995292713898141,0.0002285814843445173,0.00018706037424140034,0.00015667028217969392,253358419.7678,28110710.155099995,1152608.301,-0.004863956384038692,-0.004863956384038692,-0.004478704617514481,0.9955212953824856,-0.000010890049781719924,1.0004019070123924,348.29140137213244,18.442076471310205,0.00003925340000000003,0.000007733842488818008
2021-09-25T23:00:00.000Z,0.02278394782145352,0.997987416778938,0.00024607037249121055,0.00019364675332083655,0.00016261031520659053,254493899.416,29098694.752099995,987984.597,-0.002175193536268605,-0.002175193536268605,-0.0017665128485708037,0.9982334871514292,-0.0000023506113159266206,1.0006015641722497,350.10617129363044,18.519174386503437,0.000039183999999999956,0.0000065996623838693295
2021-09-26T00:00:00.000Z,0.02278394782145352,0.9979191685545898,0.00026209155985363285,0.0002014856639829937,0.00017077446561331033,254477674.87399998,30274569.801599994,1175875.0495,-0.0022516059110234687,-0.0022516059110234687,-0.0018187398855565255,0.9981812601144435,-0.0000026956980080372617,1.0006787398356995,350.0255546078012,18.483062946104152,0.000039183899999999976,0.000007855257185683429
2021-09-26T01:00:00.000Z,0.02278394782145352,0.9916873328726826,0.0002759636664036907,0.00021487480129432648,0.00018552738245003475,252894787.49469998,32283055.816699993,2008486.0151,-0.00849819450976741,-0.00849819450976741,-0.008036703460913683,0.9919632965390863,-0.00003533451311366065,1.0004829310266272,345.7241245696561,18.309576901310823,0.00003915040000000009,0.000013501370508641098
2021-09-26T02:00:00.000Z,0.02278394782145352,0.9876924395349376,0.00029102338144896823,0.00022935756126590468,0.00019646132723927234,251770231.85939997,34454681.94059999,2171626.1239,-0.0125040217923017,-0.0125040217923017,-0.01201653708361346,0.9879834629163865,-0.00007495028857940067,1.0002716670578737,343.0086356797473,18.228580160021448,0.00003920000000000003,0.000014663228386315544
2021-09-26T03:00:00.000Z,0.02278394782145352,0.983071202942688,0.00030228181815816074,0.00024998959711314885,0.00021602748369486946,251037476.1343,37553861.71039999,3099179.7698,-0.017144824541006853,-0.017144824541006853,-0.016626515239153823,0.9833734847608462,-0.00015938833152073784,1.0011734062953095,339.4861828728401,17.933154379969213,0.00003909799999999999,0.000020987327030970474
2021-09-26T04:00:00.000Z,0.02278394782145352,0.9848040282292299,0.0003193686400271794,0.00026163939417742316,0.00022821822525020963,251436964.45180002,39303501.81729999,1749640.1069,-0.015424189996020354,-0.015424189996020354,-0.014876603130742965,0.985123396869257,-0.00011366046416450004,1.0001442235556846,341.0264328539478,18.01148263134359,0.000038420000000000076,0.000011829558108987529
2021-09-26T05:00:00.000Z,0.02278394782145352,0.983958933092825,0.0003342811244046147,0.0002731641210385264,0.00023983566904817177,251131261.27,41033738.61079999,1730236.7935,-0.016280902576223166,-0.016280902576223166,-0.01570678578277038,0.9842932142172296,-0.0001335537733493375,1.0005403014462722,340.2984486256889,17.953797640934564,0.00003895609999999996,0.000011712610107061083
2021-09-26T06:00:00.000Z,0.02278394782145352,0.9850060003988507,0.0003503535270882186,0.0002863624792411711,0.00025284509853906734,251417329.2231,43015390.37149999,1981651.7607,-0.0152468446996884,-0.0152468446996884,-0.014643646074061115,0.9853563539259389,-0.00011327175801267853,1.00029855819656,341.09666226652087,17.969098737693454,0.00003856189999999996,0.000013399267280421323
2021-09-26T07:00:00.000Z,0.02278394782145352,0.9821619505946974,0.00036382715277656787,0.0003010593012377162,0.0002684221750967053,250693658.7693,45222047.077599995,2206656.7061,-0.018106471580399353,-0.018106471580399353,-0.01747422225252608,0.982525777747474,-0.0001614121238722177,1.0003068800120263,339.1156946843726,17.845778390679307,0.0000390511,0.000014963746665096687
2021-09-26T08:00:00.000Z,0.02278394782145352,0.9620045953272586,0.00036499198096099375,0.00037012830591407354,0.0003299970160167698,244558250.29810002,55550599.39659999,10328552.319,-0.0383254016887582,-0.0383254016887582,-0.037630412691780434,0.9623695873082195,-0.00074353682274797,1.0001061248455498,325.35879652060373,17.163906575451698,0.000038526799999999924,0.00007179696011439942
2021-09-26T09:00:00.000Z,0.02278394782145352,0.9605652399884296,0.00038071832632174805,0.0004223892003986421,0.0003815853319599771,243834595.29709998,63354223.96479999,7803624.5682,-0.0398163453435304,-0.0398163453435304,-0.039054041685248675,0.9609459583147513,-0.0007847484738681132,0.9996099212907326,324.51173758900035,17.181113288653094,0.00003923949999999994,0.000054406396884641654
2021-09-26T10:00:00.000Z,0.02278394782145352,0.9907459850462466,0.0004274539307912819,0.0004789739049106583,0.0004555720825851761,252787290.908,71846870.54439999,8492646.5796,-0.009709587036338618,-0.009709587036338618,-0.00882656102296216,0.9911734389770378,-0.00004864923199476845,1.0007181372137905,344.79878651328426,18.55114829111848,0.000038746300000000026,0.0000571132319724666
2021-09-26T11:00:00.000Z,0.02278394782145352,0.9841987956238507,0.0004367018216590262,0.0005073225107338375,0.0004773708617332728,251210303.27449998,76103221.06189999,4256350.5175,-0.016278575237882564,-0.016278575237882564,-0.015364502554490265,0.9846354974455097,-0.0001423012037730098,1.0010699222130195,340.1200214701543,18.250016156528492,0.00003892799999999999,0.000028803738482984808
2021-09-26T12:00:00.000Z,0.02278394782145352,0.9861562174148885,0.00045678555703963916,0.0005202159992090781,0.0004913524264318347,251712416.9749,78039110.16099998,1935889.0991,-0.014335135011543376,-0.014335135011543376,-0.013386997028071902,0.9866130029719281,-0.00008262818883686407,0.9990279614470221,342.16316833726216,18.41808105671012,0.000038276299999999924,0.000013074489959699403
2021-09-26T13:00:00.000Z,0.02278394782145352,0.9918577616143568,0.0004820985228286208,0.0005370469229678205,0.0005125042697667892,253192073.4098,80566427.20099999,2527317.04,-0.008654742655409997,-0.008654742655409997,-0.007660139862814587,0.9923398601371854,-0.000038240108650056115,1.0006639576769458,345.5524364708365,18.767620989594015,0.000038924300000000064,0.00001696908955378736
2021-09-26T14:00:00.000Z,0.02278394782145352,0.990508467302427,0.000495310540517927,0.0005494335027799554,0.0005219175325589243,253100763.9658,82428247.40799999,1861820.207,-0.010013450230131893,-0.010013450230131893,-0.00899622215705504,0.9910037778429449,-0.00004667570636318619,1.000208854752548,344.7626767115473,18.638571516557988,0.00003891819999999998,0.000012505273798097584
2021-09-26T15:00:00.000Z,0.02278394782145352,0.9954234140330458,0.0005233552326086722,0.0005679406917046073,0.000546017234476448,254421828.30200002,85210765.79339999,2782518.3854,-0.005122603201430653,-0.005122603201430653,-0.004053230734345533,0.9959467692656545,-0.000017034005809546393,1.0013126279737696,347.7937595415282,19.06122999770573,0.000038713199999999926,0.000018592277583844464
2021-09-26T16:00:00.000Z,0.02278394782145352,0.9977382471897772,0.0005443232338056946,0.0005850662984876828,0.0005618754664767911,254352635.91219997,87778893.92009999,2568128.1267,-0.0028236282766995746,-0.0028236282766995746,-0.0017174295764170889,0.9982825704235829,-0.0000069290963446988485,1.0015068956857245,349.3352133150597,19.20377782859486,0.0000389774999999998,0.00001716442921746263
2021-09-26T17:00:00.000Z,0.02278394782145352,0.9936752153528986,0.0005552774098800555,0.0006061541955629386,0.0005819723013296141,253338576.05949998,90941471.63039999,3162577.7103,-0.006906756948431014,-0.006906756948431014,-0.005769507237221345,0.9942304927627786,-0.000022969592980426334,1.000458009550322,346.8434831810493,19.002884258334333,0.00003845249999999999,0.000021222121759487917
2021-09-26T18:00:00.000Z,0.02278394782145352,0.994156819687369,0.0005712134509386017,0.0006188761983765062,0.0005951087141866651,253465076.79779997,92849434.13989998,1907962.5095,-0.006438289026817645,-0.006438289026817645,-0.005271966861692378,0.9947280331383076,-0.000021050986577786368,1.0006404746462343,347.10748454761796,18.972188513459354,0.00003894170000000019,0.000012796777793326962
2021-09-26T19:00:00.000Z,0.02278394782145352,0.9952025027022418,0.000590303324483514,0.0006261630494261599,0.0006017102115750683,253736838.473,93942290.27209999,1092856.1322,-0.005399207509333315,-0.005399207509333315,-0.004207193973274732,0.9957928060267253,-0.000010897530500542096,0.9998654260068329,348.10350892420917,19.046381522888534,0.00003884320000000003,0.000007321977509929814
2021-09-26T20:00:00.000Z,0.02278394782145352,0.9972366746525633,0.000606343542211914,0.0006357605641632585,0.0006156252447356847,254260101.5665,95381718.09129998,1439427.8192,-0.003378950592172414,-0.003378950592172414,-0.0021569818052248153,0.9978430181947752,-0.0000046228803337600155,1.0002667671262624,349.3788585250855,19.017250334575692,0.00003910349999999989,0.0000096241104190702
2021-09-26T21:00:00.000Z,0.02278394782145352,1.0001346905610942,0.0006266104628962566,0.0006459744348136126,0.0006258894095811929,255001198.0896,96913599.45879999,1531881.3675,-0.0004911988484870289,-0.0004911988484870289,0.0007613010239904206,1.0007613010239904,-1.0669202854529658e-8,0.9999733177055664,351.50959471036555,19.128207020485476,0.00003838589999999986,0.00001021249446771211
2021-09-26T22:00:00.000Z,0.02278394782145352,0.99742564548817,0.0006398945450921764,0.0006547229171271188,0.0006321818670513846,254316324.2694,98225731.49679999,1312132.038,-0.003206536378881353,-0.003206536378881353,-0.0019344599667377917,0.9980655400332622,-0.000005818912550803468,1.0008107877069268,349.30977218098076,19.01948070573841,0.00003887439999999988,0.000008771062852564177
2021-09-26T23:00:00.000Z,0.02278394782145352,0.9898166803111036,0.000644557789714837,0.0006691564751633765,0.0006441743182867832,252384949.0375,100390608.307,2164876.8102,-0.010827494007183192,-0.010827494007183192,-0.009538761899181571,0.9904612381008184,-0.00006770151137880376,1.0013617106832935,343.799659843593,18.66346720267936,0.00003913440000000009,0.000014582052501051373
2021-09-27T00:00:00.000Z,0.02278394782145352,0.9895997589075204,0.0006597130636289187,0.0006830417785064171,0.00065614753888521,252319735.83810002,102473171.2014,2082562.8944,-0.011056388631364822,-0.011056388631364822,-0.009740528028850693,0.9902594719711493,-0.00006418133704588769,1.0008231156096672,343.82549859358005,18.625015043246723,0.000038843400000000144,0.000014031232668821658
2021-09-27T01:00:00.000Z,0.02278394782145352,0.9964039512476719,0.0006884872716456387,0.0007019457544391693,0.0006799581833425439,254056819.1323,105308475.2633,2835304.0619,-0.004276006935670651,-0.004276006935670651,-0.002907561480682468,0.9970924385193175,-0.000008004413927231724,1.000326708421145,348.72929363840717,18.964717483520946,0.00003874570000000014,0.000018972200477405717
2021-09-27T02:00:00.000Z,0.02278394782145352,1.0070316251317326,0.0007249653138941116,0.0007216542452398656,0.000708929300353045,256777298.03910002,108264567.4124,2956092.1491,0.006322695831379566,0.006322695831379566,0.007756590445626722,1.0077565904456267,-0.00002329072803863852,1.000088381819859,356.2775880518994,19.495864474268927,0.00003871179999999988,0.000019570875976367574
2021-09-27T03:00:00.000Z,0.02278394782145352,1.0039667816189057,0.0007353439239819272,0.0007349598634336693,0.0007183153620240468,255997108.1776,110260297.805,1995730.3926,0.003248466256881688,0.003248466256881688,0.004702125542887662,1.0047021255428876,-0.000006161315774910747,1.0003436043824088,354.0137737119569,19.339062009453478,0.00003678769999999987,0.000013253046847178673
2021-09-27T04:00:00.000Z,0.02278394782145352,1.0014142304770726,0.0007473091596660636,0.000745071267835486,0.0007267975518179259,255359117.54569998,111776999.5865,1516701.7815,0.0006874329252546385,0.0006874329252546385,0.002161539636738628,1.0021615396367387,-3.600645170909189e-8,1.001030088311516,351.9671330148423,19.20784064098162,0.00003874220000000003,0.00001009712538691148
2021-09-27T05:00:00.000Z,0.02278394782145352,1.0013257759850671,0.0007679558673899523,0.0007544429389681993,0.0007353231500202284,255338229.30840003,113182751.1183,1405751.5318,0.0005904528350468841,0.0005904528350468841,0.0020937318524570647,1.002093731852457,-1.058593112057693e-7,1.0007411377416557,352.00052169723034,19.298106551751204,0.00003897040000000004,0.000009359262851210591
2021-09-27T06:00:00.000Z,0.02278394782145352,1.0040443829500258,0.0007992429784960302,0.0007640935061278002,0.000746540440151211,256037560.3263,114630371.3688,1447620.2505,0.003297842509874638,0.003297842509874638,0.004843625928521879,1.0048436259285218,-0.000006553651793694826,1.000282759198032,354.070157183045,19.651372950760106,0.00003848049999999998,0.000009611692998143337
2021-09-27T07:00:00.000Z,0.02278394782145352,1.0003352023388978,0.0008074502737685894,0.0007787009398618574,0.0007602690304231441,255104627.87539998,116821650.9363,2191279.5675,-0.00042506669152531096,-0.00042506669152531096,0.0011426526126664224,1.0011426526126663,-1.7591372802883143e-11,1.0001796411722201,351.48359002489957,19.42973190763528,0.00003890269999999996,0.00001460253894950693
