query_ts,assumedLPToken,equityValue,totalDexYield,totalTradingfee,newTotalTradingFee,liquidity,totalVolume,volume,priceImpact,priceEffect,totalReturn,totalEquityVal,impermanentLoss,tokenPrice,quoteTokenPrice,rewardPrice,rewardTokenPerLP,feePerDollar
2021-07-26T09:00:00.000Z,0.024689909881920408,1,0.000015324326478097047,0.00002877323087581391,-4.760636329592671e-13,229220666.842,3879658.3105,3879658.3105,4.760636329592671e-13,4.760636329592671e-13,0.000015324326478097047,1.000015324326478,0,1.000802560793696,317.4555560793039,14.760359111877712,0.0000420499,0.00002877323069824315
2021-07-26T10:00:00.000Z,0.024689909881920408,1.0018198738066855,0.000029963350560145543,0.000048772440573772614,0.00001907785312305066,235994756.92189997,6650914.0298999995,2771255.7194,0.0018007959535624174,0.0018007959535624174,0.0018498371572456137,1.0018498371572455,-0.0000014663728458153003,1.0008892833957885,318.57232564036804,14.857858054155141,0.0000396299,0.00001996287877081566
2021-07-26T11:00:00.000Z,0.024689909881920408,1.0031541702594793,0.000045049078216675936,0.00006176813265554467,0.00003217145458744852,236389187.36290002,8452314.997,1801400.9671,0.0031219988048918346,0.0031219988048918346,0.003199219337695959,1.003199219337696,-0.000005960216882705538,1.000466876660219,319.5480231943386,14.89349544203507,0.000040829699999999986,0.000012954829610580672
2021-07-26T12:00:00.000Z,0.024689909881920408,1.001904149327852,0.000058832965038439726,0.00007484576807922382,0.00004527857000979907,235750680.35939997,10262433.649,1810118.652,0.0018588707578421904,0.0018588707578421904,0.001962982292890429,1.0019629822928904,-0.0000023061495172393975,1.000511886642597,318.7294428307812,14.80965418385191,0.00003839060000000001,0.000013052779757448977
2021-07-26T13:00:00.000Z,0.024689909881920408,1.0044231602414735,0.00007398127515112136,0.00009845202794046278,0.00006940729457793893,236580040.1515,13533125.7573,3270692.1083,0.0043537529468955505,0.0043537529468955505,0.004497141516624611,1.0044971415166246,-0.000007940217536694938,1.0011621769599712,320.11079492439643,14.890569474248121,0.0000403291,0.000023502306367643697
2021-07-26T14:00:00.000Z,0.024689909881920408,1.0001014197625153,0.00008798788431996476,0.00012410397028496826,0.00009456180485400978,234230065.96429998,17067153.4635,3534027.7062,0.0000068579576613103654,0.0000068579576613103654,0.0001894076468352849,1.0001894076468354,-0.0000011500929582020092,0.9992927099860339,317.93956664555805,14.766637715010845,0.0000401066,0.000025649342136357858
2021-07-26T15:00:00.000Z,0.024689909881920408,1.000080399244819,0.0001026639549296318,0.00013747571191516085,0.00010801395214576903,234190434.70520002,18909084.2919,1841930.8284,-0.000027614707326706345,-0.000027614707326706345,0.0001830631997486945,1.0001830631997486,-2.210317995299249e-7,1.0001097511511106,317.65792342582677,14.75941316472535,0.00004039179999999998,0.000013370667389646688
2021-07-26T16:00:00.000Z,0.024689909881920408,1.0005496983312612,0.0001179628507201465,0.00014701096498752247,0.00011730720350122681,234460184.97090003,20223442.6292,1314358.3373,0.0004323911277599457,0.0004323911277599457,0.0006676611819813191,1.0006676611819814,-0.000002038050337049846,0.9992159069045208,318.23466872710304,14.822350441475715,0.00004060830000000002,0.000009530015399788766
2021-07-26T17:00:00.000Z,0.024689909881920408,1.0007831001130996,0.00013244286441033728,0.0001735611879783069,0.00014397126423859596,234539338.7345,23883559.8297,3660117.2005,0.0006391288488609703,0.0006391288488609703,0.0009155429775099036,1.0009155429775098,-0.0000013776827291200888,0.9997812572279375,318.18617984858054,14.839824034991354,0.00003914080000000001,0.000026529448212922472
2021-07-26T18:00:00.000Z,0.024689909881920408,1.0024297916577294,0.0001485765768526022,0.00018791042289265265,0.00015944316205307452,235021190.9104,25862500.9552,1978941.1255,0.002270348495676311,0.002270348495676311,0.0025783682345819877,1.002578368234582,-0.00000872647765803869,0.9988929386836432,319.50831274290425,14.960184511985254,0.000040771299999999994,0.000014314453519353388
2021-07-26T19:00:00.000Z,0.024689909881920408,1.0043135240547052,0.00016467960785544926,0.00021067692706999675,0.00018292400901076533,235086929.77159998,28997277.699300002,3134776.7441,0.0041306000456944325,0.0041306000456944325,0.004478203662560647,1.0044782036625606,-0.000016457597864283358,0.9991874457753088,320.60092846494115,15.069995725728724,0.00004034770000000003,0.000022668722885391955
2021-07-26T20:00:00.000Z,0.024689909881920408,1.002288333865796,0.0001804938812307864,0.0002400857823927838,0.00021066012705439618,235303443.3247,33058575.3803,4061297.681,0.00207767373874157,0.00207767373874157,0.002468827747026753,1.0024688277470268,-0.000003703473778537969,1.0001561944819655,318.9820785234069,15.134374234718306,0.000040439200000000024,0.00002934171281196572
2021-07-26T21:00:00.000Z,0.024689909881920408,0.981963388253545,0.00018686148748839543,0.0002923013173142748,0.00025820555778910403,228242782.7771,40197825.037,7139249.6567,-0.018294817304244093,-0.018294817304244093,-0.017849750258966592,0.9821502497410334,-0.00014612748199782644,0.999434668945686,306.3649638340368,14.422398941289073,0.00004172759999999999,0.00005317462514572749
2021-07-26T22:00:00.000Z,0.024689909881920408,0.9805110770264016,0.0002009439296083426,0.00031954093196878225,0.00028627320057128536,227907931.85660002,43922247.9112,3724422.8742,-0.019775196174169674,-0.019775196174169674,-0.019287979043990044,0.98071202095601,-0.00017398797052536885,0.9994844955958336,305.4264570937835,14.365989350004508,0.000041763500000000035,0.00002778103787157263
2021-07-26T23:00:00.000Z,0.024689909881920408,0.9812595829562158,0.0002162582808327768,0.0003392625011611278,0.00030514375504464564,229209200.0467,46632069.3615,2709821.4503,-0.019045560798828798,-0.019045560798828798,-0.018524158762951375,0.9814758412370487,-0.00017750027021712356,1.0004159133337505,305.5965329895669,14.393463953953406,0.00004201230000000002,0.000020098217979781848
2021-07-27T00:00:00.000Z,0.024689909881920408,0.9795441315902499,0.00022984376462403122,0.00035272526214410007,0.0003182471430563938,229141870.2956,48484601.2469,1852531.8854,-0.020774115552806505,-0.020774115552806505,-0.02022602464512608,0.9797739753548739,-0.00021578462137861187,1.0005855897864322,304.46884955741365,14.310327206597261,0.000041986199999999974,0.000013743905472698208
2021-07-27T01:00:00.000Z,0.024689909881920408,0.9813554192881925,0.00024603720867780556,0.00038033969432052495,0.00034626880024413165,230759297.7464,52304220.4457,3819619.1988,-0.018990849512051655,-0.018990849512051655,-0.01839854350312972,0.9816014564968703,-0.00016867523427355202,0.9999971410663824,305.7586123264323,14.398671204686947,0.00004155960000000003,0.000028139072624046848
2021-07-27T02:00:00.000Z,0.024689909881920408,0.9730839318079562,0.0002537580601764978,0.0004099706650105917,0.0003731416242503949,229597781.2529,56416800.429699995,4112579.984,-0.027289209816294235,-0.027289209816294235,-0.02666231013186734,0.9733376898681326,-0.0003600211397171149,0.9999713929387112,300.6154044783204,14.019262091165782,0.00004103609999999999,0.00003045058159816905
2021-07-27T03:00:00.000Z,0.024689909881920408,0.9712254367998622,0.0002662315042791984,0.0004287391518326843,0.0003915021934225438,229929785.10209998,59030499.223799996,2613698.7941,-0.02916606539356037,-0.02916606539356037,-0.02850833169585863,0.9714916683041414,-0.00040405217854388997,0.9996344188048623,299.5573885585224,13.922496498589283,0.00004138230000000001,0.000019324542698967708
2021-07-27T04:00:00.000Z,0.024689909881920408,0.9755980242964789,0.00028301327203864675,0.00044506228578630584,0.00040921917272329633,231057104.7785,61304564.993499994,2274065.7697,-0.02481119487624439,-0.02481119487624439,-0.024118962431482448,0.9758810375685175,-0.0003133750204054042,1.0007165609705104,301.9240215137399,14.063402859151054,0.00004057119999999996,0.000016731412834918052
2021-07-27T05:00:00.000Z,0.024689909881920408,0.977308955332515,0.0002993162937619102,0.00046350577685563176,0.0004284629837655318,231598226.5603,63875538.40309999,2570973.4096,-0.02311950765125048,-0.02311950765125048,-0.022391728373723038,0.977608271626277,-0.0002562772463359231,1.000053369149245,303.1733602565155,14.154391192807646,0.00004141109999999993,0.00001887171098515314
2021-07-27T06:00:00.000Z,0.024689909881920408,0.9798083082065513,0.0003166813681074255,0.00048153250718413286,0.00044774391986945883,232168311.65289998,66388176.22379999,2512637.8207,-0.020639435713318166,-0.020639435713318166,-0.01987501042534128,0.9801249895746588,-0.00017751867759085993,0.9987913929877181,305.0996953388982,14.28922573105896,0.00004113890000000018,0.00001839822267207604
2021-07-27T07:00:00.000Z,0.024689909881920408,0.9764242490258597,0.0003276542352695805,0.0004968390489123122,0.0004615878961237163,231391361.2358,68521892.8263,2133716.6025,-0.024037338870264047,-0.024037338870264047,-0.02324809673887075,0.9767519032611293,-0.0002657122025527814,0.9995265975490022,302.7634115234948,14.137148815934605,0.00004109280000000005,0.00001567611774647702
2021-07-27T08:00:00.000Z,0.024689909881920408,0.9781175360967712,0.00034094402452113185,0.0005123516032485464,0.0004786773480377482,231789815.7944,70684301.11909999,2162408.2928,-0.022361141251266536,-0.022361141251266536,-0.021541519878707657,0.9784584801212923,-0.00023430618773878642,0.9998368802607251,303.7100049954734,14.14243814145454,0.00003770940000000003,0.00001585960144608223
2021-07-27T09:00:00.000Z,0.024689909881920408,0.9799837456326304,0.0003553108646964128,0.0005263855331997541,0.0004928103987744681,232430258.10070002,72642262.6017,1957961.4826,-0.020509064766144114,-0.020509064766144114,-0.019660943502673233,0.9803390564973268,-0.00018569928018441484,0.9993533469000692,305.0093209457646,14.190312821710407,0.00003771200000000005,0.000014320573180183441
2021-07-27T10:00:00.000Z,0.024689909881920408,0.9841825548601743,0.0003733183512086379,0.0005501429595032361,0.0005187098316329353,238264849.1352,76025518.0519,3383255.4502,-0.016336154971458683,-0.016336154971458683,-0.01544412678861711,0.9845558732113829,-0.0001035220091285538,0.9987216404394578,307.80827997637846,14.34164487565584,0.00004015400000000004,0.00002413924792606052
2021-07-27T11:00:00.000Z,0.024689909881920408,0.9873291069812965,0.0003882428211117961,0.0005795448893063012,0.0005500609420272529,238833536.70540002,80209215.62189999,4183697.57,-0.013220953960730752,-0.013220953960730752,-0.012282650197591704,0.9877173498024083,-0.00006669445451290557,0.9990433006328625,309.6612525437379,14.38508636223524,0.00003883719999999999,0.000029779259508990015
2021-07-27T12:00:00.000Z,0.024689909881920408,0.995979139493215,0.00041084205236202896,0.0005996300124836761,0.0005755987893848458,241132301.21539998,83069641.52569999,2860425.9038,-0.004596459296169808,-0.004596459296169808,-0.0036100184544229333,0.9963899815455771,-0.000004793657637502946,0.9992917795186025,315.01946387233477,14.711553304262019,0.00003796009999999997,0.000020166207563026567
2021-07-27T13:00:00.000Z,0.024689909881920408,0.9992030486820344,0.0004252194258773976,0.0006175818212806405,0.0005954801537325638,241853809.5714,85625627.6678,2555986.1421,-0.0013924314716982078,-0.0013924314716982078,-0.0003717318920882464,0.9996282681079117,-3.6570546191327935e-7,1.0002640977629793,316.7425187345946,14.75441543924516,0.000036181499999999986,0.000017966127758211796
2021-07-27T14:00:00.000Z,0.024689909881920408,0.9988699549425123,0.0004411179863703616,0.0006409466928309459,0.00062186169107592,241501655.5459,88948591.65359999,3322963.9858,-0.0017519067485636253,-0.0017519067485636253,-0.0006889270711173436,0.9993110729288827,-2.969951509168567e-7,0.9998195198284429,316.6552608126157,14.829983564257882,0.00003747279999999994,0.00002339130455685981
2021-07-27T15:00:00.000Z,0.024689909881920408,0.994320376980043,0.00044737827840155914,0.000676446079813315,0.0006516172043826707,241016166.13369998,94010237.53209999,5061645.8785,-0.006331240224339618,-0.006331240224339618,-0.005232244741555389,0.9947677552584446,-0.000013809706818079803,0.9997063623002111,313.79220909124956,14.656263512304951,0.000031580000000000094,0.000035702161110124954
2021-07-27T16:00:00.000Z,0.024689909881920408,0.9925189447188622,0.0004582901483537857,0.0006968998998839475,0.0006714584251327205,240565512.45270002,96926456.14649999,2916218.6144,-0.00815251370627057,-0.00815251370627057,-0.0070227651327840635,0.9929772348672159,-0.000022977426240355925,0.9993955602377484,312.74020651608674,14.627704029692099,0.00003262750000000012,0.000020607989873256487
2021-07-27T17:00:00.000Z,0.024689909881920408,0.9812197372562574,0.00046067370391587376,0.0007298879033028572,0.0006957002951827329,237809394.92530003,101629400.4689,4702944.3224,-0.019475963038925292,-0.019475963038925292,-0.018319589039826684,0.9816804109601733,-0.0001835417634923342,1.0002950531682677,305.36531673770435,14.30035149153631,0.00003579870000000012,0.000033619383921275973
2021-07-27T18:00:00.000Z,0.024689909881920408,0.9832145312600998,0.00047460334305575474,0.0007460032469749125,0.0007132310839090827,238317171.5808,103927123.4912,2297723.0223,-0.01749869982380925,-0.01749869982380925,-0.016310865396844412,0.9836891346031555,-0.00014382108570942798,1.000109666298407,306.6549525685461,14.367178970091059,0.00003319999999999987,0.000016390464488983118
2021-07-27T19:00:00.000Z,0.024689909881920408,0.9846784885300911,0.0004859352720439267,0.0007612209642833007,0.0007295981676997965,238680003.5367,106096935.77070001,2169812.2795,-0.016051109637608696,-0.016051109637608696,-0.014835576197864972,0.985164423802135,-0.00012612328152172836,1.0005041486628974,307.43798651463305,14.374894066737879,0.00003121049999999989,0.000015454503186241238
2021-07-27T20:00:00.000Z,0.024689909881920408,0.9838658580552153,0.0004970746471474079,0.0007712278217933079,0.0007389179790754374,238017445.4475,107520974.1985,1424038.4278,-0.016873059923860123,-0.016873059923860123,-0.015637067297637277,0.9843629327023627,-0.00013764473228705665,1.000378079574281,306.96323812176564,14.3605714013461,0.000032782899999999953,0.00001017095752249797
2021-07-27T21:00:00.000Z,0.024689909881920408,0.9845613023318344,0.0005121745661695727,0.0007802714246901908,0.0007490006273539462,237999237.47869998,108806928.08940001,1285953.8909,-0.01618769829551958,-0.01618769829551958,-0.014926523101996063,0.985073476898004,-0.00012147692488662098,1.0000698568593187,307.486108717833,14.397983656152984,0.000038834100000000015,0.000009185414363882781
2021-07-27T22:00:00.000Z,0.024689909881920408,0.9867044747957647,0.0005300763362401558,0.0007894456372103491,0.0007611799733024949,238519063.6384,110111463.6272,1304535.5378,-0.014056705177537765,-0.014056705177537765,-0.012765448867995114,0.9872345511320049,-0.0000649054104564506,0.9980414862695043,309.4472458531857,14.501517903279618,0.00003971269999999962,0.000009297832971632392
2021-07-27T23:00:00.000Z,0.024689909881920408,0.994336649902127,0.0005509217395523379,0.000802969745212405,0.0007784611138760278,240353528.45080003,112034452.64170001,1922989.0145,-0.006441811211749027,-0.006441811211749027,-0.005112428358320661,0.9948875716416793,-0.000019754620027678804,1.0006254745654137,313.4342123619242,14.694731116741874,0.00003798900000000015,0.000013601137231980246
2021-07-28T00:00:00.000Z,0.024689909881920408,0.9933526436049214,0.0005666509544423529,0.0008155459137524364,0.0007916721402512206,241051326.4614,113829622.20090002,1795169.5592,-0.00743902853532985,-0.00743902853532985,-0.006080705440636277,0.9939192945593637,-0.000020404838174337137,0.9997237404621763,313.08749621425335,14.748375565853639,0.000037672799999999915,0.000012660325481049316
2021-07-28T01:00:00.000Z,0.024689909881920408,0.9883407892329962,0.0005711516928556705,0.000909293970682376,0.0009208270474376778,239837992.4047,127211732.80370001,13382110.6028,-0.012580037814441503,-0.012580037814441503,-0.011088059074148154,0.9889119409258519,-0.00010416484964581585,1.002579982244508,308.9698606853027,14.507405942577053,0.00003841319999999992,0.00009485397954120877
2021-07-28T02:00:00.000Z,0.024689909881920408,0.9933202689482437,0.0005936485737326505,0.0010245582372222302,0.0010045637793462125,241095805.69219998,143668560.8682,16456828.0645,-0.007684294831102556,-0.007684294831102556,-0.006086082478023693,0.9939139175219763,-0.000023482325918977587,0.9999414126191282,312.86466391959783,14.722345808807885,0.00003861079999999999,0.00011603937957082058
2021-07-28T03:00:00.000Z,0.024689909881920408,0.9940003389957465,0.0006098862159895652,0.0010646975421819158,0.0010425770625696051,236784076.0943,149293099.1518,5624538.2836,-0.007042238066823137,-0.007042238066823137,-0.005389774788263966,0.994610225211736,-0.000016120852677325992,0.9994134754640077,313.43514350083433,14.772862339288189,0.000038933600000000396,0.00004038157987580219
2021-07-28T04:00:00.000Z,0.024689909881920408,0.9926365614770503,0.0006239435753907462,0.001096118699229809,0.0010721228722275766,236125448.5443,153689788.4792,4396689.3274,-0.008435561395177316,-0.008435561395177316,-0.006739494947558993,0.993260505052441,-0.00003754793855270666,1.00099731711473,312.061586906029,14.761283013969326,0.00003988259999999967,0.000031654241009002115
2021-07-28T05:00:00.000Z,0.024689909881920408,0.9912787774957029,0.0006356091717857064,0.0011152398764765828,0.0010899644788965324,234188018.1814,156347051.7071,2657263.2279,-0.00981118698319361,-0.00981118698319361,-0.008085613332511371,0.9919143866674887,-0.00003757561882467009,0.9996117975437122,311.62765971172274,14.702482815788802,0.000038983199999999915,0.000019289404823140445
2021-07-28T06:00:00.000Z,0.024689909881920408,0.9934848454903608,0.0006559749709839033,0.0011310195632927844,0.0011100934185767075,234882131.7328,158541565.0188,2194513.3117,-0.00762524792821595,-0.00762524792821595,-0.005859179538655339,0.9941408204613447,-0.000014739832565835442,0.9985783329635854,313.3290159501802,14.840479877145583,0.00003930020000000007,0.00001588316915538719
2021-07-28T07:00:00.000Z,0.024689909881920408,0.9889448869192389,0.0006620574208379609,0.0011513397171292981,0.001123095055500789,233768612.8648,161367044.67909998,2825479.6603,-0.012178208136261914,-0.012178208136261914,-0.010393055659923165,0.9896069443400768,-0.00006944677425491097,1.0003349766407073,309.9153531457684,14.657677154609681,0.000039134499999999874,0.000020547306858889544
