query_ts,assumedLPToken,equityValue,totalDexYield,totalTradingfee,newTotalTradingFee,liquidity,totalVolume,volume,priceImpact,priceEffect,totalReturn,totalEquityVal,impermanentLoss,tokenPrice,quoteTokenPrice,rewardPrice,rewardTokenPerLP,feePerDollar
2022-02-06T09:00:00.000Z,0.019223330068756327,1,0.000006735778477011116,0.000016229375226200812,-7.793765632868599e-13,205626537.80310002,1963052.986,1963052.986,7.793765632868599e-13,7.793765632868599e-13,0.000006735778477011116,1.000006735778477,-2.220446049250313e-16,0.9996072600477351,416.2264242991284,8.042951933424197,0.0000435656,0.000016229374437046466
2022-02-06T10:00:00.000Z,0.019223330068756327,1.0017804191832487,0.000013546229700330807,0.000028796867550276118,0.00001279109392582356,205998585.8687,3483220.4213,1520167.4353,0.001767628089322848,0.001767628089322848,0.0017939654129490023,1.001793965412949,-0.0000039394470685572,0.9985673364251468,418.13419030311474,8.087626781185934,0.0000435646,0.000012545157186939035
2022-02-06T11:00:00.000Z,0.019223330068756327,1.0019137187693123,0.00002023365283594385,0.000045550090054848584,0.000029305607900376174,206025927.089,5509694.1548,2026473.7335,0.0018844131614119686,0.0018844131614119686,0.0019339524221482886,1.0019339524221482,-8.818832025747625e-7,1.0001617667066547,417.5649539088476,8.05352541562483,0.000043565,0.000016721222399653667
2022-02-06T12:00:00.000Z,0.019223330068756327,1.0005076636758166,0.000026914199237222034,0.00006173712974123897,0.000045287449107478395,205758420.70380002,7467888.1874,1958194.0326,0.0004623762267090825,0.0004623762267090825,0.000534577875053783,1.0005345778750538,-2.92690985115307e-7,1.0008349032873094,416.10039615363115,8.034615521200996,0.0000435608,0.00001617882682046908
2022-02-06T13:00:00.000Z,0.019223330068756327,0.9993766337340957,0.00003366289567940901,0.00008073866679466102,0.00006418289431864288,205530520.9186,9766612.7795,2298724.5921,-0.0006875491602229555,-0.0006875491602229555,-0.0005897033702249037,0.9994102966297751,-2.6044055878582384e-7,0.9996411826839883,415.64016365191884,8.039611519657239,0.000043559,0.00001901338929665677
2022-02-06T14:00:00.000Z,0.019223330068756327,1.0004739423101328,0.0000404350758856661,0.0001076324900274525,0.00009391973503736217,205753539.3288,13020070.4701,3253457.6906,0.0003800225750953956,0.0003800225750953956,0.0005143773860184239,1.0005143773860183,-8.20482105590159e-8,0.9995821324417666,416.55330638365297,8.047588472909423,0.00004355989999999999,0.000026881083514104217
2022-02-06T15:00:00.000Z,0.019223330068756327,0.9946749474003171,0.000046513665520315845,0.00014118990377394173,0.00012822526656353084,204580646.1056,17080041.4032,4059970.9331,-0.0054532778662463866,-0.0054532778662463866,-0.00527853893416254,0.9947214610658375,-0.000019069319829423392,1.0003147291519066,411.40803261813085,7.935052324889287,0.00004355649999999999,0.00003373706515086166
2022-02-06T16:00:00.000Z,0.019223330068756327,0.9932920540204829,0.00005317568251407414,0.00017047726804725322,0.0001532747814317892,205212169.7711,20639283.4233,3559242.0201,-0.006861220760948861,-0.006861220760948861,-0.006654770297002998,0.993345229702997,-0.000024943988862102806,0.9997855543506711,410.46116431183293,7.9479507097041795,0.000043108699999999996,0.00002948514915523358
2022-02-06T17:00:00.000Z,0.019223330068756327,0.9959728388689424,0.00006006022235044041,0.00019310240281863582,0.00017817158654886978,205841952.1726,23389891.2052,2750607.7819,-0.00420533271760648,-0.00420533271760648,-0.00396710090870717,0.9960328990912928,-0.000012693800867880078,1.000431713809911,412.3929115181562,7.982769343279276,0.000043345399999999987,0.000022716619133640505
2022-02-06T18:00:00.000Z,0.019223330068756327,0.9975148178348622,0.0000671316488669801,0.00020545442468063646,0.0001898747771789111,206156763.40780002,24891536.5764,1501645.3712,-0.0026750569423167336,-0.0026750569423167336,-0.0024180505162708426,0.9975819494837291,-0.000004350470003355866,0.9998782899404145,413.8903232902336,8.032987334609093,0.00004334649999999996,0.000012382795930833932
2022-02-06T19:00:00.000Z,0.019223330068756327,0.9959871924950575,0.00007342495105819823,0.00021947723843089703,0.00020433685246146194,205841899.4804,26596308.5161,1704771.9397,-0.004217144357403946,-0.004217144357403946,-0.003939382553884286,0.9960606174461157,-0.0000156007209475284,1.0009674503895027,412.16241316578567,7.9894289469666715,0.00004334660000000004,0.00001407931186413267
2022-02-06T20:00:00.000Z,0.019223330068756327,0.996885120995725,0.000079893130182984,0.00022887412312074998,0.00021283456591147942,206018842.5469,27738652.2685,1142343.7524,-0.0033277135701864635,-0.0033277135701864635,-0.003034985874092,0.996965014125908,-0.000007674276427116489,1.0001916739928787,413.2192828231417,7.970528735792987,0.0000433486,0.000009426246430046363
2022-02-06T21:00:00.000Z,0.019223330068756327,0.9950033653206004,0.0000859558429578172,0.00023846830838109663,0.00022403754790922825,205632026.4485,28904992.7438,1166340.4753,-0.00522067222730882,-0.00522067222730882,-0.004910678836441775,0.9950893211635582,-0.000018032711048832084,1.000378401416693,411.5742985910564,7.917187532343448,0.00004334829999999993,0.000009642363800303168
2022-02-06T22:00:00.000Z,0.019223330068756327,0.9951993422456342,0.0000927539690024606,0.00024437909406597184,0.0002283129267821593,205862416.6794,29624215.1815,719222.4377,-0.005028970681147937,-0.005028970681147937,-0.004707903785363317,0.9952920962146367,-0.00001593085465201316,1.0002102016811283,411.8021796913984,7.934882816425054,0.00004330820000000013,0.000005939297535762143
2022-02-06T23:00:00.000Z,0.019223330068756327,0.9950132396551391,0.00009925843435376308,0.00025005643355282506,0.00023380686835883235,205831259.63889998,30315056.626399998,690841.4449,-0.005220567213219729,-0.005220567213219729,-0.004887501910507134,0.9951124980894929,-0.000015243128880904067,0.9998944177635143,411.773601795262,7.926790445230095,0.000043306800000000044,0.000005705792494251659
2022-02-07T00:00:00.000Z,0.019223330068756327,1.0040181273616164,0.00011011547853308414,0.0002646439979831776,0.000250581652634585,207696829.9177,32090153.985099997,1775097.3587,0.0037675457089818565,0.0037675457089818565,0.004128242840149525,1.0041282428401495,-0.000005071131661149586,1.0001829671666465,419.12724719759603,8.245643879878003,0.0000433061,0.000014529184248915844
2022-02-07T01:00:00.000Z,0.019223330068756327,0.9991107347909897,0.00011489797159763249,0.0002849139326458623,0.0002693286178717669,206685782.2915,34556763.6262,2466609.6411,-0.0011585938268821039,-0.0011585938268821039,-0.0007743672374127045,0.9992256327625872,-0.0000014284747632542505,1.0001381792612671,415.0420679001417,8.098899755405142,0.00004330570000000003,0.000020287976963776124
2022-02-07T02:00:00.000Z,0.019223330068756327,1.0035500387438783,0.0001231248819006023,0.0003000433258575328,0.0002856466977574357,207531656.50419998,36397187.6909,1840424.0647,0.0032643920461208342,0.0032643920461208342,0.0036731636257788724,1.003673163625779,-0.0000018668343545469313,1.0009344228371997,418.39281862653604,8.197978456717726,0.0000432843999999999,0.000015075873062896703
2022-02-07T03:00:00.000Z,0.019223330068756327,1.0079792966382983,0.00013069124738985562,0.0003199081057710224,0.0003068000293684481,210581579.735,38838389.0914,2441201.4005,0.00767249660892988,0.00767249660892988,0.008109987885688183,1.0081099878856883,-0.00002364509651409108,1.0003736110926855,422.3141499955587,8.249017737214714,0.000042881100000000087,0.000019707528009204294
2022-02-07T04:00:00.000Z,0.019223330068756327,1.0152994429855366,0.000139154977542309,0.0003423520356661779,0.0003332767687764804,212112328.3121,41596563.734,2758174.6426,0.014966166216760168,0.014966166216760168,0.015438597963078957,1.015438597963079,-0.00007730825886487214,1.0020296283802788,427.74172583691217,8.348877402517621,0.00004287799999999994,0.000022105725441478362
2022-02-07T05:00:00.000Z,0.019223330068756327,1.0141420634638145,0.00014578937607978825,0.00037638508842389236,0.0003698752228677993,211726742.0774,45776107.8205,4179544.0865,0.013772188240946726,0.013772188240946726,0.014287852839894312,1.0142878528398944,-0.00008903879029842354,0.9999403318748333,427.6275819557206,8.334469453078968,0.00004290789999999995,0.00003355846728351667
2022-02-07T06:00:00.000Z,0.019223330068756327,1.0136436706829823,0.00015206190186528343,0.0004081203573151583,0.0003970402841750875,214777163.54,49731559.2437,3955451.4232,0.013246630398807246,0.013246630398807246,0.013795732584847618,1.0137957325848477,-0.00008179886758219457,0.9999758751884515,427.1691332222385,8.307148759401228,0.00004227179999999995,0.00003130811166610679
2022-02-07T07:00:00.000Z,0.019223330068756327,1.0143081302847974,0.0001605105761538572,0.0004280686779764607,0.000418680444136843,214922610.28019997,52217951.3537,2486392.11,0.01388944984066054,0.01388944984066054,0.014468640860951239,1.0144686408609513,-0.0000846477432722148,1.0003893152295564,427.5345464867718,8.395985586504928,0.00004227119999999999,0.000019666923742873437
2022-02-07T08:00:00.000Z,0.019223330068756327,1.0125971924901385,0.0001666350117325469,0.0004438026718314557,0.00043232227393019684,214560294.2296,54179064.6306,1961113.2769,0.012164870216208268,0.012164870216208268,0.012763827501871012,1.012763827501871,-0.00006369560213448366,1.0004116696786802,426.0718291000722,8.360957337365399,0.000042271399999999976,0.000015538255028502225
2022-02-07T09:00:00.000Z,0.019223330068756327,1.0121679942146853,0.0001727021902932709,0.0004596014040951232,0.0004499443782883805,214473716.3897,56148287.220199995,1969222.5896,0.011718049836396904,0.011718049836396904,0.012340696404978556,1.0123406964049786,-0.00006578857697181473,0.9997861079816942,425.96208906436124,8.325917841815452,0.000042270800000000015,0.00001560880493270909
2022-02-07T10:00:00.000Z,0.019223330068756327,1.0086894829964161,0.00017797800810566007,0.0004785759035348035,0.0004656666652527175,213692500.6175,58512862.786,2364575.5658,0.008223816331163425,0.008223816331163425,0.008867461004521803,1.0088674610045218,-0.000032744075069368606,0.9997048261707456,423.0592210383305,8.258815652398905,0.00004199809999999992,0.00001881104133389886
2022-02-07T11:00:00.000Z,0.019223330068756327,1.0116449052217138,0.0001854302029261949,0.0004946794428423742,0.0004830960716717403,214315891.9968,60519637.768,2006774.982,0.011161809150042057,0.011161809150042057,0.011830335424639992,1.01183033542464,-0.00005869521357804164,0.9998722156328832,425.457188551118,8.295154055770546,0.00004182290000000008,0.0000159181731117305
2022-02-07T12:00:00.000Z,0.019223330068756327,1.0125268932468934,0.00019236981639274783,0.0005126380219675819,0.0005012863882207785,214503245.1979,62757587.7148,2237949.9468,0.0120256068586726,0.0120256068586726,0.012719263063286126,1.0127192630632862,-0.0000637103119361937,1.000272719776365,426.0137612746128,8.30367696710439,0.00004228110000000006,0.000017736397908805373
2022-02-07T13:00:00.000Z,0.019223330068756327,1.0134673844590742,0.00019938369599371947,0.000534400492501132,0.0005235709975526248,217776232.2881,65508393.9085,2750806.1937,0.012943813461521625,0.012943813461521625,0.01366676815506797,1.013666768155068,-0.00008465469935192704,0.9994557358115456,427.13602110959926,8.318729746238777,0.00004167969999999994,0.00002147328236950829
2022-02-07T14:00:00.000Z,0.019223330068756327,1.0189405816846118,0.0002089200257596584,0.0005634744508980181,0.0005570549359092958,218955588.0293,69183436.773,3675042.8645,0.018383526748702472,0.018383526748702472,0.019149501710371428,1.0191495017103713,-0.00016215675280539799,0.9998138694644376,431.58130512028015,8.434647237074627,0.000041679599999999946,0.000028533516435369386
2022-02-07T15:00:00.000Z,0.019223330068756327,1.0253256281083152,0.0002184718499976511,0.0005982542262229214,0.000594332163584621,220181044.17,73576788.4959,4393351.7229,0.024731295944730558,0.024731295944730558,0.02554409995831283,1.0255440999583127,-0.0002795866728595442,1.0003880844694275,436.72750006071186,8.54374583175853,0.000041704599999999926,0.00003392071264392533
2022-02-07T16:00:00.000Z,0.019223330068756327,1.0275454910406225,0.00022524348393282217,0.0006297335480083199,0.000627259787048029,220899626.252,77557588.62830001,3980800.1324,0.02691823125357451,0.02691823125357451,0.02777073452455536,1.0277707345245553,-0.00031132266576405776,1.0012141284353817,438.2317192134474,8.541507454442701,0.00004158970000000008,0.00003063545348582829
2022-02-07T17:00:00.000Z,0.019223330068756327,1.0224899678444925,0.00023026586337888125,0.0006624953869389166,0.0006567941358619489,219758048.9063,81699540.83960001,4141952.2113,0.021833173708630582,0.021833173708630582,0.022720233707871414,1.0227202337078714,-0.0002155269028849549,1.000441823768551,434.2373807204671,8.475160374700982,0.000041566100000000015,0.00003204123259308815
2022-02-07T18:00:00.000Z,0.019223330068756327,1.0241225541485528,0.00023723403554665285,0.0006864842285900427,0.0006843226679995595,220112883.2065,84732411.54100001,3032870.7014,0.02343823148055324,0.02343823148055324,0.02435978818409945,1.0243597881840996,-0.0002564611951237916,1.0001247542153127,435.740719260172,8.483795488377252,0.00004128820000000008,0.0000234238001759442
2022-02-07T19:00:00.000Z,0.019223330068756327,1.0234612482263075,0.00024356864991003686,0.0007064198253291726,0.000702165358732243,219977814.2037,87252917.85470001,2520506.3137,0.02275908286757522,0.02275908286757522,0.0237048168762175,1.0237048168762175,-0.0002321041992240369,1.0005637203599642,434.9716862882873,8.467765208695534,0.00004166930000000008,0.000019478604007412346
2022-02-07T20:00:00.000Z,0.019223330068756327,1.0248197859775858,0.0002518173492546173,0.000719516020744795,0.0007156005508470731,220270926.5131,88908710.3842,1655792.5295,0.024104185426738756,0.024104185426738756,0.025071603326840445,1.0250716033268406,-0.0002897064447606734,0.9993517550974643,436.64546347608245,8.517728968720949,0.00004159990000000013,0.000012779023290586625
2022-02-07T21:00:00.000Z,0.019223330068756327,1.0234214383110383,0.00025731525748303504,0.0007318831079305705,0.000728048505391099,219978815.8776,90472379.49710001,1563669.1129,0.02269338980564717,0.02269338980564717,0.023678753568521303,1.0236787535685212,-0.00023411462112943315,1.0004062742629656,434.9842585483881,8.474100535391171,0.000041667999999999805,0.000012084061282560449
2022-02-07T22:00:00.000Z,0.019223330068756327,1.0220930933486465,0.00026427063707995486,0.0007415722352957937,0.0007355256857914938,219695937.3761,91697467.50320001,1225088.0061,0.021357567662855015,0.021357567662855015,0.022357363985726464,1.0223573639857264,-0.0002066583870427019,1.0004080127024464,433.84791087097983,8.479463941769003,0.000041671000000000144,0.000009479691045923567
2022-02-07T23:00:00.000Z,0.019223330068756327,1.02262837553456,0.00027220634027298995,0.0007513152860241928,0.0007469374351340985,219824678.9255,92929450.32390001,1231982.8207,0.021881438099425887,0.021881438099425887,0.022900581874832977,1.022900581874833,-0.00023259357402827252,0.9996824205262055,434.60829967596123,8.515238070897613,0.00004166849999999995,0.000009527459816737846
2022-02-08T00:00:00.000Z,0.019223330068756327,1.0212280910694498,0.0002780161857284861,0.0007626168086455931,0.0007558646035827898,218688917.46220002,94353063.71990001,1423613.396,0.020472226465866994,0.020472226465866994,0.02150610725517827,1.0215061072551783,-0.00019097833445247403,1.0003274566727118,433.13097102702704,8.483620193887988,0.000041822599999999914,0.000011066599996400444
2022-02-08T01:00:00.000Z,0.019223330068756327,1.0193988916980725,0.00028690405832899657,0.0007820141386864668,0.0007766011348198099,218305541.7238,96796570.97230001,2443507.2524,0.018622290563252708,0.018622290563252708,0.019685795756401513,1.0196857957564016,-0.00017909530447979272,0.9991312425217859,432.0787040095217,8.545199308344934,0.0000418213,0.0000190282037564378
2022-02-08T02:00:00.000Z,0.019223330068756327,1.0224061914724785,0.00029565992859795627,0.0007953983668681743,0.000790544949394345,218970830.0339,98482763.57040001,1686192.5981,0.02161564652308412,0.02161564652308412,0.02270185140107642,1.0227018514010764,-0.00021255664007324704,1.0003724918794936,434.0826025288912,8.600077015868598,0.00004181749999999989,0.000013090909945978732
2022-02-08T03:00:00.000Z,0.019223330068756327,1.0219501365344117,0.0002994847703191044,0.0008141621151733119,0.0008085758225897521,218885273.9302,100846818.16310002,2364054.5927,0.02114156071182194,0.02114156071182194,0.022249621304730793,1.0222496213047307,-0.00021287207274955922,0.9998929684906744,433.8878015123761,8.512301055229171,0.00004181550000000002,0.0000183607272222049
2022-02-08T04:00:00.000Z,0.019223330068756327,1.0224459567703983,0.00030691364160587094,0.0008328955329082669,0.0008275048184911427,218974396.9258,103206867.52530003,2360049.3622,0.021618451951907147,0.021618451951907147,0.02275287041200416,1.0227528704120041,-0.00021756064254574436,1.0001338270585436,434.18857352808266,8.528579274583608,0.000041819200000000137,0.000018322159905751467
2022-02-08T05:00:00.000Z,0.019223330068756327,1.0238537824440885,0.00031532059240299895,0.0008494680830228552,0.0008469282422403079,219279382.2681,105294722.14370003,2087854.6184,0.023006854201848226,0.023006854201848226,0.024169103036491533,1.0241691030364914,-0.0002656276434849225,0.9993020863167725,435.73188681775935,8.570733083061862,0.00004181880000000016,0.000016186441308651695
2022-02-08T06:00:00.000Z,0.019223330068756327,1.030555592292434,0.000323890402505333,0.0008739165756415884,0.000877037983810558,220768414.2971,108375558.82680003,3080836.6831,0.02967855430862354,0.02967855430862354,0.03087948269493943,1.0308794826949395,-0.0003729321291185972,1.0015402779708389,440.4473134545892,8.615459297307828,0.00004180900000000009,0.000023723603659270374
2022-02-08T07:00:00.000Z,0.019223330068756327,1.0281703746251147,0.00032859845879909354,0.0009048431517165229,0.0009042775543952608,220252864.2399,112272639.47440003,3897080.6476,0.027266097070719475,0.027266097070719475,0.028498973083913828,1.0284989730839138,-0.0003467465899252842,1.000170131856994,438.9864137102164,8.55773406229939,0.00004181059999999998,0.000030079232448500607
