query_ts,assumedLPToken,equityValue,totalDexYield,totalTradingfee,newTotalTradingFee,liquidity,totalVolume,volume,priceImpact,priceEffect,totalReturn,totalEquityVal,impermanentLoss,tokenPrice,quoteTokenPrice,rewardPrice,rewardTokenPerLP,feePerDollar
2022-04-08T09:00:00.000Z,0.018313511525878734,1,0.000004894860118723371,0.000023491288808239276,-7.016609515630989e-13,311185513.0617,4300087.5836,4300087.5836,7.016609515630989e-13,7.016609515630989e-13,0.000004894860118723371,1.0000048948601188,-2.220446049250313e-16,0.9999775116969497,434.4356563431208,8.984881349700148,0.0000297479,0.00002349128923193345
2022-04-08T10:00:00.000Z,0.018313511525878734,0.997182300529115,0.000009750255839403787,0.00004247951771386135,0.000021031336004395662,310310724.5702,7775911.430699999,3475823.8471,-0.0028387308068893446,-0.0028387308068893446,-0.0028079492150455453,0.9971920507849544,-0.00000636250493024626,1.0007022128701832,431.65983400985294,8.956233363071918,0.0000296976,0.000019041883093967187
2022-04-08T11:00:00.000Z,0.018313511525878734,0.9957264012197369,0.000014673135881267918,0.00005871726413097668,0.00003442133030140404,309860939.5583001,10748286.6502,2972375.2195,-0.0043080201105645255,-0.0043080201105645255,-0.004258925644381854,0.9957410743556181,-0.000003928836408317871,0.9984645238010791,431.35325088586694,8.942636965357583,0.000030149899999999997,0.000016307437395474865
2022-04-08T13:00:00.000Z,0.018313511525878734,0.9930626535564478,0.000019614224159605532,0.00005871726413097668,-0.002629326332987625,309035256.52430004,10748286.6502,0,-0.0043080201105645255,-0.0043080201105645255,-0.006917732219392545,0.9930822677806075,-0.000003928836408317871,0.9984645238010791,431.35325088586694,8.942636965357583,0.0000301707,0
2022-04-08T14:00:00.000Z,0.018313511525878734,0.9885454242408993,0.000023516481532716367,0.00009603281111881685,0.00011904190490719113,307255902.4508,17570801.5983,6822514.9481,-0.011573617664007885,-0.011573617664007885,-0.011431059277567978,0.9885689407224321,-0.00005932665511410029,0.9992297742573784,424.7554767446459,8.62898762830507,0.000029046899999999995,0.00003774793362554588
2022-04-08T15:00:00.000Z,0.018313511525878734,0.9982006306372773,0.000029002133235467954,0.00014199056279895608,0.0001662774401978151,309997274.2768,25966365.9336,8395564.3353,-0.001965646802920551,-0.001965646802920551,-0.0017703672294872679,0.9982296327705127,-0.0000010568484458683969,0.9994639304686728,432.9518017015112,8.851159276276949,0.0000301067,0.00004604059633526314
2022-04-08T16:00:00.000Z,0.018313511525878734,0.9963532051387475,0.000033792528904797845,0.00016949032216673546,0.00019545319983926834,309380453.44920003,30989323.6387,5022957.7051,-0.003842248061091791,-0.003842248061091791,-0.0036130023323477246,0.9963869976676523,-0.000008231047530338209,1.0001852447999922,431.0141128305286,8.82006144154789,0.0000302879,0.000027600412383751645
2022-04-08T17:00:00.000Z,0.018313511525878734,0.995730957050023,0.00003866025556656061,0.00019962263965960414,0.00022451818276580937,309192295.53910005,36493220.2241,5503896.5854,-0.004493561132742796,-0.004493561132742796,-0.004230382694410426,0.9957696173055895,-0.00001986048796320805,1.0017779126157276,429.7663330454362,8.814460519293721,0.000030287900000000022,0.000030261504992761936
2022-04-08T18:00:00.000Z,0.018313511525878734,0.9919793867819519,0.00004315640623367272,0.0002293705657023004,0.0002530655396727477,308027960.7193,41926915.2567,5433695.0326,-0.008273678757720893,-0.008273678757720893,-0.007977456811814472,0.9920225431881855,-0.000034156662719775355,0.9999347231633123,427.2949167078783,8.734912998696487,0.00003028779999999999,0.00002998845148294105
2022-04-08T19:00:00.000Z,0.018313511525878734,0.993884921547018,0.00004802323926809228,0.0002580749860269009,0.00028487862125015084,308559504.5532,47168983.647700004,5242068.391,-0.006399957074232132,-0.006399957074232132,-0.006067055213713889,0.9939329447862861,-0.000018780174322552412,0.9996857340146944,429.01789214539616,8.7438428826393,0.0000301174,0.000028881029860363704
2022-04-08T20:00:00.000Z,0.018313511525878734,0.9914401556943014,0.00005230594182677521,0.00027795452071902943,0.0003017093267728699,307804555.28999996,50799478.661400005,3630495.0137,-0.00886155363247143,-0.00886155363247143,-0.008507538363871785,0.9914924616361283,-0.000041338026498749514,1.0001692689722212,426.6883991470492,8.650524655646922,0.000030268799999999987,0.000020051170189717176
2022-04-08T21:00:00.000Z,0.018313511525878734,0.9922954802599326,0.000057207297397216353,0.00030038522829102624,0.00032427526314438015,308071801.5221,54895903.5226,4096424.8612,-0.008028795003211742,-0.008028795003211742,-0.007647312442670145,0.9923526875573299,-0.00003414944519297691,1.000180760305982,427.40080051245366,8.665991701907817,0.000030294200000000012,0.000022604867532935933
2022-04-08T22:00:00.000Z,0.018313511525878734,0.9898804986031684,0.00006141163771398039,0.0003139892756512842,0.00033640868044126915,307330454.7234,57380420.952700004,2484517.4301,-0.010455910077272867,-0.010455910077272867,-0.010058089759117619,0.9899419102408824,-0.000049130101335004284,0.9993795782025351,425.65282897215855,8.582226291872981,0.00003026840000000005,0.000013743121016013032
2022-04-08T23:00:00.000Z,0.018313511525878734,0.9869299546191685,0.00006559649617669576,0.00035125367666413493,0.0003760420773573081,306417175.007,64186108.414100006,6805687.4614,-0.01344608745818876,-0.01344608745818876,-0.013004448884654756,0.9869955511153452,-0.00009325204659138553,1.0000973923004248,422.78059712907066,8.507465630043546,0.000030293799999999937,0.00003775789879962079
2022-04-09T00:00:00.000Z,0.018313511525878734,0.9849171583478044,0.00006937003071476128,0.000386686585510359,0.0004087958385746715,305797655.11660004,70657420.3601,6471311.946,-0.015491637490770316,-0.015491637490770316,-0.015013471621480883,0.9849865283785191,-0.00011947167123094182,0.9998232021392579,421.1446656234933,8.3990836000701,0.000029965600000000034,0.000035975522127549516
2022-04-09T01:00:00.000Z,0.018313511525878734,0.9883607247250514,0.00007457995740391738,0.0004263570761020677,0.00046526203400665267,306871119.2087,77902767.47850001,7245347.1184,-0.012104537308955221,-0.012104537308955221,-0.011564695317544652,0.9884353046824553,-0.00007328312506460488,0.9999059466204399,424.01236971719936,8.46151596966124,0.000030293500000000028,0.00004013766474030183
2022-04-09T02:00:00.000Z,0.018313511525878734,0.9874316477642098,0.00007908836729321376,0.00044893232123243137,0.00047153936123689455,306591317.6759,82025985.98420002,4123218.5057,-0.01303989159702712,-0.01303989159702712,-0.012489263868497013,0.987510736131503,-0.00008050380287882852,0.999541262206096,423.36423610518335,8.442093895151277,0.000030268200000000033,0.0000228625895632823
2022-04-09T03:00:00.000Z,0.018313511525878734,0.9845102412656357,0.00008274676103242471,0.0004729667448401005,0.0004957325237587851,305689453.98620003,86415788.81900002,4389802.8348,-0.015985491258123097,-0.015985491258123097,-0.015407011973331887,0.9845929880266681,-0.00013294419157650061,1.0001698760528768,420.57642975549055,8.338791299210829,0.000030293299999999966,0.000024412568774770008
2022-04-09T04:00:00.000Z,0.018313511525878734,0.9873345679842879,0.00008788984531108281,0.00049617682967886,0.0005209343778090902,306570009.04849994,90655078.69800001,4239289.879,-0.01318636639352122,-0.01318636639352122,-0.012577542170401048,0.9874224578295989,-0.00009018606647326344,1.0001342159907225,422.98765517649775,8.38812686106663,0.00003029320000000003,0.00002350782066604523
2022-04-09T05:00:00.000Z,0.018313511525878734,0.9875619766601273,0.00009262883593331475,0.0005127474553009277,0.0005364636383009547,306644087.2408,93681714.85820001,3026636.1602,-0.012974486978173605,-0.012974486978173605,-0.012345394503939336,0.9876546054960607,-0.00009121486140628576,1.000425379195306,423.0461556568002,8.395873736355906,0.00003029320000000003,0.000016779327195373368
2022-04-09T06:00:00.000Z,0.018313511525878734,0.9892239514408799,0.00009801685081250066,0.0005380062195649037,0.0005684180998671851,307162601.9954,98295282.58630002,4613567.7281,-0.011344466658987251,-0.011344466658987251,-0.010678031708307565,0.9893219682916924,-0.00005927481218048758,0.9994566716681053,424.85597221054513,8.458891179237249,0.0000302931,0.000025533919451194957
2022-04-09T07:00:00.000Z,0.018313511525878734,0.9882070991085661,0.00010241692694530775,0.0005945210788235644,0.0006433773125398279,306849839.701,108617943.45170002,10322660.8654,-0.01243627820397375,-0.01243627820397375,-0.011690483964488614,0.9883095160355114,-0.00008067675936407337,1.000166196876831,423.61738911351324,8.43478739493648,0.00003029299999999997,0.00005718928674780992
2022-04-09T08:00:00.000Z,0.018313511525878734,0.9881702562479615,0.00010724648788794994,0.0006339168942126522,0.0006652718699520221,306849911.4842,115814013.72010002,7196070.2684,-0.012495015621990513,-0.012495015621990513,-0.01172249726415054,0.9882775027358495,-0.000065400827128137,0.9988416148990995,424.12869943023315,8.44692272713891,0.000030267800000000005,0.00003986743681009634
2022-04-09T09:00:00.000Z,0.018313511525878734,0.9903134588649148,0.00011233984249448616,0.00066765044470926,0.0006921372623248656,307523038.94430006,121975962.80360001,6161949.0835,-0.010378678397410024,-0.010378678397410024,-0.009574201292590671,0.9904257987074093,-0.00005753723494950069,1.0002721701100525,425.33938386352924,8.477655221980033,0.00003029299999999997,0.00003406350782013225
2022-04-09T10:00:00.000Z,0.018313511525878734,0.989889893590246,0.0001168091451810211,0.0007086466302554643,0.000732551984242602,307091993.97630006,129457246.7627,7481283.9591,-0.010842658393996563,-0.010842658393996563,-0.00999329726457294,0.990006702735427,-0.00005955550342262583,0.9999897128500143,425.06066882759677,8.460747972915724,0.000030290200000000034,0.00004141489514523628
2022-04-09T11:00:00.000Z,0.018313511525878734,0.9917127210595255,0.00012203581858892256,0.00073872171069941,0.0007681099662303348,307656823.23399997,134945555.57930002,5488308.8166,-0.009055388906704875,-0.009055388906704875,-0.008165243121885619,0.9918347568781144,-0.00005143853347600036,1.001024448360266,426.1571428789296,8.497884836117025,0.00003029029999999997,0.00003032640358872724
2022-04-09T12:00:00.000Z,0.018313511525878734,0.9919888815959808,0.00012696037654815595,0.0007649991860182269,0.0007934697644612632,307748007.16499996,139740937.04970002,4795381.4704,-0.00880458816848051,-0.00880458816848051,-0.00788415802747109,0.9921158419725289,-0.00004158467165660262,1.000253846862645,426.7013648066713,8.511878765044136,0.000030302300000000047,0.000026489687373699877
2022-04-09T13:00:00.000Z,0.018313511525878734,0.9917740840345455,0.00013186439731093283,0.000792977219221665,0.0008239035591881549,307684619.5964,144846707.5044,5105770.4547,-0.009049819524642677,-0.009049819524642677,-0.00809405156814359,0.9919059484318564,-0.00003936236651469471,0.9997593639652349,426.7011937106749,8.523541252818996,0.000030302299999999955,0.000028210086628235068
2022-04-09T14:00:00.000Z,0.018313511525878734,0.991948840826331,0.00013691109810790193,0.0008165449870853875,0.0008433671209938653,308215499.3657,149154301.06960002,4307593.5652,-0.008894526294662919,-0.008894526294662919,-0.007914248075561152,0.9920857519244388,-0.000045624582446945894,1.0005959947270864,426.4780515691142,8.544493497978912,0.000030180000000000067,0.0000237590551932345
2022-04-09T15:00:00.000Z,0.018313511525878734,0.9903167837287161,0.0001410584371254445,0.0008993945788566507,0.0009240276640357648,307716940.5014,164297538.0787,15143237.0091,-0.010607243935319643,-0.010607243935319643,-0.009542157834158434,0.9904578421658415,-0.00005445513335455843,0.9997498859445386,425.36503252354254,8.509075332312717,0.00003025619999999996,0.00008365968696271006
2022-04-09T16:00:00.000Z,0.018313511525878734,0.9856859305091061,0.00014413859704227806,0.0009321586065590251,0.0009523941093392274,306624768.1312999,170292922.4176,5995384.3389,-0.015266463600233093,-0.015266463600233093,-0.014169930893851587,0.9858300691061485,-0.00012267263167420328,1.0002576504743743,421.15433146884556,8.415352466024284,0.000030067500000000044,0.000033239824161124564
2022-04-09T17:00:00.000Z,0.018313511525878734,0.9872011353492325,0.00014952780397755743,0.000981527546439746,0.0010035006949333791,307101092.0631,179326933.1457,9034010.7281,-0.013802365345700895,-0.013802365345700895,-0.012649336846789958,0.9873506631532101,-0.00009693095236795735,1.0000030002454832,422.5151697961563,8.459622220469182,0.000029891500000000047,0.000050008999103833967
2022-04-09T18:00:00.000Z,0.018313511525878734,0.988163911524568,0.0001549504526324246,0.0009996357763208776,0.0010222075957722065,307401951.61230004,182640568.5079,3313635.3622,-0.012858296071204256,-0.012858296071204256,-0.011681138022799626,0.9883188619772004,-0.00008241256501806404,0.9998747046295197,423.37880682579765,8.500269701520565,0.00003021900000000001,0.000018325128016248418
2022-04-09T19:00:00.000Z,0.018313511525878734,0.9869732859349305,0.00015930409226081287,0.0010109387895611457,0.0010322154584130327,307232407.9554,184710266.4412,2069697.9333,-0.014058929523482533,-0.014058929523482533,-0.012867409972808688,0.9871325900271913,-0.0000991152733467171,0.9998988426499728,422.33934930151554,8.481769006675526,0.000030199299999999977,0.00001145219838631336
2022-04-09T20:00:00.000Z,0.018313511525878734,0.9866440265145691,0.00016412984444062872,0.001017300678209044,0.0010380475311719817,307126253.01720005,185875179.6295,1164913.1883,-0.01439402101660292,-0.01439402101660292,-0.01319184364099031,0.9868081563590096,-0.00011112645855626546,1.0003878064275395,421.84602909745314,8.48874099113941,0.000030199699999999917,0.000006448007621149514
2022-04-09T21:00:00.000Z,0.018313511525878734,0.9862046271635668,0.00016880264766130495,0.0010265936150750412,0.0010484149148682897,306990781.4245,187576798.635,1701619.0055,-0.014843787751301463,-0.014843787751301463,-0.013626570188771867,0.9863734298112281,-0.00010678810072217715,0.9996374147540787,421.77748615211266,8.487634722118214,0.000030199699999999917,0.000009422928909874876
2022-04-09T22:00:00.000Z,0.018313511525878734,0.9873548575255386,0.0001734707714267866,0.001037480913435023,0.0010598605048013354,307352112.0192999,189570380.8818,1993582.2468,-0.013705002979262693,-0.013705002979262693,-0.01247167170303457,0.9875283282969655,-0.00009433807176806308,0.9999142150639162,422.6361232511368,8.486934222732211,0.000030124100000000022,0.000011026733466361165
2022-04-09T23:00:00.000Z,0.018313511525878734,0.9880624195362427,0.0001791430469156792,0.001050094091772013,0.0010750279271179997,307573877.90830004,191880001.6763,2309620.7945,-0.013012608390875258,-0.013012608390875258,-0.011758437416841579,0.9882415625831584,-0.00007594021469936596,0.9992041819806419,423.5304723851465,8.533544739060071,0.000030199599999999978,0.000012765568315982288
2022-04-10T00:00:00.000Z,0.018313511525878734,0.9925156754853205,0.0001855613589426257,0.0010661409491330895,0.0010961838727653328,308963277.5193,194818399.1798,2938397.5035,-0.00858050838744484,-0.00858050838744484,-0.007298763155736882,0.9927012368442631,-0.000043959482392219584,1.000736933033429,426.68824069436147,8.612388603725117,0.00003019950000000004,0.00001616786239470793
2022-04-10T01:00:00.000Z,0.018313511525878734,0.9910823009014198,0.00019029656394644085,0.0010815608049687033,0.001107827861544619,309254334.23870003,197648731.82320002,2830332.6434,-0.01002552696012482,-0.01002552696012482,-0.00872740253463376,0.9912725974653662,-0.000057068508036550725,1.0005853084134035,425.5097999421085,8.611652513216558,0.00003012539999999996,0.000015558603262989875
2022-04-10T02:00:00.000Z,0.018313511525878734,0.9920109098897759,0.00019705090789648953,0.0011208430747549794,0.0011477802293562434,309093557.0544,204848543.71420002,7199811.891,-0.009136870339580327,-0.009136870339580327,-0.0077920392023275945,0.9922079607976724,-0.0000351383240949632,0.9991822180528195,426.8726562928999,8.699785932946181,0.000030170100000000082,0.000039598626161417634
2022-04-10T03:00:00.000Z,0.018313511525878734,0.9919515904902054,0.0002018547583758086,0.0011426260425810616,0.0011716674599773214,309186692.2237,208842455.28750002,3993911.5733,-0.009220076969771895,-0.009220076969771895,-0.007846554751418766,0.9921534452485813,-0.00004508735113040174,1.0002109032507551,426.36201572820426,8.700422699704749,0.000030058800000000055,0.000021959708633570854
2022-04-10T04:00:00.000Z,0.018313511525878734,0.9916623892904389,0.00020633860163868275,0.0012094101081975988,0.0012375537144149185,309003523.28510004,221083642.12880003,12241186.8413,-0.00957516442397599,-0.00957516442397599,-0.00813127210792239,0.9918687278920776,-0.000040403825962265216,0.9993458833959944,426.42524967382207,8.688669344007813,0.000029892700000000047,0.0000673455674840632
2022-04-10T05:00:00.000Z,0.018313511525878734,0.9928571544112812,0.00021124023264970057,0.0012873865844328948,0.0013172570326496214,309646229.50049996,235388834.74660003,14305192.6178,-0.008460102621368426,-0.008460102621368426,-0.006931605356069104,0.9930683946439309,-0.00002963622205010008,0.9991807098195149,427.4566157754132,8.69287849674686,0.00003016180000000003,0.00007853745705054914
2022-04-10T06:00:00.000Z,0.018313511525878734,0.9914740523394376,0.00021575023770315364,0.0013412966287050768,0.0013679489244675658,309223612.49009997,245279193.86340004,9890359.1168,-0.009893896585029927,-0.009893896585029927,-0.008310197422859208,0.9916898025771408,-0.00004396340615286931,0.9994116197405568,426.1228048741076,8.681142692823546,0.00003016180000000003,0.00005437363066540819
2022-04-10T07:00:00.000Z,0.018313511525878734,0.9920002688532055,0.0002205738221045972,0.0013723820417723403,0.00139940574098385,309083526.2018,250976529.19030005,5697335.3269,-0.009399136887778381,-0.009399136887778381,-0.007779157324689934,0.9922208426753101,-0.00004698731823615798,1.0002281913480582,426.20055341353276,8.682069490543379,0.00003019230000000005,0.0000313360927861499
