query_ts,assumedLPToken,equityValue,totalDexYield,totalTradingfee,newTotalTradingFee,liquidity,totalVolume,volume,priceImpact,priceEffect,totalReturn,totalEquityVal,impermanentLoss,tokenPrice,quoteTokenPrice,rewardPrice,rewardTokenPerLP,feePerDollar
2022-02-24T09:00:00.000Z,0.021143130594006382,1,0.00000444768599551818,0.00005535812853654077,5.557776461273534e-13,227591425.0063,7411197.3652,7411197.3652,-5.557776461273534e-13,-5.557776461273534e-13,0.00000444768599551818,1.0000044476859955,0,1.0002501849428327,337.5593441026028,5.87808541335892,0.0000357873,0.00005535812924626331
2022-02-24T10:00:00.000Z,0.021143130594006382,0.9979914455754396,0.000008908447939603683,0.0000877323146140994,0.000031917514052515195,227153411.656,11745731.155000001,4334533.7898,-0.0020404719386128978,-0.0020404719386128978,-0.001999645976620779,0.9980003540233792,-0.0000013044481271817787,0.9998228214958669,336.32688666802716,5.886808282035856,0.00003578629999999999,0.00003243934303667486
2022-02-24T11:00:00.000Z,0.021143130594006382,0.9932131683980467,0.000013172942555712794,0.0001148462124300267,0.00005946026344716415,226299325.20409998,15379722.030000001,3633990.875,-0.006846291865400422,-0.006846291865400422,-0.006773658659397545,0.9932263413406025,-0.000018765225764605376,0.9995066982358787,333.20077488817253,5.831682264906826,0.000035262900000000004,0.000027299173260584137
2022-02-24T12:00:00.000Z,0.021143130594006382,0.996484655703853,0.000017487225186475848,0.00014364253469102394,0.000089189956032798,227036841.88729998,19239068.9555,3859346.9255,-0.0036045342521797696,-0.0036045342521797696,-0.0034978570709604958,0.9965021429290395,-0.000005733680067954161,1.0000254649142977,335.2055500229613,5.797273898139556,0.0000358319,0.000028897908017090877
2022-02-24T13:00:00.000Z,0.021143130594006382,0.994236484824996,0.000021595311876922978,0.00016765902307569496,0.00011216418802262318,226468849.1954,22457019.5576,3217950.6021,-0.005875679363026576,-0.005875679363026576,-0.00574191986312703,0.994258080136873,-0.000014322939672073431,0.9997094032818035,333.7846764090465,5.7438454234541325,0.000035154400000000003,0.000024155710787623483
2022-02-24T14:00:00.000Z,0.021143130594006382,0.9994995014596286,0.000026270540718560212,0.00019645143597184537,0.000145591935807321,227631945.1217,26314287.2395,3857267.6819,-0.0006460904761786956,-0.0006460904761786956,-0.00047422799965281444,0.9995257720003472,-2.0386497623370303e-7,1.0002424211571292,337.12591397530247,5.815214283879716,0.00003584249999999999,0.00002880683137739832
2022-02-24T15:00:00.000Z,0.021143130594006382,1.0048941809057859,0.000030987858213583986,0.00023280890750941856,0.00017905141266827407,228862382.34870002,31185070.788000003,4870783.5485,0.004715129493117587,0.004715129493117587,0.004925168763999445,1.0049251687639995,-0.000009487323483159393,1.0005983736965152,340.63154650291835,5.874749023959727,0.00003581310000000001,0.000036180397789593456
2022-02-24T16:00:00.000Z,0.021143130594006382,1.0119384355543914,0.00003625947761076421,0.00026357157897329345,0.0002108994640357409,230560890.1435,35308007.487100005,4122936.6991,0.011727536090355706,0.011727536090355706,0.01197469503200221,1.011974695032002,-0.00006628743622238975,1.0003950989307577,345.4731977665537,6.021613485603272,0.000035321200000000024,0.000030399745525390867
2022-02-24T17:00:00.000Z,0.021143130594006382,1.0121783339375343,0.00004098582036317428,0.00029474134873087757,0.00024217142990745621,230624079.82759997,39485659.689100005,4177652.202,0.011936162507626857,0.011936162507626857,0.012219319757897487,1.0122193197578975,-0.00007041178545597049,1.0002484139245122,345.6663752522751,6.050442662880855,0.00003558910000000001,0.00003079474072572567
2022-02-24T18:00:00.000Z,0.021143130594006382,1.0093805145541759,0.0000452946820565951,0.00030829335543206487,0.00025548956496956876,229988927.7954,41302039.68040001,1816379.9913,0.00912502498920631,0.00912502498920631,0.009425809236232473,1.0094258092362325,-0.00004238111883492213,1.0001270016752466,343.79026486295,6.0190519665644695,0.00003552919999999999,0.000013426063657973017
2022-02-24T19:00:00.000Z,0.021143130594006382,1.021521180074189,0.0000511628489421201,0.0003296111557708475,0.0002855869078763895,232756276.9774,44159284.742300004,2857245.0619,0.021235593166312627,0.021235593166312627,0.021572342923131135,1.0215723429231311,-0.00021629625104313543,1.0004627878214456,351.9733006116081,6.177522530566809,0.00003579789999999998,0.00002086868147363275
2022-02-24T20:00:00.000Z,0.021143130594006382,1.029872269904472,0.00005702366557695712,0.00035094046008698636,0.00030578916389156774,234662847.0126,47018117.549200006,2858832.8069,0.029566480740580436,0.029566480740580436,0.029929293570048962,1.029929293570049,-0.0004247130887403694,1.0002379272631767,357.81969927925604,6.308202586525117,0.00003582759999999998,0.000020710631587406957
2022-02-24T21:00:00.000Z,0.021143130594006382,1.0381776999285075,0.0000621518526764002,0.0004102037185013009,0.0003714472387641443,236559409.33720002,54961493.874800004,7943376.3256,0.03780625268974336,0.03780625268974336,0.0382398517811839,1.038239851781184,-0.0006753445665250712,1.000597375826587,363.43937841888265,6.34552663281229,0.000035708399999999985,0.00005708392573077192
2022-02-24T22:00:00.000Z,0.021143130594006382,1.0375001420847976,0.00006670844478880519,0.0004243186906549365,0.00038299769630079084,236747087.6198,56856137.667500004,1894643.7927,0.03711714438849678,0.03711714438849678,0.03756685052958638,1.0375668505295863,-0.000635793521239103,1.0010267983305434,362.801185718004,6.322471355959752,0.0000357759,0.00001360479015802104
2022-02-24T23:00:00.000Z,0.021143130594006382,1.0248129437500648,0.00006994259902464574,0.00043960607900039254,0.0003918437759482529,233858997.3336,58908215.582100004,2052077.9146,0.024421099974116567,0.024421099974116567,0.024882886349089466,1.0248828863490895,-0.0002994520750529972,0.9999022586280653,354.37106632144224,6.185556835357562,0.000035775099999999996,0.000014917247121536255
2022-02-25T00:00:00.000Z,0.021143130594006382,1.0342132225073435,0.0000760009169132431,0.00045583832002308574,0.00041037364406260046,235761907.72460002,61084888.205400005,2176672.6233,0.03380284886328089,0.03380284886328089,0.034289223424256735,1.0342892234242567,-0.0005488192338339859,1.0003561003825507,360.7277883072602,6.299829686283596,0.00003578269999999999,0.000015695255842315603
2022-02-25T01:00:00.000Z,0.021143130594006382,1.0347522284119721,0.0000807063049484155,0.00047032519561524374,0.0004278774900510207,235885706.50360003,63027522.549,1942634.3436,0.0343243509219211,0.0343243509219211,0.03483293471692053,1.0348329347169205,-0.0005517736623552594,1.0007715407412128,360.9419220515419,6.295087258732832,0.00003578269999999999,0.000014000332758905838
2022-02-25T02:00:00.000Z,0.021143130594006382,1.0399251866197348,0.00008634938217069287,0.0004907556229916221,0.0004494962363652544,237067426.571,65767193.0023,2739670.4533,0.03947569038336951,0.03947569038336951,0.040011536001905455,1.0400115360019055,-0.000757695034125816,1.0000262889816864,364.81781011155596,6.362303466530816,0.000035543900000000004,0.000019646055293113537
2022-02-25T03:00:00.000Z,0.021143130594006382,1.042288484768771,0.00009150683774250422,0.0005026013452248642,0.0004611419745608192,237365985.8288,67354069.6611,1586876.6588,0.04182734279421019,0.04182734279421019,0.04237999160651351,1.0423799916065135,-0.0007865757858220856,1.0015516072992272,365.9122466862463,6.385684008619756,0.00003584929999999998,0.000011365109076351432
2022-02-25T04:00:00.000Z,0.021143130594006382,1.0421059002114585,0.0000966384711994282,0.0005240712746168968,0.0004848266706580784,237299725.7614,70229925.2719,2875855.6108,0.04162107354080047,0.04162107354080047,0.04220253868265798,1.0422025386826579,-0.0008305197728443181,1.0002584471858558,366.2402421620568,6.404968098040044,0.00003585330000000006,0.000020602444957208855
2022-02-25T05:00:00.000Z,0.021143130594006382,1.0376832430377032,0.00010066946387755506,0.0005439397535254084,0.0005031065114646793,236359513.1103,72892022.8255,2662097.5536,0.03718013652623853,0.03718013652623853,0.03778391250158076,1.0377839125015809,-0.0006857143366331142,0.9997124276033933,363.3223088677517,6.353286386991627,0.00003581349999999997,0.000019146958722190675
2022-02-25T06:00:00.000Z,0.021143130594006382,1.0343578507876405,0.00010482198963411454,0.0005615585081946301,0.0005172343522110712,235800858.2913,75254680.8926,2362658.0671,0.03384061643542946,0.03384061643542946,0.03446267277727465,1.0344626727772746,-0.000560693166388293,1.000035842663521,360.869675641746,6.313640690388547,0.00003581330000000001,0.000017033520332263317
2022-02-25T07:00:00.000Z,0.021143130594006382,1.0378444394049666,0.00011104187004531835,0.0005784687036998202,0.0005350509206365484,236597735.86409998,77522341.281,2267660.3884,0.037309388484330075,0.037309388484330075,0.03795548127501194,1.037955481275012,-0.0006240563007884337,1.0015437512069312,362.74836722101116,6.397241216035073,0.00003572370000000007,0.0000162935737580105
2022-02-25T08:00:00.000Z,0.021143130594006382,1.0372325219811205,0.00011607516452762253,0.0006419155322216402,0.0006151213230536356,236461095.12440002,86030676.04280001,8508334.7618,0.036617400658066845,0.036617400658066845,0.0373485971456481,1.0373485971456482,-0.0006917830301073069,0.999006516203864,363.1846150333866,6.407689456446155,0.00003581330000000001,0.0000611693398757649
2022-02-25T09:00:00.000Z,0.021143130594006382,1.0353073035483151,0.00012026008252241822,0.0006642162809303643,0.0006188518557073142,236132120.55490002,89022639.69980001,2991963.657,0.034688451692607813,0.034688451692607813,0.035427563630837544,1.0354275636308377,-0.0005831449914429632,1.0001912514331937,361.4056410189513,6.37245898254829,0.00003579739999999996,0.000021540221656195396
2022-02-25T10:00:00.000Z,0.021143130594006382,1.0347486292422228,0.0001251391365526493,0.0006899965060117437,0.0006450119869312321,236009159.13799998,92481490.15800002,3458850.4582,0.03410361725529154,0.03410361725529154,0.03487376837877542,1.0348737683787754,-0.0005674658739379668,1.0000884222254272,361.0343213928809,6.375310094598948,0.00003579719999999992,0.00002491448128715124
2022-02-25T11:00:00.000Z,0.021143130594006382,1.0326372631821368,0.00012936137660714446,0.0007094946735594666,0.0006622057672664994,235487227.98819998,95097048.81230003,2615558.6543,0.03197505741487028,0.03197505741487028,0.03276662455874392,1.032766624558744,-0.0004969744184079028,1.0001911849257905,359.5126309899592,6.34588331064506,0.0000357739,0.000018881914532251436
2022-02-25T12:00:00.000Z,0.021143130594006382,1.0355071540448766,0.000134889635928512,0.0007326370605248072,0.00069049655409259,236145503.2642,98201506.82950002,3104458.0172,0.034816657490784,0.034816657490784,0.0356420436808051,1.0356420436808051,-0.0005874826011441625,1.000188280614582,361.49628213810405,6.380239758563482,0.000035789199999999925,0.000022348842371711122
2022-02-25T13:00:00.000Z,0.021143130594006382,1.0444537329977333,0.00014223278514057775,0.0007692254235057192,0.0007373477734413658,238188845.55830002,103109752.21300001,4908245.3835,0.04371638522429189,0.04371638522429189,0.04459596578287383,1.0445959657828738,-0.0009073988854961801,1.0004214740887736,367.65525034902447,6.495099298287082,0.00003578919999999977,0.00003503109951430402
2022-02-25T14:00:00.000Z,0.021143130594006382,1.0476385216448654,0.00014787845165985632,0.0007984550763425537,0.0007624938951367177,245513167.24780002,107139130.65100001,4029378.438,0.046876027749728655,0.046876027749728655,0.04778640009652523,1.0477864000965251,-0.001040594389018601,1.0004209187199833,369.8848304950591,6.533975361893556,0.00003470420000000018,0.00002790051312272898
2022-02-25T15:00:00.000Z,0.021143130594006382,1.0455888251894014,0.00015212942412416364,0.0008232228203291779,0.0007857530385879663,245950808.43490002,110566215.3357,3427084.6847,0.04480307215081347,0.04480307215081347,0.0457409546135256,1.0457409546135257,-0.0009636647337736282,1.0001595871387412,368.5177019721408,6.511150237166984,0.000034631299999999975,0.000023687842300921233
2022-02-25T16:00:00.000Z,0.021143130594006382,1.0471952561868227,0.00015741708135571248,0.0009215321086530865,0.0008923153711606346,246314150.88509998,124168358.17130001,13602142.8356,0.04630294081566211,0.04630294081566211,0.047352673268178457,1.0473526732681784,-0.0010118325265083827,1.000509082470356,369.4474141856845,6.534205931519556,0.00003437459999999994,0.00009387866160928228
2022-02-25T17:00:00.000Z,0.021143130594006382,1.0471893184345993,0.00016169657961531965,0.000977809906284014,0.000942285764880646,246471724.1927,131960019.63650002,7791661.4652,0.046247032669718635,0.046247032669718635,0.0473510150142146,1.0473510150142147,-0.0010024656220116723,1.000664707579824,369.35048217613604,6.515728294074804,0.000034295499999999936,0.00005374176098384398
2022-02-25T18:00:00.000Z,0.021143130594006382,1.0451525045499213,0.0001656466293982346,0.0010153115150762382,0.0009818621791501947,245992417.0497,137152119.3826,5192099.7461,0.04417064237077106,0.04417064237077106,0.04531815117931949,1.0453181511793195,-0.000883022425098523,1.0014343008674715,367.6031880122024,6.483538327022958,0.00003464260000000007,0.00003588147014542603
2022-02-25T19:00:00.000Z,0.021143130594006382,1.040513358451557,0.0001690901102817524,0.0011374818792033866,0.001107400776330758,244912484.58659998,154067439.1351,16915319.7525,0.039405957675226144,0.039405957675226144,0.040682448561838655,1.0406824485618387,-0.0007289448433045465,1.0007058339439523,364.52116250396995,6.435214264191079,0.00003438249999999999,0.0001174135472423497
2022-02-25T20:00:00.000Z,0.021143130594006382,1.041311760304297,0.00017401482105297404,0.0011782546749315322,0.0011685497798550326,245100409.691,159712710.5376,5645271.4025,0.04014321052444192,0.04014321052444192,0.04148577512534993,1.04148577512535,-0.0007475806248449235,1.0009296262153728,364.95684025239024,6.443326349744976,0.00003458480000000007,0.000039155223756455415
2022-02-25T21:00:00.000Z,0.021143130594006382,1.0466292341819288,0.00018015673053266873,0.0012242981465413702,0.0011919201288081993,246363936.0386,166088051.3292,6375340.7916,0.04543731405312057,0.04543731405312057,0.04680939091246144,1.0468093909124614,-0.0009140940578312717,1.0019136513642306,368.3192984014582,6.498326986097961,0.000033891399999999965,0.00004399215047458043
2022-02-25T22:00:00.000Z,0.021143130594006382,1.04598369897535,0.0001854895829437948,0.001276585605363917,0.001244457977318758,246218454.87389997,173328146.9646,7240095.6354,0.04473924099803117,0.04473924099803117,0.046169188558293724,1.0461691885582938,-0.0009872830299672009,0.9995631923719053,368.69252614692016,6.518328528182764,0.00003467140000000005,0.00004998878977810005
2022-02-25T23:00:00.000Z,0.021143130594006382,1.053702786268248,0.00019267402476377734,0.0013442564381161905,0.0013371098574370688,248018879.4984,182697707.2551,9369560.2905,0.05236567641081091,0.05236567641081091,0.05389546029301176,1.0538954602930117,-0.0013147987875116174,0.9999830904272676,373.93788574902555,6.604338624382675,0.00003392300000000018,0.00006422193554806683
2022-02-26T00:00:00.000Z,0.021143130594006382,1.054377848461395,0.00019763610544670584,0.001379609308603781,0.0013574937957947508,248205962.04290003,187593146.89270002,4895439.6376,0.05302035466560029,0.05302035466560029,0.05457548456684175,1.0545754845668418,-0.0013397568822682837,1.0001197826476802,374.3521132113661,6.608913839632455,0.00003455589999999983,0.00003352960305796997
2022-02-26T01:00:00.000Z,0.021143130594006382,1.0648961121270304,0.00020656108084092026,0.0014275392379832338,0.0014170571631870743,248471347.2078,194171647.8844,6578500.9917,0.06347905496384332,0.06347905496384332,0.06510267320787132,1.0651026732078712,-0.0018766224406528975,1.000484237927217,381.6861538788116,6.74118329322156,0.00003486659999999991,0.000045009019396257084
2022-02-26T02:00:00.000Z,0.021143130594006382,1.0650412215763507,0.00021077809619327,0.001483892446818051,0.0014753825875313265,248510489.42530003,201906429.28210002,7734781.3977,0.0635658389888194,0.0635658389888194,0.065251999672544,1.065251999672544,-0.0018374733296091517,1.0012103411719964,381.4715968671108,6.716673663987579,0.00003498330000000004,0.000052911764032570164
2022-02-26T03:00:00.000Z,0.021143130594006382,1.0630840338378469,0.00021406726609176518,0.0015386557049180771,0.0015313627509281336,248059531.31379998,209423154.45630002,7516725.1742,0.06155267108691875,0.06155267108691875,0.06329810110393866,1.0632981011039386,-0.0017946871524423536,1.0000265344734542,380.47869727667745,6.664407284963676,0.0000349832000000001,0.00005151357308651463
2022-02-26T04:00:00.000Z,0.021143130594006382,1.0616254778852285,0.00021796067013623324,0.0015680327613184738,0.0015543121972232399,248087423.72460002,213461400.60230002,4038246.146,0.0600711656880053,0.0600711656880053,0.061843438555364776,1.0618434385553648,-0.0017465016591722282,0.9994416600927021,379.6394799258437,6.633007499349878,0.0000349536999999999,0.000027671771285838355
2022-02-26T05:00:00.000Z,0.021143130594006382,1.0628704166070642,0.00022354151417325948,0.0015910762407188956,0.0015804840950193189,247979865.15350002,216623934.68050003,3162534.0782,0.06128993251204484,0.06128993251204484,0.06309395812123741,1.0630939581212375,-0.001770002628004086,1.0001933848417615,380.2269412327841,6.6545548465823074,0.00003463299999999991,0.00002168042122940931
2022-02-26T06:00:00.000Z,0.021143130594006382,1.0574579014142884,0.0002254386882063669,0.001622529698431225,0.0016008905448772204,246721550.7162,220940750.09950003,4316815.419,0.055857010869411194,0.055857010869411194,0.05768334010249478,1.0576833401024948,-0.0014687033727152077,1.0003719460324905,376.2768386552184,6.566684800828667,0.000034924499999999845,0.000029744406968086308
2022-02-26T07:00:00.000Z,0.021143130594006382,1.0566343105512563,0.00023041631793009674,0.001642808525332618,0.0016245390233493584,246530508.89139998,223723920.88570002,2783170.7862,0.05500977152790698,0.05500977152790698,0.056864726869186435,1.0568647268691864,-0.0014700216757588258,0.9995448765518893,375.98406716411404,6.570123839591362,0.00003498280000000003,0.00001919190593414238
