query_ts,assumedLPToken,equityValue,totalDexYield,totalTradingfee,newTotalTradingFee,liquidity,totalVolume,volume,priceImpact,priceEffect,totalReturn,totalEquityVal,impermanentLoss,tokenPrice,quoteTokenPrice,rewardPrice,rewardTokenPerLP,feePerDollar
2021-09-26T09:00:00.000Z,0.023719313246987745,1,0.000015991046160818433,0.00005440639772182266,-7.58726415028832e-13,243834595.29709998,7803624.5682,7803624.5682,7.58726415028832e-13,7.58726415028832e-13,0.000015991046160818433,1.0000159910461608,0,0.9996099212907326,324.51173758900035,17.181113288653094,0.0000392395,0.000054406396884641654
2021-09-26T10:00:00.000Z,0.023719313246987745,1.0314197763997588,0.00003431535050678893,0.00011331411388350447,0.00006456829770584704,252787290.908,16296271.1478,8492646.5796,0.031355208102052945,0.031355208102052945,0.03145409175026558,1.0314540917502655,-0.00044283315766469045,1.0007181372137905,344.79878651328426,18.55114829111848,0.0000387463,0.0000571132319724666
2021-09-26T11:00:00.000Z,0.023719313246987745,1.024603800607761,0.000050609394376908324,0.00014282653494875218,0.00008997974417268573,251210303.27449998,20552621.6653,4256350.5175,0.02451382086358822,0.02451382086358822,0.024654410002137816,1.0246544100021377,-0.0002589227388078985,1.0010699222130195,340.1200214701543,18.250016156528492,0.000038928,0.000028803738482984808
2021-09-26T12:00:00.000Z,0.023719313246987745,1.026641581811525,0.00006779700415972232,0.00015624934886964301,0.00010373125641294223,251712416.9749,22488510.7644,1935889.0991,0.026537850555112152,0.026537850555112152,0.026709378815684817,1.026709378815685,-0.00035832150834558263,0.9990279614470221,342.16316833726216,18.41808105671012,0.0000382763,0.000013074489959699403
2021-09-26T13:00:00.000Z,0.023719313246987745,1.0325771955128256,0.00008641101148495087,0.00017377124437248793,0.0001234013477693363,253192073.4098,25015827.8044,2527317.04,0.03245379416505623,0.03245379416505623,0.032663606524310516,1.0326636065243104,-0.00047673364809353025,1.0006639576769458,345.5524364708365,18.767620989594015,0.00003892430000000002,0.00001696908955378736
2021-09-26T14:00:00.000Z,0.023719313246987745,1.0311725076730427,0.00010302234136087666,0.00018666633915260316,0.00013376318950708566,253100763.9658,26877648.0114,1861820.207,0.031038744483535607,0.031038744483535607,0.03127553001440357,1.0312755300144036,-0.0004488664360484673,1.000208854752548,344.7626767115473,18.638571516557988,0.000038918199999999996,0.000012505273798097584
2021-09-26T15:00:00.000Z,0.023719313246987745,1.0362892311666787,0.0001228615168489667,0.0002059333167135181,0.00015682881364442736,254421828.30200002,29660166.3968,2782518.3854,0.036132402353034276,0.036132402353034276,0.03641209268352767,1.0364120926835276,-0.0005707123763248889,1.0013126279737696,347.7937595415282,19.06122999770573,0.00003871320000000003,0.000018592277583844464
2021-09-26T16:00:00.000Z,0.023719313246987745,1.0386990967961691,0.0001415345942261382,0.0002237619930700369,0.00017238694416432665,254352635.91219997,32228294.5235,2568128.1267,0.03852670985200479,0.03852670985200479,0.03884063139039526,1.0388406313903953,-0.0006443161915397067,1.0015068956857245,349.3352133150597,19.20377782859486,0.0000389775,0.00001716442921746263
2021-09-26T17:00:00.000Z,0.023719313246987745,1.0344692624572465,0.00015738588142461728,0.00024571562640733093,0.00019499811598655548,253338576.05949998,35390872.2338,3162577.7103,0.03427426434125991,0.03427426434125991,0.03462664833867108,1.034626648338671,-0.0005393820107256753,1.000458009550322,346.8434831810493,19.002884258334333,0.00003845249999999999,0.000021222121759487917
2021-09-26T18:00:00.000Z,0.023719313246987745,1.0349706384329962,0.0001746557014003523,0.000258959914545137,0.0002084800109094509,253465076.79779997,37298834.7433,1907962.5095,0.03476215842208674,0.03476215842208674,0.03514529413439654,1.0351452941343966,-0.000548917604747623,1.0006404746462343,347.10748454761796,18.972188513459354,0.00003894169999999999,0.000012796777793326962
2021-09-26T19:00:00.000Z,0.023719313246987745,1.0360592506077249,0.0001928867927967951,0.00026654591781311027,0.0002149226314636099,253736838.473,38391690.8755,1092856.1322,0.03584432797626125,0.03584432797626125,0.036252137400521654,1.0362521374005216,-0.0006108350913249794,0.9998654260068329,348.10350892420917,19.046381522888534,0.000038843199999999974,0.000007321977509929814
2021-09-26T20:00:00.000Z,0.023719313246987745,1.0381769328490125,0.00021023042997325904,0.00027653744606913403,0.00022857309990742536,254260101.5665,39831118.6947,1439427.8192,0.03794835974910504,0.03794835974910504,0.038387163278985725,1.0383871632789858,-0.000669009661868003,1.0002667671262624,349.3788585250855,19.017250334575692,0.00003910349999999999,0.0000096241104190702
2021-09-26T21:00:00.000Z,0.023719313246987745,1.0411939230417513,0.00022887301276392193,0.000287170633930978,0.00023806391512293246,255001198.0896,41363000.0622,1531881.3675,0.04095585912662836,0.04095585912662836,0.04142279605451521,1.0414227960545153,-0.0007905405282939704,0.9999733177055664,351.50959471036555,19.128207020485476,0.0000383859,0.00001021249446771211
2021-09-26T22:00:00.000Z,0.023719313246987745,1.0383736616371675,0.0002451094495825681,0.00029627827383850935,0.000245738101015025,254316324.2694,42675132.100200005,1312132.038,0.038127923536152464,0.038127923536152464,0.038618771086750055,1.03861877108675,-0.0006555280796747276,1.0008107877069268,349.30977218098076,19.01948070573841,0.0000388744,0.000008771062852564177
2021-09-26T23:00:00.000Z,0.023719313246987745,1.0304523202640838,0.0002578455996400921,0.0003113043828786737,0.0002613758582772352,252384949.0375,44840008.9104,2164876.8102,0.030190944405806608,0.030190944405806608,0.030710165863723934,1.0307101658637239,-0.00039168253978272283,1.0013617106832935,343.799659843593,18.66346720267936,0.000039134399999999894,0.000014582052501051373
2021-09-27T00:00:00.000Z,0.023719313246987745,1.0302264934336376,0.00027447431135794407,0.00032575972934031314,0.0002739353230689634,252319735.83810002,46922571.804800004,2082562.8944,0.029952558110568628,0.029952558110568628,0.030500967744995534,1.0305009677449954,-0.00040030601867013793,1.0008231156096672,343.82549859358005,18.625015043246723,0.000038843400000000123,0.000014031232668821658
2021-09-27T01:00:00.000Z,0.023719313246987745,1.03731002306483,0.0002969094411008729,0.000345439783485287,0.00029591827741781707,254056819.1323,49757875.8667,2835304.0619,0.03701410478741218,0.03701410478741218,0.037606932505930876,1.037606932505931,-0.0006343673400975858,1.000326708421145,348.72929363840717,18.964717483520946,0.00003874569999999987,0.000018972200477405717
2021-09-27T02:00:00.000Z,0.023719313246987745,1.0483740023154104,0.0003231264576940573,0.0003659573808126,0.00032169383055014045,256777298.03910002,52713968.0158,2956092.1491,0.04805230848486031,0.04805230848486031,0.0486971287731045,1.0486971287731046,-0.001078062460835083,1.000088381819859,356.2775880518994,19.495864474268927,0.000038711800000000025,0.000019570875976367574
2021-09-27T03:00:00.000Z,0.023719313246987745,1.0451833356274676,0.0003374024565584468,0.0003798092439030903,0.0003327371067285423,255997108.1776,54709698.4084,1995730.3926,0.04485059852073903,0.04485059852073903,0.04552073808402601,1.0455207380840261,-0.0009298176946904713,1.0003436043824088,354.0137737119569,19.339062009453478,0.000036787699999999966,0.000013253046847178673
2021-09-27T04:00:00.000Z,0.023719313246987745,1.042525992809333,0.00035276390104609074,0.0003903357588974686,0.00034262708224641614,255359117.54569998,56226400.189899996,1516701.7815,0.042183365727086475,0.042183365727086475,0.04287875671037898,1.042878756710379,-0.0007954051876747359,1.001030088311516,351.9671330148423,19.20784064098162,0.00003874220000000001,0.00001009712538691148
2021-09-27T05:00:00.000Z,0.023719313246987745,1.0424339069328894,0.000372259916957379,0.00040009217183286294,0.0003515428107954133,255338229.30840003,57632151.7217,1405751.5318,0.042082364122093985,0.042082364122093985,0.042806166849846776,1.0428061668498467,-0.0008030649077331864,1.0007411377416557,352.00052169723034,19.298106551751204,0.00003897040000000006,0.000009359262851210591
2021-09-27T06:00:00.000Z,0.023719313246987745,1.0452641227805828,0.0003970108335129434,0.00041013893050978234,0.00036210050069773736,256037560.3263,59079771.9722,1447620.2505,0.044902022279885045,0.044902022279885045,0.045661133614095725,1.0456611336140957,-0.0009345635714153033,1.000282759198032,354.070157183045,19.651372950760106,0.00003848049999999999,0.000009611692998143337
2021-09-27T07:00:00.000Z,0.023719313246987745,1.0414026665705158,0.00041046177987776424,0.00042534605348899107,0.0003779329565525291,255104627.87539998,61271051.5397,2191279.5675,0.041024733613963305,0.041024733613963305,0.0418131283503936,1.0418131283503935,-0.0007849832480729679,1.0001796411722201,351.48359002489957,19.42973190763528,0.00003890269999999998,0.00001460253894950693
2021-09-27T08:00:00.000Z,0.023719313246987745,1.039370820216442,0.00042731040628572015,0.0004426970039012649,0.00039263528580657514,255071366.4633,63775808.199200004,2504756.6595,0.03897818493063543,0.03897818493063543,0.039798130622727725,1.0397981306227277,-0.0006894180031261632,1.0007044563876135,349.9193764577121,19.392405122306663,0.000038343800000000024,0.00001669370568790464
2021-09-27T09:00:00.000Z,0.023719313246987745,1.0423117807336009,0.00044474647073088427,0.0004541963902477816,0.0004062639572481874,255759796.53910002,65435625.9253,1659817.7261,0.04190551677635268,0.04190551677635268,0.042756527204331755,1.0427565272043318,-0.0007785927393996195,1.001187816720133,351.72406743071383,19.384840527430928,0.000038283899999999994,0.000011032578898453363
2021-09-27T10:00:00.000Z,0.023719313246987745,1.0363717230861353,0.0004587997898677485,0.0004739692699251476,0.00042271551610117974,254528855.8683,68292180.11850001,2856554.1932,0.035949007570034164,0.035949007570034164,0.036830522876003094,1.036830522876003,-0.0005850159056246529,1.0007139532912028,347.8786450042388,19.22361309765108,0.000038933099999999975,0.000019078945339512694
2021-09-27T11:00:00.000Z,0.023719313246987745,1.0391155569782138,0.00047789581125024926,0.0004862320054421668,0.00043630123613813687,255590761.1537,70066450.112,1774269.9935,0.03867925574207565,0.03867925574207565,0.03959345278946403,1.0395934527894641,-0.0006950086177565096,1.000266103872005,349.87131060484137,19.287893174860162,0.000038386999999999956,0.000011801126829995888
2021-09-27T12:00:00.000Z,0.023719313246987745,1.0382433687241526,0.0004938582504120448,0.0004962448336414864,0.0004458730919105758,255378150.83160004,71515196.5539,1448746.4419,0.037797495632241995,0.037797495632241995,0.038737226974564616,1.0387372269745647,-0.0006619276770831739,1.0003157073458808,349.26021428807877,19.2290883156985,0.00003819210000000021,0.000009644008084521101
2021-09-27T13:00:00.000Z,0.023719313246987745,1.0354729921473014,0.0005064339175814477,0.0005117683936067919,0.0004602826546926675,254700525.1514,73761319.36050001,2246122.8066,0.03501270949260871,0.03501270949260871,0.03597942606488282,1.035979426064883,-0.0005896938291534148,0.9996729497962286,347.61170562025427,19.035889993138007,0.00003884130000000005,0.000014991758532693433
2021-09-27T14:00:00.000Z,0.023719313246987745,1.0347803335037529,0.0005218614074941841,0.0005289389206909212,0.00047787756057604547,254606151.59090003,76246485.54630001,2485166.1858,0.034302455943176824,0.034302455943176824,0.03530219491124705,1.035302194911247,-0.0005664393564295267,0.9996709327712131,347.1354887260667,18.957824727607793,0.000038927399999999786,0.000016593403142310406
2021-09-27T15:00:00.000Z,0.023719313246987745,1.030839228828898,0.0005336776206964877,0.000551287352509486,0.0004976445230098214,253878670.872,79484161.84210001,3237676.2958,0.03034158430588807,0.03034158430588807,0.03137290644959438,1.0313729064495945,-0.0004231219012060805,1.0004049097243437,344.2291224311693,18.757966356855242,0.000038922900000000095,0.000021679842910612287
2021-09-27T16:00:00.000Z,0.023719313246987745,1.0318746972371313,0.000552777125729816,0.0005851876211919507,0.0005322377702197123,254271199.7797,84398040.50840001,4913878.6663,0.03134245946691161,0.03134245946691161,0.032427474362861135,1.0324274743628612,-0.00046710414232575825,0.999900390908608,345.0722414654832,18.81893339657464,0.00003890240000000015,0.000032853086546756116
2021-09-27T17:00:00.000Z,0.023719313246987745,1.0261119533490506,0.0005635929523226021,0.0006001722285497267,0.0005445021492886948,252851812.8224,86570080.12750001,2172039.6191,0.025567451199761893,0.025567451199761893,0.026675546301373188,1.0266755463013733,-0.00031053963023341957,0.9999312307689828,341.20806900642486,18.604163338655024,0.00003880630000000005,0.000014603286056183204
2021-09-27T18:00:00.000Z,0.023719313246987745,1.026476354055054,0.0005822605800625927,0.0006153625013288048,0.0005608882124217285,252952395.88050002,88772025.3815,2201945.254,0.02591546584263238,0.02591546584263238,0.0270586146351167,1.0270586146351166,-0.0003096292330819761,1.0003071282512948,341.3113715380081,18.6545680121904,0.00003873829999999999,0.000014798464030237596
2021-09-27T19:00:00.000Z,0.023719313246987745,1.024554794832009,0.0005987017808119957,0.0006250452586807733,0.0005691628626882661,252506843.02089998,90175769.99350001,1403744.612,0.023985631969320798,0.023985631969320798,0.02515349661282106,1.025153496612821,-0.00027284731472021484,0.9999495778556186,340.1500915301982,18.630627442667873,0.00003889620000000004,0.000009450697699319303
2021-09-27T20:00:00.000Z,0.023719313246987745,1.0261276894079714,0.0006159661662764327,0.0006346482574700174,0.0005793248658434447,252896797.91960004,91567964.28520001,1392194.2917,0.025548364542127944,0.025548364542127944,0.02674365557424782,1.0267436555742477,-0.00029505804115359524,1.0005421593492418,340.98703574389964,18.642030661444675,0.00003821540000000002,0.000009358482651260857
2021-09-27T21:00:00.000Z,0.023719313246987745,1.0212658711213898,0.0006283440385162118,0.0006497371230691707,0.0005918477185984372,251698780.7504,93755473.77930002,2187509.4941,0.02067402340279134,0.02067402340279134,0.02189421515990599,1.021894215159906,-0.00019157045067541567,1.00049763735704,337.76840591825095,18.50385306140712,0.0000386046000000001,0.000014774668867616632
2021-09-27T22:00:00.000Z,0.023719313246987745,1.0252507282303582,0.0006520452616181902,0.0006644532278009909,0.0006091070592921799,252685880.3023,95888984.69520003,2133510.9159,0.024641621171066053,0.024641621171066053,0.025902773491976422,1.0259027734919763,-0.0002791833498630991,1.0003202766094044,340.4598329734036,18.69805138231452,0.0000385717000000001,0.000014353665320321368
2021-09-27T23:00:00.000Z,0.023719313246987745,1.0278601646842578,0.0006721907133510681,0.0006754617144966853,0.0006213646281709728,253333145.0468,97484998.63930002,1596013.9441,0.02723880005608681,0.02723880005608681,0.02853235539760885,1.028532355397609,-0.0003443159015039665,1.0002387389837797,342.21585510857034,18.786598919276766,0.00003827959999999995,0.000010710101532386405
2021-09-28T00:00:00.000Z,0.023719313246987745,1.0189536166163287,0.0006760442902771621,0.0006879633841437667,0.0006283272940785789,251162720.54829997,99297673.34140001,1812674.7021,0.018325289322250082,0.018325289322250082,0.019629660906605822,1.0196296609066058,-0.00015001362983779742,1.0004469720224671,336.23270319762685,18.419411508569723,0.000038891799999999965,0.000012269125715961503
2021-09-28T01:00:00.000Z,0.023719313246987745,1.0205510347776396,0.0006927133427943521,0.0007060186202646268,0.0006472565019355336,251598655.5078,101916024.14220001,2618350.8008,0.01990377827570411,0.01990377827570411,0.021243748120433996,1.021243748120434,-0.00017797512776807078,1.0004501910840156,337.2748032092352,18.417305361909552,0.00003833469999999988,0.00001769165400497144
2021-09-28T02:00:00.000Z,0.023719313246987745,1.0210592051008585,0.0007089627921723591,0.0007189966662270293,0.0006607002530862882,251731342.86759996,103798141.5673,1882117.4251,0.02039850484777217,0.02039850484777217,0.021768167893030817,1.0217681678930308,-0.0001874015032510279,1.0004418432094553,337.6049045821229,18.412131050345145,0.00003765329999999989,0.000012710374426250345
2021-09-28T03:00:00.000Z,0.023719313246987745,1.0221051376304329,0.0007286985027019976,0.0007311482269509286,0.000675694756065992,252281017.744,105562440.4573,1764298.89,0.021429442874366877,0.021429442874366877,0.022833836133134867,1.0228338361331348,-0.00020827776505050188,1.000401523089317,338.3010674484984,18.48571834605088,0.00003854829999999997,0.000011888758574945667
2021-09-28T04:00:00.000Z,0.023719313246987745,1.023715790018149,0.0007483098104494834,0.0007395902863252303,0.000682964462751734,252686487.2558,106788190.90200001,1225750.4447,0.023032825555397318,0.023032825555397318,0.024464099828598537,1.0244640998285985,-0.00025088570938391896,0.9999788225230029,339.50744554786894,18.563494930541953,0.000037576399999999914,0.000008246486698279789
2021-09-28T05:00:00.000Z,0.023719313246987745,1.024465913097971,0.0007646314457247681,0.0007488604628267866,0.0006927090608119801,251408080.7049,108126390.32470001,1338199.4227,0.02377320403715899,0.02377320403715899,0.02523054454369574,1.0252305445436958,-0.0002820457415563249,0.9993516752771032,340.2124006210218,18.551548513085333,0.00003818649999999993,0.000009048790365892407
2021-09-28T06:00:00.000Z,0.023719313246987745,1.022780828150913,0.000778513922448003,0.0007589125725807745,0.000701909293267633,250976957.3792,109577363.96400002,1450973.6393,0.022078918857645347,0.022078918857645347,0.02355934207336098,1.023559342073361,-0.0002383887204820967,0.9996112264672088,338.999224153496,18.478792166748942,0.00003851490000000004,0.000009828213763397972
2021-09-28T07:00:00.000Z,0.023719313246987745,1.0207729861379575,0.0007894313793733232,0.0007704152891188711,0.0007119265033848077,251929797.5858,111247307.96210001,1669943.9981,0.02006105963457272,0.02006105963457272,0.021562417517330852,1.0215624175173308,-0.00018676022913965973,1.0001441619775375,337.48206770693577,18.33757043128976,0.000038779099999999935,0.000011268634452830658
