query_ts,assumedLPToken,equityValue,totalDexYield,totalTradingfee,newTotalTradingFee,liquidity,totalVolume,volume,priceImpact,priceEffect,totalReturn,totalEquityVal,impermanentLoss,tokenPrice,quoteTokenPrice,rewardPrice,rewardTokenPerLP,feePerDollar
2022-03-30T09:00:00.000Z,0.018330053339807563,1,0.000004183101425026729,0.000010448196391882334,1.176836406102666e-13,336226060.7945,2066444.6065,2066444.6065,-1.176836406102666e-13,-1.176836406102666e-13,0.000004183101425026729,1.000004183101425,-1.1102230246251565e-16,0.9997208269878957,436.79934383754244,8.647462615208669,0.000026390399999999997,0.000010448196141455864
2022-03-30T10:00:00.000Z,0.018330053339807563,1.0003135541728807,0.000007758166668112987,0.000021587734574544853,0.00001094575119520158,336429747.7936,4270266.4677,2203821.8612,0.00030260842168550184,0.00030260842168550184,0.0003213123395488164,1.000321312339549,-7.200010243568755e-8,1.0004029054019872,436.76575047458766,8.57238093709389,0.0000229831,0.000011136046050061184
2022-03-30T11:00:00.000Z,0.018330053339807563,1.0019860270956518,0.000011409025693399221,0.00003420063327963443,0.000023763006268273656,336937023.38449997,6765165.9372000005,2494899.4695,0.001962264089383492,0.001962264089383492,0.001997436121345165,1.001997436121345,-8.731168906761511e-7,1.000359742194907,438.235183746243,8.621087807276256,0.000022824100000000004,0.000012587898639176717
2022-03-30T12:00:00.000Z,0.018330053339807563,1.0025310936750282,0.000015454574822014977,0.00004825202141367742,0.000039049824716697046,337481230.1114,9547582.0175,2782416.0803,0.0024920438503115427,0.0024920438503115427,0.0025465482498502547,1.0025465482498503,-0.000004092799618549137,0.9993488904296146,439.1424814763446,8.66905125150046,0.000025059600000000003,0.000014015912336661294
2022-03-30T13:00:00.000Z,0.018330053339807563,1.0023526479295775,0.000019856155695561584,0.00006198404686138628,0.000052122925215725147,337212873.0304,12265080.3007,2717498.2832,0.002300525004361731,0.002300525004361731,0.0023725040852730175,1.0023725040852731,-0.0000018603736778866065,1.0000897495066696,438.64951831025616,8.654264166931089,0.000027913100000000006,0.000013699794553879697
2022-03-30T14:00:00.000Z,0.018330053339807563,0.9987365914557749,0.00002397990729072288,0.00007807905997430575,0.00006832567956138735,335923243.1392,15449508.920899998,3184428.6202,-0.0013317342237865182,-0.0013317342237865182,-0.0012394286369344079,0.9987605713630656,-0.000002087562399721854,1.0004315733333007,435.32722360255565,8.550706334185575,0.000027826299999999995,0.000016115373868597533
2022-03-30T15:00:00.000Z,0.018330053339807563,1.0000609342003883,0.000028439007109969426,0.00009615670298060815,0.00008560775070531879,336168407.9222,19024075.0614,3574566.1405,-0.000024673550316989257,-0.000024673550316989257,0.00008937320749829895,1.0000893732074982,-9.219800001236678e-8,1.0001255356062078,436.60104377461795,8.583861999769866,0.000027749100000000002,0.000018076542279536137
2022-03-30T16:00:00.000Z,0.018330053339807563,1.0014073217321244,0.000032549548596883656,0.00011447776542925254,0.0001051882793177139,337106641.7447,22652000.0425,3627924.9811,0.0013021334528067197,0.0013021334528067197,0.0014398712807213172,1.0014398712807213,-6.116903588093692e-7,0.9999160122475699,437.85214037984593,8.517669818708601,0.00002773240000000001,0.000018295315796657586
2022-03-30T17:00:00.000Z,0.018330053339807563,1.011417285038098,0.000038030454617442934,0.00014065686675451242,0.0001317089467536281,340409820.66840005,27834956.154200003,5182956.1117,0.011285576091344396,0.011285576091344396,0.011455315492715466,1.0114553154927155,-0.00005990516724785344,0.9999970931575308,446.59062857605187,8.791957864500114,0.000027505700000000007,0.000025883581656338267
2022-03-30T18:00:00.000Z,0.018330053339807563,1.012131484075452,0.00004265550978698899,0.00015381718517057402,0.00014468129157796383,340090450.2681,30436163.6704,2601207.5162,0.011986802783874095,0.011986802783874095,0.012174139585239049,1.012174139585239,-0.00006796692518196146,0.9999769208346158,447.21919778447517,8.826346986838988,0.00002766779999999999,0.000013002578502436656
2022-03-30T19:00:00.000Z,0.018330053339807563,1.0109801496510995,0.00004687431967779578,0.00016378490320628132,0.00015450373521863625,339540733.8488,32405392.1712,1969228.5008,0.010825645915880866,0.010825645915880866,0.011027023970777297,1.0110270239707773,-0.000055096836189538756,0.9999906977793709,446.18735787068124,8.776304012946161,0.000027728299999999993,0.000009859460493628874
2022-03-30T20:00:00.000Z,0.018330053339807563,1.0083194579146126,0.0000509158125387499,0.00017563556130727767,0.00016599834772446087,338670811.3336,34746778.8671,2341386.6959,0.008153459566888177,0.008153459566888177,0.008370373727151388,1.0083703737271514,-0.000031397303505542595,0.9999167826723637,443.86423134858455,8.707866160769559,0.000027610199999999995,0.000011752879934814458
2022-03-30T21:00:00.000Z,0.018330053339807563,1.0101089459697745,0.00005559418921525753,0.00018256457075845034,0.0001732323088063925,339287538.7944,36115837.0666,1369058.1995,0.009935713660968126,0.009935713660968126,0.010164540158989776,1.0101645401589898,-0.000045307465605048947,1.0000881036412637,445.35867486723805,8.741793287578925,0.000027958500000000017,0.000006859665248597141
2022-03-30T22:00:00.000Z,0.018330053339807563,1.0065980002778698,0.00005950719077456288,0.00019344483766864262,0.00018368433481907864,338072852.9396,38265373.761300005,2149536.6947,0.006414315943050752,0.006414315943050752,0.006657507468644394,1.0066575074686444,-0.00002211343739744187,0.9994643730774913,442.5343746223242,8.68620542493358,0.000026796599999999987,0.000010808949459313316
2022-03-30T23:00:00.000Z,0.018330053339807563,1.0065570073205135,0.00006376398449630613,0.00019923143204442778,0.00018928151632047197,338068394.4773,39408621.2756,1143247.5143,0.006367725804192981,0.006367725804192981,0.006620771305009759,1.0066207713050097,-0.000020926642810059626,0.9995989380079537,442.4338349219433,8.677826833189291,0.00002712219999999993,0.000005748898169895322
2022-03-31T00:00:00.000Z,0.018330053339807563,1.0074012975839124,0.00006866664628118784,0.00020555357742164744,0.0001963989312352421,338508754.9285,40658255.785000004,1249634.5094,0.00720489865267715,0.00720489865267715,0.007469964230193579,1.0074699642301936,-0.000022522143249603666,1.0001883060853096,442.9090997806871,8.759768240393889,0.000026783600000000063,0.000006275697851385594
2022-03-31T01:00:00.000Z,0.018330053339807563,1.01334069637826,0.000073811976768939,0.00022224421828582263,0.00021473126391624575,340336832.2477,43955700.9375,3297445.1525,0.01312596511434383,0.01312596511434383,0.013414508355029013,1.013414508355029,-0.0000813942007091839,1.000002065599387,448.21533565460675,8.841423845068581,0.0000277992,0.00001647090831229855
2022-03-31T02:00:00.000Z,0.018330053339807563,1.0166742925168941,0.0000796656020995584,0.00023183130176589683,0.0002241470420998315,341418755.3541,45849540.1558,1893839.2183,0.016450145474794287,0.016450145474794287,0.016753958118993675,1.0167539581189937,-0.00012724088361459884,1.0000837686303077,451.1245927985827,8.99185044637918,0.000027895700000000045,0.000009429847132360644
2022-03-31T03:00:00.000Z,0.018330053339807563,1.0113374634096068,0.00008385424575929663,0.0002499104313395251,0.00024153400854665108,339219053.81799996,49416619.2082,3567079.0524,0.01109592940106019,0.01109592940106019,0.011421317655366137,1.0114213176553661,-0.00005549700300466753,1.0002200204959282,446.323647697915,8.946370706062611,0.000027999599999999995,0.000017876455702672632
2022-03-31T04:00:00.000Z,0.018330053339807563,1.0102729071182768,0.00008791916826530268,0.00026021788224984304,0.0002511182038231752,339077811.3977,51451612.8247,2034993.6165,0.0100217889144536,0.0100217889144536,0.010360826286542078,1.010360826286542,-0.00004912745398388818,0.999780151703091,445.57179516949293,8.893392051445565,0.00002798180000000004,0.000010202640903542961
2022-03-31T05:00:00.000Z,0.018330053339807563,1.0068408333198091,0.00009218310440641425,0.00027275320450318786,0.00026281506077485695,337905631.50119996,53926305.1904,2474692.3657,0.006578018259034257,0.006578018259034257,0.006933016424215528,1.0069330164242156,-0.000022406302905619846,0.999583068140644,442.62578505088004,8.864748040597554,0.000027983700000000015,0.00001245015362129311
2022-03-31T06:00:00.000Z,0.018330053339807563,1.0081716082322791,0.00009708784105495695,0.0002832553664051079,0.0002736985976437012,338355714.2402,55999637.172299996,2073331.9819,0.007897909634635436,0.007897909634635436,0.008268696073334095,1.008268696073334,-0.00003077957273289744,0.9997416415212045,443.71695521184967,8.897510627569533,0.000027984500000000003,0.00001041703810779394
2022-03-31T07:00:00.000Z,0.018330053339807563,1.0085730040533758,0.00010208910022061225,0.000294358821877771,0.00028481038881911225,338704049.64750004,58193059.44319999,2193422.2709,0.008288193664556687,0.008288193664556687,0.008675093153596412,1.0086750931535964,-0.000039565250003481545,0.999079567830503,444.35493074779845,8.93805126735745,0.00002782610000000002,0.000011009073745680624
2022-03-31T08:00:00.000Z,0.018330053339807563,1.0090415839045117,0.00010739768081851004,0.00030695361415617156,0.0002978520098761983,338917647.65870005,60681499.62319999,2488440.18,0.00874373189463551,0.00874373189463551,0.009148981585330217,1.0091489815853303,-0.00004091072523326744,0.999381031287598,444.6223740601959,9.002227796427636,0.000027728799999999984,0.000012481935759981681
2022-03-31T09:00:00.000Z,0.018330053339807563,1.012582020839398,0.00011324435080177954,0.0003195785502072894,0.0003115080655169411,341222168.00280005,63184075.69009999,2502576.0669,0.012270512773881137,0.012270512773881137,0.012695265190199858,1.0126952651902,-0.00007136605489366232,0.9999692190318279,447.4734347190332,9.103774486932092,0.000027776900000000012,0.000012468062490286647
2022-03-31T10:00:00.000Z,0.018330053339807563,1.011606877056193,0.00011850484374273498,0.00033724621224256166,0.00032882895792818445,341048504.6908,66687837.22929999,3503761.5392,0.011278048098264826,0.011278048098264826,0.011725381899935746,1.0117253818999357,-0.00006412299560942802,0.99961091155889,446.75650941884044,9.151022269856544,0.000027857399999999985,0.000017464948635503217
2022-03-31T11:00:00.000Z,0.018330053339807563,1.0125767434190769,0.00012524239326805494,0.00035303139063087304,0.00034494671863538606,341356263.1387,69818097.8265,3130260.5972,0.0122317967004415,0.0122317967004415,0.01270198581234494,1.012701985812345,-0.00007850468853065617,0.9993478453602831,447.7174149275497,9.307903440439837,0.000027582399999999938,0.00001558911785098195
2022-03-31T12:00:00.000Z,0.018330053339807563,1.0102807923901136,0.00012929309590573,0.00036906112859084415,0.00036067207210144225,340404733.87,72995198.72489999,3177100.8984,0.009920120318012149,0.009920120318012149,0.010410085486019321,1.0104100854860194,-0.00004370555601895809,1.0002424950790847,445.2761815807919,9.259097180179657,0.000027736400000000072,0.000015866616970557936
2022-03-31T13:00:00.000Z,0.018330053339807563,1.0135212159822797,0.00013723253510075916,0.0003847099607103927,0.0003770378369749583,341080238.464,76093022.6064,3097823.8815,0.013144178145304775,0.013144178145304775,0.013658448517380493,1.0136584485173805,-0.00008872222158839982,0.9994581579951524,448.4753796570287,9.481008541637614,0.000027854099999999937,0.00001544006367025524
2022-03-31T14:00:00.000Z,0.018330053339807563,1.00845738030401,0.0001383926423413896,0.0004068150977005603,0.0003982255444709981,338014553.4485,80451373.0248,4358350.4184,0.008059154759539,0.008059154759539,0.008595772946351388,1.0085957729463515,-0.000032941646905260136,0.9996307455389002,443.90818002473964,9.235431857429692,0.000027850500000000075,0.000021919753559986483
2022-03-31T15:00:00.000Z,0.018330053339807563,1.0014578352147039,0.00013918940702403515,0.000471857050211344,0.0004600522766520232,332451879.6185,93152456.5187,12701083.4939,0.000997782938051861,0.000997782938051861,0.0015970246217279194,1.0015970246217278,-5.5195212289582685e-8,1.0003858973822508,437.3804705345784,8.981452252011696,0.00002795740000000008,0.00006494726985573787
2022-03-31T16:00:00.000Z,0.018330053339807563,0.9974882731646216,0.00014190273087434725,0.0004932269321019453,0.00047897831447341055,331137709.1994,97325511.05240001,4173054.5337,-0.00299070514985178,-0.00299070514985178,-0.002369824104504022,0.997630175895496,-0.000008522002537980633,1.0008544198111344,433.69879947855344,8.861292039565045,0.000028169400000000015,0.000021423693255720735
2022-03-31T17:00:00.000Z,0.018330053339807563,0.9878302922019963,0.00013950064433105035,0.0005238110055315183,0.0005046387183939016,327946076.86350006,103298153.47340001,5972642.421,-0.01267434651639765,-0.01267434651639765,-0.012030207153672697,0.9879697928463274,-0.00008773882022361512,1.0002127410769632,425.58780728914553,8.440287777802311,0.000028050899999999976,0.00003096085860458747
2022-03-31T18:00:00.000Z,0.018330053339807563,0.9918145726818517,0.00014716911590866895,0.0005407005274744304,0.0005235251771185112,329302171.9494,106596775.32370001,3298621.8503,-0.00870895249526682,-0.00870895249526682,-0.00803825820223964,0.9919617417977603,-0.00003601485425319684,0.9994609954227353,429.3359299643355,8.633883740218797,0.000028236699999999976,0.000017028910293284256
2022-03-31T20:00:00.000Z,0.018330053339807563,0.9902770275786618,0.00015168612394310594,0.0005480463366764756,0.0005410064886419708,329742989.52419996,108035605.72810002,1438830.4044,-0.01026397890998021,-0.01026397890998021,-0.009571286297395133,0.9904287137026049,-0.00006010631722452864,1.0003682658769375,427.6018384517696,8.637155549605463,0.000028178699999999988,0.000007417933861185202
2022-03-31T21:00:00.000Z,0.018330053339807563,0.991721685691953,0.00015671647327725313,0.0005534657012646351,0.0005471514307558989,330230224.0806,109097121.54410002,1061515.816,-0.00882546573880294,-0.00882546573880294,-0.008121597834769788,0.9918784021652303,-0.000044329374245699604,1.0002722356267961,428.88689236854697,8.669877526203868,0.000028037400000000058,0.000005464602436751982
2022-03-31T22:00:00.000Z,0.018330053339807563,0.9927565717198356,0.00016222478893190183,0.0005580735045741799,0.0005524093939428543,330453083.1174,109999340.58570002,902219.0416,-0.007795837674107298,-0.007795837674107298,-0.007081203491232542,0.9929187965087675,-0.000030381664611445203,0.9996896344459264,430.02887423297767,8.72519795669003,0.00002818890000000004,0.0000046414224865170854
2022-03-31T23:00:00.000Z,0.018330053339807563,0.9941695388774302,0.00016888806118692455,0.0005640978489068091,0.0005598364986135751,330907761.2125,111178866.25240003,1179525.6667,-0.006390297621183372,-0.006390297621183372,-0.005661573061382872,0.9943384269386172,-0.000025717575544370597,1.000482008402497,430.90653567769937,8.83954817425186,0.000028002300000000052,0.000006059675439592723
2022-04-01T00:00:00.000Z,0.018330053339807563,0.991139173878388,0.00017210077005380738,0.0005747080994672633,0.0005700116944943323,329901360.9516,113256295.35270002,2077429.1003,-0.009430837816106319,-0.009430837816106319,-0.00868872535155818,0.9913112746484418,-0.00004566794666172047,0.9998023810367331,428.56446461062836,8.770498919556097,0.000028190199999999932,0.000010705107309418245
2022-04-01T01:00:00.000Z,0.018330053339807563,0.9919309935612453,0.00017768299626585489,0.0005918517584347051,0.000585708642966809,330145493.996,116612732.60690002,3356437.2542,-0.008654715081721553,-0.008654715081721553,-0.00789132344248889,0.9921086765575111,-0.00004167977451075,1.0001587196094757,429.0833692482034,8.82338585833036,0.00002809840000000001,0.000017283117400987857
2022-04-01T02:00:00.000Z,0.018330053339807563,0.9852285681664512,0.00017885325852460217,0.0006063601239635362,0.0005962493311763017,327523650.18700004,119449836.34150001,2837103.7346,-0.015367681164725089,-0.015367681164725089,-0.014592578575024185,0.9854074214249758,-0.00012017598358893267,0.9997378997757421,423.47008289547824,8.659027130569267,0.000028226200000000018,0.000014725887263610607
2022-04-01T03:00:00.000Z,0.018330053339807563,0.974948163539451,0.00017755802983467005,0.0006264550938211885,0.0004819044703289199,324150616.1106,123379937.81870002,3930101.4772,-0.025533740930877902,-0.025533740930877902,-0.02487427843071431,0.9751257215692857,-0.0003367210100214679,0.9998098247725747,414.7409608442633,8.386279589401111,0.000028222600000000068,0.000020611321340078488
2022-04-01T04:00:00.000Z,0.018330053339807563,0.9788808750116035,0.00018453664936858157,0.0006407331752239009,0.0006268627984765685,322919732.13769996,126150613.45070001,2770675.632,-0.02174598778687309,-0.02174598778687309,-0.020934588339027938,0.979065411660972,-0.0002368240800131316,0.9995006034298304,418.10073595022146,8.506401342844734,0.00002844579999999995,0.00001458612808582255
2022-04-01T05:00:00.000Z,0.018330053339807563,0.9815639081576352,0.00019036171230085423,0.0006535068504928446,0.0006414316340005444,323905422.0656,128630127.40630001,2479513.9556,-0.019077523476365377,-0.019077523476365377,-0.01824573013006398,0.981754269869936,-0.00019265835813997434,1.000090006401205,420.13706904642703,8.570025111110594,0.000028294899999999962,0.000013013594207960831
2022-04-01T06:00:00.000Z,0.018330053339807563,0.9811928988064941,0.0001939827580511409,0.0006652506370508486,0.0006528744332633396,323724717.1856,130909318.26740001,2279190.8611,-0.019459975626769266,-0.019459975626769266,-0.018613118435454785,0.9813868815645452,-0.00016753121489998524,0.998376282344635,420.53012591859766,8.53521690880003,0.000028086900000000065,0.00001196888670582597
2022-04-01T07:00:00.000Z,0.018330053339807563,0.9833663518431736,0.0001981303752200913,0.0006795932439073279,0.0006693754436332133,324452767.98200005,133692972.49800001,2783654.2306,-0.017303023600459655,-0.017303023600459655,-0.01643551778160635,0.9835644822183937,-0.0001606330709069681,1.0001914342859795,421.6157496470536,8.52939540441668,0.000027374999999999944,0.000014585211343558434
