query_ts,assumedLPToken,equityValue,totalDexYield,totalTradingfee,newTotalTradingFee,liquidity,totalVolume,volume,priceImpact,priceEffect,totalReturn,totalEquityVal,impermanentLoss,tokenPrice,quoteTokenPrice,rewardPrice,rewardTokenPerLP,feePerDollar
2021-11-02T09:00:00.000Z,0.018001716034293742,0.9999999999999999,0.000013834572737866787,0.000042941185417908086,-7.326361739501408e-13,262168075.13309997,6622239.9958,6622239.9958,7.325251516476783e-13,7.325251516476783e-13,0.000013834572737755764,1.0000138345727378,0,1.0005178818043472,540.653504918665,17.965003549691865,0.0000427784,0.00004294118567695371
2021-11-02T10:00:00.000Z,0.018001716034293742,1.0048820341969271,0.0000281884125932478,0.00007333628906613595,0.000030653654208068204,263596668.98819998,11312312.422899999,4690072.4271,0.004851380542719053,0.004851380542719053,0.004910222609520369,1.0049102226095203,-0.000010664616978961483,1.0007392925258995,545.7912799786487,18.337753864416257,0.0000426123,0.00003024743505551248
2021-11-02T11:00:00.000Z,0.018001716034293742,1.0034213674205859,0.00004221468918935123,0.000105932507538167,0.00006749881726153539,262750753.2747,16333181.769299999,5020869.3464,0.003353868603324317,0.003353868603324317,0.0034635821097752035,1.0034635821097753,-0.00001330520806974711,0.9987082825807315,545.272361754671,18.294031916637408,0.000042795200000000007,0.00003248507485706939
2021-11-02T12:00:00.000Z,0.018001716034293742,1.0031548638688284,0.00005634575807551986,0.00013351393576954834,0.00009381372729388993,262760109.26130003,20582891.6685,4249709.8992,0.0030610501415344604,0.0030610501415344604,0.0032112096269038704,1.003211209626904,-0.000010110938981955364,0.9990776548488192,544.7526672043324,18.307570284729795,0.00004278279999999999,0.000027494686499219092
2021-11-02T13:00:00.000Z,0.018001716034293742,1.006632182997275,0.00006886816541446291,0.00016155119625366367,0.00011942852993973574,264306947.42759997,24913255.9912,4330364.3227,0.006512754467335347,0.006512754467335347,0.006701051162689545,1.0067010511626895,-0.000019671633013640388,1.0007371849741433,547.5986963504088,18.380980360236173,0.00003716189999999999,0.00002785253819560125
2021-11-02T14:00:00.000Z,0.018001716034293742,1.0075579753016917,0.00008290862799895911,0.0001948028392047873,0.00015261135423738637,264568406.08349997,30049339.9219,5136083.9307,0.00740536394745428,0.00740536394745428,0.007640883929690625,1.0076408839296906,-0.00004235618336378977,0.9986925874464179,549.6934590070146,18.386096453062557,0.00004236280000000004,0.000033002212212119974
2021-11-02T15:00:00.000Z,0.018001716034293742,1.0145956914654828,0.00009811829982438962,0.00023810331187216585,0.00019938431256538713,266244367.6289,36733258.1474,6683918.2255,0.014396307152917398,0.014396307152917398,0.014693809765307176,1.014693809765307,-0.00009916100716500509,1.0007284103757246,556.2153465654391,18.614602327520785,0.000042314199999999995,0.00004267756379052361
2021-11-02T16:00:00.000Z,0.018001716034293742,1.0181355537075238,0.00011356120577646121,0.0002860914421959041,0.0002466535124288072,266451776.1405,44120765.4115,7387507.2641,0.017888900195095037,0.017888900195095037,0.018249114913300304,1.0182491149133004,-0.00015293733497345752,1.0007584244209686,560.0352714914482,18.81330297763752,0.0000425059,0.000047133340715085964
2021-11-02T17:00:00.000Z,0.018001716034293742,1.0182576980744762,0.00012596994062970415,0.00032729192107895893,0.0002872097079702485,266175243.1464,50456008.7146,6335243.3031,0.017970488366505943,0.017970488366505943,0.018383668015105895,1.018383668015106,-0.00018242943068058626,0.9992262439914266,560.9839307654468,18.754989585147683,0.00003779589999999996,0.00004046174049833177
2021-11-02T18:00:00.000Z,0.018001716034293742,1.0162770954026477,0.00013902995571279895,0.00036533491517114306,0.0003248617019682154,265708734.5183,56306865.40449999,5850856.6899,0.01595223370067944,0.01595223370067944,0.016416125358360456,1.0164161253583603,-0.00015166717666348362,0.9989270604146826,558.9290452121505,18.654411321719977,0.00004090260000000009,0.00003743368237729107
2021-11-02T19:00:00.000Z,0.018001716034293742,1.0173832351574925,0.00015339726470576194,0.0004060846202836695,0.00036641616154997614,266003943.64470002,62574144.764599994,6267279.3601,0.01701681899594254,0.01701681899594254,0.017536632422198276,1.0175366324221984,-0.00015780981322410792,0.9996246179481693,559.7101788515661,18.67866605190643,0.00004219069999999998,0.00004005344720152341
2021-11-02T20:00:00.000Z,0.018001716034293742,1.0196861990515755,0.00016798895266443404,0.0004481130286900587,0.0004091892453141899,270199557.5891,69125212.9613,6551068.1967,0.019277009806261347,0.019277009806261347,0.01985418800423997,1.01985418800424,-0.0002043929621420304,0.999391317976482,562.331954201413,18.748963916497637,0.000041522400000000014,0.000041217002846933107
2021-11-02T21:00:00.000Z,0.018001716034293742,1.01714325082831,0.00018101932946508885,0.000491785002771237,0.0004577127482181531,269472965.4855,75931135.0623,6805922.101,0.016685538080091877,0.016685538080091877,0.01732427015777512,1.0173242701577752,-0.00013345806807085747,1.0007273991861694,558.7292131367543,18.632654081969022,0.00004195489999999998,0.00004293591214560101
2021-11-02T22:00:00.000Z,0.018001716034293742,1.0160572735660782,0.00019516167148613702,0.0005208521774331063,0.00048032607845849284,269196558.2051,80461208.16049999,4530073.0982,0.01557694748761973,0.01557694748761973,0.01625243523756436,1.0162524352375644,-0.00012821521748451747,0.999960319709518,557.9390769519041,18.62689857461408,0.00004234290000000002,0.000028607811029562037
2021-11-02T23:00:00.000Z,0.018001716034293742,1.0152777427220034,0.00020815629492885505,0.0005439443503210568,0.0005047730101266357,273982654.953,84126884.16739999,3665676.0069,0.014772969711876804,0.014772969711876804,0.015485899016932295,1.0154858990169322,-0.00009520069264468134,1.001384469329704,556.2638114237417,18.54278522535653,0.000041569299999999995,0.000022744685107161253
2021-11-03T00:00:00.000Z,0.018001716034293742,1.01298811125885,0.0002210793919500252,0.0005672480505730965,0.000525702873356737,273360799.4684,87826084.48309998,3699200.3157,0.012462408385493173,0.012462408385493173,0.013209190650799936,1.0132091906507998,-0.00008046487024770954,1.0002169290981067,554.3799200151768,18.483435785877475,0.00004084150000000003,0.000023004909807548888
2021-11-03T01:00:00.000Z,0.018001716034293742,1.0096288608476391,0.0002333277882768775,0.0006048229712456433,0.0005632119368197408,272345327.54200006,93788295.15859999,5962210.6755,0.009065648910819402,0.009065648910819402,0.00986218863591602,1.009862188635916,-0.00004106399477687983,1.0004800610511295,550.5214991379476,18.390034067890376,0.000040372999999999994,0.0000372165670688325
2021-11-03T02:00:00.000Z,0.018001716034293742,1.0111145799155188,0.0002477707795140636,0.0006381633212528692,0.0005983612325761722,272933247.7037,99082214.24599999,5293919.0874,0.010516218682942613,0.010516218682942613,0.01136235069503285,1.0113623506950329,-0.00006862079423741729,0.9992639761529436,552.7773290732422,18.457286100691572,0.000040900500000000094,0.0000329738590820205
2021-11-03T03:00:00.000Z,0.018001716034293742,1.0134477692866801,0.00026198516303127615,0.0006733892808079948,0.0006351337674252999,273039197.7783,104664827.42449999,5582613.1785,0.012812635519254822,0.012812635519254822,0.013709754449711398,1.0137097544497113,-0.00008403821211167006,1.000284153095481,554.7262414974429,18.49626706922426,0.0000411187999999999,0.00003475853460115997
2021-11-03T04:00:00.000Z,0.018001716034293742,1.0102761853123887,0.00027540786318906767,0.0007091156214625244,0.0006666198777889321,272782444.52930003,110339174.8642,5674347.4397,0.009609565434599787,0.009609565434599787,0.010551593175577786,1.0105515931755777,-0.00005899050013524754,0.9992195667736063,551.810374226933,18.478711901979313,0.00004109849999999995,0.00003536294523694638
2021-11-03T05:00:00.000Z,0.018001716034293742,1.0063748344324273,0.0002852265922715928,0.0007524108394289926,0.0007098269773326837,272271919.1559,117229410.776,6890235.9118,0.005665007455094573,0.005665007455094573,0.006660061024698849,1.006660061024699,-0.000009325535168969168,1.001849772838742,546.0695393489435,18.2247200824428,0.00004146669999999993,0.000043020966269213505
2021-11-03T06:00:00.000Z,0.018001716034293742,1.0082412473409852,0.00030098588466192556,0.000781755422335122,0.0007381384489628662,273649765.4437,121914411.175,4685000.399,0.0075031088920223254,0.0075031088920223254,0.008542233225647117,1.008542233225647,-0.000038378460741728126,0.9992319006139837,549.5033913888411,18.35812092169288,0.00004136890000000008,0.000029104723204809747
2021-11-03T07:00:00.000Z,0.018001716034293742,1.0112342064184527,0.00031517760044893003,0.0008133657732281918,0.0007714613386060609,274439911.3261,126960744.2197,5046333.0447,0.01046274507984668,0.01046274507984668,0.011549384018901671,1.0115493840189016,-0.000042858357732766805,1.0016690308520364,551.3917238213653,18.39372286454102,0.00004109710000000005,0.00003125917850117792
2021-11-03T08:00:00.000Z,0.018001716034293742,1.0122504370310053,0.00032918904609700655,0.0008451229749199829,0.0008049468144959437,274619106.2892,132028738.014,5067993.7943,0.011445490216509313,0.011445490216509313,0.012579626077102264,1.0125796260771023,-0.00006113205286373269,1.0008409955955082,552.9218547200988,18.496320403744026,0.00003680090000000002,0.00003137286974212553
2021-11-03T09:00:00.000Z,0.018001716034293742,1.0100253901444507,0.0003385763787614135,0.0008827273031958432,0.0008407827811918178,274517896.11,138040853.1063,6012115.0923,0.009184607363258879,0.009184607363258879,0.01036396652321211,1.010363966523212,-0.00004562231718130416,1.0001080516203584,550.8561337722676,18.413350570256092,0.000032774999999999984,0.00003723107236992149
2021-11-03T10:00:00.000Z,0.018001716034293742,1.012129630450779,0.00035280453473310195,0.0009103099645447729,0.0008692058944803627,275091380.1586,142450746.3651,4409893.2588,0.01126042455629861,0.01126042455629861,0.012482434985512074,1.0124824349855122,-0.00007516366047244372,0.9994542064123731,553.4864594459384,18.466985197914127,0.00003983290000000001,0.000027252102685434262
2021-11-03T11:00:00.000Z,0.018001716034293742,1.0121056413387892,0.00036549931360104095,0.0009394751711516502,0.0008991851664856831,275062984.4796,147113285.02199998,4662538.6569,0.011206456172303536,0.011206456172303536,0.01247114065239026,1.0124711406523903,-0.000059443498595990185,1.000758362735364,552.7061758220063,18.44409932499987,0.00003955119999999995,0.000028816366301434693
2021-11-03T12:00:00.000Z,0.018001716034293742,1.0108691965764698,0.0003770758957693188,0.000977307055519557,0.00093515576550951,275304331.2905,153174045.5869,6060760.5649,0.009934040810960276,0.009934040810960276,0.011246272472239105,1.011246272472239,-0.000052131124743781676,1.0001916781379188,551.6284574483306,18.396167719035088,0.000037825600000000006,0.00003742510301974874
2021-11-03T13:00:00.000Z,0.018001716034293742,1.0032819427239663,0.0003833833931299021,0.0010226247176778449,0.0009766596751852319,273255898.9093,160434522.11789998,7260476.531,0.0023052830487810816,0.0023052830487810816,0.0036653261170962155,1.0036653261170962,-0.000002475201959950546,1.0005956023970644,543.1069081072559,18.09834392237179,0.000038097299999999985,0.000045169418672995836
2021-11-03T14:00:00.000Z,0.018001716034293742,1.0010565875238213,0.00039384946427525067,0.0010801912442732287,0.0010393311296175156,272643356.3431,169657207.4664,9222685.3485,0.00001725639420380176,0.00001725639420380176,0.001450436988096568,1.0014504369880965,-2.807033216978283e-8,1.0002981082047107,540.7909545944211,17.99412106825302,0.000039125899999999984,0.000057505766150853025
2021-11-03T15:00:00.000Z,0.018001716034293742,1.0050005854177586,0.00040903822482078473,0.0011232527225581927,0.0010760749564040495,273721204.36429995,176556143.7644,6898936.298,0.003924510461354558,0.003924510461354558,0.005409623642579392,1.0054096236425794,-0.0000103963631128412,0.9998746613206692,545.2559708894561,18.14650555864288,0.00003628579999999998,0.000042847216509360236
2021-11-03T16:00:00.000Z,0.018001716034293742,1.0081223410543065,0.00042201363661399405,0.0011569786387199557,0.001113994709995847,274706239.0274,181962070.1343,5405926.3699,0.00700834634431069,0.00700834634431069,0.008544354690920531,1.0085443546909205,-0.000029051830346960017,0.9998789891014771,548.6085547591757,18.208177864897532,0.000035344800000000014,0.00003345419041579669
2021-11-03T17:00:00.000Z,0.018001716034293742,1.0071581701228032,0.00043361942513243,0.0011947649103397748,0.001159588649131349,277116903.68359995,188077830.5614,6115760.4271,0.005998581473671827,0.005998581473671827,0.007591789547935606,1.0075917895479356,-0.000026329112124412468,0.9992420184939711,547.8578974213788,18.163952613056285,0.000038628399999999943,0.00003751771396067779
2021-11-03T18:00:00.000Z,0.018001716034293742,1.0123894880660051,0.00045199371333726294,0.001224988747461824,0.001186231181541153,278583033.9488,192970070.1086,4892239.5472,0.011203256884463997,0.011203256884463997,0.012841481779342414,1.0128414817793425,-0.00007017306565326731,0.9998116070589376,553.2260514860396,18.385902888007617,0.00003950649999999992,0.000029853961716019365
2021-11-03T19:00:00.000Z,0.018001716034293742,1.019651124738476,0.0004705968207429674,0.0012711020494653954,0.001241228627347546,280597274.27459997,200434714.7403,7464644.6317,0.018409896111128532,0.018409896111128532,0.020121721559219045,1.020121721559219,-0.00016294592732879476,1.0007067821137747,560.6376454232604,18.602641955517445,0.00003964070000000006,0.00004522458711224446
2021-11-03T20:00:00.000Z,0.018001716034293742,1.0184895537737875,0.0004843432012277378,0.0013031890263933902,0.001271652567699011,280424656.1398,205631556.4103,5196841.67,0.01721790120608846,0.01721790120608846,0.018973896975015208,1.0189738969750153,-0.00017461544156260889,0.9989006255064103,560.3373622898935,18.611435253159634,0.00004036539999999997,0.00003150447239773265
2021-11-03T21:00:00.000Z,0.018001716034293742,1.0235438459396036,0.0005024299780320927,0.0013407256556157605,0.0013181963288555476,281841686.3521,211711578.0687,6080021.6584,0.02222564961074802,0.02222564961074802,0.02404627591763566,1.0240462759176356,-0.0002489751639861426,1.0001829081182543,565.1425372790161,18.77990456254693,0.00004053159999999993,0.000036673201019551685
2021-11-03T22:00:00.000Z,0.018001716034293742,1.0255318550826626,0.0005208604506018547,0.0013725348192608847,0.0013515341037513284,282372492.288,216863586.50149998,5152008.4328,0.024180320978911318,0.024180320978911318,0.026052715533264503,1.0260527155332646,-0.00032002334593428383,0.9991082331747351,567.9161168609927,18.96998480225753,0.000039078899999999854,0.0000310172363631902
2021-11-03T23:00:00.000Z,0.018001716034293742,1.0241665363286814,0.0005315722361645133,0.0013962978981037172,0.0013718312870758531,281472843.7427,220705253.50969997,3841667.0082,0.022794705041605523,0.022794705041605523,0.02469810856484589,1.0246981085648459,-0.0002756137568032946,0.9995756937003146,566.1156133665845,18.860856563021326,0.000040374100000000295,0.000023202358803430312
2021-11-04T00:00:00.000Z,0.018001716034293742,1.0252627593522026,0.0005457875967843596,0.001422335796196312,0.0013993196958554943,281576482.2712,224911727.41149998,4206473.9018,0.023863439656347074,0.023863439656347074,0.02580854694898693,1.0258085469489868,-0.0002983090609729455,0.9996721553380733,567.244577505906,18.88844306324873,0.00003952029999999978,0.000025396317104965176
2021-11-04T01:00:00.000Z,0.018001716034293742,1.0213482519054762,0.0005561908740567979,0.0014521102636816836,0.0014245051493704253,282723162.3635,229759950.85429996,4848223.4428,0.019923746756105754,0.019923746756105754,0.021904442779532976,1.021904442779533,-0.0002014180796596765,1.0001731657748472,562.6056462286825,18.776425133997197,0.00004035430000000024,0.000029152121049647866
2021-11-04T02:00:00.000Z,0.018001716034293742,1.0206132145581952,0.0005711279399729358,0.0014780891143455145,0.0014509043236969887,282469189.8663,233989371.91939998,4229421.0651,0.019162310234498214,0.019162310234498214,0.02118434249816814,1.0211843424981681,-0.0001759243496887164,1.0007400412873007,561.4477037252367,18.822838935459966,0.00004002499999999972,0.00002545415949283963
2021-11-04T03:00:00.000Z,0.018001716034293742,1.0203500459215422,0.0005837524933182108,0.0015160101090079625,0.001492104153716367,284547185.44039994,240210023.8936,6220651.9742,0.018857941767825848,0.018857941767825848,0.020933798414860427,1.0209337984148603,-0.00015736010811662204,1.0014596281619923,560.7092252589833,18.795590911168215,0.00003975529999999987,0.000037164691472075784
2021-11-04T04:00:00.000Z,0.018001716034293742,1.0167938083753063,0.0005950430159620695,0.0015585252496126585,0.0015256225582811478,283502162.45820004,247182999.92549998,6972976.0319,0.01526818581702516,0.01526818581702516,0.017388851391268376,1.0173888513912683,-0.00011652535207196113,1.0004038898080594,557.3526379156214,18.726765773950195,0.00003983250000000018,0.00004181294121866805
2021-11-04T05:00:00.000Z,0.018001716034293742,1.0178525179882183,0.0006198776486343371,0.0016281093743994173,0.001594896935437573,283816763.9868,258596384.11319998,11413384.1877,0.016257621052780724,0.016257621052780724,0.018472395636852636,1.0184723956368527,-0.0001444338180157656,0.9996475614827676,558.8620219974674,19.085616289730872,0.000039095400000000026,0.00006836366128109471
2021-11-04T06:00:00.000Z,0.018001716034293742,1.0162411258228061,0.0006376742444645862,0.0016773870198476684,0.0016428748073249455,283376582.6732,266679303.06599998,8082918.9528,0.014598251015481178,0.014598251015481178,0.01687880006727071,1.0168788000672706,-0.0001083506068535467,1.0002890723211026,556.681222175929,19.207386956717297,0.00004003179999999997,0.00004849011195680403
2021-11-04T07:00:00.000Z,0.018001716034293742,1.020415543015928,0.0006635148840774675,0.001726998528721835,0.0016983877413840887,284557801.5703,274817476.5348,8138173.4688,0.018717155274543984,0.018717155274543984,0.02107905790000554,1.0210790579000055,-0.00015201063619729727,1.001625902659925,560.4612230066,19.57087513569056,0.00003909359999999982,0.00004861892670175865
