query_ts,assumedLPToken,equityValue,totalDexYield,totalTradingfee,newTotalTradingFee,liquidity,totalVolume,volume,priceImpact,priceEffect,totalReturn,totalEquityVal,impermanentLoss,tokenPrice,quoteTokenPrice,rewardPrice,rewardTokenPerLP,feePerDollar
2022-01-26T09:00:00.000Z,0.020119874027491654,1,0.000007101538266996525,0.000015468827132153295,-7.913669719528116e-13,188028465.6372,1710929.2638,1710929.2638,7.913669719528116e-13,7.913669719528116e-13,0.000007101538266996525,1.000007101538267,0,1.000279829567263,383.6823315402153,7.726740475944958,0.0000456805,0.00001546882669389054
2022-01-26T10:00:00.000Z,0.020119874027491654,0.9999689079498464,0.000014208367950068462,0.000031365837375410056,0.000023389283178687492,188022619.4466,3469217.6884000003,1758288.4246,-0.00005448133333230132,-0.00005448133333230132,-0.000016883682203545364,0.9999831163177965,-5.189525476012591e-10,1.0001931097097376,383.67378845681156,7.726396989862282,0.000045718600000000006,0.000015897503878084877
2022-01-26T11:00:00.000Z,0.020119874027491654,1.005263677448634,0.000021537108570991973,0.00004785981635298691,0.00003212799019225443,188498130.95180002,5288514.4965,1819296.8081,0.005231549458441842,0.005231549458441842,0.005285214557205088,1.005285214557205,-0.000015805485639064365,0.999875310117779,387.86419348844,7.801463111282483,0.000045811000000000006,0.000016407614007381574
2022-01-26T12:00:00.000Z,0.020119874027491654,1.0055636752065626,0.000028854212630297482,0.00006609186272035306,0.000050368717048776546,188511208.1002,7299060.7873,2010546.2908,0.0055133064895138695,0.0055133064895138695,0.005592529419192943,1.005592529419193,-0.000017419469249380093,0.9998754672766387,388.0815923964884,7.83695508221959,0.00004578380000000001,0.00001813116964665176
2022-01-26T13:00:00.000Z,0.020119874027491654,1.0039369730478127,0.000036045029798259134,0.00008111631426678556,0.00006543810846948439,188167065.1491,8955543.2695,1656482.4822,0.003871534939343224,0.003871534939343224,0.003973018077610968,1.003973018077611,-0.000012669552894806202,0.9991104232317344,387.11152560486477,7.829152682980158,0.00004583210000000001,0.000014965531919779048
2022-01-26T14:00:00.000Z,0.020119874027491654,1.0122037868496794,0.00004388284827250333,0.00010950179872647809,0.00009717697829247918,189767113.5098,12085947.1841,3130403.9146,0.012106609871386897,0.012106609871386897,0.01224766969795188,1.0122476696979519,-0.0000752405200987738,1.0000462465581217,393.12055305813755,7.941382502677489,0.000045820099999999985,0.00002804325025761208
2022-01-26T15:00:00.000Z,0.020119874027491654,1.0154666158131345,0.00005115677209202417,0.00014368527758435796,0.00012902199205644393,190382296.83470002,15855833.3653,3769886.1812,0.015337593821078022,0.015337593821078022,0.01551777258522649,1.0155177725852265,-0.0001222759112001759,0.9998620123044918,395.70740430310804,7.934060540306693,0.0000458202,0.000033662827976093094
2022-01-26T16:00:00.000Z,0.020119874027491654,1.009962819667475,0.00005705575950788325,0.0001709589559131779,0.0001563327840168327,189370720.26270002,18864002.4188,3008169.0535,0.009806486883458199,0.009806486883458199,0.010019875426982915,1.010019875426983,-0.00004968247436820672,1.0000701050063012,391.32642849668804,7.8113069296778495,0.000042570399999999995,0.00002700463611193896
2022-01-26T17:00:00.000Z,0.020119874027491654,1.0108557790795765,0.00006442959239231851,0.0002010946480946479,0.0001864096270633997,189873384.9692,22193717.942,3329715.5232,0.010669369452513067,0.010669369452513067,0.010920208671968785,1.0109202086719689,-0.000057215548866840216,1.0001951605983517,391.9464817042974,7.833934623013504,0.000045734400000000034,0.00002981205812683127
2022-01-26T18:00:00.000Z,0.020119874027491654,1.0047499095944052,0.00007069617169066516,0.00021959941533048188,0.00020451300854085197,188728529.4693,24238345.962800004,2044628.0208,0.004545396585864392,0.004545396585864392,0.004820605766095909,1.004820605766096,-0.000018397692753135964,0.9987497036570765,387.77140846997764,7.730929049574159,0.000045734199999999966,0.000018417287757892537
2022-01-26T19:00:00.000Z,0.020119874027491654,1.0030471102110796,0.00007699489974887149,0.0002499081042248025,0.00023890001580961773,188410028.2426,27587236.276100002,3348890.3133,0.00280821019527,0.00280821019527,0.0031241051108284895,1.0031241051108284,-0.000003845728378748525,1.0003107612207682,385.82834757577604,7.6511160985099655,0.00004565810000000003,0.000030216616311311457
2022-01-26T20:00:00.000Z,0.020119874027491654,1.0077066082744004,0.00008437336187030479,0.0003222291906033741,0.0003104962669620015,188980284.3188,35565316.7612,7978080.4851,0.0073961120074383935,0.0073961120074383935,0.0077909816362707,1.0077909816362707,-0.00002641640368306053,1.0003800595273287,389.3398223126431,7.681316474260164,0.00004577599999999997,0.00007176799883415542
2022-01-26T21:00:00.000Z,0.020119874027491654,0.9922584103368015,0.00008879739571166845,0.000371472477662315,0.0003525334134237834,186107221.8014,40998277.287200004,5432960.526,-0.008094123076622273,-0.008094123076622273,-0.007652792267486821,0.9923472077325132,-0.00003508267294027867,1.0005294704006193,377.40213576717645,7.458743898502898,0.00004577110000000001,0.00004962748250605781
2022-01-26T22:00:00.000Z,0.020119874027491654,0.9800753732620939,0.00009315073091943652,0.0003932757996575735,0.0003800840644845316,183822180.7681,43403815.13510001,2405537.8479,-0.020304710802390602,-0.020304710802390602,-0.019831476006986634,0.9801685239930134,-0.0002122454998328971,1.0003711758966425,368.2257723559129,7.262185402482694,0.00004580930000000002,0.00002224657723209682
2022-01-26T23:00:00.000Z,0.020119874027491654,0.9860962929290161,0.00010137443449759336,0.0004112540016222844,0.0003887207286999983,184944447.6857,45387256.11860001,1983440.9835,-0.014292427799683871,-0.014292427799683871,-0.013802332636486279,0.9861976673635138,-0.00010311288468378699,1.000245452266601,372.8060161055526,7.373463852676481,0.000045812000000000015,0.000018231689105261598
2022-01-27T00:00:00.000Z,0.020119874027491654,0.9893363802077194,0.00010925116576276654,0.00042442645296827215,0.0004035403944603333,185682529.781,46841525.17860001,1454269.06,-0.01106716018674092,-0.01106716018674092,-0.010554368626517822,0.9894456313734822,-0.00005944209223296415,1.0000546075685446,375.32128504670544,7.4474079997061855,0.00004578260000000003,0.000013314431922679322
2022-01-27T01:00:00.000Z,0.020119874027491654,0.9926730517284631,0.00011659768556763826,0.000437580251179049,0.00041914483848926043,186319585.3564,48293819.04110001,1452293.8625,-0.007746093110026164,-0.007746093110026164,-0.007210350585969265,0.9927896494140307,-0.00003262458972175253,1.0005815157408702,377.64737598188344,7.478630807905833,0.00004578009999999998,0.000013250885898695965
2022-01-27T02:00:00.000Z,0.020119874027491654,0.9805375292311779,0.00012040183798645666,0.00045604338033558307,0.00043625907608446646,184036250.1983,50332247.87880001,2038428.8377,-0.019898729844906593,-0.019898729844906593,-0.01934206893083567,0.9806579310691643,-0.00020798321052417634,1.0005776039561782,368.45498629615645,7.29285307222759,0.0000456656,0.00001882960025731936
2022-01-27T03:00:00.000Z,0.020119874027491654,0.9739081031103063,0.00012479576339746368,0.000485763625286209,0.0004626969475649556,182794704.2376,53613571.816000015,3281323.9372,-0.026554593837258667,-0.026554593837258667,-0.025967101126296247,0.9740328988737037,-0.00036090769908081466,1.0002369462665235,363.59141446005964,7.159871329400821,0.000045742000000000024,0.000030516478672102475
2022-01-27T04:00:00.000Z,0.020119874027491654,0.9710920354345628,0.00012969257954813528,0.0005095905337915935,0.0004800961043417429,182275237.8134,56244361.15030001,2630789.3343,-0.029388060669778948,-0.029388060669778948,-0.02877827198588907,0.9712217280141109,-0.00043254593054575796,0.9998690042879325,361.61085994547057,7.067350089313761,0.00004577860000000007,0.00002453620097804209
2022-01-27T05:00:00.000Z,0.020119874027491654,0.9745828325320991,0.0001370570586532056,0.0005260079526245209,0.0004994200478831701,182945906.1188,58057202.83630001,1812841.686,-0.025916587515784073,-0.025916587515784073,-0.025280110409247696,0.9747198895907523,-0.00034068357087169154,1.0001281751098166,364.1077689341115,7.1117438754491715,0.00004577489999999994,0.000016845585296665476
2022-01-27T06:00:00.000Z,0.020119874027491654,0.9746342380597681,0.0001436649191782311,0.0005412964996494257,0.0005152536162867927,184510636.4066,59759741.59660001,1702538.7603,-0.02588101555651867,-0.02588101555651867,-0.025222097021053647,0.9747779029789464,-0.0003581034682492712,1.0008243447382221,363.88107219440496,7.117656086134616,0.00004534660000000001,0.000015686444688922386
2022-01-27T07:00:00.000Z,0.020119874027491654,0.9765754900958422,0.00015113773379629982,0.0005545638946689617,0.0005306896375986137,184879118.13230002,61237211.87740001,1477470.2808,-0.0239551995417564,-0.0239551995417564,-0.023273372170361486,0.9767266278296385,-0.0002864254629468821,0.9999701606696467,365.63332822314396,7.1637982282641754,0.000045384400000000046,0.000013585630993558833
2022-01-27T08:00:00.000Z,0.020119874027491654,0.9792788232845315,0.0001586189475453938,0.00056582129214129,0.000541683132166737,185487957.0458,62491503.254800014,1254291.3774,-0.021262859847635207,-0.021262859847635207,-0.020562557767923078,0.979437442232077,-0.0002225202837798923,0.9998855670173287,367.6843541890487,7.209582993544417,0.00004491559999999983,0.000011495599906000916
2022-01-27T09:00:00.000Z,0.020119874027491654,0.9819246266289289,0.00016587272476351799,0.0005853743772455028,0.0005617683108388727,186027397.482,64670542.87660001,2179039.6218,-0.018637141681909997,-0.018637141681909997,-0.017909500646307606,0.9820904993536924,-0.00017387804495949677,1.0001163662224766,369.57451196897665,7.245007990012364,0.000044415500000000246,0.0000199130203787237
2022-01-27T10:00:00.000Z,0.020119874027491654,0.9834867312058705,0.00017292708821382816,0.0005971944692467453,0.0005750653438301168,186315483.7049,65987744.820000015,1317201.9434,-0.017088334137959627,-0.017088334137959627,-0.01634034170591568,0.9836596582940843,-0.00014535151480687958,1.0000948184856548,370.7499609576819,7.263572028015463,0.00004536229999999993,0.000012018557230201415
2022-01-27T11:00:00.000Z,0.020119874027491654,0.9783738254898556,0.00017757902752045277,0.0006148523728768756,0.000591877911447769,185360158.2988,67955639.14690001,1967894.3269,-0.022218052421592138,-0.022218052421592138,-0.021448595482623917,0.9785514045173761,-0.00025077569232723196,1.0002089043350657,366.84839641499997,7.1835978745149465,0.00004535929999999994,0.00001804821697625653
2022-01-27T12:00:00.000Z,0.020119874027491654,0.9832998722820926,0.00018588764885148733,0.0006289718888251988,0.0006064813486904574,190500437.1866,69564731.23130001,1609092.0844,-0.017306609066597867,-0.017306609066597867,-0.01651424006905592,0.9834857599309441,-0.00015273418994432575,1.0003004826084632,370.50912134454796,7.2581745504023285,0.00004427119999999998,0.000014359318980462763
2022-01-27T13:00:00.000Z,0.020119874027491654,0.9855506006030734,0.00019340179217232616,0.000644699654712111,0.0006239958915347232,190939182.1196,71357128.32900001,1792397.0977,-0.0150733952884613,-0.0150733952884613,-0.01425599760475425,0.9857440023952457,-0.00011926663973904628,1.000537071225749,372.1070213991959,7.297351775456483,0.00004434479999999995,0.000015958354028045332
2022-01-27T14:00:00.000Z,0.020119874027491654,0.9869198779672252,0.0002005358225183049,0.0006632295556945802,0.0006434179592056388,191248816.26380002,73469357.54730001,2112229.2183,-0.013723539991980394,-0.013723539991980394,-0.01287958621025645,0.9871204137897436,-0.00008520345901208426,0.9995157929499112,373.50892758400926,7.322737761877689,0.00004385470000000005,0.00001877548703965323
2022-01-27T15:00:00.000Z,0.020119874027491654,0.9897961736307755,0.00020804269753404693,0.0006877841376719296,0.0006709638249987604,192210488.0689,76274241.79660001,2804884.2493,-0.010874790194223216,-0.010874790194223216,-0.00999578367169041,0.9900042163283096,-0.000051538317935473366,0.9994984477706408,375.67624096214996,7.357704644350722,0.000044241200000000074,0.000024807716122653766
2022-01-27T16:00:00.000Z,0.020119874027491654,0.9868952716228481,0.00021305494849340267,0.000704434572813919,0.0006883125722385586,191651274.96899998,78176271.66890001,1902029.8723,-0.01379304094939049,-0.01379304094939049,-0.012891673428658528,0.9871083265713415,-0.0000930687547002762,1.0000344934309426,373.2625832885022,7.306124537726696,0.00004401890000000007,0.000016871532857963078
2022-01-27T17:00:00.000Z,0.020119874027491654,0.9867163645279949,0.00021835769941597145,0.0007211321548567171,0.000704264795902132,191608506.2339,80083607.33360001,1907335.6647,-0.013987900267907194,-0.013987900267907194,-0.01306527777258909,0.9869347222274109,-0.0000974195419983781,1.000152192848643,373.0711872288679,7.26616596398591,0.00004424240000000007,0.000016922373091473594
2022-01-27T18:00:00.000Z,0.020119874027491654,0.9817917692800457,0.00021559940568609368,0.0007469207571157442,0.0007239638418461425,190658004.6555,83029483.82840002,2945876.4948,-0.018932194561800397,-0.018932194561800397,-0.017992631314268162,0.9820073686857318,-0.00018436082277784038,1.0003697569467016,369.2587597425443,6.967983908256612,0.0000442417000000001,0.000026266875341577914
2022-01-27T19:00:00.000Z,0.020119874027491654,0.9821477434911763,0.00022347856926899256,0.0007657069852933236,0.0007430886662669334,190755926.1886,85175791.08330001,2146307.2549,-0.01859534517509065,-0.01859534517509065,-0.017628777939554724,0.9823712220604452,-0.00017286562800189476,1.00010457296291,369.6103515977823,7.020685995737158,0.00004423539999999987,0.000019127701069284292
2022-01-27T20:00:00.000Z,0.020119874027491654,0.9792969031441718,0.00022906103915757502,0.0007817362998042103,0.0007571737880938123,190207045.9009,87007170.068,1831378.9847,-0.021460270643921975,-0.021460270643921975,-0.020474035816670587,0.9795259641833294,-0.00023238705477102162,1.0001466186010728,367.44011384185904,7.000335343897059,0.0000442346000000001,0.000016368185832674603
2022-01-27T21:00:00.000Z,0.020119874027491654,0.9724416724094531,0.00023297840427427598,0.0008035808957090488,0.000777054820678913,188876755.9246,89502971.6042,2495801.5362,-0.028335382411225796,-0.028335382411225796,-0.027325349186272607,0.9726746508137274,-0.0004113097024284196,1.0002214963898535,362.2679428929542,6.931522585396769,0.0000442346000000001,0.000022463656741509043
2022-01-27T22:00:00.000Z,0.020119874027491654,0.9878496631670368,0.0002444437892854301,0.000898455018876841,0.0009175764907547457,191872415.3467,100342753.3917,10839781.7875,-0.013067913323717928,-0.013067913323717928,-0.011905893043677751,0.9880941069563223,-0.00007801742642465914,0.9996176110401389,373.96757718239974,7.085187009642217,0.00004419760000000017,0.00009604105418411794
2022-01-27T23:00:00.000Z,0.020119874027491654,1.0064035601494565,0.00025377572367322906,0.001194773833695624,0.0011927045399386937,195505750.59660003,134203589.5408,33860836.1491,0.005210855609517839,0.005210855609517839,0.006657335873129762,1.0066573358731297,-0.00001492032000194321,1.0000144239525735,387.79427011517157,7.175654739848147,0.00004301859999999992,0.0002944333927662538
2022-01-28T00:00:00.000Z,0.020119874027491654,1.0095113293200686,0.0002609909013054869,0.001210894800268668,0.0012133942544065857,196110785.9742,136045771.2385,1842181.6977,0.00829793506566201,0.00829793506566201,0.009772320221374083,1.009772320221374,-0.0000300277440463681,1.0007941575096753,389.87582447740573,7.198661996635423,0.00004419819999999999,0.000015969080285579
2022-01-28T01:00:00.000Z,0.020119874027491654,1.010097708178001,0.0002679874904015851,0.0012225139309441492,0.001225256692304555,196271503.2304,137373834.0119,1328062.7734,0.008872451485696375,0.008872451485696375,0.010365695668402515,1.0103656956684026,-0.00004476293070287962,0.9996511866723296,390.76652478720484,7.2145769633506704,0.000044225299999999876,0.000011502977648923969
2022-01-28T02:00:00.000Z,0.020119874027491654,1.0021351569860122,0.0002701859774813686,0.0012401578673577295,0.0012330601173875522,194738330.59980002,139390675.1452,2016841.1333,0.0009020968686246356,0.0009020968686246356,0.002405342963493556,1.0024053429634936,-0.0000029001270227535514,0.9987738584031498,384.95444915141996,7.1035983063240415,0.00004422520000000007,0.000017606343425301608
2022-01-28T03:00:00.000Z,0.020119874027491654,1.0047787351588575,0.0002767651457732774,0.0012565573513349487,0.0012526190339567922,190488188.2863,141219528.3977,1828853.2525,0.0035261161249007245,0.0035261161249007245,0.005055500304630794,1.0050555003046309,-0.000008590100145644541,0.9996548486008717,386.6344905627694,7.109457801681934,0.00004443679999999992,0.000016321487212515024
2022-01-28T04:00:00.000Z,0.020119874027491654,1.0091657775376741,0.0002845210375625813,0.0012758221669320453,0.0012782150397241399,191324610.5337,143367973.42540002,2148445.0277,0.007887562497949974,0.007887562497949974,0.009450298575236694,1.0094502985752367,-0.000029574474877946955,1.0004455777353485,389.69426551246477,7.14133365779474,0.00004534290000000005,0.00001908984179767439
2022-01-28T05:00:00.000Z,0.020119874027491654,1.0126799389656802,0.00029322902185415384,0.0013013892010903321,0.0013080164011491924,191996277.7825,146219333.24400002,2851359.8186,0.011371922564531012,0.011371922564531012,0.012973167987534359,1.0129731679875345,-0.0000670473855206577,1.0000072855854665,392.5653224901281,7.195146976545726,0.000045342200000000076,0.00002524690451088433
2022-01-28T06:00:00.000Z,0.020119874027491654,1.0107786895307416,0.00029827831524229735,0.0013151369923060604,0.0013209631522030918,191786747.3614,147753761.33940002,1534428.0954,0.009457726378538478,0.009457726378538478,0.011076967845983866,1.0110769678459839,-0.00004675345073745785,1.0000229877340605,391.0745926143235,7.158918270677621,0.00004530619999999986,0.000013601188810322383
2022-01-28T07:00:00.000Z,0.020119874027491654,1.006002655656111,0.0003017913345389121,0.0013347133037928506,0.0013361210867885998,190986846.3308,149939943.20610002,2186181.8667,0.0046665345693224225,0.0046665345693224225,0.0063044469906499345,1.00630444699065,-0.000011762094930811706,1.0000852761300285,387.3469591429943,7.088158457381963,0.00004530619999999986,0.000019459503336438136
