query_ts,assumedLPToken,equityValue,totalDexYield,totalTradingfee,newTotalTradingFee,liquidity,totalVolume,volume,priceImpact,priceEffect,totalReturn,totalEquityVal,impermanentLoss,tokenPrice,quoteTokenPrice,rewardPrice,rewardTokenPerLP,feePerDollar
2021-08-19T09:00:00.000Z,0.021696185851320073,1,0.00002189471392951953,0.00004918917165610735,-1.7541523789077473e-14,227301403.8456,6576922.3005,6576922.3005,1.7541523789077473e-14,1.7541523789077473e-14,0.00002189471392951953,1.0000218947139294,0,0.9990664042142948,403.59666163835567,21.32144456508252,0.000047330299999999996,0.00004918917226945421
2021-08-19T10:00:00.000Z,0.021696185851320073,1.0018683115717786,0.00004366865842879283,0.00009350021844739419,0.00004397156562241378,228776001.1527,12528922.1153,5951999.8148,0.0018243400061561665,0.0018243400061561665,0.001911980230207373,1.0019119802302074,-0.000001561958521523188,0.9991215703366189,405.0482341466807,21.392313751519687,0.000046756500000000005,0.00004422841396902606
2021-08-19T11:00:00.000Z,0.021696185851320073,0.9969431659258828,0.00006466537718553937,0.0001724787631377315,0.00012449781313506048,227654930.5711,23137736.868,10608814.7527,-0.0031813318872522256,-0.0031813318872522256,-0.0029921686969316256,0.9970078313030684,-0.000006762804766746733,0.9995573913828512,400.835807383849,21.043864736019213,0.0000475457,0.00007922070931803256
2021-08-19T12:00:00.000Z,0.021696185851320073,0.9972744912352365,0.00008547384106815149,0.00020346759895865878,0.00015414969009597268,228783767.5072,27319571.2503,4181834.3823,-0.0028796584548594906,-0.0028796584548594906,-0.0026400349236953666,0.9973599650763046,-0.000005364645476402252,0.9994578694613437,401.11839671234566,20.938880288252392,0.00004651410000000001,0.000031073526445385907
2021-08-19T13:00:00.000Z,0.021696185851320073,1.0037800955069272,0.00010659907604929096,0.00023949938339870046,0.00019140033745856933,230420914.2055,32184989.280500002,4865418.0302,0.003588695169468581,0.003588695169468581,0.003886694582976441,1.0038866945829765,-0.0000043047137401330815,0.9997140923348942,406.2352706016864,21.11115917635863,0.00004458639999999999,0.0000358960933726847
2021-08-19T14:00:00.000Z,0.021696185851320073,1.0127126592562747,0.00012932158926874632,0.00026822097864625773,0.00022192915706753524,232652395.63629997,36066322.439,3881333.1585,0.012490730099207203,0.012490730099207203,0.012841980845543485,1.0128419808455436,-0.00006399853624716734,1.0001654655087144,413.2874113986642,21.402651863569957,0.00004576369999999999,0.000028361050619762002
2021-08-19T15:00:00.000Z,0.021696185851320073,1.0209362048693178,0.0001518020510296055,0.00030909421271855685,0.00026447945717977817,233575690.53890002,41567037.0046,5500714.5656,0.02067172541213802,0.02067172541213802,0.021088006920347405,1.0210880069203474,-0.00020390533606295946,0.9993311180973997,420.3438305638218,21.522741192106235,0.00004658810000000006,0.00004003505133580087
2021-08-19T16:00:00.000Z,0.021696185851320073,1.0229832172863136,0.0001752488537627019,0.000342716585818582,0.000303443620596644,234090409.19689998,46092828.7365,4525791.7319,0.02267977366571694,0.02267977366571694,0.023158466140076286,1.0231584661400763,-0.0002342648345274867,0.9998447321243522,421.78263042535497,21.73018678948932,0.00004662869999999993,0.0000328669848996611
2021-08-19T17:00:00.000Z,0.021696185851320073,1.0195628186919656,0.00019576884326789423,0.00038172726525448423,0.00033719742799132035,233419566.64509997,51346439.0052,5253610.2687,0.019225621263974313,0.019225621263974313,0.01975858753523353,1.0197585875352335,-0.0001618374378827836,1.0001169392989837,418.82423327035553,21.54567191880995,0.00004708020000000002,0.00003826216278761773
2021-08-19T18:00:00.000Z,0.021696185851320073,1.0218842872286216,0.00021892144803762454,0.0003992956584539915,0.0003562660472031798,233954444.8372,53712427.931,2365988.9258,0.02152802118141839,0.02152802118141839,0.022103208676659193,1.0221032086766593,-0.00020276613502656637,1.000226026591652,420.67270843115233,21.64054486106837,0.00004747550000000003,0.00001719215540725838
2021-08-19T19:00:00.000Z,0.021696185851320073,1.0288500282583555,0.0002451120072295564,0.000416690195777035,0.00037535221394424667,235249373.7304,56052021.1145,2339593.1835,0.02847467604441123,0.02847467604441123,0.02909514026558503,1.029095140265585,-0.0003725453847234217,0.9998421991790292,426.5772233816855,21.987816661919535,0.000047536700000000076,0.0000169067757710933
2021-08-19T20:00:00.000Z,0.021696185851320073,1.0315779195507153,0.00027084300193128537,0.00043804103475968527,0.0004034169805084975,235939555.1163,58924552.3467,2872531.2322,0.03117450257020682,0.03117450257020682,0.031848762552646605,1.0318487625526467,-0.00044638674740193895,0.9998795472659966,428.8037426148097,22.239060537211568,0.00004752350000000001,0.000020697263298360073
2021-08-19T21:00:00.000Z,0.021696185851320073,1.0301681457150649,0.0002929806297842545,0.00045447448528997987,0.000414659588171995,235692537.0418,61136208.1774,2211655.8307,0.02975348612689288,0.02975348612689288,0.03046112634484913,1.030461126344849,-0.0004134510441838879,0.9996246179390973,427.7317801060865,22.18103825066886,0.00004746919999999998,0.000015952201793827683
2021-08-19T22:00:00.000Z,0.021696185851320073,1.031363899150429,0.0003169093583119223,0.00046364316325363264,0.00042310954290969427,236223239.17549998,62371496.9808,1235288.8034,0.030940789607519337,0.030940789607519337,0.03168080850874095,1.031680808508741,-0.00044957891479457945,0.9995462651588973,428.75230286806374,22.25811138137685,0.00004744239999999989,0.000008889857632592322
2021-08-19T23:00:00.000Z,0.021696185851320073,1.0311310815327086,0.0003406988239640842,0.0004778498344275514,0.0004375640756650867,235847425.64409998,64282936.946100004,1911439.9653,0.030693517457043518,0.030693517457043518,0.03147178035667269,1.0314717803566726,-0.0004325764889404615,0.9998790831389976,428.40400894028795,22.31358695344166,0.00004750810000000005,0.000013777754546761527
2021-08-20T00:00:00.000Z,0.021696185851320073,1.0333865843154901,0.00036460829018779967,0.0004911553718790842,0.00045207868551266905,235652495.23900002,66067750.024100006,1784813.078,0.03293450562997746,0.03293450562997746,0.03375119260567793,1.033751192605678,-0.000494343812052711,1.0000198721887221,430.2083753679648,22.365103668772893,0.000047652700000000026,0.000012875663504104703
2021-08-20T01:00:00.000Z,0.021696185851320073,1.0356389245168576,0.00038957632437081974,0.0005149466716133229,0.0004767687806113141,226578419.5156,69129568.29900001,3061818.2749,0.03516215573624626,0.03516215573624626,0.03602850084122839,1.0360285008412284,-0.0005822049530054274,0.9994924517135703,432.2939668177161,22.41475130902168,0.00004967700000000003,0.000022972580877110528
2021-08-20T02:00:00.000Z,0.021696185851320073,1.0352783245048816,0.00041333590867704547,0.00054322244929477,0.0005072060640616272,228920124.0122,72807405.5206,3677837.2216,0.034771118440819926,0.034771118440819926,0.0356916604135586,1.0356916604135586,-0.0005873457802733073,0.9989646006317059,432.19567721599236,22.407000704671194,0.00004915039999999996,0.000027312248338581147
2021-08-20T03:00:00.000Z,0.021696185851320073,1.0350052404238097,0.00043621946638824216,0.0005624517636274649,0.0005241848341572819,228717621.3495,75307013.7448,2499608.2242,0.03448105558965242,0.03448105558965242,0.035441459890197945,1.035441459890198,-0.000524795870825101,1.0005615412667896,431.26399167673725,22.354444874492824,0.000049180899999999934,0.000018578953191571786
2021-08-20T04:00:00.000Z,0.021696185851320073,1.0329203827314921,0.0004584239778980433,0.0005856534977162355,0.0005463748881422426,229319944.1882,78337040.8208,3030027.076,0.03237400784334987,0.03237400784334987,0.03337880670939016,1.03337880670939,-0.0005109335436433993,0.9989540641615878,430.2001186124974,22.29249408527258,0.000048408599999999996,0.00002246226793502357
2021-08-20T05:00:00.000Z,0.021696185851320073,1.03237021258203,0.00048027988451184697,0.0006130936815135164,0.0005730760945998892,229509354.1067,81925458.66170001,3588417.8409,0.0317971364874301,0.0317971364874301,0.032850492466541835,1.0328504924665418,-0.0004760671675239081,0.999505368351161,429.4824539314109,22.21008207593881,0.000048873000000000005,0.000026579789539619096
2021-08-20T06:00:00.000Z,0.021696185851320073,1.0308322427208498,0.0005036191685558405,0.0006414024157012717,0.0006006410085226399,229220180.93,85628310.921,3702852.2593,0.030231601712327194,0.030231601712327194,0.031335861889405674,1.0313358618894057,-0.00045934876748165987,0.9985348489348004,428.596311282345,22.20099681465824,0.00004886210000000016,0.00002746201846307913
2021-08-20T07:00:00.000Z,0.021696185851320073,1.0301953266901904,0.0005246914006519915,0.0006633579469101656,0.0006227497402733206,228963642.6972,88498708.1199,2870397.1989,0.029572576949917107,0.029572576949917107,0.03072001809084242,1.0307200180908425,-0.00041632054455842393,0.9993493943900237,427.69926085011383,22.1047216663593,0.000048491999999999854,0.00002131200910610632
2021-08-20T08:00:00.000Z,0.021696185851320073,1.0264307342557824,0.0005444063699309911,0.0006903946445695509,0.0006473597824223631,228637317.1954,92041308.6844,3542600.5645,0.025783374473359988,0.025783374473359988,0.026975140625713344,1.0269751406257133,-0.00031885245282070596,0.9992666502256279,424.5920310100135,21.963939797055293,0.000048384099999999956,0.000026340498714403066
2021-08-20T09:00:00.000Z,0.021696185851320073,1.027988259533647,0.0005689423743488548,0.0007171213579735855,0.0006752515133272574,229294730.8427,95548040.61330001,3506731.9289,0.027313008020319662,0.027313008020319662,0.028557201907995773,1.0285572019079958,-0.00035780106605598494,0.9992581771284408,425.8628773427743,22.022411927838274,0.00004831850000000005,0.000025999046106382834
2021-08-20T10:00:00.000Z,0.021696185851320073,1.0295533373601178,0.0005957862859742627,0.0007364766902625606,0.0006955629210523284,229651749.4071,98087683.2731,2539642.6598,0.028857774439065453,0.028857774439065453,0.030149123646092044,1.030149123646092,-0.00037319396390600446,1.000190865995972,426.7462598709644,22.162901685506267,0.000048277800000000055,0.000018799737135930228
2021-08-20T11:00:00.000Z,0.021696185851320073,1.0331664899356283,0.0006252391023734678,0.0007571317412434334,0.0007191007936782068,230518297.8919,100798576.5776,2710893.3045,0.03244738914195011,0.03244738914195011,0.03379172903800179,1.0337917290380019,-0.0005399538022663464,0.9981304640848224,430.61630512071804,22.389787710175888,0.00004807520000000009,0.00001999198614511345
2021-08-20T12:00:00.000Z,0.021696185851320073,1.0306459430642492,0.0006430780177052232,0.0007797797474465252,0.0007392470791445227,230039436.5855,103772117.12290001,2973540.5453,0.029906695985104648,0.029906695985104648,0.031289021081954395,1.0312890210819543,-0.00042514682439243057,0.9993694167706343,427.9683270780411,22.217772451635756,0.00004697209999999987,0.000021974575325179838
2021-08-20T13:00:00.000Z,0.021696185851320073,1.0320493769033892,0.000670965572918067,0.0008012900273597597,0.000762037891066214,232161218.12370002,106618454.38390002,2846337.261,0.031287339012322946,0.031287339012322946,0.03272034247630723,1.0327203424763072,-0.0004657747191598727,0.9993468271241357,429.12622331338815,22.38842543239252,0.00004724330000000018,0.000020842298221927003
2021-08-20T14:00:00.000Z,0.021696185851320073,1.0377203754653943,0.0007029893894653252,0.000830272645080057,0.0007952637762540515,234502767.3088,110471075.52360001,3852621.1397,0.036925111689140255,0.036925111689140255,0.03842336485485963,1.0384233648548595,-0.0006656200689529879,0.998830076238355,434.0553299973598,22.682637615264333,0.000047155499999999905,0.000027929120038338342
2021-08-20T15:00:00.000Z,0.021696185851320073,1.053524201133176,0.0007442495096592231,0.0008692422492969056,0.0008475722273191266,238615415.8579,115663032.09800002,5191956.5744,0.05267662890585689,0.05267662890585689,0.05426845064283524,1.0542684506428353,-0.001262278875637346,1.0001306423761764,446.76089149947677,23.260084200431166,0.00004629629999999985,0.000036989756695922136
2021-08-20T16:00:00.000Z,0.021696185851320073,1.0540361540479062,0.000773398244705468,0.0009039647383486148,0.0008814187716599253,229468677.99980003,120109650.12220001,4446618.0242,0.05315473527624626,0.05315473527624626,0.05480955229261165,1.0548095522926118,-0.0013122919188802706,0.9995974901905443,447.4053087828412,23.418671358688126,0.00004738170000000005,0.00003294240724717378
2021-08-20T17:00:00.000Z,0.021696185851320073,1.0537951200911124,0.000810152455794423,0.0009424480941570193,0.0009194894672337472,228255578.02470002,125012958.72720002,4903308.605,0.05287563062387868,0.05287563062387868,0.05460527254690685,1.0546052725469068,-0.0012847388016191674,0.9998739206019079,447.04457307249737,23.776040374276818,0.000048371000000000056,0.000036518821141790386
2021-08-20T18:00:00.000Z,0.021696185851320073,1.055664870835987,0.000836908001604209,0.0009733125370659867,0.0009522282738156918,230577213.60579997,128978475.81800002,3965517.0908,0.05471264256217134,0.05471264256217134,0.05650177883759124,1.0565017788375912,-0.001380707192432884,0.9997549314826816,448.6592943973644,23.817603623443873,0.00004903579999999998,0.000029236969902347827
2021-08-20T19:00:00.000Z,0.021696185851320073,1.0508801846830966,0.0008501706598143897,0.0009997195181183675,0.0009745030486885131,230593850.0616,132386983.96890002,3408508.1509,0.04990568163440812,0.04990568163440812,0.05173035534291102,1.051730355342911,-0.0011284582140048682,1.0002369611804531,444.36474292098904,23.489497086537053,0.000048646299999999894,0.00002512844056761309
2021-08-20T20:00:00.000Z,0.021696185851320073,1.0543430918007763,0.0008858885632637373,0.0010168472748009459,0.0009960901555747803,231274140.4376,134597006.54010004,2210022.5712,0.053347001645201564,0.053347001645201564,0.05522898036404008,1.05522898036404,-0.001358227731682371,0.998890151269023,447.8856168927691,23.776873232990106,0.00004907599999999985,0.000016244956586720882
2021-08-20T21:00:00.000Z,0.021696185851320073,1.0562560902319988,0.0009128220055904188,0.0010307484463211293,0.0010121255775283888,231740558.9592,136391059.80770004,1794053.2676,0.05524396465447046,0.05524396465447046,0.05716891223758926,1.0571689122375894,-0.0014449510468338422,0.9990482023144992,449.4291440556295,23.819220470231564,0.0000490640999999999,0.000013160797439247398
2021-08-20T22:00:00.000Z,0.021696185851320073,1.0646722547110374,0.0009567998314617777,0.0010475485211695582,0.0010354168726789403,239753556.0568,138616477.02580005,2225417.2181,0.0636368378383585,0.0636368378383585,0.06562905454249922,1.0656290545424991,-0.0018352848415520429,1.0001283800485887,456.1134821835337,24.308966300911088,0.00004779820000000002,0.000015779575214616294
2021-08-20T23:00:00.000Z,0.021696185851320073,1.06005470502605,0.0009751454349161184,0.0010627040207912197,0.001046016234375724,236250714.2219,140603331.99180004,1986854.966,0.05900868879167431,0.05900868879167431,0.06102985046096616,1.061029850460966,-0.0015923690873658192,0.999928276104815,452.2432750549621,24.13308282564469,0.00004825929999999996,0.000014296902565244809
2021-08-21T00:00:00.000Z,0.021696185851320073,1.061906609030848,0.0010074415328031622,0.0010768274523785012,0.0010622326404410298,236728687.4328,142455395.51630005,1852063.5245,0.06084437639040696,0.06084437639040696,0.06291405056365115,1.0629140505636512,-0.0016935032727494193,0.9998920411975328,453.82891817128825,24.30227382590992,0.000048286000000000046,0.000013300069483736586
2021-08-21T01:00:00.000Z,0.021696185851320073,1.054375774199642,0.001010221532940553,0.001105074662692038,0.0010835426660262826,235169821.9318,146161458.67020005,3706063.1539,0.05329223153361573,0.05329223153361573,0.055385995732582564,1.0553859957325826,-0.0012737645734502978,1.0004869406044854,447.12428478250797,23.79240611897203,0.00004633119999999961,0.000026790458528548395
2021-08-21T02:00:00.000Z,0.021696185851320073,1.0572165884983495,0.0010381217881827894,0.0011239317832956906,0.001104633073061967,235919915.0779,148636754.46370006,2475295.7935,0.056111955425287574,0.056111955425287574,0.05825471028653233,1.0582547102865323,-0.0014584111488253892,0.999619775392944,449.91140164953833,23.861827903081373,0.00004819800000000022,0.00001783657326072083
2021-08-21T03:00:00.000Z,0.021696185851320073,1.0585886373770463,0.0010653060585400127,0.0011491276897627066,0.001131622374625385,236493030.0129,151947853.55210006,3311099.0884,0.05745701500242095,0.05745701500242095,0.05965394343558635,1.0596539434355863,-0.0014926027846252632,1.0002619385301057,450.76856476154626,23.91208156225296,0.0000481841000000004,0.000023801413724425458
2021-08-21T04:00:00.000Z,0.021696185851320073,1.0617370903673005,0.0010896008020804084,0.0011779841636888457,0.0011643138441781442,237422545.1544,155743618.41800007,3795764.8659,0.06057277652312232,0.06057277652312232,0.06282669116938087,1.0628266911693809,-0.001680332273691021,0.999863223987651,453.6096404044513,23.89716611957616,0.000048139499999999806,0.000027178548978293668
2021-08-21T05:00:00.000Z,0.021696185851320073,1.0623682172914737,0.0011196959460564647,0.0012075354275922132,0.001194153546328236,240529622.5226,159679306.15780008,3935687.7398,0.061174063745145446,0.061174063745145446,0.06348791323753014,1.0634879132375301,-0.0016962776108342403,1.0001550250364346,453.99163695961215,24.020144444659884,0.00004698859999999993,0.000027816404014983014
2021-08-21T06:00:00.000Z,0.021696185851320073,1.0663476455664649,0.0011522560913687667,0.0012403835223989065,0.0012314094470304848,241699828.79090002,164058949.94870007,4379643.7909,0.0651162361194344,0.0651162361194344,0.06749990165783365,1.0674999016578337,-0.0019635249289747803,0.9994325519182206,457.70160964786527,24.18402800185719,0.00004749509999999992,0.00003080430169013971
2021-08-21T07:00:00.000Z,0.021696185851320073,1.0641326589831517,0.0011661090325944892,0.0012791270892427004,0.001272266165860847,242579259.6737,169254225.46160007,5195275.5129,0.06286039281729083,0.06286039281729083,0.06529876801574618,1.0652987680157462,-0.0017248909717074712,1.001253406146075,454.9360587812865,23.95954117767981,0.00004722440000000004,0.00003640858820251213
