query_ts,assumedLPToken,equityValue,totalDexYield,totalTradingfee,newTotalTradingFee,liquidity,totalVolume,volume,priceImpact,priceEffect,totalReturn,totalEquityVal,impermanentLoss,tokenPrice,quoteTokenPrice,rewardPrice,rewardTokenPerLP,feePerDollar
2021-08-12T09:00:00.000Z,0.022218024925915757,1,0.000021120164250425026,0.000012444437960142509,-3.5216274341109965e-13,215778842.4258,1579556.8547,1579556.8547,3.5216274341109965e-13,3.5216274341109965e-13,0.000021120164250425026,1.0000211201642504,-2.220446049250313e-16,1.000004186215716,387.14259250743555,19.408645532046844,0.0000489775,0.000012444439050660758
2021-08-12T10:00:00.000Z,0.022218024925915757,1.0018972259629806,0.000042996784064926056,0.00004266870595008708,0.00003135570822432321,216241714.8392,5416833.9254,3837277.0707,0.0018658702547562633,0.0018658702547562633,0.0019402227470455126,1.0019402227470455,-0.0000016775440413452358,1.000036627325568,388.57605024303973,19.418210539651152,0.000050682599999999995,0.000030167033336009467
2021-08-12T11:00:00.000Z,0.022218024925915757,1.0052746453344583,0.00006551527625847685,0.000057069520989846207,0.00004497154196658748,217019244.1902,7245572.5707,1828738.6453,0.005229673792491729,0.005229673792491729,0.005340160610716793,1.0053401606107168,-0.000015073175288371488,0.9997296655685491,391.3098617856335,19.5313033692119,0.000051315200000000033,0.000014325253544267884
2021-08-12T12:00:00.000Z,0.022218024925915757,0.9963139083032732,0.00008569140149249876,0.00008022713952447146,0.00006725650589867183,215228057.0198,10188284.0003,2942711.4296,-0.003753348202625517,-0.003753348202625517,-0.0036004002952343466,0.9963995997047657,-0.000010347399428400905,1.0007932642406154,383.93892801569655,19.15206801158605,0.00005040459999999996,0.000023243295969817645
2021-08-12T13:00:00.000Z,0.022218024925915757,0.9945866122092698,0.00010657333111801243,0.000104171613855453,0.00009176533801280584,214971897.2764,13232640.191,3044356.1907,-0.005505153128743001,-0.005505153128743001,-0.0053068144596121825,0.9946931855403878,-0.000016705558384955133,1.0002641339991587,382.7922614336708,19.028747961444797,0.0000506969,0.00002407480042628886
2021-08-12T14:00:00.000Z,0.022218024925915757,0.9947389768676727,0.00012840306976955463,0.00011973931289891374,0.00010697260723513402,215005778.8592,15211962.3344,1979322.1434,-0.005367995739562481,-0.005367995739562481,-0.005132620062557792,0.9948673799374422,-0.000015871571580561294,1.0002559063630867,382.9010050990935,19.106533820785753,0.00005039720000000004,0.00001565003350902268
2021-08-12T15:00:00.000Z,0.022218024925915757,0.9831557056699479,0.00014613579035440934,0.00015366373521118044,0.00014059236213970205,212079809.0518,19516639.2049,4304676.8705,-0.01698488669219178,-0.01698488669219178,-0.01669815853969767,0.9833018414603023,-0.00015196091522606814,1.0003079072256977,373.98954372929876,18.686452595300683,0.000049511099999999954,0.00003450564536326325
2021-08-12T16:00:00.000Z,0.022218024925915757,0.987004429603166,0.00016931775455143958,0.00017520678542705685,0.0001616890104513269,213083988.97980002,22252474.8026,2735835.5977,-0.013157259407285293,-0.013157259407285293,-0.012826252642282527,0.9871737473577175,-0.00008731952357410311,0.9999751911766173,377.03307311519643,18.90997848187449,0.00005101579999999998,0.00002182670100347567
2021-08-12T17:00:00.000Z,0.022218024925915757,0.985227900210023,0.00018913442692149377,0.00021869119505706403,0.00020682764602897308,212995593.44140002,27782391.366,5529916.5634,-0.014978927436005929,-0.014978927436005929,-0.014582965363055462,0.9854170346369445,-0.00012959654170241475,1.0010127982202344,375.25301031215264,18.780908376782193,0.0000502603,0.00004413639740564112
2021-08-12T18:00:00.000Z,0.022218024925915757,0.9888972303243588,0.00021290423163552232,0.00026318065704081744,0.0002504756181573864,213623992.89859998,33435757.348,5653365.982,-0.011353245293798553,-0.011353245293798553,-0.010889865444005643,0.9891101345559944,-0.00006273470256479285,0.9997876288492967,378.4838071885296,18.987407679092357,0.000051415399999999975,0.00004498896420292023
2021-08-12T19:00:00.000Z,0.022218024925915757,0.996803154384498,0.00023849645008382488,0.0002784146680115208,0.00026756926084670063,215189659.7619,35370295.5405,1934538.1925,-0.0034644148763487426,-0.0034644148763487426,-0.002958349165418217,0.9970416508345817,-0.000008093167617739816,1.0005571495483019,384.25231739253456,19.352793895417307,0.00004999099999999998,0.00001528286689466794
2021-08-12T20:00:00.000Z,0.022218024925915757,0.9957174865334825,0.00026009969450603576,0.0002871526061814224,0.0002761300962229596,216786667.62300003,36489363.5659,1119068.0254,-0.004558643562740494,-0.004558643562740494,-0.004022413772011499,0.9959775862279885,-0.000008692752334504839,0.9996048064198176,383.7742186599619,19.32950045690532,0.00005097130000000002,0.000008775519565107068
2021-08-12T21:00:00.000Z,0.022218024925915757,0.9972551811058705,0.00028271093774948335,0.0002989405481628564,0.00028857451414354696,217482734.3454,38001557.6239,1512194.058,-0.003033393408273022,-0.003033393408273022,-0.0024621079563799915,0.99753789204362,-0.00000464532617205915,1.0000142458790846,384.79357233632413,19.387690968470505,0.000050674199999999956,0.000011820386139330206
2021-08-12T22:00:00.000Z,0.022218024925915757,0.9960460735143519,0.0003032445071032761,0.00030872554630623157,0.000297989125707554,217516934.93449998,39258529.2256,1256971.6017,-0.004251915611355628,-0.004251915611355628,-0.0036506819785447975,0.9963493180214552,-0.0000070376729534027405,0.9994950564219138,384.0529282792273,19.31410769992232,0.00005035069999999996,0.000009823840720877488
2021-08-12T23:00:00.000Z,0.022218024925915757,0.9876648529821557,0.00031997020126984973,0.0003293737788990317,0.00031583552371106105,215788158.2748,41912229.98639999,2653700.7608,-0.012650982541555389,-0.012650982541555389,-0.012015176816574479,0.9879848231834255,-0.00008445201304951855,1.000269300367493,377.30905574742525,19.039430010941786,0.00004973380000000002,0.000020906111481868248
2021-08-13T00:00:00.000Z,0.022218024925915757,0.9973543811033784,0.00034869360813552015,0.00034664393632424323,0.00033618730488349513,216007715.7366,44112455.1618,2200225.1754,-0.0029818062015051217,-0.0029818062015051217,-0.0022969252884861065,0.9977030747115139,-0.000005137932755139296,1.000223556499127,384.752863299334,19.434268612195876,0.00005115410000000006,0.000017315968484852763
2021-08-13T01:00:00.000Z,0.022218024925915757,1.004944974467239,0.00037565449161536637,0.00036853001284875336,0.0003616967169324248,217546594.9595,46899404.082399994,2786948.9206,0.004583277750306536,0.004583277750306536,0.005320628958854327,1.0053206289588543,-0.00000624571926599593,1.0010432043600328,390.29396823669407,19.75406862033229,0.00004835530000000003,0.000021778383458045038
2021-08-13T02:00:00.000Z,0.022218024925915757,1.0065892474432505,0.0003988345950512943,0.00037862317277604854,0.0003726594787569759,217904081.4887,48184665.15229999,1285261.0699,0.006216587964493536,0.006216587964493536,0.006988082038301807,1.0069880820383017,-0.00002191277646002021,0.999581470983968,392.1367274425495,19.786880989711204,0.0000513076,0.00001002708991911795
2021-08-13T03:00:00.000Z,0.022218024925915757,1.0092714301080197,0.0004236828569359597,0.0003891194809874269,0.000383533412853021,218475568.4132,49521206.977199994,1336541.8249,0.008887896695166653,0.008887896695166653,0.009695112964955633,1.0096951129649556,-0.000031805857840461194,1.0008774017132498,393.7111482231001,19.89801294142542,0.00005113889999999997,0.000010399886444203073
2021-08-13T04:00:00.000Z,0.022218024925915757,1.0079575770688287,0.0004433596080610501,0.0003970401202232187,0.00039038171891725426,218236879.0154,50529988.6398,1008781.6626,0.00756719534991146,0.00756719534991146,0.008400936676889764,1.0084009366768898,-0.00003138991992368556,0.9996194897276264,393.175180968446,19.77005396799223,0.00005099889999999996,0.000007858107365524528
2021-08-13T05:00:00.000Z,0.022218024925915757,1.0082003401963602,0.00046709200952757215,0.00040364045777139287,0.0003984995321755225,218279583.29209998,51370577.204399996,840588.5646,0.007801840664184656,0.007801840664184656,0.00866743220588775,1.0086674322058877,-0.00002902076993260838,1.000157170269364,393.14686207361626,19.831309058475465,0.000050744600000000016,0.0000065466524091157115
2021-08-13T06:00:00.000Z,0.022218024925915757,1.0096905016573081,0.0004911477993096481,0.0004126978644780992,0.0004071527265336883,212406757.9796,52491394.928899996,1120817.7245,0.009283348930774427,0.009283348930774427,0.010181649456617764,1.0101816494566178,-0.00003132239943626214,1.001330644178535,393.84150420744055,19.8687411360856,0.00005249620000000013,0.000008970477915928632
2021-08-13T07:00:00.000Z,0.022218024925915757,1.0151748454212384,0.0005218736604674827,0.0004288556853726047,0.0004269117087793983,213517892.618,54490461.752399996,1999066.8235,0.014747933712458972,0.014747933712458972,0.015696719081705852,1.015696719081706,-0.00011718194057808162,0.9993349526542402,398.9128679655401,20.19776393726962,0.000050344999999999864,0.00001591629421909865
2021-08-13T08:00:00.000Z,0.022218024925915757,1.019357119071129,0.0005505167494262626,0.0004603169530093121,0.0004591680670362752,214562354.6854,58385883.3247,3895421.5723,0.01889795100409275,0.01889795100409275,0.019907635820555287,1.0199076358205552,-0.00019307714795302466,0.9990738282558965,402.2875270550252,20.4132131618875,0.000050880200000000035,0.000030863832952522175
2021-08-13T09:00:00.000Z,0.022218024925915757,1.0195321136455346,0.0005756138024619385,0.0004764674419555921,0.00047455702513055087,214499064.02150002,60384646.1953,1998762.8706,0.019057556620404092,0.019057556620404092,0.020107727447996583,1.0201077274479966,-0.0001904247040165341,0.9993657115387072,402.29603751621767,20.46472291254981,0.00005214129999999989,0.000015841080218790215
2021-08-13T10:00:00.000Z,0.022218024925915757,1.0213074871303782,0.0005983880801376623,0.0004876760644897003,0.00048648582635668625,214091110.6897,61766765.266399994,1382119.0711,0.020821001304021536,0.020821001304021536,0.021905875210515884,1.021905875210516,-0.00021252344356759156,0.9999929018439473,403.4363696316965,20.46011883937416,0.000050384100000000086,0.000010974778043332559
2021-08-13T11:00:00.000Z,0.022218024925915757,1.021366371364099,0.0006211033500926103,0.0004999541738716424,0.0004989706728071308,214106241.8597,63280780.7881,1514015.5217,0.020867400691291893,0.020867400691291893,0.021987474714191633,1.0219874747141917,-0.00021015095665211092,1.0001537952508328,403.4081390893665,20.41689036802042,0.00005286230000000006,0.00001202125806578111
2021-08-13T12:00:00.000Z,0.022218024925915757,1.0171173290121964,0.0006388423780155004,0.0005393734781236969,0.0005384648388435664,218591986.6795,68264151.6214,4983370.8333,0.01657886417335286,0.01657886417335286,0.017756171390211926,1.017756171390212,-0.00012182057346221686,1.0008376710992104,399.75258460346316,20.242860709486383,0.000051212600000000025,0.00003875590567293424
2021-08-13T13:00:00.000Z,0.022218024925915757,1.019248666821501,0.0006645902896130224,0.0005565841534525768,0.0005551791770190828,219051003.76950002,70439927.1742,2175775.5528,0.018693487644481976,0.018693487644481976,0.01991325711111408,1.019913257111114,-0.0001735212556894794,0.999894679453452,401.79596785420546,20.32943536910552,0.00005095580000000012,0.00001688564935156445
2021-08-13T14:00:00.000Z,0.022218024925915757,1.018498610746495,0.000687588917978938,0.0005871960882068362,0.0005853979103358498,219192263.1629,74315238.7429,3875311.5687,0.01791321283615921,0.01791321283615921,0.019186199664473998,1.019186199664474,-0.00016433650500957686,0.9996283345210563,401.2875793592369,20.322220903102245,0.00005145840000000012,0.000030055940714905102
2021-08-13T15:00:00.000Z,0.022218024925915757,1.0153415721131183,0.0007047065227132538,0.0006044958467066565,0.0006011212851824155,218517953.11299998,76505349.4795,2190110.7366,0.014740450827935847,0.014740450827935847,0.016046278635831517,1.0160462786358315,-0.00011272168073617195,0.9996216474253447,398.79257688230905,20.165184439674924,0.0000500653999999999,0.000017038363206224365
2021-08-13T16:00:00.000Z,0.022218024925915757,1.0113286959949932,0.0007257452571935994,0.0006294137127058649,0.0006243426550189835,217825674.6455,79662379.16139999,3157029.6819,0.010704353339974215,0.010704353339974215,0.012054441252186798,1.0120544412521868,-0.000052707663819151485,1.0003843052048769,395.324904868825,20.10784044714371,0.00005157780000000006,0.00002463874136033061
2021-08-13T17:00:00.000Z,0.022218024925915757,1.0151848096477452,0.0007581298234561244,0.0006437029999259034,0.0006426802866152936,218675490.16860002,81472954.7082,1810575.5468,0.014542129361129863,0.014542129361129863,0.015942939471201283,1.0159429394712012,-0.00010381726822206172,1.0000314406189343,398.4733581311763,20.363848103658622,0.000051154499999999966,0.00001407555289889535
2021-08-13T18:00:00.000Z,0.022218024925915757,1.015734018849985,0.0007832398557344954,0.000657354494300616,0.0006544955624161464,218887695.9407,83203458.8465,1730504.1383,0.015079523287568897,0.015079523287568897,0.01651725870571954,1.0165172587057196,-0.00010214338944958268,1.0006778724068124,398.6379213842915,20.427573517018047,0.0000500982000000001,0.000013440029246353772
2021-08-13T19:00:00.000Z,0.022218024925915757,1.0135106604535478,0.0008071559904130437,0.0006686244763541622,0.0006642680344419727,218272067.7287,84631182.55139999,1427723.7049,0.01284639241910579,0.01284639241910579,0.014317816443960806,1.0143178164439608,-0.00009020684552651925,0.9993366625197657,397.41853908357473,20.438399622992883,0.00005175290000000005,0.000011119747586515684
2021-08-13T20:00:00.000Z,0.022218024925915757,1.0124679033338713,0.0008246281695787313,0.0006768071660849426,0.0006716973163400919,218569940.8263,85670280.2709,1039097.7195,0.011796206017531174,0.011796206017531174,0.013292531503449997,1.01329253150345,-0.00006550097043767078,1.0002854797642593,396.2186378620237,20.302895102179377,0.00005059640000000011,0.00000808192616272807
2021-08-13T21:00:00.000Z,0.022218024925915757,1.022902026748385,0.0008716143381428076,0.0006978847464568186,0.0006997817949567775,221311495.7579,88352792.90079999,2682512.6299,0.022202244953428263,0.022202244953428263,0.02377364108652785,1.023773641086528,-0.00021774601183366382,1.001093808272822,404.08400279551137,20.88252132954397,0.00005052910000000001,0.000020605669195867858
2021-08-13T22:00:00.000Z,0.022218024925915757,1.0233434995635382,0.000894331843999399,0.0007093019895795737,0.0007114994027563881,221721127.281,89807910.12619999,1455117.2254,0.022632000160781818,0.022632000160781818,0.024237831407537606,1.0242378314075375,-0.0002449404815052514,1.0002483992362614,404.76566362022044,20.865420200169947,0.00005054329999999997,0.000011156804556766202
2021-08-13T23:00:00.000Z,0.022218024925915757,1.0220544717011901,0.0009178522462211186,0.000718409362402536,0.0007198767734342137,221197875.7968,90967357.73509999,1159447.6089,0.021334594927755912,0.021334594927755912,0.022972323947411246,1.0229723239474113,-0.00025095879728520565,0.998709357765706,404.3614435325482,20.85735831534745,0.000051500800000000095,0.00000891084929287786
2021-08-14T00:00:00.000Z,0.022218024925915757,1.0296464454642738,0.000949739501834668,0.0007306534137740692,0.00073738963600678,222878347.1968,92526393.13769999,1559035.4026,0.028909055828266972,0.028909055828266972,0.03059618496610842,1.0305961849661085,-0.0004075352467179938,0.9999489707253255,409.872625408286,21.08273677684965,0.000046901000000000085,0.000011891510403564464
2021-08-14T01:00:00.000Z,0.022218024925915757,1.024923570839262,0.0009638543873109194,0.000748534669087658,0.0007519253879817445,221650171.5805,94801101.15319999,2274708.0155,0.024171645451280366,0.024171645451280366,0.02588742522657303,1.025887425226573,-0.00028816949129539804,0.9998783845064035,406.135627019778,20.867931330803007,0.00005131410000000005,0.00001744642739852589
2021-08-14T02:00:00.000Z,0.022218024925915757,1.0265667019732059,0.0009896315240860217,0.000764072316030604,0.0007688706979775972,222095078.7243,96778471.72529998,1977370.5721,0.025797831275228278,0.025797831275228278,0.027556333497291897,1.027556333497292,-0.0003370721411712907,0.9995070535472872,407.5777447061227,20.913831874731983,0.000050912199999999665,0.000015135544613948287
2021-08-14T03:00:00.000Z,0.022218024925915757,1.0259859616654115,0.0010066748310948235,0.0007749205866402413,0.0007792249462312828,222092700.24499997,98159824.12149999,1381352.3962,0.025206736719180167,0.025206736719180167,0.026992636496506274,1.0269926364965063,-0.0003139256991299133,0.9998382446599487,406.97331130939574,20.777606864402966,0.00005088280000000008,0.000010573508588753662
2021-08-14T04:00:00.000Z,0.022218024925915757,1.0271394301279413,0.0010323598530315782,0.0007833506229771145,0.0007889932683655676,222396214.9016,99233513.01109998,1073688.8896,0.02635043685957572,0.02635043685957572,0.028171789980972868,1.0281717899809728,-0.0003365461388729063,1.000065772333532,407.7890420730816,20.81720315818708,0.000051385300000000296,0.000008207293964636934
2021-08-14T05:00:00.000Z,0.022218024925915757,1.024535015500589,0.001048668988534616,0.0007941909595300507,0.0007971573757048489,221888785.1189,100614540.74169998,1381027.7306,0.02373785812488416,0.02373785812488416,0.025583684489123622,1.0255836844891235,-0.00027477991174973404,1.0000193055182787,405.7344793759616,20.675760695959806,0.0000507722999999999,0.000010580738187204684
2021-08-14T06:00:00.000Z,0.022218024925915757,1.0266194282413637,0.0010756923335210316,0.0008033935521424379,0.0008092841515854321,222422184.11409998,101787356.90979998,1172816.1681,0.02581014408977822,0.02581014408977822,0.027695120574884685,1.0276951205748848,-0.00030206847577196605,1.0009049886176633,407.0182634835312,20.741190236456955,0.000051439499999999906,0.00000896397764328764
2021-08-14T07:00:00.000Z,0.022218024925915757,1.0308385918222294,0.0011109864118296368,0.0008146194403037161,0.0008230491424401354,223348655.4039,103218109.28489998,1430752.3751,0.03001554267978923,0.03001554267978923,0.031949578234059,1.031949578234059,-0.0004154082493067479,1.0007494810257465,410.42608483465153,20.96098285264256,0.000051308700000000385,0.00001089005453501167
