query_ts,assumedLPToken,equityValue,totalDexYield,totalTradingfee,newTotalTradingFee,liquidity,totalVolume,volume,priceImpact,priceEffect,totalReturn,totalEquityVal,impermanentLoss,tokenPrice,quoteTokenPrice,rewardPrice,rewardTokenPerLP,feePerDollar
2021-09-03T09:00:00.000Z,0.019552233696221204,1,0.0000194516744348727,0.000018660208003968614,-2.3803181647963356e-13,270126225.92179996,2965065.5231,2965065.5231,2.3803181647963356e-13,2.3803181647963356e-13,0.0000194516744348727,1.000019451674435,0,0.9998732947959023,488.0676854390784,23.35887662616664,0.0000425901,0.000018660207360721903
2021-09-03T10:00:00.000Z,0.019552233696221204,0.9999484600851709,0.00003917197631943331,0.00004079035874289908,0.000021216906801568847,269331635.0824,6471334.3508,3506268.8277,-0.00007275682163065955,-0.00007275682163065955,-0.000012367938509657398,0.9999876320614903,-5.716921447351808e-8,1.0001386765807858,487.8671800456298,23.357697117497306,0.00004318260000000001,0.000022131291800409487
2021-09-03T11:00:00.000Z,0.019552233696221204,0.9977329657137466,0.00005812338985725854,0.00006146903181638024,0.000042918929499924374,268344578.7487,9742874.3826,3271540.0318,-0.0023099532157533353,-0.0023099532157533353,-0.0022089108963961523,0.9977910891036038,-0.000001554633121680915,0.999324202249952,486.08240071775236,23.301463116588476,0.000041804,0.000020725658330770146
2021-09-03T12:00:00.000Z,0.019552233696221204,1.000318577152848,0.00007799500524231865,0.00007709500101629696,0.00005867009753801611,269057293.8832,12215193.16,2472318.7774,0.0002599070553099825,0.0002599070553099825,0.00039657215809031724,1.0003965721580903,-2.127231638615612e-7,0.9994810322373361,488.5130725492072,23.461296560319685,0.000042450499999999976,0.000015620992320708212
2021-09-03T13:00:00.000Z,0.019552233696221204,1.0047938587457779,0.00009850509431576584,0.0000939379266593703,0.00007449477703014296,270286217.94189996,14880305.6239,2665112.4639,0.004719363968747725,0.004719363968747725,0.004892363840093634,1.0048923638400937,-0.000010390675971083674,1.0000228731636878,492.6116005971788,23.695303902544584,0.000042590800000000026,0.000016762568299371835
2021-09-03T14:00:00.000Z,0.019552233696221204,1.0043642688374492,0.00011846157650181717,0.00011935125915221969,0.00010260430285735644,270941221.4271,18913011.4317,4032705.8078,0.004261664534591869,0.004261664534591869,0.004482730413951043,1.004482730413951,-0.000005710341307807454,1.0007467166948372,491.80690175826817,23.764909386003314,0.00004232610000000002,0.00002530290458258889
2021-09-03T15:00:00.000Z,0.019552233696221204,1.006098968423016,0.00013823206748125836,0.00014056202475828646,0.00012142319775421129,271554171.1502,22280632.452,3367621.0203,0.005977545225261727,0.005977545225261727,0.006237200490497197,1.0062372004904971,-0.000009820807755689387,1.0014021150316583,493.16596029090726,23.85650977691998,0.000041406299999999956,0.00002108218669689833
2021-09-03T16:00:00.000Z,0.019552233696221204,1.004117632007069,0.00015683791506020944,0.00015972596086941755,0.00014127038294176053,271140717.8282,25324641.4786,3044009.0266,0.003976361624127289,0.003976361624127289,0.00427446992212926,1.0042744699221293,-0.000011913431575139022,0.998961002667437,492.4061449017287,23.681109417951593,0.00004237880000000006,0.000019085349432831636
2021-09-03T17:00:00.000Z,0.019552233696221204,1.004521265179405,0.00017598347176577957,0.00017426879693448807,0.00015503161331453796,271301797.2613,27635076.2388,2310434.7602,0.0043662335660905605,0.0043662335660905605,0.004697248651170878,1.004697248651171,-0.00000708589049192021,1.0004655706217311,492.047560175248,23.682320366434038,0.00004132999999999998,0.000014477379552915604
2021-09-03T18:00:00.000Z,0.019552233696221204,1.0038784527407847,0.0001961599571525592,0.00019387999430186696,0.00017475088589380405,271150852.7342,30750987.1897,3115910.9509,0.003703701854890884,0.003703701854890884,0.004074612697937247,1.0040746126979372,-0.000007087138069405974,0.9998052806627288,491.7231432073128,23.709606951876324,0.00004308619999999998,0.000019535430418588864
2021-09-03T19:00:00.000Z,0.019552233696221204,1.0026162774185647,0.00021532464712655132,0.00020488967526043574,0.00018544867824688005,270803835.97010005,32500212.9554,1749225.7657,0.0024308287403178586,0.0024308287403178586,0.00283160206569129,1.0028316020656913,-0.0000019490565678070837,1.0003268536422247,490.22101505605303,23.62807921028268,0.000042943699999999966,0.000010980951547593034
2021-09-03T20:00:00.000Z,0.019552233696221204,1.0016078364872734,0.00023473284377461268,0.00021582956256560248,0.00019656433462400535,270538932.0912,34238397.8721,1738184.9167,0.0014112721526493566,0.0014112721526493566,0.0018425693310479747,1.001842569331048,-3.838394443400617e-7,1.0004074740023574,489.1849046660439,23.586469587785547,0.000042907100000000015,0.000010922325801869744
2021-09-03T21:00:00.000Z,0.019552233696221204,1.0010001303755827,0.00025400031584881997,0.0002294897384583609,0.00020978604683019597,271406831.16290003,36417080.7678,2178682.8957,0.0007903443287524681,0.0007903443287524681,0.0012541306914314841,1.0012541306914315,-1.2514504899030499e-7,1.0001630421890109,488.697856488412,23.54522558108469,0.00004274450000000001,0.000013646528006758166
2021-09-03T22:00:00.000Z,0.019552233696221204,1.0011098661042925,0.00027269409225736356,0.0002368529747579453,0.00021713214097274225,271442185.5936,37591479.1256,1174398.3578,0.0008927339633197917,0.0008927339633197917,0.0013825601965498976,1.0013825601965498,-5.779017854257162e-7,0.9996905870475428,489.0288642995898,23.453537644335892,0.000042922399999999953,0.000007355073434492242
2021-09-03T23:00:00.000Z,0.019552233696221204,0.9960881391532745,0.00028921421949358426,0.00024984511534767505,0.0002292003022177358,270689916.6728,39668333.882,2076854.7564,-0.0041410611489431925,-0.0041410611489431925,-0.0036226466272318725,0.9963773533727681,-0.000004648054028333348,0.998773338510893,484.5668886896183,23.203347007914765,0.0000428258000000001,0.000013043164404781739
2021-09-04T00:00:00.000Z,0.019552233696221204,0.9994060372335387,0.0003110848757087691,0.00026223861346698737,0.00024234108728227177,271763741.92870003,41650748.5393,1982414.6573,-0.0008363038537435585,-0.0008363038537435585,-0.00028287789075251765,0.9997171221092475,-3.90038169317819e-7,0.9999198556759763,487.2289923375079,23.387828413778593,0.00004279880000000001,0.000012400862946221064
2021-09-04T01:00:00.000Z,0.019552233696221204,1.0035435604357377,0.0003322145010927524,0.00027597377413119415,0.0002579050560529428,272866620.505,43847591.5657,2196843.0264,0.0032856553796847265,0.0032856553796847265,0.0038757749368304216,1.0038757749368303,-0.000005631480657797283,0.9997975352313561,491.31742553246306,23.497904246053807,0.00004280349999999992,0.000013686661776248907
2021-09-04T02:00:00.000Z,0.019552233696221204,1.0005482213187586,0.0003507375488034179,0.0002879467388977214,0.00027098253618174084,272051735.79469997,45762580.5952,1914989.0295,0.00027723878257690515,0.00027723878257690515,0.0008989588675620639,1.000898958867562,-3.357597755382358e-8,1.0004097079809018,488.0765016864646,23.421607858329804,0.0000428037000000002,0.00001196640536271639
2021-09-04T03:00:00.000Z,0.019552233696221204,1.0014145108730952,0.000370358032383708,0.00029881320561013546,0.00027993413972748904,272583199.19079995,47502482.0749,1739901.4797,0.0011345767333676982,0.0011345767333676982,0.0017848689054788952,1.001784868905479,-7.185950534616126e-8,1.000628314748583,488.80670860579966,23.424135011218816,0.00004275739999999992,0.000010851118206370478
2021-09-04T04:00:00.000Z,0.019552233696221204,1.002590091667259,0.0003895378237038508,0.00030781583022755345,0.00028971619194884113,272821256.5194,48943518.5989,1441036.524,0.0023003754753101457,0.0023003754753101457,0.002979629490962838,1.0029796294909628,-5.571900680845232e-7,1.0011160004012136,489.707107142983,23.39957272445292,0.00004277060000000007,0.00000897936664486332
2021-09-04T05:00:00.000Z,0.019552233696221204,1.0011640143985445,0.0004095850698184944,0.0003192381024215799,0.00030014887508511556,272681461.6275,50773530.6927,1830012.0938,0.0008638655234594061,0.0008638655234594061,0.001573599468363016,1.001573599468363,-0.0000011233175175595633,0.9992381910711895,489.2220454755885,23.42775919693537,0.000042740700000000036,0.00001140899179904591
2021-09-04T06:00:00.000Z,0.019552233696221204,1.0000531360907554,0.000426107699624286,0.0003282558917514527,0.0003085605349879561,272544365.5476,52219187.8811,1445657.1884,-0.00025542444423254373,-0.00025542444423254373,0.0004792437903796984,1.0004792437903798,-4.230489014656058e-7,0.9986988410297368,488.3920550215089,23.261828814128357,0.000042705999999999947,0.000009017310687535664
2021-09-04T07:00:00.000Z,0.019552233696221204,1.0042046884957507,0.0004483236484860873,0.0003418167814015017,0.0003235821235738623,275906269.2215,54410875.0795,2191687.1984,0.003881106372176868,0.003881106372176868,0.004653012144236818,1.0046530121442367,-0.000004698957260518277,1.000681505373938,491.4662638359995,23.415919885682108,0.00004235890000000004,0.000013504108651800296
2021-09-04T08:00:00.000Z,0.019552233696221204,1.0026303314214142,0.0004669743691955485,0.0003524805461967403,0.0003338811267061814,275645287.95559996,56135407.3779,1724532.2984,0.002296450294708041,0.002296450294708041,0.003097305790609771,1.0030973057906099,-0.0000031210644344525917,0.9996687306055491,490.4122392091243,23.379222513201455,0.00004233789999999993,0.00001063578822269666
2021-09-04T09:00:00.000Z,0.019552233696221204,1.0024717620611978,0.0004865097584490901,0.0003724137727635427,0.00035347550229780644,275756524.5518,59360798.053799994,3225390.6759,0.0021182865589000066,0.0021182865589000066,0.002958271819646903,1.0029582718196468,-0.00000387814131408426,0.9992046345456032,490.46560631560914,23.38842299213406,0.000042317499999999955,0.00001988407765851431
2021-09-04T10:00:00.000Z,0.019552233696221204,1.0055795941980767,0.0005091967361007804,0.0003828136234635731,0.0003656829698195363,276624939.1802,61043677.65529999,1682879.6015,0.005213911228257206,0.005213911228257206,0.006088790934177523,1.0060887909341776,-0.000009586056855415137,1.0006952794983393,492.76533976702336,23.54282429428184,0.00004230849999999981,0.000010342145328720146
2021-09-04T11:00:00.000Z,0.019552233696221204,1.0023175525225734,0.0005277445422988429,0.0004040790962195219,0.00038537515110470544,275371174.3691,64480359.05389999,3436681.3986,0.0019321773714686685,0.0019321773714686685,0.002845297064872217,1.0028452970648722,-0.000001749193859201803,0.9999332030100879,489.9262198973588,23.500490977342707,0.00004235900000000026,0.00002121630338035695
2021-09-04T12:00:00.000Z,0.019552233696221204,1.0019776111327714,0.0005449119888194335,0.00042070433706873836,0.0004017540949143861,275258531.2429,67166951.60639998,2686592.5525,0.0015758570378570091,0.0015758570378570091,0.0025225231215908286,1.0025225231215908,-0.0000018974726128107022,0.9994999650496093,489.7900236204679,23.40173272147959,0.00004236689999999985,0.00001659242792086142
2021-09-04T13:00:00.000Z,0.019552233696221204,1.017128818065926,0.0005864169251488959,0.00044889875777508117,0.00043604637787519884,277960688.69810003,71699283.33419998,4532331.7278,0.016692771688050723,0.016692771688050723,0.017715234991074816,1.0177152349910747,-0.000153605587947081,0.9989003080019789,504.9895000906982,24.31440463525929,0.000042602499999999814,0.00002771961737952287
2021-09-04T14:00:00.000Z,0.019552233696221204,1.0188787091055376,0.00061195180886046,0.00047703463127284404,0.000465202679655885,280007336.2352,76247680.82559998,4548397.4914,0.018413506425881687,0.018413506425881687,0.019490660914398033,1.019490660914398,-0.0001661477354600871,0.999889088003431,506.1992477122461,24.53097783537909,0.000042347900000000246,0.00002761454695917345
2021-09-04T15:00:00.000Z,0.019552233696221204,1.0124097548709443,0.0006243133620791637,0.0005057700368676575,0.0004913904508998534,276950191.089,80871637.59429999,4623956.7687,0.011918364420044458,0.011918364420044458,0.013034068233023475,1.0130340682330234,-0.00008225073386169957,0.9988955450354733,500.26014248063746,24.218916404178945,0.000042544499999999985,0.000028383177768828103
2021-09-04T16:00:00.000Z,0.019552233696221204,1.0131923567082564,0.0006450260659306245,0.0005245843047418121,0.000511045080336725,277536409.1064,83903199.6044,3031562.0101,0.012681311627919634,0.012681311627919634,0.013837382774186982,1.013837382774187,-0.00007611166441245931,1.0001366001222372,500.3930783380921,24.24121149057751,0.00004248790000000001,0.000018569294867522145
2021-09-04T17:00:00.000Z,0.019552233696221204,1.0102608845833325,0.0006590483810789751,0.0005497903503186843,0.0005337560774365535,276745202.8169,87964848.1942,4061648.5898,0.009727128505895966,0.009727128505895966,0.010919932964411494,1.0109199329644114,-0.000040691033295736645,1.0005321989846425,497.2811569859678,24.01856510649207,0.00004247430000000026,0.00002495003538409427
2021-09-04T18:00:00.000Z,0.019552233696221204,1.0081980580960104,0.0006788486709199486,0.0005713308819430482,0.0005540947076512204,276254593.40610003,91436779.6343,3471931.4401,0.007643963388359154,0.007643963388359154,0.008876906766930323,1.0088769067669303,-0.000025614844679666682,1.000330669531725,495.3311656868145,24.01527682651332,0.00004236059999999988,0.000021365376681695638
2021-09-04T19:00:00.000Z,0.019552233696221204,1.0082720874944846,0.0006967653796651599,0.0005800600881244582,0.000562917195098267,276302688.5216,92843906.32149999,1407126.6872,0.0077091702993863365,0.0077091702993863365,0.008968852874149764,1.0089688528741498,-0.00003145089107059462,0.9996217964839575,495.7465809763051,24.0103142792384,0.00003846370000000004,0.00000865758990996208
2021-09-04T20:00:00.000Z,0.019552233696221204,1.0062621722511407,0.0007140285936208534,0.0005919327675291342,0.0005739763313648005,275809479.147,94758152.73429999,1914246.4128,0.005688195919775874,0.005688195919775874,0.006976200844761527,1.0069762008447616,-0.00001467755309148,1.000127305686924,493.51055344134716,23.920812680489682,0.00004246369999999998,0.000011798792818232244
2021-09-04T21:00:00.000Z,0.019552233696221204,1.0105041075487393,0.0007398142350169243,0.0006019365153923829,0.0005860986205277197,276953384.93410003,96370959.7277,1612806.9934,0.009918008928211597,0.009918008928211597,0.011243921783756241,1.0112439217837563,-0.00004597740982559273,1.0001529554641375,497.65782151270906,24.113353243027586,0.00004250190000000014,0.000009899759446638985
2021-09-04T22:00:00.000Z,0.019552233696221204,1.011711514841287,0.0007622271364489732,0.0006073325819075568,0.0005924286144360913,277766964.9373,97242429.2519,871469.5242,0.011119086226850872,0.011119086226850872,0.012473741977735936,1.0124737419777359,-0.00005999991199789889,0.9999762936935431,498.9303648055701,24.18971291662299,0.000042434899999999996,0.000005333601105064515
2021-09-04T23:00:00.000Z,0.019552233696221204,1.0122238534627963,0.0007820962578972495,0.0006188476118534615,0.000604420681661777,277918685.8854,99102190.9801,1859761.7282,0.011619432781134531,0.011619432781134531,0.013005949720693558,1.0130059497206936,-0.00007015924152797837,0.9995798640397014,499.6223425184953,24.1835046345352,0.00004243440000000008,0.000011375971096969299
2021-09-05T00:00:00.000Z,0.019552233696221204,1.0117420747557484,0.0008012911342540366,0.0006331441034605232,0.0006189968921535005,278058690.3566,101413442.4666,2311251.4865,0.011123077863594899,0.011123077863594899,0.012543365890002435,1.0125433658900025,-0.000054811153990197425,1.000464759739246,498.69070485805634,24.1583877322873,0.00004235660000000007,0.000014130569060837621
2021-09-05T01:00:00.000Z,0.019552233696221204,1.0119735266801266,0.000822910606638382,0.0006460034139954144,0.0006312595916668773,278134619.03239995,103492443.2601,2079000.7935,0.011342267088459757,0.011342267088459757,0.012796437286765015,1.012796437286765,-0.00006162785827390493,1.0000493696402444,499.11416939831037,24.205319538367736,0.00004239210000000005,0.00001270716087499445
2021-09-05T02:00:00.000Z,0.019552233696221204,1.0069166410745356,0.0008355657060354196,0.000657986076669855,0.0006399482900918407,275658702.8947,105422111.2906,1929668.0305,0.00627669278444376,0.00627669278444376,0.00775220678057102,1.007752206780571,-0.00002874126973018143,0.9985496011643885,494.8689535097312,23.992562620630444,0.00004239579999999988,0.000011900352201479766
2021-09-05T03:00:00.000Z,0.019552233696221204,1.0100275881012275,0.0008534968354994265,0.000667167009837689,0.0006512537332414858,277417912.3542,106905445.9484,1483334.6578,0.009376334367986017,0.009376334367986017,0.01088108493672693,1.010881084936727,-0.00003317785949219498,1.001060483498638,496.6734460259167,23.93762442474891,0.00004239950000000006,0.000009089784062106265
2021-09-05T04:00:00.000Z,0.019552233696221204,1.005191752768554,0.0008609252647543337,0.0006770538138359773,0.0006581536454692838,275969617.54300004,108502131.44700001,1596685.4986,0.004533599123084819,0.004533599123084819,0.0060526780333084364,1.0060526780333083,-0.000008538245086953111,1.0002642892913756,492.3106082791264,23.59905076182235,0.00004226200000000003,0.000009835739788265144
2021-09-05T05:00:00.000Z,0.019552233696221204,1.0067030483363855,0.0008822239077791117,0.0006838526240741127,0.0006658279409628154,276387212.3565,109600126.90600002,1097995.459,0.006037220395422649,0.006037220395422649,0.007585272244164576,1.0075852722441645,-0.000014851157185136188,1.0004424373180776,493.6975990109161,23.647696644167844,0.000042226299999999945,0.000006753540673554616
2021-09-05T06:00:00.000Z,0.019552233696221204,1.0049310690992628,0.0008955735362567276,0.0006911986250796939,0.0006720749672490811,276038489.25799996,110787085.02850002,1186958.1225,0.004258994132013694,0.004258994132013694,0.005826642635519502,1.0058266426355196,-0.000006738237004810799,1.0004522972661434,491.9490175387165,23.484755246149952,0.00004231129999999987,0.000007309954541752444
2021-09-05T07:00:00.000Z,0.019552233696221204,1.0058186576095556,0.0009165664509733294,0.0007010671320976892,0.0006823853940396418,276055276.254,112380316.42100002,1593231.3925,0.005136272215515936,0.005136272215515936,0.006735224060528907,1.006735224060529,-0.000010149357835498307,1.0004911052299719,492.7897690376396,23.523162687260918,0.000042459200000000076,0.000009811416771320466
