query_ts,assumedLPToken,equityValue,totalDexYield,totalTradingfee,newTotalTradingFee,liquidity,totalVolume,volume,priceImpact,priceEffect,totalReturn,totalEquityVal,impermanentLoss,tokenPrice,quoteTokenPrice,rewardPrice,rewardTokenPerLP,feePerDollar
2022-05-12T09:00:00.000Z,0.018182414511128082,1,0,0,-6.16839912481737e-13,222570140.2257,0,0,6.16839912481737e-13,6.16839912481737e-13,0,1,0,0.9976381187934855,253.9008567205218,3.920732565320051,0,0
2022-05-12T10:00:00.000Z,0.018182414511128082,1.0015065363935651,0,0,0.0015065363929482878,222570140.2257,0,0,6.16839912481737e-13,6.16839912481737e-13,0.0015065363935651277,1.0015065363935651,0,0.9976381187934855,253.9008567205218,3.920732565320051,0,0
2022-05-12T11:00:00.000Z,0.018182414511128082,0.9990900823464886,0,0,-0.0009099176541282894,222570140.2257,0,0,6.16839912481737e-13,6.16839912481737e-13,-0.0009099176535114495,0.9990900823464886,0,0.9976381187934855,253.9008567205218,3.920732565320051,0,0
2022-05-12T12:00:00.000Z,0.018182414511128082,1.0390038359120428,0,0,0.03900383591142598,222570140.2257,0,0,6.16839912481737e-13,6.16839912481737e-13,0.03900383591204282,1.0390038359120428,0,0.9976381187934855,253.9008567205218,3.920732565320051,0,0
2022-05-12T13:00:00.000Z,0.018182414511128082,1.0550365564577617,0,0,0.05503655645714489,222570140.2257,0,0,6.16839912481737e-13,6.16839912481737e-13,0.05503655645776173,1.0550365564577617,0,0.9976381187934855,253.9008567205218,3.920732565320051,0,0
2022-05-12T14:00:00.000Z,0.018182414511128082,0.7948899096659996,0,0,-0.20511009033461725,170703250.4692,0,0,6.16839912481737e-13,6.16839912481737e-13,-0.2051100903340004,0.7948899096659996,0,0.9976381187934855,253.9008567205218,3.920732565320051,0,0
2022-05-12T15:00:00.000Z,0.018182414511128082,0.786597348574572,0,0,-0.15812298169837813,168986170.6928,0,0,-0.055279669727049896,-0.055279669727049896,-0.21340265142542802,0.786597348574572,-0.0013400444836885184,0.9925950422041959,227.7569415562277,3.3960922157824847,0,0
2022-05-12T16:00:00.000Z,0.018182414511128082,0.909330071165956,0,0,-0.08049461038081951,168812631.6083,0,0,-0.010175318453224502,-0.010175318453224502,-0.09066992883404401,0.909330071165956,-0.0000027220712822684234,0.9897935980181046,250.7316266994933,3.756780326602654,0,0
2022-05-12T17:00:00.000Z,0.018182414511128082,0.9336503076321813,0,0,-0.10524450101661376,173291006.9092,0,0,0.03889480864879502,0.03889480864879502,-0.06634969236781874,0.9336503076321813,-0.0008037946448324895,0.9956938980531577,274.5709002294995,4.068181457473469,0,0
2022-05-12T18:00:00.000Z,0.018182414511128082,0.796875312790429,0,0.00002677599271866141,-0.23736399210682502,147909993.7528,2923504.7056,2923504.7056,0.03423930489725402,0.03423930489725402,-0.203124687209571,0.796875312790429,-0.000553193757957593,0.9980333733060024,271.47773316981124,4.057361071261146,0,0.00003360123189394643
2022-05-12T19:00:00.000Z,0.018182414511128082,0.7892616703727946,0,0.00004764578809519019,-0.23506966603489055,146756527.7085,5206188.2216,2282683.516,0.024331336407685145,0.024331336407685145,-0.2107383296272054,0.7892616703727946,-0.0002794479706628161,0.9980335727992655,266.3011047258989,3.9927099488279327,0,0.000026442176288797825
2022-05-12T20:00:00.000Z,0.018182414511128082,0.7943105895605627,0,0.00007412232917454348,-0.23653951948686958,147975371.7177,8107613.7247,2901425.5031,0.03085010904743224,0.03085010904743224,-0.20568941043943734,0.7943105895605627,-0.00044518856542397067,0.9981760764886515,269.66282918402396,4.041817000966887,0,0.000033332731643207694
2022-05-12T21:00:00.000Z,0.018182414511128082,0.7941311389751151,0,0.00010705476562449564,-0.23644255920614965,148119757.5243,11720844.6504,3613230.9257,0.030573698181264763,0.030573698181264763,-0.20586886102488489,0.7941311389751151,-0.0004443680297715469,0.9979358961784864,269.58310132616685,4.034070377754119,0,0.00004146977200311906
2022-05-12T22:00:00.000Z,0.018182414511128082,0.7890260131893919,0,0.00012951422404635203,-0.23489419452572557,146843929.8879,14179598.3578,2458753.7074,0.023920207715117492,0.023920207715117492,-0.21097398681060808,0.7890260131893919,-0.0002710667610655859,0.9979895590862415,266.0991158935829,3.9675488357965287,0,0.000028464787790485468
2022-05-12T23:00:00.000Z,0.018182414511128082,0.7886240844255014,0,0.0001480622614579186,-0.23474956639120392,147102964.2523,16214767.0519,2035168.6941,0.023373650816705283,0.023373650816705283,-0.21137591557449864,0.7886240844255014,-0.0002538314864701796,0.998207842435723,265.7569831970799,3.9128622528609287,0,0.00002351949056605027
2022-05-13T00:00:00.000Z,0.018182414511128082,0.7926712817379424,0,0.00017469304941429412,-0.23591956806002812,147858247.686,19136816.2958,2922049.2439,0.028590849797970552,0.028590849797970552,-0.20732871826205757,0.7926712817379424,-0.0003906025511203337,0.9978727528943654,268.56372372051885,3.859315100446163,0,0.00003359625717450152
2022-05-13T01:00:00.000Z,0.018182414511128082,0.8032554604076352,0,0.00020228057238510637,-0.2390331378201873,149835097.7524,22163894.6991,3027078.4033,0.042288598227822494,0.042288598227822494,-0.19674453959236482,0.8032554604076352,-0.0008636103220234226,0.9974825626175657,275.8721519598364,3.9456422027734965,0,0.00003434464529875192
2022-05-13T02:00:00.000Z,0.018182414511128082,0.8204124650792686,0,0.00023915343443297652,-0.24409153876156564,152743801.4309,26202108.0675,4038213.3684,0.06450400384083421,0.06450400384083421,-0.17958753492073143,0.8204124650792686,-0.0019608958891398354,0.9974720503073069,287.76042365081935,4.096037312262438,0,0.00004494429667174186
2022-05-13T03:00:00.000Z,0.018182414511128082,0.8367173196829052,0,0.00030574873674334624,-0.24885270984246066,153049143.77830002,33367613.2822,7165505.2147,0.08557002952536585,0.08557002952536585,-0.1632826803170948,0.8367173196829052,-0.0033048442882520623,0.9983297613686718,299.00529039672114,4.166033346074775,0,0.00007959115983448662
2022-05-13T04:00:00.000Z,0.018182414511128082,0.8485855399017189,0,0.00035388394452641535,-0.25231647816750324,154742572.7743,38530922.179000005,5163308.8968,0.10090201806922217,0.10090201806922217,-0.15141446009828108,0.8485855399017189,-0.004520945931353881,0.9984978062323053,307.45914963128774,4.451292796366787,0,0.00005672404799267889
2022-05-13T05:00:00.000Z,0.018182414511128082,0.8395468763657968,0,0.0004148732102481265,-0.24955574666680025,151794220.0208,45017486.994,6486564.815,0.08910262303259708,0.08910262303259708,-0.16045312363420317,0.8395468763657968,-0.003627061202132187,0.9976919134615145,301.1468722604312,4.34501651880506,0,0.00007264545503767519
2022-05-13T06:00:00.000Z,0.018182414511128082,0.8445439186267009,0,0.0004524583374743654,-0.25099190300489604,152751431.3515,49016291.4019,3998804.4079,0.0955358216315969,0.0955358216315969,-0.15545608137329914,0.8445439186267009,-0.004125868249134967,0.9978854936999793,304.6559447676453,4.390110055663898,0,0.00004450346182214838
2022-05-13T07:00:00.000Z,0.018182414511128082,0.8393467069662882,0,0.0004888369778586842,-0.24939794553444938,152712289.92409998,52909701.368,3893409.9661,0.0887446525007376,0.0887446525007376,-0.16065329303371179,0.8393467069662882,-0.003517074871479897,0.9986685254150287,300.65463832985785,4.367587465571477,0,0.000043341612817538316
2022-05-13T08:00:00.000Z,0.018182414511128082,0.833540388132602,0,0.000521367653859357,-0.2476332308849123,151774343.8863,56394004.0906,3484302.7226,0.0811736190175143,0.0811736190175143,-0.166459611867398,0.833540388132602,-0.0029590425869259196,0.9986592383726094,296.49048300973976,4.3247739069061275,0,0.000039027114048059283
2022-05-13T09:00:00.000Z,0.018182414511128082,0.8402464543262442,0,0.0005550475948252419,-0.24957838570506308,153015673.1568,60001880.3764,3607876.2858,0.08982484003130731,0.08982484003130731,-0.15975354567375577,0.8402464543262442,-0.0035971425517080657,0.9987065932767762,301.24003463664593,4.408753106120049,0,0.000040083408185087824
2022-05-13T10:00:00.000Z,0.018182414511128082,0.8405229423869606,0,0.0005781768188497888,-0.2496308961675603,153096988.8151,62480039.6417,2478159.2653,0.09015383855452086,0.09015383855452086,-0.15947705761303943,0.8405229423869606,-0.003637700303515845,0.9985296828250247,301.47534320051125,4.432331886403621,0,0.000027517659123250392
2022-05-13T11:00:00.000Z,0.018182414511128082,0.846965774618218,0,0.0006127552947395018,-0.25149831973069015,154310041.78019997,66185867.5082,3705827.8665,0.09846409434890813,0.09846409434890813,-0.15303422538178202,0.846965774618218,-0.004247562407538874,0.9992159868780174,305.8789272855447,4.486507742970638,0,0.00004082629555647208
2022-05-13T12:00:00.000Z,0.018182414511128082,0.8510371136806187,0,0.0006371478965627326,-0.25267390784629784,155070075.2289,68800367.9321,2614500.4239,0.10371102152691658,0.10371102152691658,-0.14896288631938126,0.8510371136806187,-0.004759235286582508,0.9985578102136626,309.01157455347226,4.572770557892038,0,0.00002866220780553063
2022-05-13T13:00:00.000Z,0.018182414511128082,0.8500920212734796,0,0.000671493886645782,-0.252345335380593,154710894.5312,72477270.171,3676902.2389,0.10243735665407261,0.10243735665407261,-0.1499079787265204,0.8500920212734796,-0.004610162794510542,0.9989518556160017,308.17718603485923,4.6263365364607845,0,0.000040402673806978966
2022-05-13T14:00:00.000Z,0.018182414511128082,0.8498627055507854,0,0.0007158734167082978,-0.2522268913587363,154214031.6283,77214330.2108,4737060.0398,0.10208959690952168,0.10208959690952168,-0.15013729444921464,0.8498627055507854,-0.004584291168998833,0.9989077769386532,307.99638033466647,4.647216335165311,0,0.00005221964553180246
2022-05-13T15:00:00.000Z,0.018182414511128082,0.8531742378046836,0,0.0007514246699567706,-0.25316222842423763,154818070.0475,81009139.02900001,3794808.8182,0.10633646622892123,0.10633646622892123,-0.1468257621953164,0.8531742378046836,-0.004900857484206211,0.9994831146269613,310.19600094558024,4.698601762300025,0,0.00004166939291363536
2022-05-13T16:00:00.000Z,0.018182414511128082,0.8419891910646625,0,0.0007866547472170774,-0.24979486422055486,152777506.6309,84769396.51530002,3760257.4863,0.09178405528521738,0.09178405528521738,-0.15801080893533748,0.8419891910646625,-0.0036468280686766663,0.9999154534065938,301.9586086893393,4.529169803393612,0,0.000041841484834241285
2022-05-13T17:00:00.000Z,0.018182414511128082,0.8299010196302826,0,0.0008233273936075582,-0.2461624891626356,150807762.05969998,88689438.62260002,3920042.1073,0.07606350879291823,0.07606350879291823,-0.17009898036971738,0.8299010196302826,-0.002563215807757757,0.9992693767959729,293.51508779935733,4.377927494375984,0,0.00004418918158716463
2022-05-13T18:00:00.000Z,0.018182414511128082,0.8287892632497864,0,0.000855146186260567,-0.2457938522306362,150880870.3448,92096852.09620002,3407413.4736,0.07458311548042262,0.07458311548042262,-0.1712107367502136,0.8287892632497864,-0.002489422362370486,0.9989344431918472,292.80617947917233,4.359286817949855,0,0.00003839189747436156
2022-05-13T19:00:00.000Z,0.018182414511128082,0.8335010522479561,0,0.0008826638869414151,-0.24715293207423172,152122248.93219998,95051119.47200002,2954267.3758,0.08065398432218784,0.08065398432218784,-0.16649894775204388,0.8335010522479561,-0.0029558126096927984,0.9982213395907983,296.33549158912217,4.407979979327168,0,0.000033014595656539303
2022-05-13T20:00:00.000Z,0.018182414511128082,0.8325647901558796,0,0.0008945747321272923,-0.2468612906338793,151967374.0512,96329988.15070002,1278868.6787,0.07942608078975888,0.07942608078975888,-0.16743520984412041,0.8325647901558796,-0.0028147497950214984,0.9989472254564605,295.4476026796777,4.410937026688637,0,0.000014306207285371149
2022-05-13T21:00:00.000Z,0.018182414511128082,0.8314735321058497,0,0.0009067162885161768,-0.24652165488799516,151777261.41939998,97633706.25570002,1303718.105,0.07799518699384489,0.07799518699384489,-0.16852646789415027,0.8314735321058497,-0.0026914135807453166,0.9992884139512531,294.56421972141646,4.384918255985998,0,0.000014602455979066129
2022-05-13T22:00:00.000Z,0.018182414511128082,0.837045863305435,0,0.0009155512328216209,-0.24816364323687745,152791599.9231,98582354.21150002,948647.9558,0.08520950654231241,0.08520950654231241,-0.16295413669456504,0.837045863305435,-0.0032196214629960362,0.9990560660971144,298.58949142468657,4.435810389221369,0,0.000010554909600211481
2022-05-13T23:00:00.000Z,0.018182414511128082,0.8329604067345674,0,0.0009264198474617887,-0.24693558838546525,152038715.20220003,99749311.87340002,1166957.6619,0.07989599512003265,0.07989599512003265,-0.1670395932654326,0.8329604067345674,-0.002864620665913753,0.9987186180884213,295.7725843893665,4.400036343072979,0,0.000013048176726511127
2022-05-14T00:00:00.000Z,0.018182414511128082,0.8253576896607062,0,0.0009427361189507745,-0.2446635778967936,150641606.3396,101501072.32110001,1751760.4477,0.07002126755749982,0.07002126755749982,-0.17464231033929378,0.8253576896607062,-0.0022181134509414724,0.9986481122037889,290.4086414355495,4.324965923584967,0,0.000019768726804310225
2022-05-14T01:00:00.000Z,0.018182414511128082,0.8316713694906932,0,0.0009653397657379456,-0.2465020881411939,174986456.1545,104298650.68770002,2797578.3666,0.0781734576318871,0.0781734576318871,-0.1683286305093068,0.8316713694906932,-0.002719533309764155,0.9990703801181379,294.7259593437606,4.334942957788539,0,0.000027178579003971077
2022-05-14T02:00:00.000Z,0.018182414511128082,0.8366244841963582,0,0.0009787112151909505,-0.24795250426589144,176028691.3356,105953591.39310002,1654940.7054,0.08457698846224959,0.08457698846224959,-0.16337551580364185,0.8366244841963582,-0.003192058602398462,0.9988189017650976,298.31234093676403,4.381184483707753,0,0.000015982617253094463
2022-05-14T03:00:00.000Z,0.018182414511128082,0.8306933087241077,0,0.0010031213139516655,-0.24616259523925832,174783190.00300002,108974791.89620002,3021200.5031,0.07685590396336606,0.07685590396336606,-0.16930669127589226,0.8306933087241077,-0.0026419777429946834,0.9989105367404636,294.0531213527155,4.323177143975589,0,0.000029385210644008974
2022-05-14T04:00:00.000Z,0.018182414511128082,0.8288360052009657,0,0.001015645819263776,-0.24559659146602864,174355397.254,110524601.86680001,1549809.9706,0.07443259666699431,0.07443259666699431,-0.17116399479903432,0.8288360052009657,-0.0024860840616842683,0.9988419388543448,292.75126708363257,4.2854231905085856,0,0.000015110957225957374
2022-05-14T05:00:00.000Z,0.018182414511128082,0.8184607725168094,0,0.001038830423286441,-0.2424877372049219,173228205.5812,113411101.55160001,2886499.6848,0.06094850972173127,0.06094850972173127,-0.18153922748319062,0.8184607725168094,-0.0016647761238571812,0.9990567577216029,285.3879642150211,4.166934203682907,0,0.00002832708130697481
2022-05-14T06:00:00.000Z,0.018182414511128082,0.8247101373720013,0,0.0010711979284810495,-0.24430053644147043,175425918.5478,117461080.2378,4049978.6862,0.0690106738134717,0.0690106738134717,-0.17528986262799873,0.8247101373720013,-0.002171230969608806,0.9984131436545295,289.9285573132524,4.223905528784221,0,0.000039247129634746574
2022-05-14T07:00:00.000Z,0.018182414511128082,0.8272094260358078,0,0.0010808616272399109,-0.2450295725382161,175973859.2916,118670361.0593,1209280.8215,0.07223899857402394,0.07223899857402394,-0.17279057396419217,0.8272094260358078,-0.0023306508991798314,0.9990446382666087,291.49795051535415,4.239468087339287,0,0.000011682288521861902
