query_ts,assumedLPToken,equityValue,totalDexYield,totalTradingfee,newTotalTradingFee,liquidity,totalVolume,volume,priceImpact,priceEffect,totalReturn,totalEquityVal,impermanentLoss,tokenPrice,quoteTokenPrice,rewardPrice,rewardTokenPerLP,feePerDollar
2021-07-19T09:00:00.000Z,0.02558658126589821,1,0.000021677104376567508,0.000015512514791614945,4.0800696154974503e-13,142092854.02830002,1296598.4403,1296598.4403,-4.0800696154974503e-13,-4.0800696154974503e-13,0.000021677104376567508,1.0000216771043766,0,0.9997181710473496,298.4179066666966,12.69216721228448,0.0000667503,0.00001551251372620748
2021-07-19T10:00:00.000Z,0.02558658126589821,0.9976147563198499,0.000043006532386917,0.00003243701995307222,0.000016166270893513968,141951084.2245,2713184.3355,1416585.8952,-0.0024014099510436537,-0.0024014099510436537,-0.0023422371477632227,0.9976577628522367,-0.0000014235159606634795,0.9990016480557408,297.19939034174047,12.599103410072145,0.0000666579,0.000016964970961626214
2021-07-19T11:00:00.000Z,0.02558658126589821,0.9956111605071698,0.00006520602426863201,0.00004759505824782941,0.00003355757777101509,141139213.0634,3977198.7457,1264014.4102,-0.004422397070601214,-0.004422397070601214,-0.004323633468561567,0.9956763665314384,-0.000011623036878627424,1.000107373876554,295.6691903251625,12.722091630074674,0.00006690839999999999,0.000015224858143248568
2021-07-19T12:00:00.000Z,0.02558658126589821,0.9967897578968465,0.00008705364090573318,0.00006181369800469977,0.00004726964882451057,141309688.2919,5162906.1076,1185707.3619,-0.0032575117519779706,-0.0032575117519779706,-0.003123188462247727,0.9968768115377523,-0.000008547365849209676,1.00059006865165,296.2185285831184,12.732071087913635,0.00006690749999999998,0.000014264432535341893
2021-07-19T13:00:00.000Z,0.02558658126589821,0.9733861217922629,0.00010436400477676727,0.00012316516930151487,0.00010600298848939538,133973225.7417,10130074.9161,4967168.8085,-0.02671988119622648,-0.02671988119622648,-0.026509514202960317,0.9734904857970397,-0.0003800480096006753,1.0002090126091427,282.5448568623498,12.134016563371523,0.00006892649999999998,0.00006302891437973113
2021-07-19T14:00:00.000Z,0.02558658126589821,0.96867568206481,0.00012469879619132052,0.00016763533837934014,0.00014961070878294347,133061063.4947,13723366.520799998,3593291.6047,-0.031473928643972915,-0.031473928643972915,-0.03119961913899865,0.9688003808610014,-0.0004926380969824118,0.9991341838201767,280.09237056528326,12.027145267469566,0.00006906619999999998,0.000045908213624290724
2021-07-19T15:00:00.000Z,0.02558658126589821,0.9776260770318561,0.00014867107989547266,0.00021447360184380306,0.00019987808798738183,134549683.1078,17515309.2631,3791942.7423,-0.02257380105613127,-0.02257380105613127,-0.022225251888248417,0.9777747481117516,-0.00028577837399668127,1.0007960585448936,284.79006231874433,12.254563262797575,0.0000689339,0.00004791020322764551
2021-07-19T16:00:00.000Z,0.02558658126589821,0.9763448199710484,0.00016925979457958274,0.00024292189382212065,0.0002281031491505603,136493736.4801,19854775.3639,2339466.1008,-0.023883283178102177,-0.023883283178102177,-0.023485920234372033,0.976514079765628,-0.00029280486097993386,0.9997473777725469,284.3254222915795,12.215675935427955,0.00006738119999999998,0.000029137544871444244
2021-07-19T17:00:00.000Z,0.02558658126589821,0.9771466649738486,0.0001903760693177696,0.0002600581816753739,0.0002438901920033265,136576925.42099997,21263692.3074,1408916.9435,-0.023097225218154716,-0.023097225218154716,-0.02266295895683362,0.9773370410431664,-0.00028100263147023963,1.0000594135258087,284.6946786887831,12.20938319592552,0.00006787360000000005,0.000017537067821426604
2021-07-19T18:00:00.000Z,0.02558658126589821,0.9749313639685685,0.00020995104100324948,0.0002781513667294417,0.00026154947078016466,136486652.82209998,22753678.5016,1489986.1942,-0.025330185502211666,-0.025330185502211666,-0.024858684990428252,0.9751413150095718,-0.00029395261494058467,0.9983127665835037,283.8905086542707,12.12849101679533,0.00006714309999999997,0.00001855841928691403
2021-07-19T19:00:00.000Z,0.02558658126589821,0.972979697002746,0.00022996445173084523,0.00029154714459145894,0.0002744220526227359,136208654.152,23856791.2819,1103112.7803,-0.027294725049876734,-0.027294725049876734,-0.02679033854552315,0.9732096614544768,-0.00039565752211467853,1.0001789623926542,282.21967813824926,12.0751179719295,0.00006776690000000005,0.000013767786916221167
2021-07-19T20:00:00.000Z,0.02558658126589821,0.9731191080545486,0.0002505885387742282,0.0003023558248418093,0.0002854687522585442,135938311.1836,24744968.4401,888177.1582,-0.027166360697709946,-0.027166360697709946,-0.026630303406677172,0.9733696965933228,-0.0003842743884854283,0.9999030997270256,282.37205201649795,12.057908971539272,0.00006791060000000002,0.0000111072526633107
2021-07-19T21:00:00.000Z,0.02558658126589821,0.9731120289869645,0.0002704968585047501,0.0003205313398384164,0.00030372819463564404,135948284.8581,26238617.8897,1493649.4496,-0.02719169920767117,-0.02719169920767117,-0.02661747415453078,0.9733825258454692,-0.0003602066946732929,0.9989949488150467,282.614023889784,12.01318490627249,0.0000677924000000002,0.000018677720480036716
2021-07-19T22:00:00.000Z,0.02558658126589821,0.9723542905960676,0.00029176153116424597,0.00033265681814166745,0.0003202280928069623,135842691.1891,27235082.0955,996464.2058,-0.027965937496739368,-0.027965937496739368,-0.02735394787276816,0.9726460521272319,-0.00041680536775534627,1.000231059987232,281.81564349457483,12.029352424292014,0.00006790549999999985,0.000012470226664619593
2021-07-19T23:00:00.000Z,0.02558658126589821,0.9745536047804231,0.0003139308715641975,0.00034215291189039346,0.0003264256824959677,136152338.5475,28015478.846499998,780396.751,-0.02577282090207289,-0.02577282090207289,-0.025132464348012726,0.9748675356519872,-0.0003640942165821226,1.000596611659254,282.9853288602652,12.07817052887377,0.00006790499999999994,0.000009744044728524128
2021-07-20T00:00:00.000Z,0.02558658126589821,0.9688979896100277,0.000332957001395972,0.0003620414612960431,0.0003499901642081138,135361971.6495,29649933.303499997,1634454.457,-0.031452000554180404,-0.031452000554180404,-0.030769053388576318,0.9692309466114237,-0.0005000175253765393,0.9993910014315256,280.03307392649333,12.00751314963076,0.00006790530000000003,0.000020526980680325093
2021-07-20T01:00:00.000Z,0.02558658126589821,0.9708207126513234,0.00035725092642462347,0.0003920513202396253,0.0003768172635051359,135636367.4779,32116268.844999995,2466335.5415,-0.02955610461218172,-0.02955610461218172,-0.02882203642225196,0.971177963577748,-0.0004487757277022997,0.999681260894954,281.04882834847416,12.123977319436799,0.00006790370000000004,0.00003091184538861343
2021-07-20T02:00:00.000Z,0.02558658126589821,0.9560328955971444,0.0003647379806157896,0.0004296462290877905,0.000407749692721171,133382969.6417,35201641.71129999,3085372.8663,-0.04437485409557673,-0.04437485409557673,-0.043602366422239774,0.9563976335777602,-0.001123218986401442,1.0017489103057695,271.9685745316706,11.687915636660064,0.00006800199999999994,0.00003932386485920759
2021-07-20T03:00:00.000Z,0.02558658126589821,0.945003536686837,0.0003766023732867733,0.0004925367562756725,0.0004645452582427989,131542380.7556,40351183.42639999,5149541.7151,-0.05546100857140579,-0.05546100857140579,-0.05461986093987622,0.9453801390601237,-0.001645626954015711,1.000068653172451,266.14139705320446,11.429363170985948,0.00006816100000000011,0.00006655057377998168
2021-07-20T04:00:00.000Z,0.02558658126589821,0.9331678668995114,0.0003866211940298453,0.0005858829706750882,0.0005511625730925118,129930743.8668,47996578.607099995,7645395.1807,-0.06738329567358115,-0.06738329567358115,-0.06644551190645878,0.9335544880935412,-0.0024031389113712276,0.9993542063061048,259.6506419610442,11.147014330895432,0.00006774680000000003,0.00010003153541947086
2021-07-20T05:00:00.000Z,0.02558658126589821,0.94065855138661,0.0004109162148581983,0.0006422711134407562,0.0006124546390607888,130772776.8283,52607887.3503,4611308.7432,-0.05995390325245076,-0.05995390325245076,-0.05893053239853177,0.9410694676014683,-0.001956476403392249,1.000496546251984,263.5027625861507,11.282256341423986,0.00006791150000000012,0.000059945388127168266
2021-07-20T06:00:00.000Z,0.02558658126589821,0.9420914123367575,0.00043022133390084615,0.000660320499385013,0.0006314597155109292,130704979.8875,54080920.8662,1473033.5159,-0.0585400473787534,-0.0585400473787534,-0.057478366329341626,0.9425216336706583,-0.0018342268349332835,1.000008769261524,264.4249062189883,11.270772348544256,0.0000683935999999999,0.000019158849029205853
2021-07-20T07:00:00.000Z,0.02558658126589821,0.9428575169717064,0.00045645773545694655,0.0006774704811765598,0.0006503015992358474,130771257.9511,55480124.604,1399203.7378,-0.05779278462752946,-0.05779278462752946,-0.056686025292836666,0.9433139747071634,-0.0017743342192629852,0.999802888631182,264.8993726729892,11.433712585455153,0.00006842169999999997,0.00001818936662022063
2021-07-20T08:00:00.000Z,0.02558658126589821,0.9460780113032583,0.00048269793310697285,0.0006971070769578259,0.0006710452559226532,130727836.7715,57076218.427700005,1596093.8237,-0.05459303395266435,-0.05459303395266435,-0.053439290763634725,0.9465607092363653,-0.0015692974169100316,0.9996382370640576,266.7455614284447,11.58121125406048,0.00006868080000000012,0.00002075578979427846
2021-07-20T09:00:00.000Z,0.02558658126589821,0.9377186593015578,0.0004906083150103933,0.0007173746429504254,0.0006861644375593112,129438046.726,58721885.83800001,1645667.4103,-0.06296750513600147,-0.06296750513600147,-0.06179073238343176,0.9382092676165682,-0.002184095845261691,1.0008336892445404,261.7277992545892,11.294311197541633,0.00006875219999999998,0.00002161369603662324
2021-07-20T10:00:00.000Z,0.02558658126589821,0.9280126645493955,0.0004929498682186979,0.0007756257779606192,0.0007442955639404003,131687667.45169999,63584241.04010001,4862355.2021,-0.07273163101454494,-0.07273163101454494,-0.07149438558238584,0.9285056144176141,-0.0028180848535254155,0.999368818865324,256.67735853457754,10.918161390001988,0.00006687090000000001,0.00006276976427273861
2021-07-20T11:00:00.000Z,0.02558658126589821,0.9340545609563574,0.0005147141897621384,0.0008488838471512461,0.0008199394314184483,130963064.4096,69626274.61050001,6042033.5704,-0.06676537847506103,-0.06676537847506103,-0.06543072485388045,0.9345692751461195,-0.002378623850968209,0.9996608167470282,259.91508151705006,10.979412558354992,0.00006762950000000005,0.00007843018270827106
2021-07-20T12:00:00.000Z,0.02558658126589821,0.940921385095716,0.00054140881021276,0.0008751013602486058,0.000848976361418341,131939991.20670001,71788822.16110002,2162547.5506,-0.05992759126570235,-0.05992759126570235,-0.05853720609407125,0.9414627939059288,-0.001891006797781647,0.9994664902780115,263.78909641260634,11.137763595640616,0.00006762340000000005,0.00002786365833737689
2021-07-20T13:00:00.000Z,0.02558658126589821,0.9449897584381998,0.0005653142697071223,0.0008991355729252045,0.0008784696699997152,132486762.7315,73770925.88620001,1982103.7251,-0.05588871123179995,-0.05588871123179995,-0.05444492729209311,0.9455550727079068,-0.0017543256776997307,1.0014852212191245,265.5243178497164,11.23199153359332,0.0000672436,0.000025433305661629324
2021-07-20T14:00:00.000Z,0.02558658126589821,0.9372459163296668,0.000578543519575179,0.0009262294903973743,0.0009001061652521569,131381862.47900002,76005036.8111,2234110.9249,-0.06365418983558535,-0.06365418983558535,-0.06217554015075801,0.937824459849242,-0.002128315646708012,0.9992487989162707,261.7588498002936,11.112670428424668,0.00006764819999999992,0.000028908012876869267
2021-07-20T15:00:00.000Z,0.02558658126589821,0.9418460572486101,0.0006019495247681202,0.0009585650518797529,0.0009351647999183976,132096505.6631,78672773.09,2667736.2789,-0.05908910755130825,-0.05908910755130825,-0.05755199322662173,0.9424480067733783,-0.0018603827626386682,0.9998567212824077,264.1567346818262,11.190398241307859,0.00006761349999999994,0.0000343321093269226
2021-07-20T16:00:00.000Z,0.02558658126589821,0.9520647666343977,0.000634998453382475,0.0009854052579294063,0.0009724905325786404,133287730.13990001,80883120.8854,2210347.7954,-0.04890772389818099,-0.04890772389818099,-0.04730023491221987,0.9526997650877801,-0.0013186543757471858,1.0009573735667439,269.6076381706949,11.436305863241683,0.00006773780000000002,0.000028191576585751727
2021-07-20T17:00:00.000Z,0.02558658126589821,0.9461017446561191,0.0006466256128679141,0.0010039742459313785,0.000986541000751573,132456949.6351,82412362.934,1529242.0486,-0.0548847963446325,-0.0548847963446325,-0.053251629731013016,0.946748370268987,-0.0016161900423256048,1.000162044684811,266.44133143424483,11.293202627330471,0.00006773709999999988,0.000019626840945543695
2021-07-20T18:00:00.000Z,0.02558658126589821,0.944385323256644,0.0006633252131179833,0.0010159853240711315,0.000996182289344838,132222587.5056,83401575.211,989212.277,-0.0566108590327008,-0.0566108590327008,-0.05495135153023798,0.945048648469762,-0.0017063131491366068,0.9999009843628414,265.5383274778921,11.244506870027008,0.00006773460000000033,0.000012718408424950667
2021-07-20T19:00:00.000Z,0.02558658126589821,0.9485056052095581,0.0006887454682088684,0.001024155221815658,0.0010092552821645562,136805696.6282,84094732.7083,693157.4973,-0.05250365007260649,-0.05250365007260649,-0.05080564932223307,0.9491943506777669,-0.0014681371855984615,1.0000065166263656,267.8272281349671,11.351738343557027,0.00006574079999999953,0.000008613440627494315
2021-07-20T20:00:00.000Z,0.02558658126589821,0.9500902192597527,0.0007101281733139918,0.001031373966546864,0.0010172444713827389,136955600.64110002,84706840.14989999,612107.4416,-0.05092702521163006,-0.05092702521163006,-0.04919965256693333,0.9508003474330666,-0.0013604736281596086,0.9996409039856112,268.81757606586126,11.38825472477514,0.00006577910000000019,0.00000759795616863385
2021-07-20T21:00:00.000Z,0.02558658126589821,0.9518038879371169,0.0007319500110456006,0.0010401954726391726,0.0010281943887948675,137209713.4976,85454891.0737,748050.9238,-0.04922430645167797,-0.04922430645167797,-0.0474641620518375,0.9525358379481625,-0.001293209170194709,1.0001252992056422,269.65233992113286,11.42972307709223,0.00006577599999999995,0.00000926819638379497
2021-07-20T22:00:00.000Z,0.02558658126589821,0.9460806688765493,0.0007432770920209797,0.0010520034470554952,0.0010327577032308577,132397736.7643,86426919.2119,972028.1382,-0.05495208882668157,-0.05495208882668157,-0.05317605403142973,0.9468239459685702,-0.0015978241955466599,0.9997662460836998,266.50885812465503,11.300624531757583,0.00006776700000000017,0.000012480937177058825
2021-07-20T23:00:00.000Z,0.02558658126589821,0.9393172847299666,0.0007525658245341766,0.0010723551698725363,0.0010500890123826823,131435020.7258,88102058.8562,1675139.6443,-0.06173280428241612,-0.06173280428241612,-0.059930149445499264,0.9400698505545008,-0.002204878808032662,1.0024677574817875,261.99024279521285,11.147926013650663,0.00006777580000000021,0.000021666503946851086
2021-07-21T00:00:00.000Z,0.02558658126589821,0.9430541158953415,0.0007790496995376871,0.0010836771092671061,0.001062170569310683,131971080.29550001,89034054.87189999,931996.0157,-0.05800805467396919,-0.05800805467396919,-0.05616683440512082,0.9438331655948792,-0.0017493947051366865,0.9991536646296744,264.9503872154268,11.25123808689015,0.00006776960000000024,0.000012005609283051576
2021-07-21T01:00:00.000Z,0.02558658126589821,0.9386020191940272,0.0007915587180667896,0.0010991285130680256,0.0010721462815233007,131301747.24630001,90305530.51339999,1271475.6415,-0.06247012708749611,-0.06247012708749611,-0.060606422087906016,0.939393577912094,-0.0020690896688967397,0.999595771135545,262.3301966901146,11.15250558769363,0.00006779420000000014,0.000016462146436599757
2021-07-21T02:00:00.000Z,0.02558658126589821,0.9422051683683068,0.0008119517763052964,0.001113808535175599,0.0010909711703557257,131801701.45230001,91513492.72089998,1207962.2075,-0.058885802802048914,-0.058885802802048914,-0.05698287985538789,0.9430171201446121,-0.0018245610340251739,0.9994814182600285,264.37013403172926,11.166933752664082,0.00006778930000000021,0.0000155804950173059
2021-07-21T03:00:00.000Z,0.02558658126589821,0.9496560190388195,0.0008458420774286031,0.0011327490889520564,0.001118664579845774,132768631.85790001,93071153.66129999,1557660.9404,-0.05146264554102631,-0.05146264554102631,-0.04949813888375193,0.950501861116248,-0.0013980203781673861,0.9997924762521113,268.4735332981913,11.361760924782034,0.00006784919999999998,0.00001994464778031406
2021-07-21T04:00:00.000Z,0.02558658126589821,0.9523896265764458,0.0008756575429129111,0.001142691561080231,0.001131469269896268,133209302.25809999,93889176.4001,818022.7388,-0.0487418426934505,-0.0487418426934505,-0.04673471588064132,0.9532652841193587,-0.0012408875954311727,0.999591616856471,270.07018897231046,11.494288804564185,0.0000678315999999999,0.000010439501088787064
2021-07-21T05:00:00.000Z,0.02558658126589821,0.9666806806031124,0.0009269316269392609,0.0011762124567609661,0.0011846239809584214,135228097.3763,96647534.1281,2758357.728,-0.034503943377846014,-0.034503943377846014,-0.03239238776994833,0.9676076122300517,-0.0006035743595186327,0.999357863143552,278.28028552563194,11.896349853362327,0.00006782250000000019,0.00003467628568751739
2021-07-21T06:00:00.000Z,0.02558658126589821,0.9694824836643119,0.000960593981082556,0.0011963078941454154,0.0012061019924707317,135946474.68620002,98305121.9021,1657587.774,-0.03172361832815884,-0.03172361832815884,-0.029556922354605556,0.9704430776453944,-0.0005744901125087631,1.0013861045690102,279.3184234100318,12.060420708637675,0.00006765849999999996,0.000020728005064525925
2021-07-21T07:00:00.000Z,0.02558658126589821,0.9760748247262481,0.0009956998061064063,0.001218108132177056,0.0012373009968685844,136973385.7713,100104677.92809999,1799556.026,-0.025162476270620515,-0.025162476270620515,-0.022929475467645524,0.9770705245323544,-0.0003419839895378862,1.0003902521534518,283.3984625909777,12.235437931406299,0.00006760929999999962,0.000022334596074801876
