query_ts,assumedLPToken,equityValue,totalDexYield,totalTradingfee,newTotalTradingFee,liquidity,totalVolume,volume,priceImpact,priceEffect,totalReturn,totalEquityVal,impermanentLoss,tokenPrice,quoteTokenPrice,rewardPrice,rewardTokenPerLP,feePerDollar
2022-05-16T09:00:00.000Z,0.021777315126947795,1,0,0.000013517355895549025,8.959499808725013e-13,203923932.6972,1621477.8451,1621477.8451,-8.959499808725013e-13,-8.959499808725013e-13,0,1,0,0.999384064891254,296.30166032493423,4.466322218929593,0,0.000013517355713039603
2022-05-16T10:00:00.000Z,0.021777315126947795,0.9961479632859976,0,0.00003289110439647257,0.00001769958665887028,203134562.8684,3945416.7836,2323938.9385,-0.0038697363006612306,-0.0038697363006612306,-0.0038520367140023604,0.9961479632859976,-0.000008087079146679166,0.9995284676480394,293.9704025200645,4.4716780149959465,0,0.000019448665651297582
2022-05-16T11:00:00.000Z,0.021777315126947795,1.00551608223234,0,0.000055869525561932045,0.000040719994765403555,205118748.4451,6702739.4626,2757322.679,0.005475362237574499,0.005475362237574499,0.005516082232339903,1.00551608223234,-0.000012539253318455401,0.9998364447625315,299.4197262340568,4.546998669677298,0,0.000022852365226646236
2022-05-16T12:00:00.000Z,0.021777315126947795,1.0036316610690441,0,0.0000751801808254698,0.00006086823584339207,204609423.2161,9018530.4261,2315790.9635,0.00357079283320072,0.00357079283320072,0.003631661069044112,1.0036316610690441,-0.0000051055889628282,0.9997528381887897,298.31142494009555,4.520755868695213,0,0.000019240778728905695
2022-05-16T13:00:00.000Z,0.021777315126947795,1.0047684403464203,0,0.00010201561276130417,0.00008854632163401988,218716623.49699998,12454706.967400001,3436176.5413,0.004679894024786302,0.004679894024786302,0.004768440346420322,1.0047684403464203,-0.000008970086810888844,0.9998172691469233,298.9518834430678,4.524235242325268,0,0.000026708075622290892
2022-05-16T14:00:00.000Z,0.021777315126947795,0.9983338565879648,0,0.00013248260363493022,0.00011982281283640095,217340953.92790002,16356340.054800002,3901633.0874,-0.0017859662248715935,-0.0017859662248715935,-0.0016661434120351926,0.9983338565879648,-0.0000015432760364086917,0.9993533810208868,295.2533010136655,4.4585731931479975,0,0.000030517839039117934
2022-05-16T15:00:00.000Z,0.021777315126947795,0.9975701566303485,0,0.0001539059154381004,0.00014172597903694406,217143862.8355,19099441.170100003,2743101.1153,-0.0025715693486884073,-0.0025715693486884073,-0.002429843369651463,0.9975701566303485,-0.0000036441905014727993,0.999508818550962,294.74290630553287,4.426412440726636,0,0.0000214754947946317
2022-05-16T16:00:00.000Z,0.021777315126947795,0.9989333432679192,0,0.00017261318227595278,0.0001605953793745174,217418782.6087,21494531.996900003,2395090.8268,-0.001227252111455357,-0.001227252111455357,-0.0010666567320808396,0.9989333432679192,-7.471618433951832e-7,0.9993784882529171,295.57648226204674,4.43069454663212,0,0.00001872724314204247
2022-05-16T17:00:00.000Z,0.021777315126947795,0.9940971330666661,0,0.00018992453192509385,0.00017488886498606693,216188721.7317,23709085.785500005,2214553.7886,-0.006077755798319928,-0.006077755798319928,-0.005902866933333861,0.9940971330666661,-0.000016551326840419378,0.9990415644283714,292.8112569785594,4.378371583685869,0,0.00001741414358003474
2022-05-16T18:00:00.000Z,0.021777315126947795,1.0013640386271148,0,0.00020244086522032306,0.00018899040501030306,217830933.6722,25310691.950000003,1601606.1645,0.0011750482221044578,0.0011750482221044578,0.0013640386271147609,1.0013640386271148,-9.685252836399982e-7,0.9991668006210909,297.0629878697943,4.5096645586326325,0,0.000012499282970284032
2022-05-16T19:00:00.000Z,0.021777315126947795,1.0052479640596534,0,0.00021479207855679673,0.00020213885064568338,218681163.5918,26891207.958200004,1580516.0082,0.005045825209007759,0.005045825209007759,0.005247964059653443,1.0052479640596534,-0.000013946766442063385,0.9991359228151552,299.373710042572,4.528377898744809,0,0.000012286733661960225
2022-05-16T20:00:00.000Z,0.021777315126947795,1.0018268383902198,0,0.00022438457210122983,0.0002130602763799061,217935632.0826,28118698.539000005,1227490.5808,0.0016137781138398921,0.0016137781138398921,0.0018268383902197982,1.0018268383902198,-0.000002741342764012167,0.9986557406397152,297.4755544374075,4.497561397773312,0,0.000009575001423214286
2022-05-16T21:00:00.000Z,0.021777315126947795,1.0017235895085033,0,0.00023804485687142004,0.00023044581248310436,217914351.688,29866728.113200005,1748029.5742,0.0014931436960201605,0.0014931436960201605,0.0017235895085032649,1.0017235895085033,-0.0000012591748695944815,0.9992892261602578,297.2153677366948,4.499479105519468,0,0.00001363678093306436
2022-05-16T22:00:00.000Z,0.021777315126947795,1.006117346714303,0,0.00024861988625336166,0.00023595814221066824,218870088.41619998,31219954.503100004,1353226.3899,0.005881388572092305,0.005881388572092305,0.006117346714302974,1.006117346714303,-0.000019219354451815995,0.9990485432427395,299.89792427542176,4.539842672848681,0,0.000010510732094444233
2022-05-16T23:00:00.000Z,0.021777315126947795,1.0036132370880546,0,0.0002614230050114976,0.00025059170383023854,218326412.4937,32858304.616200004,1638350.1131,0.003362645384224372,0.003362645384224372,0.0036132370880546105,1.0036132370880546,-0.000006352899385997368,0.9991766897007004,298.3596360622195,4.527592672028205,0,0.00001275702357977585
2022-05-17T00:00:00.000Z,0.021777315126947795,1.0017387106264608,0,0.00027019863582098194,0.00025640415514560644,217951280.2689,33981445.90840001,1123141.2922,0.0014823064713151979,0.0014823064713151979,0.0017387106264608043,1.0017387106264608,-0.0000015529892001264756,0.9991031067546458,297.2643014043028,4.513800453590568,0,0.000008760399087283766
2022-05-17T01:00:00.000Z,0.021777315126947795,1.0091881680262202,0,0.0002917400525372801,0.0002805672239956092,219575518.3705,36738448.102800004,2757002.1944,0.008907600802224636,0.008907600802224636,0.009188168026220245,1.0091881680262202,-0.00004612242904533659,0.9986483483315176,301.82603957279173,4.636053612323042,0,0.00002134529279612843
2022-05-17T02:00:00.000Z,0.021777315126947795,1.0069446090231613,0,0.00031183140930399834,0.0003022606347298229,219075745.07889998,39309726.3941,2571278.2913,0.006642348388431474,0.006642348388431474,0.006944609023161297,1.0069446090231613,-0.000024094805436969402,0.9990627563870594,300.3475748083056,4.601068826590497,0,0.000019952793467098444
2022-05-17T03:00:00.000Z,0.021777315126947795,1.0076151415063965,0,0.00033553794628980125,0.000328497327312105,219211550.539,42343533.3364,3033806.9423,0.007286644179084423,0.007286644179084423,0.007615141506396528,1.0076151415063965,-0.00003216544448347847,0.9986242857422777,300.8642132929211,4.611229725124884,0,0.000023527372482101177
2022-05-17T04:00:00.000Z,0.021777315126947795,1.0174060876425126,0,0.00036599772669438876,0.0003571939631417109,221089252.76259997,46237131.5648,3893598.2284,0.017048893679370902,0.017048893679370902,0.017406087642512613,1.0174060876425126,-0.00014965368390140732,0.9989879989952212,306.612529399611,4.689331206074269,0,0.000029938664614274304
2022-05-17T05:00:00.000Z,0.021777315126947795,1.0160649811837235,0,0.00037997045713789984,0.0003721058149508405,223033548.6744,48041316.6238,1804185.059,0.01569287536877262,0.01569287536877262,0.01606498118372346,1.0160649811837235,-0.00012352633755274844,0.9992364637747507,305.7194318445858,4.665232057109544,0,0.000013751808275164865
2022-05-17T06:00:00.000Z,0.021777315126947795,1.016719593112474,0,0.0003944787527368649,0.00038555162310105473,223518285.5417,49917517.4152,1876200.7914,0.016334041489372897,0.016334041489372897,0.01671959311247395,1.016719593112474,-0.00012509068627586384,0.9997680309110233,305.9427770748494,4.6964089130424735,0,0.000014269711033484786
2022-05-17T07:00:00.000Z,0.021777315126947795,1.0175207310056689,0,0.0004093300083831067,0.00040186636624484073,223695205.5196,51838076.5618,1920559.1466,0.017118864639424025,0.017118864639424025,0.017520731005668866,1.0175207310056689,-0.00014646570780529888,0.9992418667326948,306.5768107216148,4.7375996695353955,0,0.000014595532084097026
2022-05-17T08:00:00.000Z,0.021777315126947795,1.0149335535966084,0,0.00042555212859473777,0.00041723015993455626,236971746.44550002,54066089.081700005,2228012.5199,0.014516323436673861,0.014516323436673861,0.014933553596608418,1.0149335535966084,-0.00010545833278152728,0.999272501695309,305.00056737319795,4.71362081247086,0,0.000015983429841924623
2022-05-17T09:00:00.000Z,0.021777315126947795,1.0182514819987403,0,0.00044030622039407767,0.0004355082176794589,237747681.92120004,56092487.4496,2026398.3679,0.017815973781060812,0.017815973781060812,0.01825148199874027,1.0182514819987403,-0.00016147005776367962,0.9990716919240438,307.0494874119218,4.746035308192009,0,0.000014489635388208674
2022-05-17T10:00:00.000Z,0.021777315126947795,1.019239750753655,0,0.00046451614655223454,0.00045967363905141667,237981442.508,59417637.7906,3325150.341,0.01878007711460361,0.01878007711460361,0.019239750753655027,1.019239750753655,-0.00017950320896076288,0.9990413616139376,307.64079388843396,4.761954056146287,0,0.000023752925942996487
2022-05-17T11:00:00.000Z,0.021777315126947795,1.0183419427902238,0,0.00047561970048364964,0.0004702072586550976,237778402.54050002,60942714.9909,1525077.2003,0.017871735531568733,0.017871735531568733,0.01834194279022383,1.0183419427902238,-0.00016194646911638078,0.9990999537292723,307.07444562768126,4.751878537264489,0,0.000010903560680068095
2022-05-17T12:00:00.000Z,0.021777315126947795,1.0166081317961608,0,0.0004882052159535741,0.00048091025078811356,237373355.63750002,62671338.637600005,1728623.6467,0.016127221545372716,0.016127221545372716,0.01660813179616083,1.0166081317961608,-0.0001396643994917568,0.998669215565971,306.1547590636838,4.726276322858087,0,0.000012379907557433345
2022-05-17T13:00:00.000Z,0.021777315126947795,1.0220362846255941,0,0.0005057690213060559,0.0005005566253650784,238643134.6867,65083755.466400005,2412416.8288,0.02153572800022907,0.02153572800022907,0.02203628462559415,1.0220362846255941,-0.00022941933574549545,0.9992686855567565,309.2369268218276,4.7413751360916425,0,0.00001718511037136725
2022-05-17T14:00:00.000Z,0.021777315126947795,1.0218294097008405,0,0.0005228949523610115,0.0005172070909520432,239067423.05539998,67440688.7596,2356933.2932,0.02131220260988842,0.02131220260988842,0.021829409700840463,1.0218294097008405,-0.0002382596011057947,0.9986415850350714,309.2957129042503,4.763373663963984,0,0.00001676006938641528
2022-05-17T15:00:00.000Z,0.021777315126947795,1.010714235374474,0,0.0005557821760399285,0.0005460029820862911,236469964.1587,71966807.0377,4526118.2781,0.010168232392387733,0.010168232392387733,0.010714235374474024,1.010714235374474,-0.00005603707358192711,0.9989145933343572,302.50012684066206,4.6313814820176065,0,0.000032538597872861874
2022-05-17T16:00:00.000Z,0.021777315126947795,1.010992345608705,0,0.0005729775745524076,0.0005680103848870743,236537011.3538,74333350.8867,2366543.849,0.010424335223818026,0.010424335223818026,0.0109923456087051,1.010992345608705,-0.000057902244132046476,0.9989932497292192,302.62969930544256,4.624239523910261,0,0.00001700843567894081
2022-05-17T17:00:00.000Z,0.021777315126947795,1.010160863263411,0,0.0005882886342525083,0.000577796830798949,236351894.1064,76440643.632,2107292.7453,0.009583066432611975,0.009583066432611975,0.010160863263410924,1.010160863263411,-0.00004993992501345357,0.9989276919126492,302.14580439158846,4.624845230722047,0,0.00001515705080576714
2022-05-17T18:00:00.000Z,0.021777315126947795,1.010733510717821,0,0.0005978330892175029,0.0005866838940991048,236480339.3626,77754235.7739,1313592.1419,0.010146826823721922,0.010146826823721922,0.010733510717821027,1.010733510717821,-0.00005080157118886319,0.9993996969800497,302.3404811235617,4.623861893409652,0,0.000009443096399679691
2022-05-17T19:00:00.000Z,0.021777315126947795,1.0059899347124117,0,0.0006195537789696577,0.000605440478044672,235373885.05650002,80743672.1568,2989436.3829,0.005384494234367043,0.005384494234367043,0.005989934712411715,1.0059899347124117,-0.000015098518405198824,0.9992589818630098,299.53861038513077,4.570949524249249,0,0.00002159135814795294
2022-05-17T20:00:00.000Z,0.021777315126947795,1.0087373431688018,0,0.0006296600276884452,0.0006174755488466133,236025765.37699997,82134657.0756,1390984.9188,0.008119867619955201,0.008119867619955201,0.008737343168801814,1.0087373431688018,-0.000033044702765883116,0.9993415198807855,301.1458768263528,4.585567477242885,0,0.000010018712822233394
2022-05-17T21:00:00.000Z,0.021777315126947795,1.0109068011528202,0,0.0006342630356326143,0.0006235716901079602,236532619.8787,82768195.2302,633538.1546,0.010283229462712207,0.010283229462712207,0.010906801152820167,1.0109068011528202,-0.00005461124091332703,0.999163747890932,302.49355416075815,4.612979735284129,0,0.000004553346017865616
2022-05-17T22:00:00.000Z,0.021777315126947795,1.0152424076157438,0,0.0006416206365676074,0.0006332169106586516,237554841.6408,83780896.69039999,1012701.4602,0.014609190705085151,0.014609190705085151,0.015242407615743803,1.0152424076157438,-0.00009827306986154305,0.9998673229739136,304.8749303763528,4.662042421203953,0,0.000007247136999814011
2022-05-17T23:00:00.000Z,0.021777315126947795,1.013812219849498,0,0.0006483174527851666,0.0006393441670780042,237221195.36089998,84702651.64349999,921754.9531,0.013172875682420093,0.013172875682420093,0.013812219849498097,1.013812219849498,-0.00009063014903121225,0.9990074329818605,304.27403578071835,4.6736924414837695,0,0.000006605579311267049
2022-05-18T00:00:00.000Z,0.021777315126947795,1.0173384117350173,0,0.0006569228742773502,0.0006509556590406085,238047464.1845,85887114.17049998,1184462.527,0.01668745607597666,0.01668745607597666,0.017338411735017267,1.0173384117350173,-0.00013739093730824603,0.9993563377590168,306.28171123278753,4.720430859186468,0,0.000008458759696508922
2022-05-18T01:00:00.000Z,0.021777315126947795,1.0172051493532372,0,0.0006686418747338365,0.0006645370499722691,238017324.5201,87500141.37669998,1613027.2062,0.01654061230326498,0.01654061230326498,0.017205149353237248,1.0172051493532372,-0.0001420861406441487,0.9989313445397133,306.32351218093595,4.7494359362202925,0,0.000011520784279332709
2022-05-18T02:00:00.000Z,0.021777315126947795,1.0119498590846485,0,0.0006802287173757433,0.0006709629715644372,236786185.5952,89094968.33419998,1594826.9575,0.01127889611308408,0.01127889611308408,0.011949859084648518,1.0119498590846485,-0.0000619817400171474,0.9994656052342896,302.9985433536809,4.684319531116963,0,0.000011450016904216561
2022-05-18T03:00:00.000Z,0.021777315126947795,1.0132825843041604,0,0.0006932845923641686,0.0006846485914246969,237139040.76979998,90892305.46139997,1797337.1272,0.012597935712735708,0.012597935712735708,0.013282584304160405,1.0132825843041604,-0.00007803708121378872,0.9994099204903437,303.8064043636076,4.6878251058916875,0,0.0000128847325447608
2022-05-18T04:00:00.000Z,0.021777315126947795,1.0072032270990958,0,0.0007125682698897271,0.0007031022872261428,235705471.6009,93546871.36449997,2654565.9031,0.006500124811869679,0.006500124811869679,0.007203227099095821,1.0072032270990958,-0.000020570903022099074,0.9994488743062689,300.1467107780404,4.614370745231436,0,0.000019145766980374032
2022-05-18T05:00:00.000Z,0.021777315126947795,1.0072790145512422,0,0.000721684519685112,0.0007090932566917729,235696649.11270002,94801660.86479998,1254789.5003,0.006569921294550474,0.006569921294550474,0.007279014551242247,1.0072790145512422,-0.000025144262586596078,0.9988414656004047,300.37088850484145,4.639481427876195,0,0.000009050371138242287
2022-05-18T06:00:00.000Z,0.021777315126947795,1.0066921984424175,0,0.0007329386702838245,0.0007190431541947984,235662736.4594,96351397.85179998,1549736.987,0.005973155288222731,0.005973155288222731,0.00669219844241753,1.0066921984424175,-0.00002312319748309921,0.9985397932613033,300.10547029829127,4.640005967862437,0,0.00001117933584868595
2022-05-18T07:00:00.000Z,0.021777315126947795,1.00541502036145,0,0.0007468525192226953,0.0007331705238320385,234990081.2414,98264343.02449998,1912945.1727,0.004681849837617991,0.004681849837617991,0.005415020361450029,1.00541502036145,-0.00001121998436937055,0.999317925352928,299.1024296236862,4.609968269818688,0,0.00001383891088683563
