query_ts,assumedLPToken,equityValue,totalDexYield,totalTradingfee,newTotalTradingFee,liquidity,totalVolume,volume,priceImpact,priceEffect,totalReturn,totalEquityVal,impermanentLoss,tokenPrice,quoteTokenPrice,rewardPrice,rewardTokenPerLP,feePerDollar
2022-03-15T09:00:00.000Z,0.02020614603562621,0.9999999999999999,0.000003958627065012322,0.000012988797598974234,8.396616735240059e-13,239418730.2301,1829271.5676,1829271.5676,-8.397726958264684e-13,-8.397726958264684e-13,0.000003958627064901299,1.0000039586270648,-2.220446049250313e-16,0.9990704558924022,363.60288492924985,5.532237745863199,0.0000354128,0.000012988798587024822
2022-03-15T10:00:00.000Z,0.02020614603562621,1.0009396438570584,0.000007814707274850608,0.000038652924750399013,0.00002689883074036281,239643549.0116,5443664.9073,3614393.3397,0.0009127450263179959,0.0009127450263179959,0.0009474585643332094,1.0009474585643332,-8.217722968772989e-8,0.9995770352523855,364.0823331014944,5.44690085460548,0.00003559070000000001,0.00002564003372021742
2022-03-15T11:00:00.000Z,0.02020614603562621,1.001740649987905,0.000011603876349258146,0.0000521190844670065,0.00004002645168776908,239841266.54200003,7340211.2342,1896546.3269,0.0017006235362171385,0.0017006235362171385,0.0017522538642541657,1.0017522538642543,-0.000002177723941509946,0.9986830977138841,364.9821501220673,5.392021894827449,0.00003550099999999999,0.00001344276071509739
2022-03-15T12:00:00.000Z,0.02020614603562621,1.001436864399222,0.000015345792791586668,0.00006596913266968644,0.000052408467291709115,239769589.91219997,9290832.0758,1950620.8416,0.0013844559319302618,0.0013844559319302618,0.0014522101920135576,1.0014522101920136,-0.0000025138844720329345,0.9982128498603043,364.92361807350557,5.345874348164768,0.000035560499999999986,0.000013830175177487226
2022-03-15T13:00:00.000Z,0.02020614603562621,1.0039057619686897,0.000019252798916828385,0.00008615430270511307,0.00007397572041667466,240383566.92659998,12133952.8447,2843120.7689,0.0038317862482730725,0.0038317862482730725,0.003925014767606576,1.0039250147676066,-0.00000872205657720393,0.9987186786342962,366.52377531978794,5.363401218935481,0.00003558700000000004,0.000020106637774477436
2022-03-15T14:00:00.000Z,0.02020614603562621,1.0020604328672702,0.000023046026457779827,0.00010584480001759773,0.00009375459233829098,239943875.433,14907423.0689,2773470.2242,0.00196667827493191,0.00196667827493191,0.0020834788937279807,1.002083478893728,-0.0000018959148679886795,0.9990879230385842,365.02808913932876,5.34941413224719,0.00003555740000000001,0.000019650009289178754
2022-03-15T15:00:00.000Z,0.02020614603562621,1.006624036801203,0.00002713574709466499,0.00012210772069560068,0.00011038203649782474,241007183.2834,17197828.304,2290405.2351,0.006513654764705112,0.006513654764705112,0.006651172548297602,1.0066511725482976,-0.000017339357055279336,0.9996737033202361,368.132797307366,5.397665899168417,0.0000355917,0.000016155903930429396
2022-03-15T16:00:00.000Z,0.02020614603562621,1.007819264115804,0.000030907893873785646,0.0001392706594890933,0.00012718738320849354,241298538.2753,19615040.394300003,2417212.0903,0.007692076732595421,0.007692076732595421,0.0078501720096777,1.0078501720096777,-0.00002269982967473272,0.999994676499614,368.87688037091937,5.380267533365123,0.000035502300000000034,0.000017029778061986024
2022-03-15T17:00:00.000Z,0.02020614603562621,1.0112764862762458,0.00003515254931617781,0.0001544104154778622,0.00014220580425727825,242128030.5023,21747324.826500002,2132284.4322,0.0111342804719885,0.0111342804719885,0.011311638825561956,1.0113116388255619,-0.000045737885061458705,1.0005784626092493,371.1846049097232,5.438844184919454,0.00003556159999999993,0.00001497093718236628
2022-03-15T18:00:00.000Z,0.02020614603562621,1.0096334590277016,0.00003901408924146884,0.0001679185049681082,0.00015663922016084797,241840453.43330002,23650637.8828,1903313.0563,0.009476819807540782,0.009476819807540782,0.009672473116943098,1.009672473116943,-0.00004404708084437825,0.9991165892150632,370.51002942816353,5.444398428279827,0.00003477530000000005,0.000013379201658676977
2022-03-15T19:00:00.000Z,0.02020614603562621,1.0118577009204335,0.0000434322808800771,0.00017950816637652298,0.00016932548127002178,242177532.84930003,25282322.4505,1631684.5677,0.011688375439163456,0.011688375439163456,0.011901133201313556,1.0119011332013135,-0.00006008874388019336,0.9997278308739476,371.90770344352575,5.5079701742031455,0.00003560490000000001,0.00001145384434490913
2022-03-15T20:00:00.000Z,0.02020614603562621,1.014022228806196,0.000047386312611038025,0.0001933843492084854,0.00018341270633381868,242813707.8162,27236872.5787,1954550.1282,0.01383881609986215,0.01383881609986215,0.014069615118807006,1.014069615118807,-0.00007100051224240289,1.000897589423849,373.0539329289317,5.507193265721512,0.00003558760000000002,0.000013684298336464487
2022-03-15T21:00:00.000Z,0.02020614603562621,1.012631859199599,0.00005102623570654056,0.00020716524389697302,0.00019827631716728966,242483823.6016,29178025.2141,1941152.6354,0.012433582882431793,0.012433582882431793,0.012682885435305623,1.0126828854353056,-0.00006327670240213745,1.0001770675948418,372.2885068331816,5.474608212776587,0.00003543909999999997,0.000013608988142655737
2022-03-15T22:00:00.000Z,0.02020614603562621,1.0124514929266952,0.00005490877858398596,0.0002134328711401169,0.0002027087989249221,242441774.9045,30060876.2804,882851.0663,0.012248784127770307,0.012248784127770307,0.012506401705279216,1.0125064017052792,-0.00006270892979154397,1.0000450952147437,372.2017237952036,5.469213442573859,0.000035587399999999984,0.000006190545393017341
2022-03-15T23:00:00.000Z,0.02020614603562621,1.0132676343217044,0.00005948934994804932,0.00022005170544873523,0.0002081338916708475,242646208.1094,30993232.5927,932356.3123,0.013059500430033566,0.013059500430033566,0.013327123671652463,1.0133271236716526,-0.00006258384464996603,1.0008572227772874,372.495659511736,5.5294326801993465,0.00003558619999999999,0.000006532167732023163
2022-03-16T00:00:00.000Z,0.02020614603562621,1.011673746947291,0.00006323406771763625,0.00023520855987827944,0.00022778165648396076,242265116.6481,33128294.8751,2135062.2824,0.011445965290806992,0.011445965290806992,0.011736981015008589,1.0117369810150085,-0.00006574488530808331,0.99898428256927,372.00617942389425,5.509282719406344,0.00003558619999999999,0.000014981958320281623
2022-03-16T01:00:00.000Z,0.02020614603562621,1.0113799630008138,0.00006664304081739832,0.000252487168754753,0.0002427350673366302,242197219.3686,35562261.619,2433966.7439,0.011137227933477156,0.011137227933477156,0.011446606041631184,1.0114466060416312,-0.000044903534113349686,1.000669076568971,371.15315670905596,5.463981339763355,0.00003558619999999999,0.00001708419062537942
2022-03-16T02:00:00.000Z,0.02020614603562621,1.0153584012110721,0.00007082570484716075,0.0002660870769931995,0.00025481097009860676,243502216.46809998,37480800.6361,1918539.0171,0.015103590240973519,0.015103590240973519,0.015429226915919287,1.0154292269159193,-0.00008865584023742823,1.0007446322094176,374.0424517723992,5.490427637671164,0.000034794399999999966,0.000013394195652002514
2022-03-16T03:00:00.000Z,0.02020614603562621,1.022787508372985,0.0000758329798855346,0.0002956199536891894,0.00028744739796615626,246115111.05990002,41661122.245900005,4180321.6098,0.022500060975018776,0.022500060975018776,0.022863341352870468,1.0228633413528705,-0.00022610841115977554,1.0000532995978249,379.7755267808611,5.57598125561896,0.000034646999999999995,0.000028874889908447732
2022-03-16T04:00:00.000Z,0.02020614603562621,1.0107081970025646,0.00007817645817598403,0.000321326814818865,0.0003092723987860868,243210938.15330002,45299916.105000004,3638793.8591,0.010398924603778559,0.010398924603778559,0.01078637346074063,1.0107863734607407,-0.00004387273058381602,1.000047826498578,370.84157517582906,5.460481621601146,0.000035476100000000045,0.000025434503922561615
2022-03-16T05:00:00.000Z,0.02020614603562621,1.0077733703327658,0.00008096690821475236,0.0003336697532690295,0.000321541641044476,242487430.96620002,47046928.6309,1747012.5259,0.0074518286917213405,0.0074518286917213405,0.007854337240980568,1.0078543372409805,-0.000023645644056435877,0.9996173638965049,368.84017919822924,5.38613634488144,0.00003541969999999993,0.000012247732932780228
2022-03-16T06:00:00.000Z,0.02020614603562621,1.0093157440129918,0.00008511295093625228,0.00034492244890369574,0.00033233199182158835,242844656.52920002,48639537.4789,1592608.848,0.008983412021170256,0.008983412021170256,0.009400856963928096,1.0094008569639281,-0.00003149118714185217,1.0000770801127763,369.792428999696,5.404328374061228,0.000035462899999999955,0.00001114883514546038
2022-03-16T07:00:00.000Z,0.02020614603562621,1.012533790112534,0.00009036492083765988,0.00036025346818837944,0.0003550313506535119,243619349.2014,50809360.8487,2169823.3698,0.01217875876188046,0.01217875876188046,0.012624155033371632,1.0126241550333717,-0.00006741832632506384,0.999563068676208,372.32969392092815,5.488302270304441,0.00003543330000000008,0.000015141242847712205
2022-03-16T08:00:00.000Z,0.02020614603562621,1.0124492045240794,0.00009469756949891763,0.0003706877441870917,0.00035892002109116916,243601755.60099998,52286157.093,1476796.2443,0.012090284502988213,0.012090284502988213,0.0125439020935783,1.0125439020935783,-0.000067614120310866,0.9994588554629101,372.3034221951487,5.511385579900752,0.0000354925,0.00001030597504979432
2022-03-16T09:00:00.000Z,0.02020614603562621,1.019299914863632,0.00009990332346500772,0.0003952425155294831,0.0003869653711394694,245276357.70520002,55761844.0948,3475687.0018,0.018912949492492448,0.018912949492492448,0.019399818187096924,1.019399818187097,-0.00017802941544664552,0.9989359921649203,377.5373638671334,5.5827243997326175,0.00003528200000000006,0.000024089838736767626
2022-03-16T10:00:00.000Z,0.02020614603562621,1.0198935129212008,0.0001037944897697098,0.0004129406282450315,0.00040482752512716047,245421859.8589,58267009.6677,2505165.5729,0.019488685396073624,0.019488685396073624,0.019997307410970493,1.0199973074109705,-0.00016028041879223576,1.0004659362209791,377.3861440673342,5.577055463044233,0.000035429800000000004,0.00001735290196390205
2022-03-16T11:00:00.000Z,0.02020614603562621,1.019068095460422,0.00010749271378585196,0.0004270458740102976,0.00041880590484622005,245180163.46269998,60263254.7271,1996245.0594,0.018649289555575876,0.018649289555575876,0.019175588174207947,1.019175588174208,-0.0001449475689654367,1.0005203471130288,376.74446880482975,5.5619577223653565,0.000035406700000000035,0.00001384131796411124
2022-03-16T12:00:00.000Z,0.02020614603562621,1.0203474938667214,0.00011155014684985678,0.00044186342481499695,0.0004342469059852583,245282860.8005,62358556.6128,2095301.8857,0.019913246960736153,0.019913246960736153,0.020459044013571268,1.0204590440135712,-0.00016938761797513635,1.000380520591792,377.73278036230806,5.565858011336452,0.00003540720000000002,0.00001452206319701706
2022-03-16T13:00:00.000Z,0.02020614603562621,1.0185062195164618,0.00011478201878273684,0.00045277450322109725,0.0004446166028200249,244825067.86370003,63901361.4509,1542804.8381,0.018061602913641783,0.018061602913641783,0.018621001535244545,1.0186210015352446,-0.00015411807122256427,0.9994128432624092,376.7268953189093,5.529628540405236,0.00003542370000000007,0.00001071282547843572
2022-03-16T14:00:00.000Z,0.02020614603562621,1.0201765268948515,0.00011547158940565946,0.0004695624725213775,0.00046179517620514865,244527254.813,66268377.431,2367015.9801,0.01971473171864635,0.01971473171864635,0.020291998484257157,1.0202919984842571,-0.00017355844297572975,0.9999605171677068,377.7443449239356,5.377204307360511,0.00003546659999999997,0.000016455945449709733
2022-03-16T15:00:00.000Z,0.02020614603562621,1.0212426622000292,0.000119673147305288,0.0004987917842030158,0.0004903178567123856,244796428.15010002,70389787.1161,4121409.6851,0.020752344343316853,0.020752344343316853,0.021362335347334525,1.0213623353473344,-0.00021620890777496182,0.9988141432533088,378.94791812939,5.397712309792695,0.000034484899999999965,0.000028621318201481026
2022-03-16T16:00:00.000Z,0.02020614603562621,1.021504642701139,0.00012379450949962396,0.0005129086242548771,0.0005047237652544556,244762958.052,72379516.1583,1989729.0422,0.020999918935884487,0.020999918935884487,0.021628437210638566,1.0216284372106386,-0.00018458676060972845,1.0006373196902654,378.44097761308643,5.409278534997737,0.00003536049999999992,0.00001381965391602016
2022-03-16T17:00:00.000Z,0.02020614603562621,1.0179333326676516,0.00012720862829986612,0.0005272942545437628,0.0005193029950081307,243991492.7185,74407830.9201,2028314.7618,0.017414029672643494,0.017414029672643494,0.018060541295951492,1.0180605412959516,-0.0001287510732933539,1.0002864733201449,375.9191802010403,5.388862090217447,0.00003564539999999991,0.00001413219394103307
2022-03-16T18:00:00.000Z,0.02020614603562621,1.0199032764137697,0.00013176365504533307,0.0005374967842329779,0.0005298044586290462,244468532.42,75846374.16430001,1438543.2442,0.01937347195514061,0.01937347195514061,0.02003504006881499,1.020035040068815,-0.0001700357540149744,0.9998159014338882,377.5461551509175,5.416824728280369,0.00003558550000000014,0.000010003428625073759
2022-03-16T19:00:00.000Z,0.02020614603562621,1.0188435810154568,0.00013615988206087343,0.0005609405570066632,0.0005518354773281775,244189356.0937,79151574.5786,3305200.4143,0.018291745538128623,0.018291745538128623,0.018979740897517673,1.0189797408975176,-0.0001375751264210967,1.000608067875591,376.4470369484531,5.4365618554688195,0.00003564910000000001,0.00002301017863429701
2022-03-16T20:00:00.000Z,0.02020614603562621,1.0273460935003242,0.0001433608813390378,0.0005757750567266573,0.0005730014733957844,246228384.1801,81243014.0529,2091439.4743,0.026773092026928458,0.026773092026928458,0.02748945438166328,1.0274894543816633,-0.00033011636787161347,0.9997924797129901,383.0562288651951,5.564052853599965,0.00003564909999999984,0.000014439631394037099
2022-03-16T21:00:00.000Z,0.02020614603562621,1.0302806807272924,0.0001478124084395182,0.0005844508100214204,0.0005828350224705847,246933731.5024,82466173.71970001,1223159.6668,0.029697845704821813,0.029697845704821813,0.030428493135731916,1.030428493135732,-0.00040881534876990866,0.9997363494767652,385.2632306160871,5.580800609354689,0.00003564900000000042,0.00000842076706535247
2022-03-16T22:00:00.000Z,0.02020614603562621,1.0285402877736887,0.00015134008804714306,0.0005901558759321718,0.0005861925565600057,246518427.26680002,83270514.0355,804340.3158,0.02795409521712866,0.02795409521712866,0.02869162786173581,1.0286916278617357,-0.00038513073698653866,0.9988831197115431,384.28745291350845,5.562696848494704,0.00003565079999999966,0.000005546759940100235
2022-03-16T23:00:00.000Z,0.02020614603562621,1.0285415088270522,0.00015420475552853068,0.0005966032833184385,0.0005925175410674832,246520017.8784,84179519.55420001,909005.5187,0.027948991285984714,0.027948991285984714,0.028695713582580728,1.0286957135825807,-0.00030437923420567614,1.0019613299658179,383.10304654025856,5.5217866250647205,0.000035650600000000305,0.000006268494522632433
2022-03-17T00:00:00.000Z,0.02020614603562621,1.0299750733706683,0.0001595959535197238,0.0006031309192075396,0.0005999544187291761,246865749.6304,85099844.23860002,920324.6844,0.029375118951939116,0.029375118951939116,0.030134669324188016,1.030134669324188,-0.0003922882941558292,1.0000070872658617,384.9175317108076,5.571130052076016,0.00003565039999999977,0.00000633766314615292
2022-03-17T01:00:00.000Z,0.02020614603562621,1.0286772098384735,0.00016318495107081756,0.0006127601217297545,0.0006088189488988593,246556837.2552,86457467.77910002,1357623.5405,0.02806839088957469,0.02806839088957469,0.028840394789544366,1.0288403947895444,-0.0003319378671404749,1.0009828487203036,383.56662710724163,5.557253797414285,0.00003550169999999995,0.000009360762591471489
2022-03-17T02:00:00.000Z,0.02020614603562621,1.029488588313481,0.00016734976157715864,0.0006232713690005603,0.0006217934767189792,246755717.248,87939477.28260002,1482009.5035,0.028866794836762022,0.028866794836762022,0.02965593807505816,1.029655938075058,-0.000378246224949641,1.00001927752496,384.5327795288669,5.562628011325978,0.000035649699999999924,0.000010210163249907111
2022-03-17T03:00:00.000Z,0.02020614603562621,1.028537427300728,0.00017081173391606135,0.0006326870673219188,0.0006288393138420556,246523413.03939998,89266999.14540002,1327521.8628,0.02790858798688589,0.02790858798688589,0.028708239034644006,1.028708239034644,-0.0003326754288025535,1.0007986110987774,383.51798228009034,5.545039919325824,0.00003562090000000008,0.000009154453684280749
2022-03-17T04:00:00.000Z,0.02020614603562621,1.027759017472643,0.00017552021098265474,0.0006428061779578404,0.0006387169905013312,246329364.47079998,90693651.89590001,1426652.7505,0.027120300482141646,0.027120300482141646,0.02793453768362563,1.0279345376836255,-0.00035774562811341504,0.9990768554060232,383.58990065982914,5.567765505260444,0.00003562949999999994,0.000009845800077714639
2022-03-17T05:00:00.000Z,0.02020614603562621,1.0318928647689616,0.00018315650594746087,0.0006568120842473515,0.0006553742738095725,247300634.1497,92668132.83980002,1974480.9439,0.03123749049515201,0.03123749049515201,0.03207602127490904,1.032076021274909,-0.0004349806486713126,1.0003291523429665,386.1872202241806,5.680266375592637,0.000035632599999999954,0.000013573024655481143
2022-03-17T06:00:00.000Z,0.02020614603562621,1.032436738394657,0.00018633685826821306,0.000668056679238072,0.0006673728393180589,247431970.6251,94253344.43020001,1585211.5904,0.031769365555339046,0.031769365555339046,0.03262307525292532,1.0326230752529253,-0.00046422665326728563,0.9998687639201984,386.7636887356975,5.654454556137327,0.000035120100000000064,0.000010891315689204749
2022-03-17T07:00:00.000Z,0.02020614603562621,1.029814094399835,0.0001896022359167244,0.0006800066586632086,0.0006770193948186787,246810963.73959997,95938049.27190001,1684704.8417,0.02913707500501639,0.02913707500501639,0.03000369663575179,1.0300036966357518,-0.0003962675018166495,0.9996341027736676,384.883081628999,5.630452343916299,0.00003565400000000011,0.000011604015427417096
