query_ts,assumedLPToken,equityValue,totalDexYield,totalTradingfee,newTotalTradingFee,liquidity,totalVolume,volume,priceImpact,priceEffect,totalReturn,totalEquityVal,impermanentLoss,tokenPrice,quoteTokenPrice,rewardPrice,rewardTokenPerLP,feePerDollar
2021-07-21T09:00:00.000Z,0.026378072838450454,1,0.000025528171046465362,0.000018283433626515165,-4.847233725513433e-13,114983005.6114,1236637.787,1236637.787,4.847233725513433e-13,4.847233725513433e-13,0.000025528171046465362,1.0000255281710464,-2.220446049250313e-16,1.0000049872296937,279.9643014170042,12.085164700182753,0.00008008,0.000018283434379902562
2021-07-21T10:00:00.000Z,0.026378072838450454,1.0076086083505673,0.0000519809336461903,0.00004838581337999002,0.00003384695140584704,118007392.1204,3310449.1799999997,2073811.393,0.007574761399161467,0.007574761399161467,0.007660589284213504,1.0076605892842134,-0.00003533509118569533,0.9991448902916674,284.4663579215624,12.417759438624337,0.000078613,0.000029875072270922155
2021-07-21T11:00:00.000Z,0.026378072838450454,1.0097789777217019,0.00007824308902622274,0.00010334246801141286,0.00008598472489618203,118713509.23249999,7110988.1415,3800538.9615,0.009692992996805705,0.009692992996805705,0.00985722081072811,1.0098572208107282,-0.000051985207621618734,0.9994546440106622,285.57515280544567,12.516000556330217,0.00007830099999999998,0.00005442443978213396
2021-07-21T12:00:00.000Z,0.026378072838450454,1.0147087962212267,0.00010504589238651837,0.0001318243108600575,0.0001139579199846974,119503846.3097,9084135.8971,1973147.7556,0.014594838301241975,0.014594838301241975,0.01481384211361319,1.0148138421136133,-0.00008528277929564787,1.0014348352315805,287.78451777107466,12.637026147243645,0.00007813699999999997,0.000028068980941642974
2021-07-21T13:00:00.000Z,0.026378072838450454,1.005698000657592,0.00012966344977415444,0.00016711461127807102,0.0001482992972690056,118401342.1344,11528103.5742,2443967.6771,0.005549701360322956,0.005549701360322956,0.005827664107366116,1.005827664107366,-0.00003600518268287445,0.9970576634587381,283.91715221636434,12.498403396546744,0.00007816539999999995,0.00003509035435049255
2021-07-21T14:00:00.000Z,0.026378072838450454,1.0101261640092667,0.00015678159584322157,0.00018692823954775197,0.00016945428235759508,119375248.2579,12905483.5708,1377379.9966,0.009956709726909097,0.009956709726909097,0.010282945605109913,1.01028294560511,-0.00005864310242142956,0.9990827362355617,285.8307088838824,12.616514009110537,0.00007780310000000008,0.000019615004185468084
2021-07-21T15:00:00.000Z,0.026378072838450454,1.0156446719101362,0.00018444921195888477,0.00022284509041647536,0.00020555584335091304,120330886.55489999,15408620.781100001,2503137.2103,0.015439116066785274,0.015439116066785274,0.01582912112209507,1.0158291211220951,-0.000125291768546143,0.9994956030023089,288.8229592872714,12.745144659803533,0.00007754239999999998,0.00003536359931636121
2021-07-21T16:00:00.000Z,0.026378072838450454,1.0190264008871572,0.000213740076096091,0.0002829736252063438,0.0002675801913669673,120099722.83900002,19577202.0291,4168581.248,0.018758820695790268,0.018758820695790268,0.019240140963253327,1.0192401409632532,-0.00018917255584283144,0.9991377742897103,290.8186196691108,12.93306030809172,0.00007788769999999998,0.00005900586574292052
2021-07-21T17:00:00.000Z,0.026378072838450454,1.024898073111861,0.00024209020507504056,0.0003324133560219431,0.0003196371064904113,120473417.6229,22995719.0022,3418516.9731,0.024578436005370685,0.024578436005370685,0.025140163316936137,1.0251401633169361,-0.00026006744257467407,1.001478387381547,293.46321046571416,13.021451168647431,0.00007828480000000004,0.00004823868176846121
2021-07-21T18:00:00.000Z,0.026378072838450454,1.0201733697180237,0.00026679554499847203,0.00036291729181604494,0.0003469624990308784,119971036.47740002,25105849.883,2110130.8808,0.01982640721899287,0.01982640721899287,0.020440165263022222,1.0204401652630222,-0.0001886381700273443,1.0002123040415032,291.11537126629577,12.916251028583536,0.00007825280000000004,0.0000299007377337759
2021-07-21T19:00:00.000Z,0.026378072838450454,1.011926341498815,0.0002884461751453783,0.00041215981224568217,0.00039329055415238123,119041159.96419999,28513379.2754,3407529.3924,0.011533050944662726,0.011533050944662726,0.012214787673960486,1.0122147876739604,-0.00006884984288635376,0.9997371864407245,286.53595909744047,12.702809554539428,0.00007777179999999986,0.00004866215995225605
2021-07-21T20:00:00.000Z,0.026378072838450454,1.011943916968707,0.0003111352856563219,0.00043879041556445155,0.00042206144835943427,119052780.3834,30356336.19,1842956.9146,0.011521855520347568,0.011521855520347568,0.012255052254363324,1.0122550522543634,-0.00005496361456014398,1.0009765893873213,286.1748373217696,12.560643536949309,0.00007822310000000014,0.00002631628379219987
2021-07-21T21:00:00.000Z,0.026378072838450454,1.011729844191296,0.0003363928602183596,0.0004500947202147185,0.0004314053467788792,120841211.5671,31150564.7168,794228.5268,0.0112984388445172,0.0112984388445172,0.012066237051514439,1.0120662370515143,-0.00006004933531889023,1.0002808867590496,286.2473841330459,12.55061695799237,0.00007704299999999999,0.000011173245269973771
2021-07-21T22:00:00.000Z,0.026378072838450454,1.0105082047655414,0.00036153310513610044,0.00045842481801823163,0.0004392004306523756,120792765.4433,31736301.1453,585736.4285,0.010069004334888998,0.010069004334888998,0.010869737870677474,1.0108697378706775,-0.00005930318390601208,0.9991330886620083,285.87986608678796,12.538645859703145,0.000076981,0.000008243473231163044
2021-07-21T23:00:00.000Z,0.026378072838450454,1.0169300649854909,0.0003945725685951327,0.00047840411377437445,0.00046292000776548825,121594667.4836,33141554.6845,1405253.5392,0.01646714497772539,0.01646714497772539,0.01732463755408601,1.017324637554086,-0.00013471512491392001,0.999922769987451,289.284427987611,12.784280385975427,0.00007697230000000002,0.000019646675845897646
2021-07-22T00:00:00.000Z,0.026378072838450454,1.0231476326076312,0.0004248047314627663,0.0004953588443049076,0.00048197823909745807,122904844.8237,34339598.3777,1198043.6932,0.02266565436853374,0.02266565436853374,0.023572437339093963,1.023572437339094,-0.00023317320457127977,1.0008207752484934,292.5606099386613,12.917940369138233,0.0000766159,0.000016571147226632874
2021-07-22T01:00:00.000Z,0.026378072838450454,1.0226848556845645,0.0004498948732500647,0.0005321539504709799,0.0005203793390244904,120698317.91209999,36894066.6953,2554468.3176,0.022164476345539974,0.022164476345539974,0.02313475055781453,1.0231347505578146,-0.00022432117242365823,1.0007445197706735,292.2962006013626,12.875435258405911,0.00007799069999999998,0.00003597892841458278
2021-07-22T02:00:00.000Z,0.026378072838450454,1.0180189924122893,0.0004720489312308061,0.0005489652581438758,0.0005331274022184473,122291707.342,38082004.5272,1187937.8319,0.017485865010070878,0.017485865010070878,0.018491041343520132,1.0184910413435202,-0.0001598122872814578,0.9994606412044592,289.9985967953721,12.7708190991256,0.0000766159,0.00001651374699170974
2021-07-22T03:00:00.000Z,0.026378072838450454,1.0135099985816607,0.0004931075477614299,0.0005627985130469981,0.0005446661746966175,121764310.49249999,39059618.6339,977614.1067,0.01296533240696407,0.01296533240696407,0.014003106129422117,1.0140031061294221,-0.0001014553878141422,0.9986426337071306,287.66292047068316,12.648841372578632,0.00007662860000000003,0.000013648859626174013
2021-07-22T04:00:00.000Z,0.026378072838450454,1.0194992225223294,0.000524774448873834,0.0005919491086250868,0.000576851543143464,121009438.096,41094930.0683,2035311.4344,0.01892237097918592,0.01892237097918592,0.020023996971203217,1.0200239969712033,-0.00018061487082254857,0.9997431146246706,290.73585647028403,12.790029686299043,0.00007754770000000012,0.000028593054334613688
2021-07-22T05:00:00.000Z,0.026378072838450454,1.023080303755811,0.000555620060362845,0.0006169467509667191,0.0006052664122349061,121813567.2379,42845728.1466,1750798.0783,0.022475037343576032,0.022475037343576032,0.023635923816173784,1.0236359238161739,-0.00025463296596206497,0.9996619237923986,292.7905805298495,12.900654089692754,0.00007730569999999996,0.00002443370472270319
2021-07-22T06:00:00.000Z,0.026378072838450454,1.0186055592175933,0.0005771467401188826,0.0006374051490220194,0.0006218308759791125,121306963.9764,44278913.5233,1433185.3767,0.017983728341614214,0.017983728341614214,0.01918270595771221,1.019182705957712,-0.00016112780146859684,0.9998762444726208,290.1618058557486,12.79480552653573,0.00007728980000000008,0.000020084709570870132
2021-07-22T07:00:00.000Z,0.026378072838450454,1.0233191550529122,0.0006073164450772201,0.0006627207130865371,0.0006506382483775219,121949238.158,46053538.8425,1774625.3192,0.022668516804534633,0.022668516804534633,0.023926471497989377,1.0239264714979894,-0.00025689790264593615,0.9997509311741596,292.8753216563241,12.881798905847484,0.00007723910000000002,0.000024738678881546505
2021-07-22T08:00:00.000Z,0.026378072838450454,1.0269700490690101,0.0006392009941849319,0.0006932290909481049,0.0006832386226407472,122226333.07169999,48189420.4804,2135881.6379,0.02628681044636938,0.02628681044636938,0.02760925006319506,1.027609250063195,-0.00034118888513035017,0.9998261764310503,294.92922905627086,12.995744139330121,0.00007734060000000012,0.000029707172694937972
2021-07-22T09:00:00.000Z,0.026378072838450454,1.0282616781898402,0.0006705957346507158,0.0007144725400181868,0.0007047802643285195,122240210.7377,49674967.920700006,1485547.4403,0.027556897925511636,0.027556897925511636,0.02893227392449087,1.0289322739244908,-0.0003765678463265587,0.9997414368084313,295.68472424121524,13.090430817452695,0.00007743270000000009,0.000020659573746391895
2021-07-22T10:00:00.000Z,0.026378072838450454,1.0218729518892322,0.0006870468575939334,0.0007715984561390472,0.0007579953294647446,121615063.5924,53674182.590900004,3999214.6702,0.021114956559767473,0.021114956559767473,0.02255999874682615,1.0225599987468261,-0.00022245886431959683,0.9998051027573472,291.9703492637209,12.897869387800528,0.00007734870000000018,0.000055903148331411664
2021-07-22T11:00:00.000Z,0.026378072838450454,1.0253211960204716,0.000716403585130546,0.0007960543878256399,0.0007858274845826685,121731783.8368,55382148.99470001,1707966.4038,0.02453536853588889,0.02453536853588889,0.026037599605602105,1.0260375996056021,-0.0002703738312501702,1.000988084080173,293.5822717902764,12.953284499723198,0.0000772789000000001,0.000023851970249221365
2021-07-22T12:00:00.000Z,0.026378072838450454,1.0243446102208407,0.000742691823668251,0.0008187035296728974,0.0008101875225130506,121620625.1081,56963994.167100005,1581845.1724,0.023534422698327617,0.023534422698327617,0.02508730204450892,1.0250873020445088,-0.00026254209604370526,1.0003495834522578,293.19592769357126,12.951265090844434,0.00007727649999999963,0.000022110861465231046
2021-07-22T13:00:00.000Z,0.026378072838450454,1.025297916052288,0.0007718207473412409,0.0008487261236694578,0.0008387546101431553,121720224.8473,59060576.7466,2096582.5795,0.024459161442144772,0.024459161442144772,0.026069736799629168,1.0260697367996292,-0.00029204951920702715,0.9999987306899566,293.8290126585051,12.997534647830705,0.00007722210000000001,0.000029281825511095913
2021-07-22T14:00:00.000Z,0.026378072838450454,1.022864923066501,0.0007953341971684095,0.0008689993582046613,0.0008573081014555672,121326235.5625,60475101.4595,1414524.7129,0.02200761496504544,0.02200761496504544,0.023660257263669417,1.0236602572636695,-0.0003013869078646314,0.997223256182506,293.23829706539397,12.94856943726253,0.00007735460000000024,0.000019820049643683593
2021-07-22T15:00:00.000Z,0.026378072838450454,1.0255841482927224,0.0008214764892002052,0.0009418423324894384,0.0009443142317691056,121731395.4489,65561027.6388,5085926.1793,0.02463983406095327,0.02463983406095327,0.02640562478192258,1.0264056247819227,-0.00029844978799487,0.9999115934984646,293.9582753247106,12.944798081798892,0.00007723900000000002,0.00007102583908552515
2021-07-22T16:00:00.000Z,0.026378072838450454,1.0313987272468081,0.000860616612893044,0.000976868931313286,0.000972294569258958,122442527.318,68007018.0082,2445990.3694,0.030426432677549187,0.030426432677549187,0.03225934385970119,1.0322593438597012,-0.00041164619190392493,1.001280540506252,296.88142710351894,13.139426879090824,0.00007729239999999976,0.00003396028911736384
2021-07-22T17:00:00.000Z,0.026378072838450454,1.0282722609750639,0.0008836933833651829,0.0010100004634392371,0.0010027250751807326,122397752.42460002,70326857.4075,2319839.3993,0.027269535899883124,0.027269535899883124,0.029155954358429038,1.029155954358429,-0.00036878579761179253,0.9997469219915228,295.51774620853513,13.085516590806526,0.00007708599999999995,0.00003222058330882695
2021-07-22T18:00:00.000Z,0.026378072838450454,1.0282898177771937,0.0009134933429597135,0.0010476631787124607,0.0010414857135805367,122398532.42940001,72963937.926,2637080.5185,0.027248332063613212,0.027248332063613212,0.029203311120153463,1.0292033111201535,-0.00036911874584388826,0.9997140272384114,295.51527015315156,13.131394776560404,0.0000770877,0.000036626557463308105
2021-07-22T19:00:00.000Z,0.026378072838450454,1.025150329252309,0.0009378260567502482,0.0010727844577192941,0.001064353270136209,123424241.3265,74743059.9654,1779122.0394,0.02408597598217277,0.02408597598217277,0.026088155309059228,1.0260881553090593,-0.00033164323721179834,0.9980494677263341,294.18843352358755,13.101321639323693,0.00007646330000000013,0.000024504971101901503
2021-07-22T20:00:00.000Z,0.026378072838450454,1.0278969899718124,0.0009651703734137702,0.0010864590406008713,0.0010793305258325336,123759941.7027,75711551.1098,968491.1444,0.026817659445979913,0.026817659445979913,0.028862160345226217,1.0288621603452262,-0.0003197060183213196,1.001180084252602,294.8351644517876,13.1138277888773,0.00007646069999999994,0.000013303456052323597
2021-07-22T21:00:00.000Z,0.026378072838450454,1.0263471117205358,0.0009899636347207375,0.0010992166979303184,0.0010914137713862182,123575913.718,76615120.5623,903569.4525,0.025255697949149614,0.025255697949149614,0.02733707535525657,1.0273370753552566,-0.00030262675950643025,1.000342085119274,294.1850957103915,13.091935441914615,0.00007645950000000008,0.000012430157488095168
2021-07-22T22:00:00.000Z,0.026378072838450454,1.0252403106144565,0.0010142445141022361,0.0011098729460870904,0.001101134819414984,123442332.44409999,77369854.46069999,754733.8984,0.024139175795041545,0.024139175795041545,0.026254555128558767,1.0262545551285587,-0.00028995957025934604,0.9997730238907484,293.7117815636611,13.064577886320178,0.0000764601,0.000010393902981872277
2021-07-22T23:00:00.000Z,0.026378072838450454,1.0189020694894628,0.001027718326190245,0.0011227365483082858,0.0011067635721992986,122846950.6497,78282171.12169999,912316.661,0.017795305917263526,0.017795305917263526,0.01992978781565307,1.019929787815653,-0.00018349562363051408,0.9984864764565745,290.458120892799,12.904184181989319,0.00007616519999999928,0.000012624963953094162
2021-07-23T00:00:00.000Z,0.026378072838450454,1.024446055997265,0.0010599200807937916,0.0011443687943451628,0.001134001888836833,123902553.79340002,79821189.68749999,1539018.5658,0.023312054108428182,0.023312054108428182,0.025505976078058806,1.0255059760780587,-0.00026942432813215067,0.9998337594743616,293.21974153284,12.982849871913073,0.00007573570000000037,0.00002111604225868156
2021-07-23T01:00:00.000Z,0.026378072838450454,1.02468085754534,0.0010893075899799972,0.0011646948061285016,0.0011544053582672742,123983454.3464,81267889.19629999,1446699.5088,0.023526452187072833,0.023526452187072833,0.025770165135320103,1.0257701651353202,-0.00029150234064645453,0.9991109301716792,293.5548469411281,13.022684363578268,0.00007608270000000022,0.000019836430416663988
2021-07-23T02:00:00.000Z,0.026378072838450454,1.028841876916863,0.0011308498095143047,0.0011862100865147982,0.001180714493170143,124545100.60819998,82799950.41809998,1532061.2218,0.027661162423692875,0.027661162423692875,0.029972726726377324,1.0299727267263774,-0.00038192619423349505,0.9996482743923442,295.77229455304683,13.202699083718986,0.00007604780000000005,0.000020912135959915237
2021-07-23T03:00:00.000Z,0.026378072838450454,1.0283888231097127,0.0011558110988910003,0.0012222626815841554,0.0012162263262303075,124745616.09089999,85372451.35059999,2572500.9325,0.027172596783482383,0.027172596783482383,0.02954463420860369,1.0295446342086036,-0.000384995933016663,0.9990622235120565,295.6644675579498,13.186185485687645,0.00007583020000000004,0.00003505735690193142
2021-07-23T04:00:00.000Z,0.026378072838450454,1.028308839641229,0.0011844886646198882,0.001246663986919707,0.0012403920340404717,124747207.97070001,87113742.6008,1741291.2502,0.027068447607188517,0.027068447607188517,0.029493328305848877,1.029493328305849,-0.0003720835025413649,0.9994300716723528,295.49571378528674,13.211625160952275,0.0000758907000000002,0.0000237295501317775
2021-07-23T05:00:00.000Z,0.026378072838450454,1.0342008696606562,0.0012237589125510657,0.001265089761902873,0.001267923671127269,125445541.7368,88428444.19989999,1314701.5991,0.032932945989528895,0.032932945989528895,0.03542462857320723,1.0354246285732072,-0.0005250657273374593,0.9999944394841649,298.71119394868913,13.351495184002168,0.00007589780000000012,0.00001781643801386969
2021-07-23T06:00:00.000Z,0.026378072838450454,1.0338101729028504,0.0012496895054965123,0.0012978168232111486,0.0012988936908864268,125348257.696,90762630.89549999,2334186.6956,0.03251127921196395,0.03251127921196395,0.03505986240834689,1.035059862408347,-0.0005229362339344013,0.9996520172386396,298.56959973005405,13.342803352516729,0.00007593890000000005,0.000031656741429495175
2021-07-23T07:00:00.000Z,0.026378072838450454,1.034134852959691,0.0012784578028504899,0.0013261390022227095,0.0013279476850500682,126791592.0179,92805267.0244,2042636.1289,0.03280690527464092,0.03280690527464092,0.03541331076254148,1.0354133107625414,-0.000529034097090042,0.9997501321363863,298.71127738855597,13.367518617873891,0.0000750220000000002,0.00002738731617661025
