query_ts,assumedLPToken,equityValue,totalDexYield,totalTradingfee,newTotalTradingFee,liquidity,totalVolume,volume,priceImpact,priceEffect,totalReturn,totalEquityVal,impermanentLoss,tokenPrice,quoteTokenPrice,rewardPrice,rewardTokenPerLP,feePerDollar
2022-01-13T09:00:00.000Z,0.01804103304478159,1,0.00000943170336137747,0.000017722022477967242,6.041833700010102e-13,203512450.6221,2121560.1243,2121560.1243,-6.041833700010102e-13,-6.041833700010102e-13,0.00000943170336137747,1.0000094317033614,0,0.9994450918016318,485.7717757212889,11.163584038430702,0.0000468301,0.00001772202241329771
2022-01-13T10:00:00.000Z,0.01804103304478159,0.9996861213439512,0.00001881581015596827,0.000033425471654723266,0.000014788201322168959,202788517.5923,3995371.262,1873811.1377,-0.000328666857370985,-0.000328666857370985,-0.00029506284589284775,0.9997049371541071,-4.7231243960332847e-7,1.0000881391231464,485.1403726030177,11.117172127079224,0.00004698380000000001,0.000015708379211560224
2022-01-13T11:00:00.000Z,0.01804103304478159,0.9995087947853227,0.00002837862975407925,0.000047635262211325813,0.00002929548792929282,202754639.1828,5690969.3575,1695598.0955,-0.0005205007026065633,-0.0005205007026065633,-0.00046282658492319127,0.9995371734150769,-7.518863658351194e-7,1.0001505974118312,484.923911737575,11.172098807012466,0.0000469837,0.00001421677340635927
2022-01-13T12:00:00.000Z,0.01804103304478159,0.992849847117902,0.00003736712358114818,0.00007170255776098554,0.00005290103700517079,201407116.9341,8562871.2577,2871901.9002,-0.007203053919103142,-0.007203053919103142,-0.007112785758516823,0.9928872142414832,-0.000024404979989012254,0.999202618268128,478.9150876195743,11.030022226187219,0.00004698350000000001,0.00002424061922269339
2022-01-13T13:00:00.000Z,0.01804103304478159,0.996495673947972,0.00004690860441746329,0.0000953033500822766,0.00007640948068921016,202086323.5191,11378265.2119,2815393.9542,-0.0035807355327172052,-0.0035807355327172052,-0.003457417447610532,0.9965425825523895,-0.000009200269680209594,1.0001473883641518,481.9604964804484,11.074687795913304,0.00004699809999999998,0.00002368378838703372
2022-01-13T14:00:00.000Z,0.01804103304478159,0.9950689545260576,0.000056219371332461014,0.00011766842725747526,0.00010002229226657722,201811653.4894,14046441.7274,2668176.5155,-0.005031067766208985,-0.005031067766208985,-0.004874826102609947,0.9951251738973901,-0.00000949930957450107,0.9987606979552752,481.2257007260517,11.060706164120173,0.00004695640000000001,0.000022475907599598772
2022-01-13T15:00:00.000Z,0.01804103304478159,0.9993694740351989,0.00006641233879781267,0.00014386082840847563,0.00012580952503304932,202690299.7292,17171321.169,3124879.4416,-0.0007563354898341146,-0.0007563354898341146,-0.0005641136260032526,0.9994358863739967,-7.569020119557734e-7,0.9999186872565042,484.80751062388237,11.200856296601449,0.00004691629999999998,0.000026208925922046474
2022-01-13T16:00:00.000Z,0.01804103304478159,0.9877359544209733,0.00007424822531232225,0.00019093579206063297,0.00017283118562072541,200295497.4668,22786600.8156,5615279.6466,-0.012436876764647442,-0.012436876764647442,-0.012189797353714395,0.9878102026462856,-0.00008700946750661576,1.0001221852053621,473.4432022371279,10.95555988158917,0.00004700390000000004,0.00004765946074650176
2022-01-13T17:00:00.000Z,0.01804103304478159,0.9899114255441064,0.00008348161884109329,0.0002282599580178831,0.00021251249087939073,200739880.785,27238840.331,4452239.5154,-0.010301086946773008,-0.010301086946773008,-0.010005092837052525,0.9899949071629475,-0.00005702275298413717,0.9997699167114088,475.66077527818084,10.963335688983943,0.000046416399999999903,0.00003770455151503491
2022-01-13T18:00:00.000Z,0.01804103304478159,0.984949027635885,0.00009147468243904413,0.0002570989534591067,0.00023722699354133958,199776047.1436,30679651.820100002,3440811.4891,-0.015288199357656351,-0.015288199357656351,-0.014959497681675968,0.9850405023183241,-0.00012837881643212867,1.000063186708056,470.7410390077094,10.809475664652162,0.00004699480000000009,0.00002927968400168333
2022-01-13T19:00:00.000Z,0.01804103304478159,0.9845765167157273,0.00010086271669194576,0.0002798267383872575,0.0002597774304010647,199691840.2908,33391210.643600002,2711558.8235,-0.01568326071467374,-0.01568326071467374,-0.015322620567580731,0.9846773794324193,-0.00012536077406488655,0.9994725490877997,470.6413578925565,10.834237426373369,0.00004695819999999995,0.000023083817512208935
2022-01-13T20:00:00.000Z,0.01804103304478159,0.9888086409276362,0.0001108765726216937,0.00030150828592297196,0.0002872531956557012,200295866.8091,35974666.751,2583456.1074,-0.011478612268019495,-0.011478612268019495,-0.0110804824997421,0.9889195175002579,-0.00007036262975212981,0.9997630813900504,474.5328282941512,10.914555462227378,0.00004705770000000002,0.00002192693964457016
2022-01-13T21:00:00.000Z,0.01804103304478159,0.9899510532577187,0.0001201244331831771,0.00032041962561824705,0.0003017143454294713,200531871.938,38228091.5705,2253424.8195,-0.010350661087710766,-0.010350661087710766,-0.009928822309098117,0.9900711776909019,-0.0000596360615894298,0.9999617859182439,475.5218656571514,10.912903361768336,0.00004705729999999996,0.000019103308397452178
2022-01-13T22:00:00.000Z,0.01804103304478159,0.9918494504208628,0.00013009499448517764,0.0003326247001911201,0.0003142793257837617,200919706.55609998,39682439.5118,1454347.9413,-0.008464828904920951,-0.008464828904920951,-0.008020454584652012,0.9919795454153479,-0.00003633056381702193,0.9994684987529554,477.57144825167006,10.972450057302336,0.0000470568,0.000012305370849820889
2022-01-13T23:00:00.000Z,0.01804103304478159,0.9907756338112611,0.00013886534714238524,0.0003420291461336336,0.00032321324427619924,200713384.3139,40803129.0848,1120689.573,-0.009547579433015096,-0.009547579433015096,-0.009085500841596513,0.9909144991584035,-0.00005088591462554248,0.999939906199736,476.3043545293236,10.929607806119456,0.00004705469999999999,0.000009492004136208774
2022-01-14T00:00:00.000Z,0.01804103304478159,0.9901712164109306,0.0001483598882253441,0.0003527610097932061,0.00033835473631016466,200594575.3846,42082024.6844,1278895.5996,-0.010167138325379521,-0.010167138325379521,-0.009680423700844012,0.990319576299156,-0.00006094718769233953,1.000266655595316,475.55325835399236,10.945576557502815,0.000047053600000000074,0.000010838391392945469
2022-01-14T01:00:00.000Z,0.01804103304478159,0.9955274299944579,0.00015945999317778188,0.0003691139433759875,0.0003530024698712442,201369051.59699997,44027771.1535,1945746.4691,-0.0048255724754133755,-0.0048255724754133755,-0.004313110012364349,0.9956868899876357,-0.000015246642711019831,1.000129800711,480.7654664888981,11.070654372591822,0.00004708829999999994,0.000016426402027705036
2022-01-14T02:00:00.000Z,0.01804103304478159,0.9932963924985675,0.0001679797137542843,0.0003809564635446893,0.0003635308846142715,200902383.9816,45436740.250999995,1408969.0975,-0.0070671383860467785,-0.0070671383860467785,-0.006535627787678223,0.9934643722123218,-0.00002883192707503479,0.9999464735332944,478.6898649885959,11.020259495682978,0.00004650309999999999,0.000011922444215342775
2022-01-14T03:00:00.000Z,0.01804103304478159,0.9935807259790186,0.000177107372412753,0.00039375349147331115,0.00037885651864411063,200961237.5484,46959282.4492,1522542.1982,-0.006798130539625524,-0.006798130539625524,-0.006242166648568661,0.9937578333514313,-0.00002890529044130563,1.0002270389996368,478.8149297021931,11.016324182386118,0.000046228099999999924,0.000012879706397690859
2022-01-14T04:00:00.000Z,0.01804103304478159,0.9942770108237087,0.00018678756427679228,0.00040827958463766803,0.000392475014462379,201106713.2348,48687582.2173,1728299.7681,-0.0061154641907537055,-0.0061154641907537055,-0.005536201612014534,0.9944637983879855,-0.000022907921688797295,1.0000795054837395,479.54410499995583,11.039443994592963,0.00004673809999999997,0.00001460970426352521
2022-01-14T05:00:00.000Z,0.01804103304478159,0.9987978805805953,0.0001979510911339261,0.0004250386886261097,0.00041055842841641876,197038492.9728,50632383.9741,1944801.7568,-0.0016126778478211534,-0.0016126778478211534,-0.0010041683282708085,0.9989958316717292,-0.0000038766848686755395,1.0006156394355163,483.6398145578812,11.125892172943757,0.000048329499999999924,0.000016779274631461967
2022-01-14T06:00:00.000Z,0.01804103304478159,1.0015502434741739,0.00020883559101266192,0.0004407561989840208,0.0004284100845393102,197546492.93219998,52455991.593100004,1823607.619,0.0011218333896345634,0.0011218333896345634,0.0017590790651865354,1.0017590790651865,-9.620411989264e-8,1.0001275068624484,486.5300972597753,11.189216799975233,0.00004833839999999994,0.000015693181419140646
2022-01-14T07:00:00.000Z,0.01804103304478159,1.0015080357539201,0.00021788334891302568,0.0004597371896955719,0.00044739907446667004,197562369.01180002,54658511.0165,2202519.4234,0.0010606366794534416,0.0010606366794534416,0.0017259191028331374,1.0017259191028332,-2.942002830241819e-7,1.001272894648299,485.91412857157184,11.152924550533267,0.0000483331,0.000018952410008590055
2022-01-14T08:00:00.000Z,0.01804103304478159,0.9979036002188029,0.0002262777990875651,0.0004774459123239785,0.0004611414882568221,196854998.7969,56713437.0138,2054925.9973,-0.0025575412694539557,-0.0025575412694539557,-0.0018701219821095683,0.9981298780178904,-0.0000050791770612734766,1.000071347009648,482.9875490294132,11.087725174729922,0.00004833270000000003,0.00001774592576647849
2022-01-14T09:00:00.000Z,0.01804103304478159,0.9941788401797707,0.0002343317295831546,0.0004987236420047418,0.00048080982900555735,196260087.97529998,59184272.5137,2470835.4999,-0.0063019696492349064,-0.0063019696492349064,-0.005586828090646195,0.9944131719093539,-0.000028272951555385895,1.0006430231364472,479.0941894943745,11.016477220102491,0.00004783909999999995,0.000021402315637189758
2022-01-14T10:00:00.000Z,0.01804103304478159,0.9960059713979986,0.00024531211100234433,0.000515547132636017,0.0004985380525094341,196718063.4924,61138834.6707,1954562.157,-0.00449256665451081,-0.00449256665451081,-0.003748716490999032,0.9962512835090009,-0.00001487245976383722,1.0003962518203346,480.95913287425293,11.078636032093335,0.00004832239999999994,0.000016890953519519428
2022-01-14T11:00:00.000Z,0.01804103304478159,0.9870823531883189,0.000250400292481788,0.0005342666636761665,0.0005160990333142879,194993624.1462,63314104.230799995,2175269.5601,-0.013433745844995348,-0.013433745844995348,-0.012667246519199272,0.9873327534808007,-0.00009710157316522583,0.9998563959034048,472.61347584567557,10.880994443327603,0.0000482134999999999,0.000018964508549250762
2022-01-14T12:00:00.000Z,0.01804103304478159,0.9854100062976203,0.00025925808365536,0.0005600542132210222,0.0005380755202757381,193849004.6451,66298165.5843,2984061.3535,-0.015128069222655416,-0.015128069222655416,-0.014330735618724317,0.9856692643812757,-0.00012572769858698596,1.000059449762953,470.89591133684604,10.854901622458064,0.000048297400000000125,0.000026169359549911054
2022-01-14T13:00:00.000Z,0.01804103304478159,0.9877803357952483,0.00027034549998630986,0.0005921587276526198,0.0005745428857976131,194964363.5172,70025617.4742,3727451.8899,-0.012794207090549348,-0.012794207090549348,-0.011949318704765425,0.9880506812952345,-0.00009091842897779312,1.0000533820076685,473.13320106715395,10.92039227590492,0.00004833759999999982,0.00003250167414452114
2022-01-14T14:00:00.000Z,0.01804103304478159,0.987354220836322,0.0002795468138863629,0.0006182886960046654,0.000598202250760127,194838489.8717,73058752.30749999,3033134.8333,-0.013243981414438166,-0.013243981414438166,-0.012366232349791676,0.9876337676502083,-0.00009015312488946936,0.9995408988468648,472.9445402546467,10.907744054563578,0.000048348900000000204,0.00002646463345104662
2022-01-14T15:00:00.000Z,0.01804103304478159,0.9941803778711402,0.0002939985143611811,0.0006543985849753902,0.0006379873263210323,196177160.368,77250165.65949999,4191413.352,-0.006457609455180813,-0.006457609455180813,-0.005525623614498599,0.9944743763855014,-0.000023293149807646074,0.9997918913818528,479.35185261081904,11.09920615029111,0.000047666800000000063,0.00003632126535542554
2022-01-14T16:00:00.000Z,0.01804103304478159,0.9951590232289075,0.0003050284766897788,0.0006848199720536947,0.0006673213931244204,180747377.99089998,80500362.0295,3250196.37,-0.00550829816421694,-0.00550829816421694,-0.0045359482944027415,0.9954640517055973,-0.000018199199005919375,0.999954568272557,480.19018170145193,11.117615476460754,0.00005256099999999999,0.00003056937196222112
2022-01-14T17:00:00.000Z,0.01804103304478159,0.9971201471155168,0.00031758100272609186,0.0007084425182526312,0.0006915875849706765,181112618.287,83024301.83739999,2523939.8079,-0.0035714404694539015,-0.0035714404694539015,-0.002562271881757133,0.9974377281182428,-0.000004818162298914075,0.9989718826015542,482.5366294251999,11.188442806709197,0.00005255989999999989,0.000023690771598424733
2022-01-14T18:00:00.000Z,0.01804103304478159,0.9957443001305369,0.00032632783263687753,0.0007271204665157159,0.0007097317016576676,180848731.4995,85019784.16729999,1995482.3299,-0.004965431571120726,-0.004965431571120726,-0.003929372036826181,0.9960706279631738,-0.00001707294196140463,1.000310675263095,480.54343825489,11.124924367762311,0.00005256360000000034,0.000018757775809112482
2022-01-14T19:00:00.000Z,0.01804103304478159,0.998717867469673,0.00033798599496882425,0.000747096606022327,0.0007315609605139661,181354453.5572,87153556.27829999,2133772.111,-0.0020136934908410176,-0.0020136934908410176,-0.0009441465353582272,0.9990558534646418,-0.0000027309206155345933,0.9997663023,483.6619110417189,11.16145390227151,0.000052574599999999807,0.00002000178389639545
2022-01-14T20:00:00.000Z,0.01804103304478159,1.0004196317026215,0.00035009937636819343,0.0007651455193903425,0.0007517154806413462,181675576.1792,89081598.26759999,1928041.9893,-0.0003320837780198538,-0.0003320837780198538,0.0007697310789896858,1.0007697310789896,-1.6226442189903878e-8,0.9989332214242803,485.69794786615,11.210360279444927,0.00005257159999999987,0.000018041342984799405
2022-01-14T21:00:00.000Z,0.01804103304478159,1.0005638752444845,0.00036187723485266073,0.0007787330458515777,0.0007645294899951693,181708368.6627,90533113.49129999,1451515.2237,-0.00020065424551063415,-0.00020065424551063415,0.000925752479337196,1.0009257524793371,-3.067441423088013e-7,0.998462192015323,486.0548594100512,11.24596554221183,0.00005257019999999998,0.00001357986920718269
2022-01-14T22:00:00.000Z,0.01804103304478159,1.0059794847004935,0.00037431152086385633,0.00079506549564544,0.0007854394944974974,182670096.6412,92277652.82139999,1744539.3301,0.0051940452059959785,0.0051940452059959785,0.006353796221357332,1.0063537962213573,-0.000006981521618376618,1.0008892091382988,490.12293404445063,11.299578403870925,0.00005253269999999988,0.00001623537139193204
2022-01-14T23:00:00.000Z,0.01804103304478159,1.0062743130864598,0.00038615864721686197,0.0008104404067858308,0.000801541074983092,182725877.3285,93919933.41339998,1642280.592,0.005472772011476668,0.005472772011476668,0.0066604717336766215,1.0066604717336767,-0.000009587835161806169,1.000523904942071,490.57383020636354,11.33271588431405,0.000052576199999999864,0.00001527904556934119
2022-01-15T00:00:00.000Z,0.01804103304478159,1.0041858053786215,0.00039499124981030637,0.0008203795763190684,0.0008091899112188106,182349731.85459998,94981609.92509998,1061676.5117,0.003376615467402644,0.003376615467402644,0.0045807966284317604,1.0045807966284317,-0.000004674676711502457,0.9997582173221998,488.90466972092867,11.277988593377657,0.0000525757999999999,0.000009897739094725575
2022-01-15T01:00:00.000Z,0.01804103304478159,1.0047254272812072,0.00040655489863355347,0.0008348065863258401,0.0008243735799176033,182450051.486,96522685.71789998,1541075.7928,0.0039010537012895696,0.0039010537012895696,0.005131982179840727,1.0051319821798408,-0.0000046722982044444805,1.000281542519893,489.1598266113924,11.302071759815805,0.00005257539999999993,0.000014359156527621084
2022-01-15T02:00:00.000Z,0.01804103304478159,1.0015015348228156,0.0004150124184734306,0.0008489659900812519,0.0008354308844280567,182055529.64609998,98036763.82769997,1514078.1098,0.0006661039383875078,0.0006661039383875078,0.001916547241288995,1.001916547241289,-8.287352026847827e-9,0.9999820773495584,486.1579355120257,11.241089334715856,0.00005252030000000015,0.00001413817416951575
2022-01-15T03:00:00.000Z,0.01804103304478159,1.0029815455457989,0.00042639777151982553,0.0008625182102408184,0.0008503703031048637,182322261.8494,99485896.90129997,1449133.0736,0.0021311752426940167,0.0021311752426940167,0.003407943317318706,1.0034079433173186,-9.01292929955666e-7,1.000231267394076,487.4610688464544,11.260472766490752,0.00005252130000000007,0.00001351193321172648
2022-01-15T04:00:00.000Z,0.01804103304478159,1.002774973325195,0.00043797932971134456,0.0008781785485650107,0.0008658109629673394,182288220.7224,101160482.40689997,1674585.5056,0.001909162362227601,0.001909162362227601,0.003212952654906285,1.0032129526549063,-4.805786384398658e-7,1.0003719626867085,487.1765801976766,11.283966885036525,0.0000525209000000001,0.00001561700118767015
2022-01-15T05:00:00.000Z,0.01804103304478159,1.0018916829617712,0.00044752372435499,0.0008919151480822949,0.0008805294483011927,181790753.2454,102626642.21779998,1466159.8109,0.0010111535134700311,0.0010111535134700311,0.002339206686126214,1.0023392066861263,-5.789892099095084e-7,0.9993796785879951,486.78651201519057,11.255726096258535,0.000052399699999999945,0.000013710662583401054
2022-01-15T06:00:00.000Z,0.01804103304478159,1.0068622567720995,0.00046369512275382395,0.000907300555495711,0.0008985869856330542,182802942.8893,104269776.97959998,1643134.7618,0.005963669786466452,0.005963669786466452,0.00732595189485333,1.0073259518948534,-0.000012238276580589513,1.0004435899925066,491.0923901764852,11.390655116198728,0.000052587400000000065,0.000015280547735774454
2022-01-15T07:00:00.000Z,0.01804103304478159,1.0082745665647384,0.00047665088222078846,0.0009253765466502236,0.0009192079109507922,183087986.6568,106200563.34159999,1930786.362,0.007355358653787558,0.007355358653787558,0.008751217446959138,1.008751217446959,-0.000023034621721818027,0.9999858799010076,492.67752580417704,11.442283302687667,0.000052579700000000136,0.00001792764711293029
