query_ts,assumedLPToken,equityValue,totalDexYield,totalTradingfee,newTotalTradingFee,liquidity,totalVolume,volume,priceImpact,priceEffect,totalReturn,totalEquityVal,impermanentLoss,tokenPrice,quoteTokenPrice,rewardPrice,rewardTokenPerLP,feePerDollar
2022-02-26T09:00:00.000Z,0.020106414510054394,1,0.000004560328914446805,0.00003117274377941421,7.90811860440499e-13,245352122.50989997,4498999.4574,4498999.4574,-7.90811860440499e-13,-7.90811860440499e-13,0.000004560328914446805,1.0000045603289145,-2.220446049250313e-16,1.0001994804292385,372.09964031653936,6.510596601688842,0.000034837,0.00003117274470397699
2022-02-26T10:00:00.000Z,0.020106414510054394,1.0018268358036297,0.000009043284952488844,0.00005019940160680821,0.0000138357087444696,245873960.75399998,7245840.0675,2746840.6101,0.0018130000948852754,0.0018130000948852754,0.001835879088582234,1.0018358790885822,-2.103069418613046e-8,1.0018073617092298,372.8507166407281,6.49421488098777,0.000034420200000000006,0.000018991962478865435
2022-02-26T11:00:00.000Z,0.020106414510054394,1.0039304468221342,0.000013688085281936855,0.00007557195952428319,0.000042477241034122315,246394421.77420002,10908887.847,3663047.7795,0.003887969581100048,0.003887969581100048,0.003944134907416107,1.003944134907416,-0.00000750717731390349,1.0002050643222211,374.99659573183806,6.531554920478536,0.0000349725,0.00002527322323415541
2022-02-26T12:00:00.000Z,0.020106414510054394,1.00310778577087,0.000018176631856185067,0.00012570562924077514,0.00009099306691040532,246207159.55709997,18147139.1866,7238251.3396,0.003016792703959492,0.003016792703959492,0.0031259624027260824,1.003125962402726,-8.730939472512134e-7,1.0018920650428111,373.71570247769273,6.4943609768173305,0.00003497129999999997,0.000049978348718434555
2022-02-26T13:00:00.000Z,0.020106414510054394,1.0009253997243923,0.00002264960897347656,0.00016853297174400145,0.00013346200531172414,245629829.6048,24329460.9663,6182321.7797,0.0007919377190805932,0.0007919377190805932,0.0009480493333657939,1.0009480493333658,-2.9586356853350537e-7,1.0002218713297053,372.68089016952325,6.476078882291937,0.00003474480000000004,0.00004278774708430046
2022-02-26T14:00:00.000Z,0.020106414510054394,1.003227453473993,0.00002725445462032507,0.00019373119297318408,0.0001593534582120526,246198092.6608,27966988.1134,3637527.1471,0.003068100015780839,0.003068100015780839,0.0032547079286132166,1.0032547079286132,-0.00000410838173658945,1.0003964474480993,374.31270825009716,6.488064456502657,0.000034977899999999996,0.000025117157014655428
2022-02-26T15:00:00.000Z,0.020106414510054394,1.0037203284509517,0.00003186417467975542,0.00021744326868027058,0.00018606400476040008,246321194.70540002,31390010.4265,3423022.3131,0.0035342644461913153,0.0035342644461913153,0.003752192625631471,1.0037521926256314,-0.0000064151882245289116,1.0001455436764017,374.7546943015467,6.49915980000451,0.0000349196,0.000023624186863942766
2022-02-26T16:00:00.000Z,0.020106414510054394,1.0055069060132134,0.00003648994015071784,0.0002382975633950824,0.00020337185503960242,246722919.8816,34400041.7129,3010031.2864,0.0053035341581737505,0.0053035341581737505,0.00554339595336407,1.0055433959533642,-0.000009365208501588285,1.0011617727544948,375.69553601824913,6.51237994777837,0.00003483220000000001,0.000020740080367627075
2022-02-26T17:00:00.000Z,0.020106414510054394,1.002905975245503,0.000040789631132446515,0.0002540008460425997,0.00021700192931750628,246093234.82360002,36666673.4123,2266631.6994,0.00268897331618545,0.00268897331618545,0.002946764876635403,1.0029467648766355,-0.0000026107462572921847,1.000599943904171,373.9537378738265,6.481183199351439,0.000034336400000000006,0.000015657780644567624
2022-02-26T18:00:00.000Z,0.020106414510054394,1.0046935088014235,0.000045570379055658626,0.00027007365643983143,0.00023389121452344064,246599919.5304,38987283.9129,2320610.5006,0.004459617586900055,0.004459617586900055,0.004739079180479154,1.0047390791804791,-0.000009016559613939101,1.0004026865656142,375.34962676974396,6.513200903931196,0.00003496750000000003,0.000015997725621859615
2022-02-26T19:00:00.000Z,0.020106414510054394,1.0020194029417668,0.00004969199176070489,0.00028174792325831724,0.00024541664617716563,246132611.335,40674123.3625,1686839.4496,0.001773986295589669,0.001773986295589669,0.0020690949335275396,1.0020690949335276,-0.000001262081608111032,1.0003831862031887,373.3524373304951,6.465033261474709,0.000034300099999999946,0.000011650740016799324
2022-02-26T20:00:00.000Z,0.020106414510054394,1.0037492338466436,0.000054342674844634156,0.0002897374845324076,0.00025378247047869174,246558447.0214,41828556.0501,1154432.6876,0.0034954513761649153,0.0034954513761649153,0.0038035765214882414,1.0038035765214883,-0.000004350571747524512,1.0007393147576717,374.5033696430883,6.4789054005406825,0.000034882500000000004,0.000007959717432636417
2022-02-26T21:00:00.000Z,0.020106414510054394,1.0063774039784648,0.00005899704975744007,0.00030339478669477656,0.00026868795230128306,247163404.56,43801611.4728,1973055.4227,0.006108716026163474,0.006108716026163474,0.006436401028222198,1.0064364010282223,-0.000011961089484646692,1.001399517570608,376.2082539752771,6.4910456811475346,0.00003488230000000003,0.000013570755851017396
2022-02-26T22:00:00.000Z,0.020106414510054394,1.0056315647135146,0.00006423829884480734,0.00031275237835892374,0.00027967771053916124,246980866.26200002,45153495.8466,1351884.3738,0.005351887002975397,0.005351887002975397,0.005695803012359366,1.0056958030123593,-0.000012911868809029059,1.0004554472585891,375.99694515991354,6.560607906039583,0.00003494040000000006,0.00000930518817203451
2022-02-26T23:00:00.000Z,0.020106414510054394,1.0017257321982045,0.00006833434610057329,0.00032081508877964315,0.0002850103929743497,246143260.7642,46318885.752100006,1165389.9055,0.0014407218052301385,0.0014407218052301385,0.0017940665443050615,1.001794066544305,-0.000002358979018901586,0.999467199248836,373.44600975200905,6.5117288994916205,0.00003494029999999995,0.000008048820159443291
2022-02-27T00:00:00.000Z,0.020106414510054394,1.0016533862224095,0.00007272279114240651,0.00033139127191864266,0.000294830243120936,246126367.18339998,47847580.3378,1528694.5857,0.0013585559792885782,0.0013585559792885782,0.0017261090135519206,1.0017261090135519,-4.496983404544963e-7,1.0006089143812942,372.95869197814267,6.495097471273648,0.000034940399999999975,0.000010558725688067095
2022-02-27T01:00:00.000Z,0.020106414510054394,0.995269487512153,0.00007641636266060276,0.0003649295735673523,0.000331968125014237,244561438.7201,52695321.6797,4847741.3419,-0.0050624806128611866,-0.0050624806128611866,-0.0046540961251863465,0.9953459038748137,-0.000010540455495866574,0.9997155780967043,368.5199744299936,6.425196417674024,0.00003464900000000008,0.00003369770935417987
2022-02-27T02:00:00.000Z,0.020106414510054394,0.99076963187674,0.00007994675775939802,0.00040574040756781915,0.00037460326296234747,243483033.89420003,58594921.620900005,5899599.9412,-0.009604971386222294,-0.009604971386222294,-0.009150421365500549,0.9908495786344994,-0.000048206793433425155,1.0003673706494565,364.92470068100346,6.347177481236187,0.000034934399999999955,0.00004119104210110184
2022-02-27T03:00:00.000Z,0.020106414510054394,0.9923416378508781,0.00008442883616379718,0.0004269932053862959,0.000389229674231939,243877621.193,61667322.933000006,3072401.3121,-0.008047591823353795,-0.008047591823353795,-0.0075739333129580585,0.9924260666870419,-0.000031357551087851654,1.0000387030029632,366.1935907543745,6.35092890472965,0.000034729999999999974,0.00002141681637298141
2022-02-27T04:00:00.000Z,0.020106414510054394,0.9933312264349966,0.00008894899210336584,0.0004403696872891273,0.00040079399250969594,244087301.76440004,63600822.48460001,1933499.5516,-0.00706956755751309,-0.00706956755751309,-0.006579824572900028,0.9934201754270999,-0.00002569763238469136,1.0002739485459353,366.8297586413908,6.355434505656888,0.000034904400000000004,0.000013466285275637387
2022-02-27T05:00:00.000Z,0.020106414510054394,0.9913092967884802,0.00009312052315319897,0.00045463410464826877,0.0004147457926100273,243592074.6914,65662682.07520001,2061859.5906,-0.009105449004129795,-0.009105449004129795,-0.00859758268836657,0.9914024173116335,-0.00004078134819474055,1.000083667329825,365.39653146743836,6.335537663603486,0.000034933500000000034,0.000014389471859708864
2022-02-27T06:00:00.000Z,0.020106414510054394,0.9939993671251728,0.00009845990969144426,0.00046847742733640185,0.0004298852366106942,244300035.0081,67664058.7011,2001376.6259,-0.006430518111437911,-0.006430518111437911,-0.005902172965135772,0.9940978270348643,-0.000016099890996046362,0.9994228674221903,367.614877822772,6.393585146323154,0.00003489790000000001,0.000013926892249185279
2022-02-27T07:00:00.000Z,0.020106414510054394,0.999767155308284,0.00010440414571190047,0.000488690795907801,0.0004545141585887702,245919361.763,70588774.27170001,2924715.5706,-0.0006873588503047978,-0.0006873588503047978,-0.00012844054600412715,0.9998715594539959,-6.992195283883618e-7,1.0006946630116167,371.4044078441473,6.484134246191024,0.000034898399999999984,0.000020218076504328617
2022-02-27T08:00:00.000Z,0.020106414510054394,1.0011765752995043,0.0001096122852053317,0.0005015696722004888,0.00047024312699517345,246265611.29810002,72452243.15,1863468.8783,0.0007063321725091498,0.0007063321725091498,0.0012861875847096549,1.0012861875847097,-3.8357017784207414e-8,1.0006287679737689,372.46561489451216,6.525810289796252,0.000034578700000000035,0.000012863741211822378
2022-02-27T09:00:00.000Z,0.020106414510054394,1.0002179919827856,0.00011366082153821465,0.0005242774325027981,0.00049274306364544,246032282.3403,75737904.64330001,3285661.4933,-0.00027475108085983635,-0.00027475108085983635,0.00033165280432381826,1.0003316528043238,-8.179456401080643e-8,0.999520325242826,372.14789461439454,6.495491460017392,0.00003489860000000004,0.00002270281153952079
2022-02-27T10:00:00.000Z,0.020106414510054394,1.00355909023719,0.00011902710025793972,0.000541809055762241,0.0005202293758663767,246854121.21469998,78274613.46460001,2536708.8213,0.0030388608613236556,0.0030388608613236556,0.003678117337447972,1.003678117337448,-0.0000062607401003500485,0.9996951802681342,374.5534442939252,6.539907688264305,0.00003489939999999993,0.0000174694470361275
2022-02-27T11:00:00.000Z,0.020106414510054394,1.0092875385534907,0.0001246135514095444,0.0005602181470786002,0.0005287581182757961,248426685.58540002,80940040.1957,2665426.7311,0.008758780435214941,0.008758780435214941,0.009412152104900281,1.0094121521049002,-0.00003746152987404994,1.0002641944045625,378.6219672536664,6.592832149440901,0.00003487690000000001,0.00001823968883291457
2022-02-27T12:00:00.000Z,0.020106414510054394,1.0106457008138274,0.00012959408906328045,0.000573310853078961,0.0005439319885740534,248763815.4361,82835736.64680001,1895696.4511,0.010101768825253377,0.010101768825253377,0.010775294902890711,1.0107752949028908,-0.000041937965176708225,1.0010926036097072,379.31663168001677,6.611558663991347,0.00003480340000000006,0.0000129547939326321
2022-02-27T13:00:00.000Z,0.020106414510054394,1.011671421893535,0.0001353901255755802,0.0005936350019623862,0.0005634161101064628,249037844.96060002,85778730.17210001,2942993.5253,0.01110800578342852,0.01110800578342852,0.011806812019110564,1.0118068120191106,-0.00005658791904739058,1.0006077459470568,380.2569079625254,6.668605968279972,0.000034888000000000056,0.000020089673494410185
2022-02-27T14:00:00.000Z,0.020106414510054394,1.002552345012432,0.0001375278551457685,0.000642079943977386,0.0006208365055258014,246758505.8447,92792711.17240001,7013981.0003,0.0019315085069062654,0.0019315085069062654,0.0026898728675778354,1.002689872867578,-0.0000021504116353154856,1.0000552631140922,373.5923234962736,6.547671651611783,0.000034888000000000056,0.000048321607636959616
2022-02-27T15:00:00.000Z,0.020106414510054394,0.9996504111160329,0.00014152438850017948,0.0006682939995762187,0.000631544904234671,246076129.06620002,96588540.02610001,3795828.8537,-0.000981133788201749,-0.000981133788201749,-0.0002080644954668985,0.999791935504533,-2.2076866890152758e-7,0.9998823348653757,371.48763160676805,6.521091243828093,0.000034738999999999926,0.00002622322236527876
2022-02-27T16:00:00.000Z,0.020106414510054394,1.0042689421004702,0.00014737063994251043,0.0006898636081362061,0.0006562156955585152,247284042.3447,99712744.08330001,3124204.0572,0.003612726404911726,0.003612726404911726,0.0044163127404127514,1.0044163127404127,-0.00000774621978183454,0.9998696288719213,374.9167274781522,6.581202173016495,0.000034322399999999934,0.000021477920074747728
2022-02-27T17:00:00.000Z,0.020106414510054394,1.0014854586648596,0.0001507023574200287,0.0007021166903730415,0.0006679568177698769,246623096.1096,101487691.6745,1774947.5912,0.00081750184708973,0.00081750184708973,0.0016361610222796355,1.0016361610222797,-9.665144662385217e-8,1.0005771326213693,372.5676003717833,6.525663211636183,0.00003487129999999993,0.000012234908054592963
2022-02-27T18:00:00.000Z,0.020106414510054394,1.000789108146327,0.00015469776956393027,0.0007111097768698188,0.0006757273718598356,246444788.66279998,102790369.0726,1302677.3981,0.00011338077446709782,0.00011338077446709782,0.0009438059158908636,1.0009438059158908,-2.419115822105411e-7,1.001008917551319,371.8830670665995,6.501602659883209,0.00003481430000000005,0.000008985994748706483
2022-02-27T19:00:00.000Z,0.020106414510054394,0.9980946041562347,0.0001586853316495805,0.0007258268439069008,0.0006888574107650758,245780308.0593,104922175.21970001,2131806.1471,-0.002594253254530332,-0.002594253254530332,-0.0017467105121156757,0.9982532894878843,-0.000002216483205197406,0.9997073422448868,370.35373205987065,6.4782857395735185,0.000034872800000000104,0.000014745161964707163
2022-02-27T20:00:00.000Z,0.020106414510054394,0.9854859463947458,0.00015744201989540793,0.0007521390992342006,0.0007058563016635322,242677978.5833,108733615.19710001,3811439.9774,-0.015219909906917684,-0.015219909906917684,-0.014356611585358744,0.9856433884146413,-0.0001150440385051521,1.0000319211080289,360.9196529697458,6.251414482647413,0.000034320699999999876,0.00002669977720848663
2022-02-27T21:00:00.000Z,0.020106414510054394,0.990042226685326,0.00016246863850706206,0.0007786647157897152,0.0007345970663767964,243808106.55730003,112576089.71060002,3842474.5135,-0.010692370381050753,-0.010692370381050753,-0.009795304676166895,0.9902046953238332,-0.000056159499013164194,1.0000478309061216,364.24015275560924,6.276270267727781,0.000034872099999999994,0.000026792409674921096
2022-02-27T22:00:00.000Z,0.020106414510054394,0.9872150916246429,0.00016595273149803857,0.0007967321991235486,0.0007524015060891287,243113834.3367,115193348.34640002,2617258.6358,-0.013537309881446191,-0.013537309881446191,-0.012618955643859025,0.9873810443561409,-0.00009461797726340038,1.0003265875174407,362.04736495154305,6.241797753157052,0.000034872099999999994,0.00001830146644266198
2022-02-27T23:00:00.000Z,0.020106414510054394,0.9880343944261516,0.0001705384585826795,0.0008044689725012113,0.0007598640954056268,243318037.3479,116314109.89220002,1120761.5458,-0.01272546966925403,-0.01272546966925403,-0.011795067115265723,0.9882049328847343,-0.0000819144725575649,1.0001923520881648,362.6921967362269,6.25321617429788,0.00003405829999999981,0.000007830470147742394
2022-02-28T00:00:00.000Z,0.020106414510054394,0.9854107148287766,0.00017401284338516943,0.0008145344969457674,0.0007684267603039752,242602492.00519997,117771800.84410003,1457690.9519,-0.015357711931527351,-0.015357711931527351,-0.014415272327838206,0.9855847276721618,-0.00012107586770226941,1.0002846484322439,360.72748899949715,6.220636804019884,0.0000348823000000002,0.000010214547252782896
2022-02-28T01:00:00.000Z,0.020106414510054394,0.9805564490304632,0.00017694212344157017,0.0008346031375348818,0.0007876760968972274,241409318.824,120678167.85690002,2906367.0128,-0.020231227066433988,-0.020231227066433988,-0.01926660884609519,0.9807333911539048,-0.00021000184156605428,1.0002565971824289,357.17548038403027,6.170642152302765,0.000034882099999999976,0.000020466583252994137
2022-02-28T02:00:00.000Z,0.020106414510054394,0.9881784288054977,0.00018436172302848964,0.0008512425869058359,0.0008062309666968526,243299267.8445,123088048.18940002,2409880.3325,-0.012627802161199186,-0.012627802161199186,-0.011637209471473843,0.9883627905285262,-0.00008076463241502019,1.000201114367822,362.7607819470521,6.276646180989165,0.000034706200000000024,0.000016838507577706266
2022-02-28T03:00:00.000Z,0.020106414510054394,0.9852501301800506,0.00018749137290130662,0.0008628579318765999,0.0008159245575275476,242583817.4425,124770329.13110001,1682280.9417,-0.01556579437747696,-0.01556579437747696,-0.014562378447048106,0.9854376215529519,-0.00013673642637224148,1.0010497546420711,360.2994525981316,6.234342198137451,0.00003488010000000008,0.000011789234875767758
2022-02-28T04:00:00.000Z,0.020106414510054394,0.9899257861803599,0.0001941622983753661,0.0008812900390056487,0.0008378234424893938,243736302.09129998,127439913.59270002,2669584.4616,-0.010912037262129526,-0.010912037262129526,-0.009880051521264767,0.9901199484787352,-0.0000592939866851383,1.0001175368004314,364.05304276983037,6.310592760776596,0.00003450230000000002,0.000018619686709696705
2022-02-28T05:00:00.000Z,0.020106414510054394,0.9870257789389074,0.00020186489326646126,0.0009010245672835666,0.0008587029566456961,243043025.7074,130298375.93320002,2858462.3405,-0.01383292401773828,-0.01383292401773828,-0.012772356167826121,0.9872276438321739,-0.00009379394186725953,0.9999667785276736,361.9606015225275,6.414734971130558,0.00003487729999999996,0.000019993933027727463
2022-02-28T06:00:00.000Z,0.020106414510054394,0.9872641775310036,0.00020624267806410729,0.0009170299669048705,0.0008724822915131547,242923792.2254,132614993.19780001,2316617.2646,-0.01360830476050956,-0.01360830476050956,-0.012529579790932298,0.9874704202090677,-0.0000948662418268631,1.0002726372614992,362.01477875974916,6.4112311165084614,0.0000348162,0.00001621187168923266
2022-02-28T07:00:00.000Z,0.020106414510054394,0.9868396066016712,0.00021013966291077743,0.0009538217015599422,0.0009083973525335631,242824467.27570003,137940331.68,5325338.4822,-0.014068790750862314,-0.014068790750862314,-0.012950253735417973,0.987049746264582,-0.00010168292884371599,1.0002920532563577,361.66983224624187,6.393021922990604,0.0000348742,0.000037282385590333636
