query_ts,assumedLPToken,equityValue,totalDexYield,totalTradingfee,newTotalTradingFee,liquidity,totalVolume,volume,priceImpact,priceEffect,totalReturn,totalEquityVal,impermanentLoss,tokenPrice,quoteTokenPrice,rewardPrice,rewardTokenPerLP,feePerDollar
2022-01-07T09:00:00.000Z,0.01874972356311081,1,0.000007788733405890171,0.000043822710774069425,4.9960036108132044e-14,229237097.8288,5909288.7446,5909288.7446,-4.9960036108132044e-14,-4.9960036108132044e-14,0.000007788733405890171,1.0000077887334058,-1.1102230246251565e-16,1.0000007639929815,452.32375934487925,10.529863965840223,0.0000394502,0.0000438227100280359
2022-01-07T10:00:00.000Z,0.01874972356311081,1.0034306055389302,0.000015833228206913692,0.00006298671885416895,0.000008523498700396814,230036832.25660002,8493615.6327,2584326.8881,0.003422082040229757,0.003422082040229757,0.0034464387671370674,1.0034464387671371,-0.000008056758431518318,0.9994030043029944,455.6972316023449,10.639935989141128,0.00003991600000000001,0.00001909848812762874
2022-01-07T11:00:00.000Z,0.01874972356311081,0.9994265625663603,0.000023622826013233726,0.0000851602881877476,0.000033078947932918545,229102642.5235,11483579.2387,2989963.606,-0.0006065163815726082,-0.0006065163815726082,-0.0005498146076264559,0.9994501853923735,-3.2756598311589613e-7,0.9985856623870905,452.41545554662315,10.565026298571583,0.00003988599999999999,0.000022186292022706036
2022-01-07T12:00:00.000Z,0.01874972356311081,1.0005754206162758,0.000031602823545105544,0.00011041804454955888,0.00005621475890449368,229385018.9461,14889708.1404,3406128.9017,0.0005192058573713076,0.0005192058573713076,0.0006070234398209068,1.000607023439821,-0.00000122259740487074,0.9989566670943527,453.2668337042957,10.589448631347672,0.00003991650000000002,0.000025243231486929013
2022-01-07T13:00:00.000Z,0.01874972356311081,1.0024228894343359,0.00003967010551339432,0.000130449367967379,0.00007951030358310796,229816188.9985,17591117.3144,2701409.174,0.0023433791307527763,0.0023433791307527763,0.0024625595398492786,1.0024625595398493,-0.000005465676369054151,0.9990355998664143,454.8852139180062,10.631054564187837,0.00003984919999999999,0.00001998290727825956
2022-01-07T14:00:00.000Z,0.01874972356311081,0.9918077723110075,0.000046498284431292234,0.0001730198897031202,0.00011866722567610566,226702286.8344,23314969.9905,5723852.6761,-0.008310894914668632,-0.008310894914668632,-0.008145729404561234,0.9918542705954387,-0.000030064338756741193,0.9994096808297096,445.0996620402371,10.394270390209616,0.00003956979999999998,0.000042922149949364686
2022-01-07T15:00:00.000Z,0.01874972356311081,0.9979691520193442,0.000054360566931654123,0.0002059058998476336,0.00015343955014379684,228104980.5203,27736574.758199997,4421604.7677,-0.002184287530799578,-0.002184287530799578,-0.001976487413724127,0.9980235125862759,-0.000002109436434860612,0.9998680874338208,450.409665896434,10.405600698026333,0.00004003849999999999,0.000032952932846729555
2022-01-07T16:00:00.000Z,0.01874972356311081,0.9918748333466669,0.00006126612003709392,0.00024193009247429668,0.00019013276723334194,226671326.0557,32579246.754999995,4842671.9968,-0.008315299420566413,-0.008315299420566413,-0.008063900533295977,0.991936099466704,-0.000026843263795206518,0.9989784128320416,445.28786013640394,10.253746028629104,0.0000400451,0.00003631929339195296
2022-01-07T17:00:00.000Z,0.01874972356311081,1.0006618198055728,0.00007027498606660586,0.0002783183353585782,0.0002276115304555848,228555163.3417,37468199.912599996,4888953.1576,0.0004342082751171983,0.0004342082751171983,0.000732094791639389,1.0007320947916394,-5.863095741132085e-7,0.9993522122598234,453.0104505516724,10.447859071861776,0.00004006770000000005,0.00003636417679829162
2022-01-07T18:00:00.000Z,0.01874972356311081,0.9996849289777554,0.00007824811887107513,0.00029530020186112164,0.0002420374784395385,228335778.00710002,39749841.09069999,2281641.1781,-0.0005571085006841336,-0.0005571085006841336,-0.00023682290337352,0.9997631770966264,-6.129335006210823e-8,0.9990937872637891,452.2300747504901,10.465336138756125,0.000040034100000000004,0.000016987219596612628
2022-01-07T19:00:00.000Z,0.01874972356311081,0.9960353431936146,0.00008588664923733894,0.000318654355038741,0.0002699408110206081,227503454.6735,42887664.21949999,3137823.1288,-0.004234597617405966,-0.004234597617405966,-0.003878770157148019,0.996121229842852,-0.000007404162972068917,0.9996054235857204,448.678432683346,10.438125300947943,0.000040069,0.00002344711348060838
2022-01-07T20:00:00.000Z,0.01874972356311081,0.998713209104325,0.00009465425363460981,0.0003366433648174493,0.0002833079345591072,228066703.4962,45304123.17899999,2416458.9595,-0.001570098830234068,-0.001570098830234068,-0.001192136642040351,0.9988078633579597,-0.000002442966600901819,1.000640052974794,450.61641451852336,10.541040241562376,0.00004007660000000003,0.00001801218752310526
2022-01-07T21:00:00.000Z,0.01874972356311081,0.9995178210127648,0.00010283499180150846,0.0003489460953069193,0.0002957112412019791,228261015.9301,46956822.19779999,1652699.0188,-0.0007778902284372169,-0.0007778902284372169,-0.00037934399543372934,0.9996206560045663,-2.748648297856704e-7,0.9999640093461286,451.6369163297199,10.567744120790616,0.00004007700000000004,0.000012308664799863921
2022-01-07T22:00:00.000Z,0.01874972356311081,0.9986118937843192,0.00011057615948501517,0.0003558562834264355,0.00030345329603831406,228060079.43100002,47885133.064699985,928310.8669,-0.0016915595117190652,-0.0016915595117190652,-0.001277530056195736,0.9987224699438043,-0.00000107490096001861,0.9997740186567391,450.89702721712433,10.549963096728575,0.00004000929999999998,0.000006919792704042557
2022-01-07T23:00:00.000Z,0.01874972356311081,0.9942595755796766,0.00011750654327108644,0.00036666773215264525,0.0003139079874618922,227067105.39769998,49337543.75199998,1452410.6873,-0.006054332407785301,-0.006054332407785301,-0.005622917877052322,0.9943770821229477,-0.000014731887042263025,0.9993563247257128,447.1514641973581,10.464118375211577,0.000039909099999999967,0.000010873869925304514
2022-01-08T00:00:00.000Z,0.01874972356311081,0.9938305798983322,0.00012493258048876005,0.00037782548077317624,0.0003256220461488324,226837593.6811,50835607.50739998,1498063.7554,-0.006495042147816599,-0.006495042147816599,-0.0060444875211790065,0.993955512478821,-0.000018222350945618082,0.9995216423136,446.68113156926046,10.427269640355172,0.00004009970000000009,0.00001122701199061516
2022-01-08T01:00:00.000Z,0.01874972356311081,0.999934259259875,0.00013503085727045112,0.00039438774158718375,0.0003435108974811918,227912104.1794,53056188.67449998,2220581.1671,-0.00040925163760618943,-0.00040925163760618943,0.00006929011714545348,1.0000692901171455,-5.049246298849397e-8,0.9999092139716365,451.99498674382005,10.604639754051266,0.0000400994999999999,0.000016563350146153426
2022-01-08T02:00:00.000Z,0.01874972356311081,1.0016066673351962,0.00014367601712372176,0.00040630269779381095,0.00035369906164506304,228296308.40649998,54653704.692299984,1597516.0178,0.0012529682735511471,0.0012529682735511471,0.001750343352319932,1.0017503433523198,-5.573556953741843e-7,1.00019716821158,453.36892060044175,10.658437976755437,0.00003983200000000001,0.000011895843823389118
2022-01-08T03:00:00.000Z,0.01874972356311081,0.9986808136600728,0.00015083054322355597,0.0004192199354732831,0.000365900637067873,227872323.30310002,56387451.17399999,1733746.4817,-0.0016850869769950982,-0.0016850869769950982,-0.0011683557967036692,0.9988316442032963,-0.0000013338936675211244,0.9999475941998008,450.8246042065735,10.59867470662221,0.000040056600000000005,0.000012934300121079701
2022-01-08T04:00:00.000Z,0.01874972356311081,0.9985831998823683,0.00015863469080574182,0.0004311734486114455,0.00037868986102940205,227858285.4885,57991904.96319999,1604453.7892,-0.00179548997866108,-0.00179548997866108,-0.0012581654268259362,0.9987418345731741,-0.000001446038468966293,0.9999042765506958,450.74442312839886,10.588280264236799,0.000040055300000000016,0.000011970472944586692
2022-01-08T05:00:00.000Z,0.01874972356311081,1.0018007151748733,0.00016709359937297562,0.0004528410810293142,0.00040066469490152024,228625179.5073,60900647.29239999,2908742.3292,0.001400050479971826,0.001400050479971826,0.001967808774246322,1.0019678087742463,-1.7177801747703114e-7,1.0008140298838937,453.2226079497388,10.620531599717065,0.00004005239999999998,0.000021628684864442545
2022-01-08T06:00:00.000Z,0.01874972356311081,1.0016739330203381,0.00017551836247124223,0.0004697722464043706,0.0004177195160424141,228595863.4828,63173545.25289999,2272897.9605,0.0012562135042957223,0.0012562135042957223,0.0018494513828093786,1.0018494513828093,-0.00000191023553597347,0.9993018288647911,453.7780647617119,10.647768086496908,0.00004005279999999999,0.000016902871617975402
2022-01-08T07:00:00.000Z,0.01874972356311081,1.0025746084024645,0.00018377047632977284,0.00048726628973062576,0.000435538262334223,228802217.3042,65522014.087199986,2348468.8343,0.0021390701401302614,0.0021390701401302614,0.002758378878794257,1.0027583788787942,-0.0000025179842553235687,0.9998934565330716,454.3096842826056,10.662606727930275,0.00004005339999999992,0.000017449118567771475
2022-01-08T08:00:00.000Z,0.01874972356311081,1.003947485788922,0.00019306868656051332,0.0004971732742918194,0.0004459843525761453,229136176.4889,66852086.28419998,1330072.197,0.0035015014363457553,0.0035015014363457553,0.004140554475482414,1.0041405544754824,-0.000008916847941020656,0.9992734017770737,455.8284818133245,10.734406984964602,0.00004004989999999996,0.00000986803031082931
2022-01-08T09:00:00.000Z,0.01874972356311081,1.005537961320342,0.00020133023496084256,0.0005165427249679722,0.0004659142744003475,229515472.83449998,69452736.02089998,2600649.7367,0.005072047045941552,0.005072047045941552,0.005739291555302743,1.0057392915553027,-0.000009346684933686511,1.0007366629125443,456.5878082294574,10.745153836631058,0.00004004720000000001,0.000019262773432177224
2022-01-08T10:00:00.000Z,0.01874972356311081,1.0058159222109706,0.0002096994713148538,0.0005291350149383168,0.00048258111794496905,229565015.0934,71143344.25429998,1690608.2334,0.005333341093025634,0.005333341093025634,0.006025621682285457,1.0060256216822854,-0.000015722215755520352,0.9997124043569943,457.29328409073514,10.76301852647557,0.00003981349999999998,0.000012519477306290251
2022-01-08T11:00:00.000Z,0.01874972356311081,1.0029641510373606,0.00021669384225911562,0.0005457477237585432,0.0004940589009996277,228912776.10300002,73373710.43249999,2230366.1782,0.0024700921363609574,0.0024700921363609574,0.003180844879619701,1.0031808448796198,-0.0000037610715691860364,0.999725191361205,454.6863808818077,10.709280851145277,0.00004004739999999993,0.000016563612426918224
2022-01-08T12:00:00.000Z,0.01874972356311081,1.0035286260187635,0.00022645387906271422,0.0005581814454417422,0.0005077227157730402,229124138.6724,75043621.45879999,1669911.0263,0.0030209033029904298,0.0030209033029904298,0.003755079897826184,1.003755079897826,-0.000009909184698897455,0.9985663411061886,455.7144265679152,10.791318640111298,0.00004003310000000002,0.000012390002909160805
2022-01-08T13:00:00.000Z,0.01874972356311081,1.0023736088009056,0.00023494071224883705,0.0005784046085311707,0.0005270536144577065,228864570.9271,77759742.35649998,2716120.8977,0.0018465551864479401,0.0018465551864479401,0.0026085495131544837,1.0026085495131545,-0.0000029656294293634033,0.9994103696886776,454.263977890968,10.809279825450137,0.000040015200000000016,0.000020175274431448705
2022-01-08T14:00:00.000Z,0.01874972356311081,1.0026451700546375,0.00024338988375360193,0.0005955935769803028,0.0005448387425042167,228929727.2736,80068380.22519998,2308637.8687,0.0021003313121332745,0.0021003313121332745,0.0028885599383910933,1.002888559938391,-0.000003429161905876832,0.9994801839366508,454.46239811217526,10.824670723381502,0.000039981599999999976,0.000017143620549110712
2022-01-08T15:00:00.000Z,0.01874972356311081,1.000041206595595,0.00025099075059700554,0.000615190881797084,0.0005666053716497643,228346907.694,82700615.37329999,2632235.1481,-0.0005253987760547307,-0.0005253987760547307,0.00029219734619203913,1.000292197346192,-6.90723399587867e-8,0.9998469170694508,451.91810966478903,10.803446099320889,0.000039879699999999767,0.000019596498139429713
2022-01-08T16:00:00.000Z,0.01874972356311081,0.9947617363160607,0.0002537030033937222,0.0006458512003811212,0.0005929764623540112,227137820.1819,86818727.01779999,4118111.6445,-0.005831240146293326,-0.005831240146293326,-0.004984560680545593,0.9950154393194544,-0.000011498458907022169,0.9989485420989744,447.53482852920524,10.578567259070537,0.000040014800000000185,0.00003082177063266487
2022-01-08T17:00:00.000Z,0.01874972356311081,0.9928393561555824,0.000259854220784423,0.000684863050834197,0.0006327436624935512,226699688.812,92058585.75129999,5239858.7335,-0.007793387506911165,-0.007793387506911165,-0.00690078962363319,0.9930992103763668,-0.000048414142738151256,1.002019220179384,444.4039541872145,10.507437001487821,0.000039881499999999906,0.000039293216032321614
2022-01-08T18:00:00.000Z,0.01874972356311081,0.9808075361600636,0.0002616340902775722,0.0007296072092728861,0.000664406908889692,223935328.5973,98067918.2558,6009332.5045,-0.01985687074882614,-0.01985687074882614,-0.018930829749658873,0.9810691702503411,-0.00022929458595355445,1.0013617641097183,433.94803675518494,10.269904973372158,0.00003974990000000018,0.00004561971226979133
2022-01-08T19:00:00.000Z,0.01874972356311081,0.964388044401763,0.0002640172919899428,0.0008060772462105105,0.0007378669212187994,219840223.72849998,108322022.16839999,10254103.9126,-0.03634982251945584,-0.03634982251945584,-0.0353479383062471,0.964652061693753,-0.0007093866676645133,1.0006517858561843,419.76436675077696,10.066258864671347,0.00004011479999999993,0.00007929384511975514
2022-01-08T20:00:00.000Z,0.01874972356311081,0.965693833481088,0.0002714788899634281,0.0008760233787084383,0.0008013256016693449,220058441.52060002,117697930.62959999,9375908.4612,-0.035107492120581396,-0.035107492120581396,-0.03403468762894862,0.9659653123710514,-0.0006349979951868479,0.99990862941809,421.16016241190005,10.062314951489371,0.00004009759999999999,0.00007243096094792583
2022-01-08T21:00:00.000Z,0.01874972356311081,0.9656899391447542,0.0002792396832533236,0.0009177887029406235,0.0008421111823473382,214573928.6797,123156843.6318,5458913.0022,-0.03515217203759313,-0.03515217203759313,-0.03403082117199247,0.9659691788280075,-0.0006453697313848483,1.000152421892147,421.0185086521299,10.062118302776803,0.00004116409999999999,0.00004324920627982126
2022-01-08T22:00:00.000Z,0.01874972356311081,0.9744540460509852,0.0002938036374537328,0.0009372405061526103,0.000868577593493125,215416991.9644,125686313.5536,2529469.9218,-0.026414531542507946,-0.026414531542507946,-0.025252150311561087,0.9747478496884389,-0.00032863351524126116,0.9988724680345832,429.22781327981573,10.299007983744511,0.00004137619999999996,0.000019961744093848634
2022-01-08T23:00:00.000Z,0.01874972356311081,0.9816350128238963,0.00030303742268741375,0.0009723964103308998,0.0009116617296235363,216969158.0871,130257167.2993,4570853.7457,-0.019276648905727223,-0.019276648905727223,-0.01806194975341627,0.9819380502465838,-0.00016582210453708335,0.9987490405131328,435.5985138354173,10.341407491967455,0.00004138370000000021,0.00003581362178937263
2022-01-09T00:00:00.000Z,0.01874972356311081,0.9761124365292252,0.00030791585333638714,0.0010026633822142513,0.0009369173753243087,215753181.3571,134192463.349,3935296.0497,-0.024824480846099117,-0.024824480846099117,-0.023579647617438422,0.9764203523825615,-0.00030636707402365015,0.999619659671668,430.3090935846538,10.236825374719643,0.000041383399999999615,0.00003100766923764225
2022-01-09T01:00:00.000Z,0.01874972356311081,0.9784262783231816,0.000317581749280399,0.0010223238098503802,0.000958601371374157,216206400.3795,136748013.8238,2555550.4748,-0.022532323048192526,-0.022532323048192526,-0.02125613992753797,0.9787438600724621,-0.0002700119891878572,1.0004518422136957,431.9747422572627,10.292693776893357,0.00004137840000000011,0.000020093927837170195
2022-01-09T02:00:00.000Z,0.01874972356311081,0.9773570008574685,0.000325545398998413,0.0010326595349654296,0.0009672496440715772,215976666.4061,138091538.4634,1343524.6396,-0.023610248786603116,-0.023610248786603116,-0.022317453743533125,0.9776825462564669,-0.0002889188394785691,1.000148486816898,431.1532603328213,10.292011703987749,0.00004137740000000017,0.000010575178908565149
2022-01-09T03:00:00.000Z,0.01874972356311081,0.9812305409822344,0.0003368429286532437,0.0010470078565456903,0.000985340813346891,216838550.1491,139956705.0673,1865166.6039,-0.0197547998311125,-0.0197547998311125,-0.018432616089112366,0.9815673839108876,-0.00018541360414059405,0.9993068321781913,434.9309612004934,10.394308317772595,0.00004136580000000002,0.0000146227837460163
2022-01-09T04:00:00.000Z,0.01874972356311081,0.9777286289227383,0.00034318945540274095,0.0010571757078857897,0.000991763631784326,216065474.2549,141278448.8735,1321743.8062,-0.023263134709046063,-0.023263134709046063,-0.021928181621858996,0.9780718183781411,-0.000244422356161178,0.998575871541866,432.1393594974375,10.34261562428031,0.00004136580000000002,0.00001039946098879813
2022-01-09T05:00:00.000Z,0.01874972356311081,0.9835945976295973,0.00035366022473391,0.00106802084799027,0.0010099711843957193,217365761.2461,142688261.03379998,1409812.1603,-0.017415373554798386,-0.017415373554798386,-0.016051742145668756,0.9839482578543313,-0.0001601914701209184,1.0003324530407065,436.5613699984221,10.414740165338552,0.00004136519999999992,0.000011026026632577588
2022-01-09T06:00:00.000Z,0.01874972356311081,0.9808947001562097,0.0003596050136041273,0.0010792024162596156,0.001017512059356851,216769427.243,144141809.3462,1453548.3124,-0.02012281190314713,-0.02012281190314713,-0.018745694830186153,0.9812543051698138,-0.00022242211628964448,1.000766309701848,433.97064173464196,10.353335677512439,0.00004136539999999983,0.000011399357199527754
2022-01-09T07:00:00.000Z,0.01874972356311081,0.9816251886531143,0.00036790777392142646,0.0010888564351754127,0.0010277714323480014,217170044.2649,145398167.475,1256358.1288,-0.01940258277923368,-0.01940258277923368,-0.01800690357296425,0.9819930964270357,-0.00020229134687321793,1.0005235540341715,434.7142787567255,10.361268275586884,0.0000413198,0.00000983473032014848
