query_ts,assumedLPToken,equityValue,totalDexYield,totalTradingfee,newTotalTradingFee,liquidity,totalVolume,volume,priceImpact,priceEffect,totalReturn,totalEquityVal,impermanentLoss,tokenPrice,quoteTokenPrice,rewardPrice,rewardTokenPerLP,feePerDollar
2021-08-06T09:00:00.000Z,0.023912693965023494,1,0.000015533591566448176,0.000007774129197690775,2.3292479056635784e-13,264908429.36659998,1211430.9035,1211430.9035,-2.3292479056635784e-13,-2.3292479056635784e-13,0.000015533591566448176,1.0000155335915664,0,0.9993172150859712,335.87158416225014,17.439288327639748,0.000037249,0.00000777412987904588
2021-08-06T10:00:00.000Z,0.023912693965023494,0.9965111554569861,0.00003132370655075141,0.000017094797529953065,0.00000924460161721985,263876875.5504,2663265.9583,1451835.0548,-0.0034980891446311224,-0.0034980891446311224,-0.0034575208364631513,0.9965424791635369,-0.0000025146354858396336,0.9980572556578126,333.9469236723936,17.2882632089014,0.000038520300000000005,0.000009353300049547517
2021-08-06T11:00:00.000Z,0.023912693965023494,0.9973433783158584,0.00004705035647430664,0.00002611863520075812,0.000018519077452539,264104308.64839998,4068902.9314,1405636.9731,-0.0026751407615941414,-0.0026751407615941414,-0.002609571327667296,0.9973904286723327,-0.000004519751751863588,0.9996449019702849,333.96746872343573,17.313529370963114,0.00003787529999999999,0.000009047875312974288
2021-08-06T12:00:00.000Z,0.023912693965023494,0.9949495564951412,0.00006253660747513535,0.0000340624512660941,0.000026411433577733234,263585457.23250002,5306845.909700001,1237942.9783,-0.00507685493843657,-0.00507685493843657,-0.0049879068973837015,0.9950120931026163,-0.00000751824818967517,0.9981066947926001,332.8731234352998,17.320365464457137,0.000037345599999999983,0.000007984139509084096
2021-08-06T13:00:00.000Z,0.023912693965023494,0.9970057603175145,0.00007791331580717936,0.000047959083802005435,0.00004023302293520992,264194682.2002,7472988.453300001,2166142.5436,-0.0030344727054206766,-0.0030344727054206766,-0.0029163263666782875,0.9970836736333217,-0.000001468693182293812,0.9979937925073138,334.2789851886601,17.333493084173057,0.00003698350000000003,0.000013938366561555311
2021-08-06T14:00:00.000Z,0.023912693965023494,1.0021533918161998,0.00009410010361191347,0.000058535278565823696,0.000051030052960143735,265785415.7451,9122963.747100001,1649975.2938,0.002102361763239635,0.002102361763239635,0.0022474919198116924,1.0022474919198117,-8.495515061435199e-7,1.0001136463149145,337.0167218075382,17.530128636201656,0.0000365057,0.000010553468449713882
2021-08-06T15:00:00.000Z,0.023912693965023494,1.001410584471932,0.00010917570117051485,0.00007337724445844612,0.00006692089063298212,265712195.20189998,11439514.4122,2316550.6651,0.001343663581299115,0.001343663581299115,0.0015197601731026119,1.0015197601731025,-7.005721923691866e-7,0.9994761810025827,336.7212236164272,17.523112145423987,0.00003606770000000001,0.000014821059032227061
2021-08-06T16:00:00.000Z,0.023912693965023494,1.0102711403260396,0.00012795294825775395,0.00009521072011813323,0.00008963243568094192,267789546.5836,14843828.73,3404314.3178,0.010181507890358654,0.010181507890358654,0.01039909327429735,1.0103990932742974,-0.00004436988811007403,1.00002665436399,342.5026091980944,17.96737187006939,0.000037261500000000016,0.0000216115020697915
2021-08-06T17:00:00.000Z,0.023912693965023494,1.010558101628054,0.00014371075052013033,0.00013933094611669208,0.00013242146916958575,267867349.6615,21723176.9559,6879348.2259,0.010425680158884454,0.010425680158884454,0.01070181237857417,1.0107018123785743,-0.0000487176032304415,0.9998175783769846,342.73985946335233,17.94454730959689,0.00003710149999999998,0.0000436592664197733
2021-08-06T18:00:00.000Z,0.023912693965023494,1.0152506209698464,0.00016077392658195826,0.00015371421153986923,0.00015033321126378674,269401159.1918,23968272.1765,2245095.2206,0.015100287758582631,0.015100287758582631,0.015411394896428376,1.0154113948964283,-0.00009001991752777272,1.0008863921229156,345.5490861337915,18.08414800015013,0.000036872499999999976,0.000014167206579474032
2021-08-06T19:00:00.000Z,0.023912693965023494,1.0142792862864374,0.00017677725423077188,0.0001618470000605332,0.00015590661791908822,269177960.297,25237888.4302,1269616.2537,0.014123379668518288,0.014123379668518288,0.014456063540668147,1.014456063540668,-0.00009374689383245816,0.99964824574678,345.3114774358649,18.121606240675007,0.000036162000000000024,0.000008018292541144776
2021-08-06T20:00:00.000Z,0.023912693965023494,1.0103315505152448,0.0001925259271167882,0.00017332983744222712,0.0001664160621344113,268089016.7125,27030207.9522,1792319.522,0.010165134453110403,0.010165134453110403,0.010524076442361602,1.0105240764423615,-0.000037541276088348674,1.000765937587643,342.2385020024865,18.051819825598688,0.00003806040000000002,0.000011365415953118129
2021-08-06T21:00:00.000Z,0.023912693965023494,1.0085261702374313,0.0002073323603393256,0.00018046863027396118,0.00017324606293267486,267613150.2803,28144492.4969,1114284.5447,0.008352924174498622,0.008352924174498622,0.008733502597770622,1.0087335025977706,-0.00002976395089537842,0.9999196882782428,341.30027336512643,17.927061158597805,0.00003764310000000001,0.000007078440368143019
2021-08-06T22:00:00.000Z,0.023912693965023494,1.0058382509283514,0.00022191156708872142,0.00018718864248755518,0.0001798736850575633,266720177.86349997,29192703.7051,1048211.2082,0.005658377243293877,0.005658377243293877,0.006060162495440162,1.0060601624954402,-0.000011491599999913227,1.0001653216694937,339.39527406243127,17.79684127321029,0.00003779690000000002,0.000006681005794964479
2021-08-06T23:00:00.000Z,0.023912693965023494,1.007804140864903,0.00023867975540185207,0.00019580752107733196,0.00018847182817527397,267282310.8984,30537312.326,1344608.6209,0.0076156690367277236,0.0076156690367277236,0.00804282062030485,1.008042820620305,-0.000018196205751386252,1.0008715195942406,340.4772708921081,17.889171997708107,0.000036506999999999995,0.000008552135933899857
2021-08-07T00:00:00.000Z,0.023912693965023494,1.0097675551489436,0.0002570127568938986,0.00020285175355205074,0.0001959736915062571,267812442.5336,31636303.2351,1098990.9091,0.009571581457437306,0.009571581457437306,0.010024567905837462,1.0100245679058375,-0.00003408550176164926,1.0005865272950334,341.89772807481444,18.052978129585156,0.000037404800000000086,0.000006976093148605682
2021-08-07T01:00:00.000Z,0.023912693965023494,1.0149712951703604,0.00027808451118164205,0.0002120063051818768,0.00020648698418690437,269253846.2365,33064856.1292,1428552.8941,0.01476480818617354,0.01476480818617354,0.015249379681542085,1.015249379681542,-0.00008389851165180318,1.0010202696857402,345.2745398911176,18.359050421563804,0.00003807239999999999,0.000009019518027002977
2021-08-07T02:00:00.000Z,0.023912693965023494,1.0167808719537936,0.00029370047288916065,0.00022244085549426263,0.0002170996174772899,269595075.9878,34692312.5291,1627456.3999,0.01656377233631634,0.01656377233631634,0.01707457242668279,1.0170745724266828,-0.0001186201395649844,1.0003417619834007,346.73484548059827,18.35667979366085,0.00003565689999999992,0.000010262338322363129
2021-08-07T03:00:00.000Z,0.023912693965023494,1.0213361790213284,0.0003123932112967954,0.00023295963109733208,0.00022853951996282262,270821594.93939996,36333018.7109,1640706.1818,0.021107639501365627,0.021107639501365627,0.021648572232625243,1.0216485722326252,-0.00018243048407884377,1.0011027623550819,349.5755283807125,18.477584243683026,0.000037927700000000006,0.000010299032873224609
2021-08-07T04:00:00.000Z,0.023912693965023494,1.021610926070782,0.000328929436876967,0.00024381604915664888,0.00024051025335958265,270889636.90669996,38026359.9266,1693341.2157,0.021370415817422383,0.021370415817422383,0.021939855507658933,1.0219398555076589,-0.00020278235334447725,1.0003219652184243,350.02847430564873,18.482631099855322,0.00003722179999999999,0.000010626763354854646
2021-08-07T05:00:00.000Z,0.023912693965023494,1.0215383326748668,0.0003423263768129982,0.00025832010477085153,0.00025418021241052635,271157976.0576,40291047.3371,2264687.4105,0.021284152462456296,0.021284152462456296,0.02188065905167982,1.0218806590516798,-0.00020202471487074103,1.0002751551117874,349.98572867891016,18.33367258920768,0.00003660500000000003,0.000014198249499517509
2021-08-07T06:00:00.000Z,0.023912693965023494,1.022374745822058,0.0003615390948850261,0.00026860111406655735,0.00026453285093808176,273343872.9591,41907958.1734,1616910.8363,0.022110212971119925,0.022110212971119925,0.02273628491694303,1.022736284916943,-0.00022847184753538308,0.9998080501402424,350.71590209208705,18.46015214336173,0.000038173700000000003,0.000010056008909046557
2021-08-07T07:00:00.000Z,0.023912693965023494,1.017872075519955,0.0003733025838288977,0.000284224759620933,0.0002792815902747936,272243649.8815,44366049.6551,2458091.4817,0.017592793929680273,0.017592793929680273,0.018245378103783964,1.018245378103784,-0.00013218998960307093,1.0004962758209563,347.38351159180985,18.268251993876667,0.0000355318,0.000015349322273297812
2021-08-07T08:00:00.000Z,0.023912693965023494,1.0197548942354766,0.0003911811176550093,0.0002920645052508638,0.00028748551391388766,273034094.8966,45600785.594100006,1234735.939,0.019467408721562718,0.019467408721562718,0.020146075353131614,1.0201460753531315,-0.00017089361490518762,1.0001085253619726,348.7997741608542,18.365964133671874,0.000036162500000000025,0.000007687871718346844
2021-08-07T09:00:00.000Z,0.023912693965023494,1.0196700716822185,0.00040797260189482455,0.0003025362780626756,0.0002979799452784704,273668762.5649,47254029.192700006,1653243.5986,0.01937209173693999,0.01937209173693999,0.020078044284113285,1.0200780442841133,-0.0001873939482256448,0.999143239264458,349.0714711282964,18.395510579322604,0.00003674170000000006,0.000010269765870532965
2021-08-07T10:00:00.000Z,0.023912693965023494,1.0287956733254013,0.000430171195137845,0.0003229653755534133,0.00032133369719256066,275800214.76710004,50475585.50140001,3221556.3087,0.028474339628208778,0.028474339628208778,0.029225844520539182,1.0292258445205391,-0.0003597749022693497,1.0005651744142354,354.8282341798301,18.639291049228493,0.00003767440000000003,0.000019857293183817
2021-08-07T11:00:00.000Z,0.023912693965023494,1.0294698735365762,0.00044365424921607993,0.00034292880680695365,0.000343723268552365,275811415.24909997,53621774.94560001,3146189.4442,0.029126150268023787,0.029126150268023787,0.029913527785792232,1.0299135277857923,-0.0003236609106518351,1.0025844082631743,354.5625914737643,18.517893824746587,0.000036775700000000055,0.000019391953194937434
2021-08-07T12:00:00.000Z,0.023912693965023494,1.03017610911995,0.00046130146148799024,0.0003535009818469164,0.00035349081253288617,275958883.5502,55287672.79890001,1665897.8533,0.02982261830741706,0.02982261830741706,0.030637410581437936,1.030637410581438,-0.00040818801718489617,1.0001264063639552,355.9152443272442,18.556741132181592,0.000037671699999999973,0.000010262493869289854
2021-08-07T13:00:00.000Z,0.023912693965023494,1.0232857180244774,0.00047065824470555627,0.00038210639852641196,0.0003785283454955657,273865568.5769,59791066.035500005,4503393.2366,0.022907189678981865,0.022907189678981865,0.023756376269182988,1.023756376269183,-0.00024401938088292052,0.9998719034053156,351.24061518408195,18.27422811677749,0.000037483499999999954,0.000027954476139523544
2021-08-07T14:00:00.000Z,0.023912693965023494,1.0229608772193792,0.00048315013209398165,0.00040239684543500164,0.0003990566129923323,273892580.6408,62986750.753800005,3195684.7183,0.022561820606386895,0.022561820606386895,0.02344402735147321,1.023444027351473,-0.00022793320003089423,1.0002750309231168,350.86201285629767,18.12497763594968,0.00003769090000000002,0.00001983501710195917
2021-08-07T15:00:00.000Z,0.023912693965023494,1.0261651695495149,0.0004984435684855791,0.0004155479136508551,0.0004130630455911888,274017697.2126,65052480.1507,2065729.3969,0.025752106503923677,0.025752106503923677,0.026663613118000445,1.0266636131180005,-0.00028161303292095763,1.0010084264024228,352.7960657046395,18.097607410510147,0.00003702499999999988,0.000012815741503021878
2021-08-07T16:00:00.000Z,0.023912693965023494,1.0261947189126146,0.0005070250518408061,0.0004322224408018341,0.00043002508002887296,274127964.9846,67672642.42660001,2620162.2759,0.025764693832585728,0.025764693832585728,0.026701743964455408,1.0267017439644555,-0.000281407054851357,1.0010294028364908,352.79733132738045,17.83603543290911,0.00003701150000000004,0.00001624889262677098
2021-08-07T17:00:00.000Z,0.023912693965023494,1.0236036179716772,0.0005229096119516588,0.0004598984786740321,0.00045663369906345785,273323807.9404,72019752.64060001,4347110.214,0.023146984272613746,0.023146984272613746,0.024126527583628862,1.0241265275836289,-0.0002605471007256499,0.9993703700259188,351.58166588869096,17.854975245788854,0.00003594280000000009,0.000027037847231410793
2021-08-07T18:00:00.000Z,0.023912693965023494,1.0207063530822214,0.0005372074482456806,0.000473146309606015,0.0004686561257125632,272300608.445,74098700.6941,2078948.0535,0.02023769695650879,0.02023769695650879,0.021243560530467033,1.021243560530467,-0.00019034114800053903,0.9998400021078858,349.42088235819165,17.79899694907046,0.000037444600000000065,0.000012979081138057204
2021-08-07T19:00:00.000Z,0.023912693965023494,1.0222531383668907,0.0005550404896297468,0.00048155053589841475,0.00047773956414109975,272143997.6203,75414801.5336,1316100.8395,0.02177539880274959,0.02177539880274959,0.022808178856520436,1.0228081788565204,-0.00020793824896325752,1.0004639734303864,350.25638523384396,17.863754837839227,0.00003717139999999999,0.00000822127787757281
2021-08-07T20:00:00.000Z,0.023912693965023494,1.0235968426637498,0.0005766502309270715,0.0004905155650809516,0.00048821727526782155,272465016.2584,76818534.8352,1403733.3016,0.023108625388482018,0.023108625388482018,0.02417349289467691,1.0241734928946769,-0.00023491270565811906,1.0004851857063495,351.163574727028,18.04387539504581,0.00003711260000000001,0.000008758359680410637
2021-08-07T21:00:00.000Z,0.023912693965023494,1.0257882389555548,0.0005958370524903364,0.0004992011648694296,0.0004971576148822265,273058491.8919,78178565.927,1360031.0918,0.025291081340672594,0.025291081340672594,0.026384076008045158,1.0263840760080452,-0.0002830672940864476,1.00049726979136,352.65909040913385,18.129578979456234,0.00003793969999999992,0.000008467243922870962
2021-08-07T22:00:00.000Z,0.023912693965023494,1.0232629681641685,0.000607246598915938,0.0005125696807765847,0.0005116617654843392,272406226.8197,80272022.8064,2093456.8794,0.022751306398684168,0.022751306398684168,0.023870214763084444,1.0238702147630845,-0.00020952902394011375,1.0013415413283993,350.6182226904556,17.991838695798705,0.000037041399999999886,0.000013064593774266203
2021-08-07T23:00:00.000Z,0.023912693965023494,1.0260209047426863,0.0006271359041116644,0.0005205287674882867,0.0005186241496601962,273127784.1967,81518326.92,1246304.1136,0.02550228059302606,0.02550228059302606,0.026648040646797922,1.026648040646798,-0.00028391980806363737,1.000667521897956,352.7443679276055,18.091153343107965,0.00003822699999999989,0.000007757237145797484
2021-08-08T00:00:00.000Z,0.023912693965023494,1.030614120027668,0.0006490512342381639,0.0005304304831973969,0.0005311868184991742,273710330.7543,83065207.08680001,1546880.1668,0.030082933209168772,0.030082933209168772,0.03126317126190611,1.031263171261906,-0.0004041456905368168,1.0005211798388627,355.95469733783995,18.241212451507508,0.00003831640000000005,0.00000960758870998035
2021-08-08T01:00:00.000Z,0.023912693965023494,1.0321428413787552,0.0006624419615857214,0.0005508845885834832,0.000552276633271731,274472377.8103,86264768.1791,3199561.0923,0.031590564745483496,0.031590564745483496,0.03280528334034095,1.032805283340341,-0.00041049546171834095,1.001762540817965,356.55502898024605,18.153423275607953,0.00003804310000000013,0.00001981712659140261
2021-08-08T02:00:00.000Z,0.023912693965023494,1.0232833936986678,0.000667022282935457,0.0005662996221869774,0.0005633053428149015,272121324.4814,88676128.9166,2411360.7375,0.02272008835585293,0.02272008835585293,0.023950415981603287,1.0239504159816033,-0.00023095224563629557,1.0002888227990874,350.96579196204846,17.84055758067438,0.000037497900000000094,0.000015064285246892494
2021-08-08T03:00:00.000Z,0.023912693965023494,1.0215696696098826,0.0006802730700735673,0.0005761041567078137,0.0005720924392871307,271674205.2259,90209892.61770001,1533763.7011,0.02099757717059547,0.02099757717059547,0.02224994267995617,1.0222499426799563,-0.00019134772919682241,1.0005331266742035,349.6991545956147,17.765988031306136,0.00003775319999999994,0.00000959751879904064
2021-08-08T04:00:00.000Z,0.023912693965023494,1.027035705790564,0.0007044764508648643,0.0005867347026337451,0.0005861709421637329,273078179.68230003,91872570.54050002,1662677.9228,0.02644953484840018,0.02644953484840018,0.02774018224142878,1.0277401822414287,-0.00032598246279447185,0.9998857096253451,353.67264849300074,17.97282018988394,0.000037888400000000035,0.000010350707889031704
2021-08-08T05:00:00.000Z,0.023912693965023494,1.0246810544547134,0.0007194910819347891,0.0005984494668429364,0.0005958554687042206,272499747.34860003,93705146.49870001,1832575.9582,0.024085198986009138,0.024085198986009138,0.025400545536648146,1.0254005455366482,-0.0002701754540793688,0.9998686493397018,352.05122432772714,17.949814225012144,0.00003708140000000005,0.0000114325945592698
2021-08-08T06:00:00.000Z,0.023912693965023494,1.0284443882516008,0.0007400954657439089,0.0006084627017916219,0.0006081638140753576,273332067.476,95270582.3296,1565435.8309,0.027836224437525425,0.027836224437525425,0.02918448371734469,1.0291844837173447,-0.0003434290218978786,1.000561251123195,354.38945518717617,18.04981632182684,0.00003845040000000003,0.000009736292331537976
2021-08-08T07:00:00.000Z,0.023912693965023494,1.0349332243408556,0.0007704041384011643,0.0006215596531897632,0.0006253860299927361,275073527.488,97318242.04890001,2047659.7193,0.034307838310862815,0.034307838310862815,0.03570362847925671,1.0357036284792567,-0.0005177627918444561,1.000863274133145,358.75793043231545,18.380296324878,0.00003812779999999995,0.000012654876514650645
