query_ts,assumedLPToken,equityValue,totalDexYield,totalTradingfee,newTotalTradingFee,liquidity,totalVolume,volume,priceImpact,priceEffect,totalReturn,totalEquityVal,impermanentLoss,tokenPrice,quoteTokenPrice,rewardPrice,rewardTokenPerLP,feePerDollar
2021-12-05T09:00:00.000Z,0.01683163322610966,1,0.0000067945087599379865,0.00002924754470290242,-4.647393581080905e-13,288456491.7961,4962731.739,4962731.739,4.647393581080905e-13,4.647393581080905e-13,0.0000067945087599379865,1.0000067945087598,-1.1102230246251565e-16,1.0000034869175625,580.5051602048425,11.462404940285374,0.0000352173,0.000029247544070748716
2021-12-05T10:00:00.000Z,0.01683163322610966,0.9939852981363066,0.000013313896281152694,0.00007391144990056696,0.00004206883491564284,286374605.1515,12532146.809799999,7569415.0708,-0.006056770698608993,-0.006056770698608993,-0.006001387967412198,0.9939986120325878,-0.000025274866158220277,1.001038747070501,572.9013825349446,11.27525757913759,0.0000349367,0.000044934171497338154
2021-12-05T11:00:00.000Z,0.01683163322610966,0.9963196298024382,0.00002005760434826113,0.000099719899758321,0.00007172345710260153,287047229.1487,16906035.0688,4373888.259,-0.0037520936546644457,-0.0037520936546644457,-0.003660312593213583,0.9963396874067865,-0.000008027378752606396,1.0002512202900673,576.0144157235436,11.313941047726457,0.00003517279999999999,0.00002590378615516301
2021-12-05T12:00:00.000Z,0.01683163322610966,0.9943559506487972,0.000026596665430841886,0.00012490460968463517,0.00009210378594948221,286476046.95379996,21174133.9773,4268098.9085,-0.005736153137152256,-0.005736153137152256,-0.005617452685771932,0.994382547314228,-0.000031361525879791685,1.0021730686719161,572.6221815315414,11.285805726010656,0.000034686200000000014,0.000025327660799578606
2021-12-05T13:00:00.000Z,0.01683163322610966,0.997545389023331,0.00003331439174261109,0.0001591186947005056,0.0001287134403403778,287400128.6516,26972562.5163,5798428.539,-0.0025833244170093694,-0.0025833244170093694,-0.0024212965849263806,0.9975787034150736,-0.000006540585877568006,1.0010341544355743,576.9151622890572,11.379557887406465,0.000033919300000000006,0.00003429827454339632
2021-12-05T14:00:00.000Z,0.01683163322610966,0.995403926585321,0.000039160085690916004,0.00018934682679087466,0.00016015178120709628,286787614.8088,32095551.600500003,5122989.0842,-0.0047562251958861435,-0.0047562251958861435,-0.004556913328988131,0.9954430866710119,-0.000015528382995788625,1.000809137884091,574.5333938964693,11.268657939304756,0.00003253209999999999,0.000030367704159561788
2021-12-05T15:00:00.000Z,0.01683163322610966,0.9869861372291097,0.00004455825631079902,0.0002417161930855726,0.0002116408775755252,284339404.4561,40970266.227,8874714.6265,-0.013225503648465864,-0.013225503648465864,-0.01296930451457954,0.9870306954854204,-0.00009760684306669987,1.0006624241618425,564.8795335592185,11.069696654276223,0.000032683299999999986,0.00005305988065181914
2021-12-05T16:00:00.000Z,0.01683163322610966,0.9717152077058994,0.00004842266435723105,0.0003240071840632655,0.0002983166772335677,279931082.2103,54915169.0651,13944902.8381,-0.028583108971334203,-0.028583108971334203,-0.028236369629743404,0.9717636303702566,-0.00046160512358750516,1.0013951190823218,547.0328791055739,10.60860307586217,0.0000320364,0.00008468632578271697
2021-12-05T17:00:00.000Z,0.01683163322610966,0.9763959702607771,0.00005462385004075613,0.0003687106587474813,0.00033417527509549405,281304348.38339996,62491219.1019,7576050.0368,-0.023938205014318426,-0.023938205014318426,-0.023549405889182175,0.9764505941108178,-0.0002963384701538674,1.0001220780602191,552.9797301794397,10.691423676380824,0.00003235909999999999,0.00004578416628315447
2021-12-05T18:00:00.000Z,0.01683163322610966,0.9831582120492687,0.00006177836829790035,0.00041252070697372857,0.00038098187613500034,283219262.651,69914983.548,7423764.4461,-0.017222769826866324,-0.017222769826866324,-0.016780009582433423,0.9832199904175666,-0.00016672002835216304,1.0008926879055358,560.1834244185671,10.882759432694822,0.00003372169999999998,0.00004456052685202285
2021-12-05T19:00:00.000Z,0.01683163322610966,0.9789639303047841,0.0000680936674691872,0.0004483998192274088,0.00041722206710170795,281957330.4854,75993666.27239999,6078682.7244,-0.021453291762317583,-0.021453291762317583,-0.02096797602774669,0.9790320239722533,-0.0002738163299427221,1.0017224327100178,554.9109823479772,10.864179138306012,0.000035112699999999987,0.000036650086783308834
2021-12-05T20:00:00.000Z,0.01683163322610966,0.9756974200921034,0.00007416925191004774,0.0004778576617221649,0.0004431678752435664,281024601.8459,80984592.9601,4990926.6877,-0.024745747783140204,-0.024745747783140204,-0.02422841065598659,0.9757715893440134,-0.000323537061285295,1.0003875730870175,551.9185816023786,10.809948296634344,0.0000352598,0.00003019157509114636
2021-12-05T21:00:00.000Z,0.01683163322610966,0.97913141083705,0.00008103455923742487,0.0005059658411918889,0.0004725140031686115,282057712.39059997,85747595.314,4763002.3539,-0.02134110316611859,-0.02134110316611859,-0.020787554603712555,0.9792124453962875,-0.00025807718510617583,1.0011535089887154,555.3536392924718,10.866799773539006,0.00003540199999999999,0.000028707259705832633
2021-12-05T22:00:00.000Z,0.01683163322610966,0.9776155783259609,0.00008729459690065513,0.0005347925883314853,0.000501050369290934,281634888.755,90632600.7077,4885005.3937,-0.022885472043330024,-0.022885472043330024,-0.022297127077138434,0.9777028729228615,-0.0002842186632147081,1.0006970677507545,553.8547858270435,10.840779046261847,0.00003537099999999998,0.000029486791235280026
2021-12-05T23:00:00.000Z,0.01683163322610966,0.9768878126650636,0.00009370995682711775,0.000556523657515217,0.0005232145505020824,281430147.53459996,94315230.759,3682630.0513,-0.023635401885438445,-0.023635401885438445,-0.023018477378109244,0.9769815226218908,-0.00030024118921168075,1.0005922716571074,553.0628697337476,10.83568619490583,0.000035400200000000014,0.000022245204154755013
2021-12-06T00:00:00.000Z,0.01683163322610966,0.9800707154510688,0.00010303121978710771,0.0005827669980627774,0.0005500976637033972,282277512.2624,98761431.37820001,4446200.6192,-0.020479382212634567,-0.020479382212634567,-0.01982625332914406,0.9801737466708559,-0.00022510179662216245,1.0005316276621805,556.6778496932917,11.14778763796867,0.000035292500000000035,0.00002677698620786242
2021-12-06T01:00:00.000Z,0.01683163322610966,0.965160454354825,0.00011451794633494866,0.0006842886938610136,0.0006438485295271468,278477703.38,115992049.26990001,17230617.8917,-0.03548339417470214,-0.03548339417470214,-0.03472502769884005,0.96527497230116,-0.0006748796146426317,1.0006248573393421,539.7041157244256,11.650629533623183,0.00003487679999999995,0.00010518634009243889
2021-12-06T02:00:00.000Z,0.01683163322610966,0.9687583599111322,0.0001202838384284895,0.0007195543772417683,0.0006825098795777418,279535860.9346,121977893.9966,5985844.7267,-0.0319241499684455,-0.0319241499684455,-0.031121356250439273,0.9688786437495607,-0.000542451061897542,1.0005040763179023,543.7603155379251,11.53989027514731,0.00003528909999999999,0.000036402971702334666
2021-12-06T03:00:00.000Z,0.01683163322610966,0.9714512475383202,0.0001273874284719679,0.0007615657718940236,0.0007307277866995809,280182892.7084,129105419.63260001,7127525.636,-0.02927948024837934,-0.02927948024837934,-0.02842136503320779,0.9715786349667922,-0.0004458165761901389,1.000152594463101,546.927490815012,11.585159379649811,0.00003400940000000001,0.00004324601500138888
2021-12-06T04:00:00.000Z,0.01683163322610966,0.9740081844817673,0.0001351605522829406,0.0007860470727193488,0.0007513924165661878,280825428.3279,133257439.2055,4152019.5729,-0.026743207934798896,-0.026743207934798896,-0.025856654965949768,0.9741433450340502,-0.00040787829191102354,1.001463551125901,549.0695226377788,11.687629664321607,0.000033785699999999875,0.00002513459452713223
2021-12-06T05:00:00.000Z,0.01683163322610966,0.9786691005801862,0.0001463648969074846,0.0008123438301381155,0.0007828367854770812,282226015.8689,137718256.6212,4460817.4157,-0.02211373620529089,-0.02211373620529089,-0.021184534522906324,0.9788154654770936,-0.0002672020585460233,1.0007616228678318,554.6942291598837,12.044686223870656,0.0000348993000000001,0.000026869916947035262
2021-12-06T06:00:00.000Z,0.01683163322610966,0.9728859375329446,0.00015077724177511072,0.0008386941929423807,0.0008035648595325906,280564280.66940004,142188262.8288,4470006.2076,-0.02791762732658798,-0.02791762732658798,-0.026963285225280277,0.9730367147747198,-0.000427068285443144,1.0009199942500016,548.0426655765497,11.828293185071681,0.00003537059999999992,0.000027084739849240517
2021-12-06T07:00:00.000Z,0.01683163322610966,0.9692941768373154,0.00015491948027960263,0.0008919462875089687,0.0008541398869262862,278886093.696,151201048.1956,9012785.3668,-0.03155996304961084,-0.03155996304961084,-0.03055090368240495,0.969449096317595,-0.0005771090005383117,1.0019185701206488,543.4012636786822,11.622316630840329,0.00003459650000000007,0.000054939043107188667
2021-12-06T08:00:00.000Z,0.01683163322610966,0.9663609958421271,0.00016031284682140048,0.0009551112361278448,0.0009151779274394478,279587923.7192,161950993.32750002,10749945.1319,-0.03455418208531236,-0.03455418208531236,-0.03347869131105151,0.9665213086889485,-0.0006376511958700037,1.0005592145742637,540.7799910674064,11.52331140139699,0.00003461120000000001,0.00006536371986718614
2021-12-06T09:00:00.000Z,0.01683163322610966,0.9810622440616156,0.00017047496161797112,0.0010369937704957132,0.001010074362436053,283669809.3771,175878036.10830003,13927042.7808,-0.01994783030082048,-0.01994783030082048,-0.018767280976766457,0.9812327190232335,-0.0002379940470587094,1.0016747285447911,556.6462285032571,11.767787053788737,0.00003413399999999996,0.00008346313899018436
2021-12-06T10:00:00.000Z,0.01683163322610966,0.9759911588323147,0.00017338511823576034,0.0011099334292203375,0.0010776832630030597,281970908.1677,188273797.96990004,12395761.8616,-0.025086524430688373,-0.025086524430688373,-0.023835456049449553,0.9761645439505504,-0.0003650193748552244,1.0016215849508616,550.8534461322599,11.512488109615282,0.00003410450000000002,0.00007473393372974179
2021-12-06T11:00:00.000Z,0.01683163322610966,0.9735713104549747,0.00017812208887373645,0.001176102156154235,0.0011464970560058907,281254254.1595,199518169.59700003,11244371.6271,-0.0275751866010312,-0.0275751866010312,-0.02625056745615157,0.9737494325438484,-0.0004095918772285545,1.0006674626097138,548.567260767265,11.383367030396084,0.000034872599999999995,0.000067964951581602
2021-12-06T12:00:00.000Z,0.01683163322610966,0.9791797577139929,0.0001872938483053464,0.0012408248135174712,0.0012135492512448387,282889713.1441,210517396.02600002,10999226.429,-0.022033791537251934,-0.022033791537251934,-0.020632948437701748,0.9793670515622982,-0.0002463494251725429,0.9999224281955404,555.2505368453179,11.56498760548643,0.000032517800000000057,0.000066098850755224
2021-12-06T13:00:00.000Z,0.01683163322610966,0.9805250604690914,0.00019547955959440275,0.0012902879105147532,0.001264638149103492,283254991.1484,218922658.16070002,8405262.1347,-0.02073957768001211,-0.02073957768001211,-0.019279459971314215,0.9807205400286858,-0.0002174176358803459,0.9999004220511168,556.7333686594627,11.654417055804679,0.00003434600000000009,0.00005044552108705433
2021-12-06T14:00:00.000Z,0.01683163322610966,0.9800121692776561,0.00020188644718758985,0.001330648428283252,0.0013046013500321862,283109251.6645,225781177.91680002,6858519.7561,-0.021292432072376077,-0.021292432072376077,-0.0197859442751563,0.9802140557248437,-0.0002481505236248127,1.0007615097080829,555.6264330591712,11.653330744177646,0.00003275700000000004,0.000041183689748108715
2021-12-06T15:00:00.000Z,0.01683163322610966,0.9789411493894086,0.0002074544251667669,0.0013811972531481108,0.001354539645329611,282661233.23010004,234366800.65250003,8585622.7357,-0.02241339025592104,-0.02241339025592104,-0.020851396185424663,0.9791486038145754,-0.00025790213889509417,1.0000488662031135,554.7494313654727,11.604879748478158,0.0000328029,0.00005163622363031475
2021-12-06T16:00:00.000Z,0.01683163322610966,0.9927423129792982,0.00022143862042662865,0.0014351178395925603,0.0014276473888040764,284323380.3049,243450896.96890002,9084096.3164,-0.008685334409505918,-0.008685334409505918,-0.007036248400275213,0.9929637515997248,-0.00003711629331182298,0.9998961872802224,570.5264048079205,12.023491374068715,0.000032123000000000004,0.00005431478663949276
2021-12-06T17:00:00.000Z,0.01683163322610966,0.9940083132436606,0.00023067268119446232,0.0014841555338916854,0.0014781504673158086,285033128.5637,251722438.33240002,8271541.3635,-0.00746983722365524,-0.00746983722365524,-0.005761014075144969,0.994238985924855,-0.000018902329607550783,0.9986551136913063,572.6371192621925,12.159435892517092,0.00003288499999999994,0.000049333284130190035
2021-12-06T18:00:00.000Z,0.01683163322610966,0.9905305631036049,0.00023504010133827634,0.001525550921064805,0.0015142673727183142,284015841.9904,258704404.00000003,6981965.6676,-0.010983704269113437,-0.010983704269113437,-0.009234396795056846,0.9907656032049431,-0.00006793295865092919,1.000615689422808,567.4755905886171,12.021412900740323,0.00003452510000000002,0.00004179112528279741
2021-12-06T19:00:00.000Z,0.01683163322610966,0.9910081748215023,0.00024255359607564328,0.0015497866736088111,0.0015399031669410812,282231090.0502,262764489.64310002,4060085.6431,-0.010531728345438807,-0.010531728345438807,-0.008749271582422082,0.9912507284175779,-0.00006208443926847274,1.0005594611522097,568.0262960856088,12.035391762152797,0.000035740699999999995,0.00002445565296170002
2021-12-06T20:00:00.000Z,0.01683163322610966,0.992189719329726,0.0002498934143511804,0.0015709314195817648,0.0015639622368746053,282570813.5744,266306796.20810002,3542306.565,-0.009374242907148611,-0.009374242907148611,-0.0075603872559228255,0.9924396127440772,-0.00004328587968394082,0.9998895977901294,569.7374668409192,12.039318483625808,0.00003583020000000014,0.00002131119305750396
2021-12-06T21:00:00.000Z,0.01683163322610966,0.9926965676534479,0.00025747506987868103,0.0015890686051717108,0.0015808915704179638,282718564.0992,269345293.0511,3038496.843,-0.008884323916970027,-0.008884323916970027,-0.007045957276673382,0.9929540427233267,-0.00002302342007687308,0.9978675862051859,571.4567590651528,12.054345686845325,0.00003583019999999994,0.000018270624179060112
2021-12-06T22:00:00.000Z,0.01683163322610966,1.0050746936419603,0.00026980912920079327,0.0016170259311286458,0.0016289158695386163,284380937.36550003,273998462.19490004,4653169.1438,0.003445777772421721,0.003445777772421721,0.005344502771161131,1.0053445027711612,-0.000006033522076509534,0.9999695681974727,584.5324628447227,12.28695549937734,0.00003561549999999973,0.000027816166645140456
2021-12-06T23:00:00.000Z,0.01683163322610966,1.01057515716079,0.00027955969424067414,0.0016501385860463026,0.0016707675614116013,280224450.4569,279399565.4516,5401103.2567,0.008904389599378337,0.008904389599378337,0.010854716855030613,1.0108547168550306,-0.000033578145869794795,1.000673684129002,590.49352987158,12.384516951026145,0.00003649870000000029,0.000032766146999018634
2021-12-07T00:00:00.000Z,0.01683163322610966,1.0078157693800278,0.0002855055163878348,0.0016781906168707476,0.0016929113092556403,275840450.8405,283915963.2095,4516397.7579,0.006122858070772175,0.006122858070772175,0.00810127489641565,1.0081012748964155,-0.000018973130005095484,0.9999475755542103,587.6684816312053,12.306872540186522,0.00003716489999999985,0.000027834482451848946
2021-12-07T01:00:00.000Z,0.01683163322610966,1.0090843309157012,0.00029355965440865827,0.0017059241157690416,0.0017229439056656304,274959769.7994,288361225.8345,4445262.625,0.007361387010035525,0.007361387010035525,0.009377890570109813,1.0093778905701098,-0.000026799650413633636,1.0000166752018234,589.075495212977,12.32007165657526,0.00003736339999999994,0.000027483825972116777
2021-12-07T02:00:00.000Z,0.01683163322610966,1.0090876676237215,0.00029949697803585316,0.0017378661709917423,0.0017549052177583402,274985744.3442,293481523.5356,5120297.7011,0.007332762405963145,0.007332762405963145,0.009387164601757338,1.0093871646017574,-0.000030320771551517467,0.999522243088064,589.3333985241301,12.248693596702367,0.00003704840000000005,0.00003165439034895772
2021-12-07T03:00:00.000Z,0.01683163322610966,1.0065439930916158,0.0003053273806586068,0.0017739522382749175,0.0017930169593078915,274887365.6321,299278648.347,5797124.8114,0.004750976132307905,0.004750976132307905,0.006849320472274403,1.0068493204722744,-0.000010116567968454504,1.0002450980212145,585.8926378840702,12.18744785418835,0.00003572259999999991,0.00003585145558333791
2021-12-07T04:00:00.000Z,0.01683163322610966,1.0083292465109126,0.00031400439866494936,0.0018051545802469239,0.0018262296341935436,275270427.5476,304289314.5174,5010666.1704,0.006503016876719059,0.006503016876719059,0.008643250909577552,1.0086432509095775,-0.000014092634624263134,1.0011771314423807,587.3903939114139,12.229921021209622,0.00003698309999999973,0.0000309445971569432
2021-12-07T05:00:00.000Z,0.01683163322610966,1.0082658450037878,0.0003244390887135394,0.0018567077385674047,0.0018723736812489289,275262318.3602,312568318.05270004,8279003.5353,0.006393471322538868,0.006393471322538868,0.008590284092501337,1.0085902840925014,-0.00002088679437239893,0.9999133051174948,588.0048025446367,12.340667368903805,0.00003654680000000018,0.00005113052194667919
2021-12-07T06:00:00.000Z,0.01683163322610966,1.00799280862205,0.0003309138173089702,0.0018949184528137318,0.001912842064927922,275132714.4312,318703409.3593,6135091.3066,0.006079966557122063,0.006079966557122063,0.008323722439358956,1.0083237224393589,-0.000012641001171043165,1.001037435174772,586.9786196701393,12.304386002953303,0.00003586900000000005,0.00003790772479667462
2021-12-07T07:00:00.000Z,0.01683163322610966,1.0094036933903778,0.0003393170534038619,0.0019195065671835099,0.0019412958756195309,275515292.2931,322651227.2878,3947817.9285,0.007462397514758301,0.007462397514758301,0.009743010443781694,1.0097430104437817,-0.000026530803032831507,1.000153770000073,589.1128741534773,12.333002989136721,0.00003677349999999994,0.000024359048902847695
