query_ts,assumedLPToken,equityValue,totalDexYield,totalTradingfee,newTotalTradingFee,liquidity,totalVolume,volume,priceImpact,priceEffect,totalReturn,totalEquityVal,impermanentLoss,tokenPrice,quoteTokenPrice,rewardPrice,rewardTokenPerLP,feePerDollar
2022-02-04T09:00:00.000Z,0.020158583575347146,1,0.0000065750199302853025,0.000018358784916573,5.390132784555135e-13,192982096.8216,2084068.8011,2084068.8011,-5.390132784555135e-13,-5.390132784555135e-13,0.0000065750199302853025,1.0000065750199303,0,1.0015580909130894,378.6276510502768,7.361190413719886,0.0000443087,0.00001835878571236174
2022-02-04T10:00:00.000Z,0.020158583575347146,0.9988880779781797,0.000013179696951577827,0.000037791994115695,0.000019112699992440696,192773231.9285,4290170.4236,2206101.6225,-0.0011310347218127514,-0.0011310347218127514,-0.0010987423248687328,0.9989012576751313,-0.0000024996212372174753,0.9981909409366856,379.04597249848825,7.377866927679974,0.0000443078,0.000019454841944243697
2022-02-04T11:00:00.000Z,0.020158583575347146,0.9967521614226338,0.0000197425181865688,0.00004314245513038828,-0.0030561050923821886,192956035.9559,4899445.513900001,609275.0903,-0.00019173348498402465,-0.00019173348498402465,-0.0032280960591796444,0.9967719039408204,-0.0000015307643497219914,0.9996154768496672,379.21800197552733,7.374479577062011,0.0000441875,0.000005367894548511165
2022-02-04T12:00:00.000Z,0.020158583575347146,0.9967389591086504,0.00002631110807531051,0.00004314245513038828,-0.0030693074063655734,192956035.9559,4899445.513900001,0,-0.00019173348498402465,-0.00019173348498402465,-0.0032347297832742874,0.9967652702167257,-0.0000015307643497219914,0.9996154768496672,379.21800197552733,7.374479577062011,0.00004418559999999999,0
2022-02-04T13:00:00.000Z,0.020158583575347146,0.9964076485563028,0.000032839277564855454,0.00004314245513038828,-0.003400617958713159,192956035.9559,4899445.513900001,0,-0.00019173348498402465,-0.00019173348498402465,-0.0035595121661323283,0.9964404878338676,-0.0000015307643497219914,0.9996154768496672,379.21800197552733,7.374479577062011,0.0000439137,0
2022-02-04T14:00:00.000Z,0.020158583575347146,0.9963761212935855,0.000039405622701747696,0.00004314245513038828,-0.003432145221430427,192956035.9559,4899445.513900001,0,-0.00019173348498402465,-0.00019173348498402465,-0.003584473083712704,0.9964155269162873,-0.0000015307643497219914,0.9996154768496672,379.21800197552733,7.374479577062011,0.00004417050000000005,0
2022-02-04T15:00:00.000Z,0.020158583575347146,0.9963761212935855,0.00004597196783863993,0.00004314245513038828,-0.003432145221430427,192956035.9559,4899445.513900001,0,-0.00019173348498402465,-0.00019173348498402465,-0.0035779067385758117,0.9964220932614242,-0.0000015307643497219914,0.9996154768496672,379.21800197552733,7.374479577062011,0.00004417049999999992,0
2022-02-04T16:00:00.000Z,0.020158583575347146,0.9934801548202119,0.00005250013732818488,0.00004314245513038828,-0.006328111694804073,192956035.9559,4899445.513900001,0,-0.00019173348498402465,-0.00019173348498402465,-0.0064673450424599125,0.9935326549575401,-0.0000015307643497219914,0.9996154768496672,379.21800197552733,7.374479577062011,0.00004391370000000004,0
2022-02-04T17:00:00.000Z,0.020158583575347146,0.9973191924531909,0.000059073127525187806,0.00004314245513038828,-0.0024890740618250806,192956035.9559,4899445.513900001,0,-0.00019173348498402465,-0.00019173348498402465,-0.0026217344192839176,0.9973782655807161,-0.0000015307643497219914,0.9996154768496672,379.21800197552733,7.374479577062011,0.0000442152,0
2022-02-04T18:00:00.000Z,0.020158583575347146,0.9973891931931161,0.00006549884118859662,0.00004314245513038828,-0.002419073321899834,192956035.9559,4899445.513900001,0,-0.00019173348498402465,-0.00019173348498402465,-0.002545307965695262,0.9974546920343047,-0.0000015307643497219914,0.9996154768496672,379.21800197552733,7.374479577062011,0.00004322450000000004,0
2022-02-04T19:00:00.000Z,0.020158583575347146,0.9972179643578596,0.00007207135567659833,0.00004314245513038828,-0.002590302157156388,192956035.9559,4899445.513900001,0,-0.00019173348498402465,-0.00019173348498402465,-0.002709964286463814,0.9972900357135361,-0.0000015307643497219914,0.9996154768496672,379.21800197552733,7.374479577062011,0.00004421200000000003,0
2022-02-04T20:00:00.000Z,0.020158583575347146,0.9966976389431105,0.0000786404956038727,0.00004314245513038828,-0.0031106275719055,192956035.9559,4899445.513900001,0,-0.00019173348498402465,-0.00019173348498402465,-0.003223720561285652,0.9967762794387144,-0.0000015307643497219914,0.9996154768496672,379.21800197552733,7.374479577062011,0.000044189299999999994,0
2022-02-04T21:00:00.000Z,0.020158583575347146,0.9966590991421468,0.00008513279366154496,0.00004314245513038828,-0.0031491673728691882,192956035.9559,4899445.513900001,0,-0.00019173348498402465,-0.00019173348498402465,-0.003255768064191668,0.9967442319358083,-0.0000015307643497219914,0.9996154768496672,379.21800197552733,7.374479577062011,0.000043672399999999985,0
2022-02-04T22:00:00.000Z,0.020158583575347146,0.9966429869446878,0.00009170153220934954,0.00004314245513038828,-0.0031652795703281944,192956035.9559,4899445.513900001,0,-0.00019173348498402465,-0.00019173348498402465,-0.0032653115231028695,0.9967346884768972,-0.0000015307643497219914,0.9996154768496672,379.21800197552733,7.374479577062011,0.00004418659999999997,0
2022-02-04T23:00:00.000Z,0.020158583575347146,0.9956812560304971,0.00009826387841745036,0.00004314245513038828,-0.0041270104845189115,192956035.9559,4899445.513900001,0,-0.00019173348498402465,-0.00019173348498402465,-0.004220480091085486,0.9957795199089146,-0.0000015307643497219914,0.9996154768496672,379.21800197552733,7.374479577062011,0.000044143600000000104,0
2022-02-05T00:00:00.000Z,0.020158583575347146,1.0261754021829463,0.00011148343677156572,0.0000549688812772454,0.0003843087060997341,199628754.71100003,6252782.976600001,1353337.4627,0.025791093476846605,0.025791093476846605,0.026286885619717905,1.0262868856197178,-0.0003479770662584425,1.0006364257590952,398.776916084086,7.844706152292647,0.00004397329999999994,0.000011524760999088811
2022-02-05T01:00:00.000Z,0.020158583575347146,1.0253877160222826,0.00011848409395577572,0.00008774307938784094,0.0004161472739672156,199487724.9819,10003473.3057,3750690.3291,0.02497156874831541,0.02497156874831541,0.0255062001162384,1.0255062001162385,-0.0003752906617717766,0.9988214234335309,398.8634668118572,7.847831118664806,0.00004397089999999998,0.00003196273635407154
2022-02-05T02:00:00.000Z,0.020158583575347146,1.0236217195868897,0.00012410107321348467,0.00010841601728654649,0.0004349153376852488,199237829.0624,12370404.3241,2366931.0184,0.023186804249204496,0.023186804249204496,0.02374582066010323,1.0237458206601033,-0.00028696863235089243,1.0005192348747043,396.8011202567316,7.7643098253646965,0.00004394370000000001,0.000020195877209743018
2022-02-05T03:00:00.000Z,0.020158583575347146,1.0251746152790375,0.00013176194602760306,0.00012686654996454596,0.00045613460233506764,199553099.31379998,14483020.657300001,2112616.3332,0.02471848067670246,0.02471848067670246,0.02530637722506513,1.0253063772250652,-0.0003500024614641051,0.9995134531752722,398.39049138467703,7.810744549375005,0.000043941099999999924,0.00001799745420537117
2022-02-05T04:00:00.000Z,0.020158583575347146,1.0336902515612478,0.00014062121255182977,0.00015246321383809662,0.0004869379171723587,201238365.3515,17414283.8394,2931263.1821,0.03320331364407547,0.03320331364407547,0.03383087277379966,1.0338308727737997,-0.000586656418795295,0.9999588380897807,404.83488435023696,7.920092144050515,0.0000439355,0.000024762412479678073
2022-02-05T05:00:00.000Z,0.020158583575347146,1.0509962882101782,0.0001509340034688854,0.00018793102002875525,0.0005282486941957654,205020116.63590002,21484155.463800002,4069871.6244,0.050468039515982444,0.050468039515982444,0.05114722221364709,1.051147222213647,-0.0012720235036566274,1.0003274470026569,418.32322095755035,8.098266635927867,0.000043793700000000014,0.00003374684335863112
2022-02-05T06:00:00.000Z,0.020158583575347146,1.0634491815137987,0.00016138230910683584,0.0002222105422251146,0.0005682588123243626,207282805.7672,25414515.941000003,3930360.4772,0.06288092270147438,0.06288092270147438,0.06361056382290559,1.0636105638229056,-0.0019438089448282625,1.0001386334981373,428.3487377634352,8.26695750599458,0.00004382999999999995,0.000032234283912309356
2022-02-05T07:00:00.000Z,0.020158583575347146,1.0556601381458102,0.00016565311058630282,0.00026232274092973147,0.0006042826687309155,205785190.7856,30014089.214700002,4599573.2737,0.05505585547707925,0.05505585547707925,0.05582579125639647,1.0558257912563964,-0.0015355675552655157,0.9996973176538416,422.2511570280392,8.122132318040364,0.00004335160000000004,0.00003799726567028146
2022-02-05T08:00:00.000Z,0.020158583575347146,1.0555393801405544,0.00017068055790436532,0.0002951217159553995,0.0006389054956585927,205737581.93699998,33774632.160000004,3760542.9453,0.05490047464489578,0.05490047464489578,0.05571006069845874,1.0557100606984586,-0.0015924970047004328,0.9985311467452253,422.6197902502935,8.021128597500482,0.00004383230000000005,0.000031073190162056104
2022-02-05T09:00:00.000Z,0.020158583575347146,1.0574617137534887,0.0001767893894344379,0.00032429612725776115,0.0006673652180930745,206140476.06870002,37120060.945700005,3345428.7857,0.05679434853539567,0.05679434853539567,0.05763850314292318,1.0576385031429232,-0.0016663317520055898,0.9990281268699848,423.92762637718533,7.977011400660747,0.0000438269,0.000027589093826457586
2022-02-05T10:00:00.000Z,0.020158583575347146,1.0562459113271472,0.0001827896051536441,0.0003541292122150138,0.0007000472445584105,205718758.6576,40537951.08630001,3417890.1406,0.05554586408258877,0.05554586408258877,0.056428700932300825,1.0564287009323008,-0.0015314525605034657,1.0002360768993113,422.4158182012931,7.93204664093645,0.00004375729999999997,0.00002824445022386558
2022-02-05T11:00:00.000Z,0.020158583575347146,1.0559980736977141,0.00019016797418479851,0.0003772518473959542,0.0007194505397316586,205632006.9244,43186548.78050001,2648597.6942,0.05527862315798249,0.05527862315798249,0.056188241671898946,1.0561882416718988,-0.001545949725460738,0.9997210427574112,422.4194616427495,7.947202534660383,0.00004387590000000005,0.000021896474909158343
2022-02-05T12:00:00.000Z,0.020158583575347146,1.0556492630173333,0.0001975621202476924,0.0004002530049364112,0.0007424669172757525,205873426.2123,45825196.46790001,2638647.6874,0.05490679610005755,0.05490679610005755,0.055846825137581,1.055846825137581,-0.0015045800135995435,1.0001190693144537,421.9538396861349,7.963520843036389,0.00004362750000000002,0.000021788635624853653
2022-02-05T13:00:00.000Z,0.020158583575347146,1.0558986814849063,0.00020505387616527376,0.00042572816294746146,0.0007683057435989848,205975766.5802,48748418.76540001,2923222.2975,0.0551303757413073,0.0551303757413073,0.05610373536107156,1.0561037353610716,-0.0015697867580302116,0.999152991777194,422.54087724048566,7.982132630279321,0.00004368959999999995,0.000024126517348413667
2022-02-05T14:00:00.000Z,0.020158583575347146,1.0567620207354103,0.00021337888871832464,0.0004511037960155419,0.0007953342232882576,206137259.8685,51660122.94230001,2911704.1769,0.055966686512122,0.055966686512122,0.05697539962412858,1.0569753996241287,-0.0016078526736100773,0.9992685645657031,423.16201858264975,8.030192854032757,0.00004380100000000008,0.000024012626848186788
2022-02-05T15:00:00.000Z,0.020158583575347146,1.054677113548441,0.00022009966631022726,0.000489200739104273,0.0008349119019579465,205731994.0469,56031552.95330001,4371430.011,0.05384220164648301,0.05384220164648301,0.05489721321475119,1.0548972132147512,-0.0014401268374074627,1.0002994198077684,421.0266884524238,8.01673222426791,0.00004380069999999993,0.00003612190244462357
2022-02-05T16:00:00.000Z,0.020158583575347146,1.055349119717575,0.00022876554409730326,0.0005232617603974008,0.0008677792501170511,206560669.3008,59953125.35030001,3921572.397,0.054481340467458006,0.054481340467458006,0.05557788526167236,1.0555778852616724,-0.001446432140883469,1.0007884151993112,421.33156800112243,8.073602586362838,0.000043652200000000016,0.00003227464888386755
2022-02-05T17:00:00.000Z,0.020158583575347146,1.0427754050341433,0.00023111548189751747,0.0005666047248951796,0.0009017014211054608,204069959.04419997,64942636.48850001,4989511.1382,0.04187370361303788,0.04187370361303788,0.04300652051604086,1.0430065205160408,-0.0009416245320864602,0.9991645035155927,411.9852120576637,7.911853214192317,0.000043470000000000084,0.00004156500532791711
2022-02-05T18:00:00.000Z,0.020158583575347146,1.0494311672986563,0.00023960006475842304,0.000597730295581091,0.000935547283055449,205375211.40129998,68525765.6165,3583129.128,0.048495620015600815,0.048495620015600815,0.049670767363414685,1.0496707673634147,-0.0011714906938875558,1.0004853920444474,416.6879678309761,7.962447602987305,0.00004365199999999997,0.000029659468034326968
2022-02-05T19:00:00.000Z,0.020158583575347146,1.0472501272535755,0.00024609271706562937,0.0006159244876786296,0.0009521115085449061,204947394.12710002,70620243.8759,2094478.2594,0.04629801574503056,0.04629801574503056,0.0474962199706411,1.047496219970641,-0.001075403186941104,1.0004176183132512,414.9711867194552,7.945852490780824,0.00004365180000000009,0.000017373302335192673
2022-02-05T20:00:00.000Z,0.020158583575347146,1.043390416267431,0.0002511752203141611,0.0006297867251490443,0.0009614637356560873,204197427.5688,72216078.4253,1595834.5494,0.04242895253177492,0.04242895253177492,0.04364159148774517,1.0436415914877453,-0.0009520825067934613,0.9994564867841523,412.3039636055894,7.885905760501314,0.000043650900000000135,0.000013285763519552366
2022-02-05T21:00:00.000Z,0.020158583575347146,1.0443271976183601,0.00025818930278416214,0.0006399487336527026,0.0009731608624188315,204382222.5288,73385947.1277,1169868.7024,0.043354036755941294,0.043354036755941294,0.04458538692114429,1.0445853869211443,-0.0009563250252326849,1.0002461757965413,412.70998153586555,7.88819630292371,0.00004365080000000003,0.00000973067407464833
2022-02-05T22:00:00.000Z,0.020158583575347146,1.0449718909548615,0.00026572803213068344,0.0006481458084126542,0.0009815441490161891,204509819.34140003,74329615.8207,943668.693,0.04399034680584535,0.04399034680584535,0.045237618986992224,1.0452376189869923,-0.0010136206859150398,0.9995632912089729,413.49583413042376,7.9059767511985175,0.000043650699999999924,0.000007844301966850574
2022-02-05T23:00:00.000Z,0.020158583575347146,1.0452305844834986,0.0002732007875687684,0.0006553166762061107,0.0009891882801016383,204561875.7003,75155150.5099,825534.6892,0.044241396203396954,0.044241396203396954,0.04550378527106736,1.0455037852710674,-0.0010126349881344199,0.9998255784928916,413.5861997555791,7.920938104985554,0.000043650500000000046,0.000006860559754037989
2022-02-06T00:00:00.000Z,0.020158583575347146,1.0467488751467537,0.0002798107643071502,0.0006691285010907202,0.001004688014342836,204871461.5774,76745311.426,1590160.9161,0.04574418713241091,0.04574418713241091,0.047028685911060894,1.047028685911061,-0.0010561029680707934,1.0003067188616135,414.5779534618552,7.910773549272766,0.00004364809999999984,0.00001319497374869222
2022-02-06T01:00:00.000Z,0.020158583575347146,1.0476545908483867,0.00028792988116272024,0.0006833445640359077,0.0010227195488030638,205143903.9157,78382772.2485,1637460.8225,0.04663187129958368,0.04663187129958368,0.047942520729549465,1.0479425207295494,-0.0011556012527919046,0.9990364766074115,415.81010212855375,7.942821374934137,0.00004362809999999999,0.000013569418077340976
2022-02-06T02:00:00.000Z,0.020158583575347146,1.0535797640961324,0.00029844546165941663,0.0007060239966300773,0.0010488139877846692,206319482.6487,80995270.8892,2612498.6407,0.05253095010834774,0.05253095010834774,0.05387820955779182,1.0538782095577919,-0.001448577577992105,0.9988974332731044,420.56906433792034,8.0379056210558,0.00004362540000000013,0.000021526070306952582
2022-02-06T03:00:00.000Z,0.020158583575347146,1.0516866754495429,0.00030352323802664753,0.0007237217090203138,0.0010639670889964759,205954652.0489,83033971.516,2038700.6268,0.05062270836054639,0.05062270836054639,0.05199019868756951,1.0519901986875695,-0.0012012181662280907,1.0019025243277062,417.7885822833132,7.9855281666561,0.000043624499999999846,0.000016827932902127957
2022-02-06T04:00:00.000Z,0.020158583575347146,1.0513988117187159,0.0003109641720977511,0.000755012174904013,0.0010951676111710107,205999993.6667,86640279.6439,3606308.1279,0.05030364410754484,0.05030364410754484,0.0517097758908136,1.0517097758908136,-0.0012747708734937024,1.0001163635886028,418.2805614838672,7.996373632705413,0.00004360360000000005,0.000029760796145213835
2022-02-06T05:00:00.000Z,0.020158583575347146,1.0464950617612339,0.0003152405297798157,0.0007861035001881466,0.0011205859410992058,205151957.3085,90225606.7184,3585327.0745,0.04537447582013465,0.04537447582013465,0.046810302291013677,1.0468103022910136,-0.0011169266334843941,0.9986472967260398,414.97327104785893,7.927254402076517,0.00004358060000000003,0.000029709957958063633
2022-02-06T06:00:00.000Z,0.020158583575347146,1.0478458531408745,0.0003240334177077486,0.0008047104271892403,0.001142641358934826,205378416.2185,92370882.5954,2145275.877,0.0467032117819397,0.0467032117819397,0.04816988655858228,1.0481698865585822,-0.0011098824834482324,1.0000661214465205,415.4386221436339,7.9722103982105725,0.000043589100000000026,0.000017757313830972514
2022-02-06T07:00:00.000Z,0.020158583575347146,1.0460821333433399,0.0003288637598526914,0.0008247978025839659,0.0011615728637126566,205079935.9339,94687379.2678,2316496.6724,0.044920560479627225,0.044920560479627225,0.046410997103192575,1.0464109971031925,-0.0010381264593073425,0.9999121048028413,414.0885236507391,7.919875273453502,0.000043578899999999895,0.000019202484753795142
