query_ts,assumedLPToken,equityValue,totalDexYield,totalTradingfee,newTotalTradingFee,liquidity,totalVolume,volume,priceImpact,priceEffect,totalReturn,totalEquityVal,impermanentLoss,tokenPrice,quoteTokenPrice,rewardPrice,rewardTokenPerLP,feePerDollar
2022-03-22T09:00:00.000Z,0.019058314776652173,1,0.000004292390585091884,0.000025129037921549774,1.7674750552032492e-13,266248765.32540002,3935632.6308,3935632.6308,-1.7674750552032492e-13,-1.7674750552032492e-13,0.000004292390585091884,1.0000042923905852,0,1.000698847063787,405.75064063819974,6.746870667299323,0.000033382,0.00002512903849218985
2022-03-22T10:00:00.000Z,0.019058314776652173,0.9985394456775644,0.000008585303517255115,0.000040391546260765686,0.00001612976212306272,265818856.7125,6325630.5965,2389997.9657,-0.0014766840845586993,-0.0014766840845586993,-0.0014519690189183814,0.9985480309810816,-3.221070961068051e-7,1.0000234574583653,404.82641900303645,6.732498005736224,0.000033528599999999996,0.000015284831903721523
2022-03-22T11:00:00.000Z,0.019058314776652173,0.9999435222316945,0.00001296735016872955,0.00005475248767865173,0.000029518151429042128,266201783.801,8574527.2186,2248896.6221,-0.00008599591973457166,-0.00008599591973457166,-0.00004351041813679998,0.9999564895818632,-2.763361794944075e-7,0.9998691924673385,406.01747686064255,6.761024557532164,0.000033725599999999994,0.000014361752964164914
2022-03-22T12:00:00.000Z,0.019058314776652173,1.0006864772602473,0.000017384134851643376,0.00007062685177878319,0.00004545152294510579,266722397.45900002,11063435.4728,2488908.2542,0.000641025737302181,0.000641025737302181,0.0007038613950989302,1.000703861395099,-0.0000016248393709394904,0.9995368428874365,406.7433079260189,6.7978322266525595,0.00003354699999999999,0.000015863474805449742
2022-03-22T13:00:00.000Z,0.019058314776652173,1.000085412782181,0.00002197269488877411,0.00008852655823688131,0.0000638711997955621,267238868.0903,13877017.1422,2813581.6694,0.000021541582385431468,0.000021541582385431468,0.00010738547706976769,1.0001073854770697,-0.0000014735488348405212,0.999003928394532,406.4565515387104,6.8691965983900385,0.000033655800000000024,0.000017898178031362544
2022-03-22T14:00:00.000Z,0.019058314776652173,1.0022884900430569,0.000026503317388181953,0.00010598752513633759,0.00008114579681395284,267712075.73270002,16620451.6795,2743434.5373,0.002207344246242915,0.002207344246242915,0.0023149933604450497,1.002314993360445,-0.0000034027836620653673,1.0002948061437293,407.7084961636624,6.9078902820870445,0.00003347329999999996,0.000017421099517627508
2022-03-22T15:00:00.000Z,0.019058314776652173,1.0029920968861321,0.000030994434829421034,0.00012333666737384186,0.0001026108039672291,267747154.588,19344761.1232,2724309.4437,0.0028894860821648827,0.0028894860821648827,0.003023091320961533,1.0030230913209615,-0.000005497212139715657,1.00026816676861,408.27456297379575,6.949525595763583,0.000032702900000000035,0.000017297386638586406
2022-03-22T16:00:00.000Z,0.019058314776652173,1.001382783017304,0.00003491806666655807,0.0001422652807892815,0.0001188196328352209,267317608.0619,22317093.2067,2972332.0835,0.0012639633844688802,0.0012639633844688802,0.0014177010839706591,1.0014177010839707,-0.0000010731870554447909,1.0004968400782221,406.8591277618928,6.856255340015082,0.00003321079999999996,0.00001890247551811079
2022-03-22T17:00:00.000Z,0.019058314776652173,0.9996399742754469,0.000039237231286565485,0.00016127413161576236,0.00013692138547227728,266897397.4992,25302528.3803,2985435.1736,-0.0004969471100253475,-0.0004969471100253475,-0.00032078849326650476,0.9996792115067334,-3.2413673978215485e-7,1.001007193663346,405.22260587124543,6.8406123398292005,0.00003374099999999998,0.000019015696078996845
2022-03-22T18:00:00.000Z,0.019058314776652173,0.9987788823205275,0.00004405420452162033,0.00017436760552692158,0.00015018074753725408,266666151.8249,27358913.9102,2056385.5299,-0.0013712984270097817,-0.0013712984270097817,-0.0011770634749509073,0.998822936525049,-2.4143479437910287e-9,0.9992571507006812,405.2223928687759,6.909644827225288,0.0000335723,0.000013109483063022825
2022-03-22T19:00:00.000Z,0.019058314776652173,0.9986914413296177,0.000048337465760069925,0.00018403962594864493,0.00016007271742668472,266638234.53149998,28877919.6169,1519005.7067,-0.0014686313878089496,-0.0014686313878089496,-0.001260221204622195,0.9987397787953778,-2.0819917478931416e-7,0.9998741894244926,404.89338478199113,6.885779191407112,0.000033798499999999985,0.000009684693967192211
2022-03-22T20:00:00.000Z,0.019058314776652173,0.9974956475155013,0.000052653726539448455,0.00019807903072627112,0.0001740412423929527,269328776.5083,31107748.5034,2229828.8865,-0.0026783937268916036,-0.0026783937268916036,-0.0024516987579592023,0.9975483012420407,-0.0000027548760368478753,1.0003639709669447,403.71513160147043,6.884845215514253,0.00003294489999999998,0.000014074653129140026
2022-03-22T21:00:00.000Z,0.019058314776652173,0.998928497127854,0.000057387514463880986,0.00020664265386555097,0.00018462918121087135,269715884.02680004,32467879.4043,1360130.9009,-0.0012561320533568399,-0.0012561320533568399,-0.0010141153576820876,0.998985884642318,-4.333827186009387e-9,0.9993487932236004,405.27869403989047,6.926501103809491,0.00003344669999999999,0.000008572808160235192
2022-03-22T22:00:00.000Z,0.019058314776652173,1.0000744077050623,0.00006185607609558776,0.00021478178544231602,0.00019098898526603847,270027260.2968,33760599.3808,1292719.9765,-0.00011658128020375358,-0.00011658128020375358,0.00013626378115787265,1.000136263781158,-8.351237894554941e-7,0.9992898861225423,406.2279999675773,6.955670314416568,0.00003188579999999997,0.000008138526301509283
2022-03-22T23:00:00.000Z,0.019058314776652173,1.000883899793016,0.00006642372140585771,0.00022032408250506434,0.00019602835000576135,269837862.6738,34639540.9482,878941.5674,0.0006878714430103017,0.0006878714430103017,0.0009503235144219207,1.000950323514422,-4.883793044418994e-7,1.000398005946252,406.4312270188877,6.972506579019991,0.00003324640000000005,0.000005537401792965951
2022-03-23T00:00:00.000Z,0.019058314776652173,0.9978253073317167,0.00007032052948458173,0.00022834750914698887,0.00020485490406774165,269018230.3731,35911983.4609,1272442.5127,-0.0023795475723510373,-0.0023795475723510373,-0.002104372138798714,0.9978956278612013,-0.0000011566488196113056,0.9998371866497952,404.1699462293316,6.9179632860573745,0.00003349710000000001,0.00000804091331873656
2022-03-23T01:00:00.000Z,0.019058314776652173,0.9988917657804978,0.0000747400474701641,0.0002391792203995456,0.00021413903092948328,269736464.2596,37632541.601500005,1720558.1406,-0.0013223732504317187,-0.0013223732504317187,-0.0010334941720320713,0.998966505827968,-3.999456561487591e-7,1.000269757584317,404.85183892320407,6.918874145565858,0.000033445999999999964,0.000010843727958875328
2022-03-23T02:00:00.000Z,0.019058314776652173,0.9967254177000479,0.00007820386317066107,0.0002528434241341638,0.00022750598302756497,269572612.9206,39806421.973900005,2173880.3724,-0.0035020882829797095,-0.0035020882829797095,-0.0031963784367814835,0.9968036215632186,-0.0000034524525929224836,0.9998181069871385,403.26859466137194,6.838033591187696,0.000033279899999999986,0.00001370909527136758
2022-03-23T03:00:00.000Z,0.019058314776652173,0.9987252720548283,0.00008280218362685803,0.00026745803362755857,0.00024339213323665287,270103608.0797,42131420.3117,2324998.3378,-0.001518120078408347,-0.001518120078408347,-0.0011919257615448362,0.9988080742384552,-0.0000017799092097980918,1.0010666473642105,404.3709954702131,6.859058294390938,0.000033336899999999996,0.000014633263148020329
2022-03-23T04:00:00.000Z,0.019058314776652173,0.9957927300143663,0.00008660904005557147,0.0002871573538575772,0.00026159813699755396,269889712.6666,45272071.4168,3140651.1051,-0.004468868122631253,-0.004468868122631253,-0.004120660945578128,0.9958793390544218,-0.000009276689107884373,1.000527238467558,402.2012245746647,6.815860929163391,0.0000333208,0.000019782550531170125
2022-03-23T06:00:00.000Z,0.019058314776652173,0.9928831800525416,0.00009092617548050387,0.00030306257527516354,-0.0026479518248271328,269799112.9907,47814408.6575,2542337.2407,-0.004468868122631253,-0.004468868122631253,-0.007025893771977882,0.9929741062280221,-0.000009276689107884373,1.000527238467558,402.2012245746647,6.815860929163391,0.00003323460000000003,0.00001601922727351212
2022-03-23T07:00:00.000Z,0.019058314776652173,0.9957194586784749,0.00009487136542153779,0.0003169276765175054,0.00031074883841275547,270774779.852,50032326.0682,2217917.4107,-0.004591290159937866,-0.004591290159937866,-0.004185669956103573,0.9958143300438964,-0.000006926161326137326,0.9998186385213165,402.3872933770739,6.789475959450661,0.00003320949999999989,0.000013924707464450184
2022-03-23T08:00:00.000Z,0.019058314776652173,0.9942196322627893,0.00009880243546952319,0.00032946586355766914,0.00032245493260874003,270615001.9303,52039825.1218,2007499.0536,-0.00610282266981943,-0.00610282266981943,-0.005681565301741166,0.9943184346982589,-0.000009733359632502214,0.998989721070294,401.49903739814556,6.765167409754809,0.00003312380000000005,0.000012611083520044437
2022-03-23T09:00:00.000Z,0.019058314776652173,0.9954009343382736,0.0001035100198825163,0.00034559548710259315,0.00033922726721480334,270964384.2538,54622617.3001,2582792.1783,-0.0049382929289412125,-0.0049382929289412125,-0.004495555641843893,0.9955044443581561,-0.000004267818067504869,0.9986705471980349,402.5690650823984,6.793631277040161,0.00003314830000000002,0.000016204146959023912
2022-03-23T10:00:00.000Z,0.019058314776652173,0.9950520845638781,0.0001070844246465574,0.00035908900075840873,0.0003523284416927508,271223455.2072,56786120.6668,2163503.3667,-0.005300243877814692,-0.005300243877814692,-0.004840831011475384,0.9951591689885246,-0.000008778139313103672,0.9995743902216097,401.9125021762042,6.748767157968784,0.000033104999999999955,0.000013560610827630086
2022-03-23T11:00:00.000Z,0.019058314776652173,0.9948756178927141,0.00011130937631317615,0.00036985462539864593,0.00036326933585051346,271184735.394,58512303.4879,1726182.8211,-0.005487651443136454,-0.005487651443136454,-0.0050130727309727645,0.9949869272690273,-0.000008142536415567392,0.9992316248898442,401.8988865181635,6.749356707959307,0.000032772700000000046,0.000010821076605239215
2022-03-23T12:00:00.000Z,0.019058314776652173,0.9942467177262968,0.00011501613450128686,0.00038102511534884094,0.00037403991639073375,271019695.1986,60303445.371599995,1791141.8837,-0.006127322190093931,-0.006127322190093931,-0.005638266139201911,0.9943617338607981,-0.000011084288495277761,0.9992610784360215,401.3702188651932,6.717567977247531,0.00003304820000000003,0.000011235128871570398
2022-03-23T13:00:00.000Z,0.019058314776652173,0.9964341794540453,0.00012012110358835608,0.0004017501597976334,0.00039540005622551444,271446086.5105,63624541.9968,3321096.6252,-0.003961220602180182,-0.003961220602180182,-0.0034456994423663115,0.9965543005576337,-0.000006112473475150537,1.0002259695603022,402.7327820613412,6.7660452023184305,0.00003315220000000001,0.000020799210389874632
2022-03-23T14:00:00.000Z,0.019058314776652173,0.9964164110060129,0.00012443112135381663,0.00041783388139141785,0.0004135392871990051,271274522.5359,66200304.2473,2575762.2505,-0.003997128281186146,-0.003997128281186146,-0.0034591578726333246,0.9965408421273667,-0.000004458551811858946,0.9996796736731005,402.9238110548262,6.7699396264805,0.00003286900000000001,0.000016141566797046038
2022-03-23T15:00:00.000Z,0.019058314776652173,0.9993036317278592,0.00013060011652869002,0.00043721771409028674,0.00043286710699974584,272084324.8685,69304841.0029,3104536.7556,-0.0011292353791405585,-0.0011292353791405585,-0.0005657681556121226,0.9994342318443878,-4.0886731778044805e-8,0.9992830260844274,405.40836690638787,6.870443002325537,0.000033005800000000076,0.00001939734119953713
2022-03-23T16:00:00.000Z,0.019058314776652173,1.0054370585331944,0.00013645609346160656,0.00045841981102791654,0.00045669674352666334,274058011.6035,72704360.411,3399519.4081,0.004980361789667764,0.004980361789667764,0.005573514626656034,1.005573514626656,-0.00001530099402224927,1.0001346712290002,410.03344426085727,6.953100284796858,0.000032334200000000094,0.000021087444077829664
2022-03-23T17:00:00.000Z,0.019058314776652173,1.0037492921693245,0.00013987171411279612,0.0004750552860811369,0.0004722213299825917,273593593.9378,75371630.3335,2667269.9225,0.0032770708393419223,0.0032770708393419223,0.00388916388343731,1.0038891638834373,-0.00000775750323900315,1.0000313943894807,408.6869339470713,6.904950893370184,0.00003313579999999989,0.000016573337127479896
2022-03-23T18:00:00.000Z,0.019058314776652173,0.9970255575436263,0.00014186706638047555,0.0004909180608200527,0.0004845123417435149,269097169.2952,77890078.74509999,2518448.4116,-0.0034589547981171975,-0.0034589547981171975,-0.002832575389993207,0.9971674246100068,-0.0000049330922287094126,1.0003747771443656,403.0790835203008,6.790536465066492,0.00003332670000000005,0.00001591009786886067
2022-03-23T19:00:00.000Z,0.019058314776652173,0.9964334911382315,0.00014631347793679845,0.0004983772450888682,0.0004921569743072673,269263586.097,79075770.2241,1185691.479,-0.0040586658360757255,-0.0040586658360757255,-0.0034201953838316596,0.9965798046161684,-0.0000034593302615792965,0.9992622891227712,403.0423012213829,6.8006665677050755,0.00003267340000000022,0.000007485882304092427
2022-03-23T20:00:00.000Z,0.019058314776652173,0.9971135723994522,0.000150926235981351,0.0005034978902780034,0.0004984866291588563,271319821.1045,79895390.57939999,819620.3553,-0.0033849142297066592,-0.0033849142297066592,-0.002735501364566452,0.9972644986354335,-0.0000019359368338411898,0.9992759185514536,403.5822950594062,6.818261162655183,0.00003258479999999975,0.000005135469271422465
2022-03-23T21:00:00.000Z,0.019058314776652173,0.9991389017367782,0.0001555211698462818,0.0005080825775389897,0.0005028823502792878,274434530.5687,80636144.00429998,740753.4249,-0.0013639806135010701,-0.0013639806135010701,-0.0007055770933755005,0.9992944229066245,-6.054691593648798e-7,1.000434212248576,404.751560050956,6.8324144858210385,0.00003288149999999997,0.000004588638389347146
2022-03-23T22:00:00.000Z,0.019058314776652173,0.9991547522951373,0.0001600032171777656,0.0005146304179709949,0.0005093237347086887,274441031.3179,81694094.75629999,1057950.752,-0.001354571439571406,-0.001354571439571406,-0.0006852444876849516,0.9993147555123151,-3.782645302541354e-7,1.0002129228755292,404.8487370854096,6.841136182873257,0.00003285399999999995,0.000006553379681468551
2022-03-23T23:00:00.000Z,0.019058314776652173,1.000541929490882,0.00016538344720940876,0.0005262243379355717,0.0005216232013409705,274824384.0881,83567368.9169,1873274.1606,0.000020306289540972244,0.000020306289540972244,0.0007073129380913515,1.0007073129380915,-1.6591809748334185e-7,1.0001428669819912,405.99268559589535,6.886805236947571,0.00003285389999999982,0.000011587640170965064
2022-03-24T00:00:00.000Z,0.019058314776652173,1.0033922139865823,0.00017092145757964593,0.0005382164680465863,0.0005373186082129333,275280876.9961,85502688.67539999,1935319.7585,0.00285489537836936,0.00285489537836936,0.0035631354441619393,1.0035631354441619,-0.000009483691073453038,0.999194582389621,408.68504007517436,6.936198728893961,0.00003292060000000019,0.000011951587866732242
2022-03-24T01:00:00.000Z,0.019058314776652173,1.0063862672182555,0.00017589944323861414,0.0005566713070033302,0.0005559507239702999,276302816.2019,88483139.46069999,2980450.7853,0.005830316494285226,0.005830316494285226,0.00656216666149414,1.0065621666614941,-0.000020725306966506984,1.0000737209570072,410.75233514812004,6.967436021675528,0.00003169150000000003,0.000018337729613684476
2022-03-24T02:00:00.000Z,0.019058314776652173,1.0034404250183644,0.00017883266100773748,0.0005670004886118562,0.0005642484347943011,275187749.6401,90149444.4065,1666304.9458,0.002876176583570089,0.002876176583570089,0.003619257679372128,1.003619257679372,-0.000006071519519146307,1.000085959802871,408.33810859926683,6.911781015241085,0.00003293389999999996,0.000010293766388819002
2022-03-24T03:00:00.000Z,0.019058314776652173,1.0039158512059327,0.00018429501587591114,0.0005773459422095384,0.0005747980551291665,275319621.4933,91818383.5438,1668939.1373,0.0033410531508035746,0.0033410531508035746,0.004100146221808652,1.0041001462218087,-0.000007902609496790447,1.0000584980187983,408.7279845918887,6.954196891101089,0.00003293389999999996,0.00001030510109675944
2022-03-24T04:00:00.000Z,0.019058314776652173,1.0023864238864766,0.00018965587021378875,0.0005900543447764668,0.0005880384418297524,275719414.54279995,93874625.5191,2056241.9753,0.0017983854446468328,0.0017983854446468328,0.0025760797566903738,1.0025760797566903,-0.0000029982506111192464,1.000046595842472,407.4769367272953,6.991391458094721,0.00003283560000000003,0.000012678147325267064
2022-03-24T05:00:00.000Z,0.019058314776652173,1.002495436374016,0.00019385489076927651,0.0005988267803415971,0.0005962958632290682,275709046.1965,95293813.3723,1419187.8532,0.0018991405107868786,0.0018991405107868786,0.002689291264785223,1.0026892912647851,-0.000004396117061378213,0.999630834966712,407.72841380270626,6.985021073481852,0.000032840600000000046,0.000008750599168663138
2022-03-24T06:00:00.000Z,0.019058314776652173,1.0042560886365133,0.00019766797161800383,0.0006094226678187705,0.0006073540326922977,276313296.8703,97008740.6328,1714927.2605,0.00364873460382098,0.00364873460382098,0.004453756608131281,1.0044537566081313,-0.000009940818833542586,0.999881802614116,409.05097473786367,6.965398542549205,0.000032826399999999974,0.000010550980991039539
2022-03-24T07:00:00.000Z,0.019058314776652173,1.0082158937746224,0.0002028099214699071,0.000626570544723076,0.0006265052857623576,277524478.2697,99785314.322,2776573.6892,0.007589388488860038,0.007589388488860038,0.008418703696092303,1.0084187036960923,-0.00003300334149891615,1.000134784606426,412.16513439755374,6.992508375607597,0.00003281129999999996,0.000017008140330788782
