query_ts,assumedLPToken,equityValue,totalDexYield,totalTradingfee,newTotalTradingFee,liquidity,totalVolume,volume,priceImpact,priceEffect,totalReturn,totalEquityVal,impermanentLoss,tokenPrice,quoteTokenPrice,rewardPrice,rewardTokenPerLP,feePerDollar
2022-05-01T09:00:00.000Z,0.019287534383115583,0.9999999999999999,0,0.000011858743782607909,-3.72257780156815e-13,271202759.3393,1891837.8131,1891837.8131,3.7214675785435247e-13,3.7214675785435247e-13,-1.1102230246251565e-16,0.9999999999999999,-1.1102230246251565e-16,1.0001105490150564,384.62841406609033,7.465566851227731,0,0.000011858744690153862
2022-05-01T10:00:00.000Z,0.019287534383115583,0.9982418699195342,0,0.000024849499960709008,0.000010481146496932325,270728989.89350003,3964289.8416999998,2072452.0286,-0.001768611226962702,-0.001768611226962702,-0.0017581300804657696,0.9982418699195342,-3.175280743894504e-7,0.9991376420907591,383.6423079154791,7.439995645828782,0,0.000013013635702648439
2022-05-01T11:00:00.000Z,0.019287534383115583,0.9997454465177463,0,0.0000343478237129906,0.00001953353304451344,271142464.19320005,5479616.160499999,1515326.3188,-0.0002740870152981856,-0.0002740870152981856,-0.00025455348225367214,0.9997454465177463,-8.289858799415128e-10,0.9998771440671025,384.5073356469288,7.449068080294297,0,0.00000950074253262099
2022-05-01T12:00:00.000Z,0.019287534383115583,0.9993756756121118,0,0.000046270046628760216,0.00003171147697311749,271008827.9598,7381408.028499999,1901791.868,-0.000656035864861293,-0.000656035864861293,-0.0006243243878881755,0.9993756756121118,-9.079071938700167e-10,0.9994970306598066,384.35970520309957,7.472593618003601,0,0.000011929671073591641
2022-05-01T13:00:00.000Z,0.019287534383115583,1.00037344419727,0,0.00006553402707488713,0.000050785346271675635,271238740.5812,10453871.0783,3072463.0498,0.00032265885099835856,0.00032265885099835856,0.0003734441972700342,1.00037344419727,-6.982046352188576e-7,0.9992517318387133,385.207447837838,7.5009797067691055,0,0.000019256788958199532
2022-05-01T14:00:00.000Z,0.019287534383115583,0.9981511815858065,0,0.00008994539526205615,0.00007496046836907855,270568907.09459996,14346336.6372,3892465.5589,-0.0019237788825625657,-0.0019237788825625657,-0.0018488184141934871,0.9981511815858065,-7.768012652009659e-7,0.9994315091694761,383.4102795842567,7.4614831452701775,0,0.000024456584909131513
2022-05-01T15:00:00.000Z,0.019287534383115583,0.9983346081787062,0,0.000109384749543315,0.00009673771971552281,270608525.7675,17445883.8332,3099547.196,-0.001762129541009294,-0.001762129541009294,-0.0016653918212937713,0.9983346081787062,-0.0000016264125589637857,1.0001504305370925,383.2587949396912,7.462943799196261,0,0.000019471782044765247
2022-05-01T16:00:00.000Z,0.019287534383115583,1.0056132803502038,0,0.0001297134366049518,0.00011733068536057267,272584909.2801,20687273.2341,3241389.4009,0.005495949664843236,0.005495949664843236,0.005613280350203809,1.0056132803502038,-0.00001643223895231305,0.9998586608581136,388.9657937987481,7.590767587484554,0,0.000020215212926067446
2022-05-01T17:00:00.000Z,0.019287534383115583,1.006771832809619,0,0.0001439766762914583,0.00012940017439633245,272902576.89849997,22961563.0851,2274289.851,0.006642432635222573,0.006642432635222573,0.006771832809618905,1.006771832809619,-0.000022023601471632404,1.0000941486378159,389.7615127958935,7.615265017964239,0,0.00001416730025285903
2022-05-01T18:00:00.000Z,0.019287534383115583,1.0056407221198593,0,0.00015693922830803096,0.0001427547795658235,272311383.43160003,25026299.1615,2064736.0764,0.005497967340293508,0.005497967340293508,0.005640722119859332,1.0056407221198593,-0.00001733916185209239,0.9997046222602208,389.0272885234581,7.644566470576957,0,0.000012889844286519386
2022-05-01T19:00:00.000Z,0.019287534383115583,1.0003148945663598,0,0.00016899576575573773,0.00015610454153791586,270870099.9901,26946727.0696,1920427.9081,0.00015879002482188653,0.00015879002482188653,0.0003148945663598024,1.0003148945663598,-2.5754541388423036e-8,1.0000423650932226,384.77680676648066,7.512958526197503,0,0.00001205274204827082
2022-05-01T20:00:00.000Z,0.019287534383115583,1.0000802673791955,0,0.0001790238023523172,0.0001648492365651233,270808493.4555,28544056.204400003,1597329.1348,-0.00008458185736959223,-0.00008458185736959223,0.00008026737919553106,1.0000802673791955,-8.398714967938758e-8,1.0004358991387983,384.4382884270578,7.5120305815805875,0,0.000010027231769989562
2022-05-01T21:00:00.000Z,0.019287534383115583,1.0035447296745712,0,0.0001867920979192968,0.0001731588741040735,271376107.8438,29779752.288100004,1235696.0837,0.0033715708004671274,0.0033715708004671274,0.003544729674571201,1.0035447296745712,-0.000006911888593919002,0.9997584271302431,387.36277401810867,7.57841810674127,0,0.000007740855888091378
2022-05-01T22:00:00.000Z,0.019287534383115583,1.0035987636346393,0,0.0001932759594215672,0.00017949336403644267,271239453.5092,30810559.693200003,1030807.4051,0.0034192702706028477,0.0034192702706028477,0.0035987636346392904,1.0035987636346393,-0.00000723871260577269,0.99971908756559,387.41484913146394,7.623325587213207,0,0.000006460610969379359
2022-05-01T23:00:00.000Z,0.019287534383115583,1.0046649935680423,0,0.00020091735072731964,0.0001863966806061601,271533031.8047,32025416.1515,1214856.4583,0.004478596887436126,0.004478596887436126,0.004664993568042286,1.0046649935680423,-0.000013103750059362262,0.9994599325190492,388.33394865840654,7.655096707404659,0,0.000007605910652503722
2022-05-02T00:00:00.000Z,0.019287534383115583,1.0073743293174005,0,0.00020946258868307334,0.00019567677259590965,272267419.24700004,33383980.0392,1358563.8877,0.007178652544804542,0.007178652544804542,0.007374329317400452,1.0073743293174005,-0.000019841065057923934,1.0009645890394434,389.83756254922935,7.71732608716266,0,0.00000848268447057478
2022-05-02T01:00:00.000Z,0.019287534383115583,1.008830331723059,0,0.00022048269311192244,0.0002079764063460665,272699765.5369,35136259.8098,1752279.7706,0.008622355316712849,0.008622355316712849,0.008830331723058915,1.008830331723059,-0.000023813771187430888,1.0017962097275164,390.63141572636215,7.746688341954412,0,0.000010923645659009258
2022-05-02T02:00:00.000Z,0.019287534383115583,1.0055073027706118,0,0.00022888899331374734,0.0002151959932175096,271803291.7029,36472933.5903,1336673.7805,0.005292106777394334,0.005292106777394334,0.005507302770611844,1.0055073027706118,-0.000014582134189478069,0.9999882677444154,388.75770792630124,7.694965039746586,0,0.000008360257201497885
2022-05-02T03:00:00.000Z,0.019287534383115583,1.0076141465486166,0,0.00023792231197083296,0.00022472831950115513,272373813.6158,37909314.1602,1436380.5699,0.00738941822911543,0.00738941822911543,0.007614146548616585,1.0076141465486166,-0.000020276516696227098,1.0011052232809894,389.94595022478256,7.711489462779108,0,0.000008965057750648434
2022-05-02T04:00:00.000Z,0.019287534383115583,1.0070620421479486,0,0.00024572199800002107,0.00023143997244856607,272226069.9741,39149542.748,1240228.5878,0.006830602175500022,0.006830602175500022,0.007062042147948588,1.0070620421479486,-0.000023214221422707126,1.0001040197057889,389.9033926043973,7.718931607454218,0,0.000007744991504526349
2022-05-02T05:00:00.000Z,0.019287534383115583,1.007956161650747,0,0.00025663188381363784,0.0002426847783585373,272252645.6487,40882954.4412,1733411.6932,0.007713476872388547,0.007713476872388547,0.007956161650747084,1.007956161650747,-0.000030152433550867386,1.0000287050148038,390.6169094509215,7.742195608427342,0,0.00001082376948594428
2022-05-02T06:00:00.000Z,0.019287534383115583,1.0081314573617208,0,0.000270817344588991,0.00025880396303157305,272301305.82060003,43136815.177600004,2253860.7364,0.007872653398689256,0.007872653398689256,0.008131457361720829,1.0081314573617208,-0.00003044672152596739,1.0001488556547087,390.6933807101588,7.749034203512547,0,0.000014071042517895025
2022-05-02T07:00:00.000Z,0.019287534383115583,1.009012626459792,0,0.0002849068980996241,0.00027457272297115587,272540659.5144,45375448.8319,2238633.6543,0.008738053736820905,0.008738053736820905,0.009012626459792061,1.009012626459792,-0.00003836513613153514,1.0000509203230585,391.40292558970907,7.73939180553267,0,0.000013963704421537597
2022-05-02T08:00:00.000Z,0.019287534383115583,1.007882136192151,0,0.0002987949450947896,0.00028953348114035826,272236700.46919996,47582077.134,2206628.3021,0.007592602711010699,0.007592602711010699,0.007882136192151057,1.007882136192151,-0.00002923130361176529,1.000028289714259,390.52336908401026,7.700063068120315,0,0.000013779435715701407
2022-05-02T09:00:00.000Z,0.019287534383115583,1.0060945866175417,0,0.0003120142913441391,0.0002988899422577962,271755276.0212,49682468.6655,2100391.5315,0.005795696675283901,0.005795696675283901,0.006094586617541697,1.0060945866175417,-0.0000213142294741564,0.9993606083318526,389.3917014134805,7.666971648464374,0,0.000013139268741451951
2022-05-02T10:00:00.000Z,0.019287534383115583,1.0043727535377975,0,0.0003242679261769535,0.000309742863574769,270737968.1297,51625457.2001,1942988.5346,0.004063010674222767,0.004063010674222767,0.004372753537797536,1.0043727535377975,-0.000011879217067356507,0.9992912865508417,388.0781649669247,7.63917041730239,0,0.000012200285507194257
2022-05-02T11:00:00.000Z,0.019287534383115583,1.0040055040028102,0,0.00033938238840465035,0.0003247351571509238,270477908.4999,54020644.535299994,2395187.3352,0.0036807688456592658,0.0036807688456592658,0.00400550400281019,1.0040055040028102,-0.0000077558470211736,0.9998460646169884,387.56757584803256,7.621607732667417,0,0.000015054162805468105
2022-05-02T12:00:00.000Z,0.019287534383115583,1.002096606010688,0,0.0003541119177361428,0.00033971088060824606,269966128.5361,56354852.90969999,2334208.3744,0.0017568951300797053,0.0017568951300797053,0.0020966060106879514,1.002096606010688,-0.000002205620264761343,0.9997656266958418,386.1142695740696,7.53724366497685,0,0.000014698711493910159
2022-05-02T13:00:00.000Z,0.019287534383115583,1.0020799689982112,0,0.0003717404676381031,0.0003565648521237641,269960171.9197,59148457.938899994,2793605.0292,0.0017234041460874039,0.0017234041460874039,0.002079968998211168,1.0020799689982112,-0.0000017933138993786457,0.9999386247289728,386.02165602775455,7.597421884627571,0,0.000017591960013466856
2022-05-02T14:00:00.000Z,0.019287534383115583,1.0059428855132515,0,0.0003995490437650888,0.0003926871559538636,270846651.0995,63552789.27769999,4404331.3388,0.005550198357297642,0.005550198357297642,0.005942885513251506,1.0059428855132515,-0.000018011666752304478,0.9996434700494375,389.09150678319486,7.7418990351736,0,0.00002764428965824426
2022-05-02T15:00:00.000Z,0.019287534383115583,1.0063212303528355,0,0.000424856663171219,0.0004156484006279104,270952704.5457,67561080.22799999,4008290.9503,0.005905581952207584,0.005905581952207584,0.006321230352835494,1.0063212303528355,-0.00001600746437391276,1.0003406018887309,389.09523498552295,7.739131456599755,0,0.000025148649565742595
2022-05-02T16:00:00.000Z,0.019287534383115583,1.0052264110144786,0,0.00043733278164189603,0.00042315775363688246,270542803.5605,69536242.11579998,1975161.8878,0.004803253260841744,0.004803253260841744,0.005226411014478627,1.0052264110144786,-0.000012818566282879473,0.9998389708633224,388.43770282186745,7.681191806435108,0,0.000012411253099582517
2022-05-02T17:00:00.000Z,0.019287534383115583,1.0043443692403418,0,0.00045419588645432803,0.0004407209887034025,270300382.52349997,72205881.70769998,2669639.5919,0.0039036482516383586,0.0039036482516383586,0.004344369240341761,1.0043443692403418,-0.000008041143631620784,0.9999963055456996,387.6814684667035,7.680827447165966,0,0.00001679016235145517
2022-05-02T18:00:00.000Z,0.019287534383115583,0.9996014188645015,0,0.00046672538703391726,0.0004499785167197956,269026468.6028,74189476.54719998,1983594.8395,-0.0008485596522183059,-0.0008485596522183059,-0.00039858113549851026,0.9996014188645015,-6.6127737730070635e-9,0.9991469846638129,384.34623210362315,7.607819236114652,0,0.000012534496121006968
2022-05-02T19:00:00.000Z,0.019287534383115583,0.9995014491049894,0,0.0004776853085692307,0.0004626904410177657,269006886.1205,75924632.42479998,1735155.8776,-0.0009612413360283734,-0.0009612413360283734,-0.0004985508950106077,0.9995014491049894,-4.3399131366417265e-7,1.0000804985405416,383.90086312333733,7.584311351430627,0,0.000010965388412394284
2022-05-02T20:00:00.000Z,0.019287534383115583,1.0029161012675993,0,0.0004915251155121507,0.0004764293526193786,265670510.0777,78081184.11929998,2156551.6945,0.0024396719149799573,0.0024396719149799573,0.002916101267599336,1.0029161012675993,-0.000012753273066268278,0.9974999465748866,387.51898383212995,7.671460200826703,0,0.00001379956653667648
2022-05-02T21:00:00.000Z,0.019287534383115583,1.0020166008493798,0,0.0005007780111756674,0.00048751232833721403,264863241.18780002,79519901.59349997,1438717.4742,0.0015290885210426097,0.0015290885210426097,0.0020166008493798238,1.0020166008493798,-0.0000032076499660860236,0.999106015779446,386.19347645600004,7.6170555963044455,0,0.000009234273865907286
2022-05-02T22:00:00.000Z,0.019287534383115583,1.0055804659529808,0,0.0005110265756541231,0.000496834410391056,265815294.5314,81113494.15019998,1593592.5567,0.005083631542589728,0.005083631542589728,0.005580465952980784,1.0055804659529808,-0.00001811465521539546,0.9991625229983179,388.91763569449944,7.640642350913377,0,0.00001019169100546237
2022-05-02T23:00:00.000Z,0.019287534383115583,1.0059607830413217,0,0.0005166452967303924,0.0005030295498962278,265939944.7537,81987251.90779997,873757.7576,0.005457753491425521,0.005457753491425521,0.005960783041321749,1.0059607830413217,-0.0000220924891287666,0.9989068153836845,389.30685511453447,7.6481810535782175,0,0.000005585427150839226
2022-05-03T00:00:00.000Z,0.019287534383115583,1.006066423291581,0,0.0005247097504590712,0.0005110289894809661,265970859.0896,83241355.50849998,1254103.6007,0.0055553943021000585,0.0055553943021000585,0.0060664232915810246,1.006066423291581,-0.000020166678435185048,0.9992998999224281,389.2293031277836,7.652025797002814,0,0.000008015825976152455
2022-05-03T01:00:00.000Z,0.019287534383115583,1.0063635065123606,0,0.0005447630828935943,0.0005348421072131071,266060514.5914,86359980.80009998,3118625.2916,0.00582866440514751,0.00582866440514751,0.006363506512360617,1.0063635065123606,-0.000019461714788837625,0.9996834214480356,389.29147980880055,7.637886282860472,0,0.000019926530638572886
2022-05-03T02:00:00.000Z,0.019287534383115583,1.0078489324606164,0,0.0005590873676264234,0.0005461607549936964,266456780.5437,88587673.99809998,2227693.198,0.007302771705622657,0.007302771705622657,0.007848932460616354,1.0078489324606164,-0.00003346590895580981,0.9992057931256814,390.6200101697651,7.659711617547597,0,0.000014212730593203662
2022-05-03T03:00:00.000Z,0.019287534383115583,1.008387427403436,0,0.0005758995822793856,0.0005635663580692007,266601656.1263,91202311.22259998,2614637.2245,0.007823861045366698,0.007823861045366698,0.008387427403435899,1.008387427403436,-0.00002352063237176516,1.0010457719983665,390.30553442226244,7.672401190165765,0,0.000016672376857045023
2022-05-03T04:00:00.000Z,0.019287534383115583,1.0083382298234747,0,0.0005882050658621286,0.0005777363879113651,268850969.5306,93132301.52449998,1929990.3019,0.007760493435563287,0.007760493435563287,0.008338229823474652,1.0083382298234747,-0.000030129645913423708,1.000078298348464,390.63398779032707,7.679048820635744,0,0.00001220372580005357
2022-05-03T05:00:00.000Z,0.019287534383115583,1.0078299579552012,0,0.0006013830538515004,0.0005888813723649022,268717871.79510003,95199153.99609998,2066852.4716,0.007241076582836348,0.007241076582836348,0.00782995795520125,1.0078299579552012,-0.00003519349904990143,0.9989362759456227,390.6775403693133,7.672887380373154,0,0.000013075606688338137
2022-05-03T06:00:00.000Z,0.019287534383115583,1.0069027499966747,0,0.000613174381915179,0.0006005840368372706,268473413.1759,97048539.92499998,1849385.9289,0.006302165959837458,0.006302165959837458,0.0069027499966747285,1.0069027499966747,-0.000023131199653581014,0.9995913044342142,389.6939987932432,7.652614539364876,0,0.00001171049319907936
2022-05-03T07:00:00.000Z,0.019287534383115583,1.0061384869417624,0,0.0006263940174775442,0.000612943779193742,268262393.8866,99121889.66829999,2073349.7433,0.005525543162568702,0.005525543162568702,0.006138486941762444,1.0061384869417624,-0.000014219267970849714,1.0002881067730898,388.82168852809394,7.642721108346691,0,0.000013138981250946267
