query_ts,assumedLPToken,equityValue,totalDexYield,totalTradingfee,newTotalTradingFee,liquidity,totalVolume,volume,priceImpact,priceEffect,totalReturn,totalEquityVal,impermanentLoss,tokenPrice,quoteTokenPrice,rewardPrice,rewardTokenPerLP,feePerDollar
2021-08-05T09:00:00.000Z,0.02418396326341348,1,0.0000152593827709838,0.000014041639545283956,-8.457679001594443e-13,264325591.68150002,2183273.1644,2183273.1644,8.457679001594443e-13,8.457679001594443e-13,0.0000152593827709838,1.000015259382771,0,1.0011412017229695,328.0115917974818,16.831462561068122,0.0000374876,0.000014041638404624329
2021-08-05T10:00:00.000Z,0.02418396326341348,0.9940502052632321,0.000029988560843403143,0.000030505491646312227,0.00001436029496026947,262546890.9064,4741158.6738,2557885.5094,-0.005964155031728202,-0.005964155031728202,-0.00591980617592453,0.9940801938240754,-0.000012884865154494385,1.0002349837605369,324.404281451298,16.5816219310007,0.0000372951,0.000016562395200978556
2021-08-05T11:00:00.000Z,0.02418396326341348,0.9959423016827904,0.00004475320621710428,0.000043255799452390306,0.000026918458634339615,263175578.73340002,6723065.2303,1981906.5565,-0.00408461677584393,-0.00408461677584393,-0.0040129451109924864,0.9959870548890075,-0.000004772489640814115,1.000137079963901,325.6640947209488,16.528099901675052,0.00003718009999999999,0.000012802256053792442
2021-08-05T12:00:00.000Z,0.02418396326341348,0.997113662378834,0.000060167192120889586,0.00006044370006635457,0.000044959920145193344,263537557.83399996,9395282.5831,2672217.3528,-0.002931297541311162,-0.002931297541311162,-0.0028261704290450792,0.9971738295709549,-6.1814483531819064e-9,0.9980955759950784,327.0864584765407,16.568644365516647,0.0000381941,0.0000172376549934543
2021-08-05T13:00:00.000Z,0.02418396326341348,0.9983768677673107,0.00007512905127120163,0.0000863068889109448,0.00007017455185376331,263824036.93859997,13415531.983000001,4020249.3999,-0.0016933067845430472,-0.0016933067845430472,-0.0015480031814180822,0.9984519968185819,-6.051405765372664e-8,0.9997937212379969,327.34226831563285,16.679363947613314,0.000036095100000000006,0.000025905236153370595
2021-08-05T14:00:00.000Z,0.02418396326341348,0.9980097315603113,0.00009015897996616915,0.00010971776825750939,0.0000949150019363687,264297497.1235,17062458.9723,3646926.9893,-0.002085183441625116,-0.002085183441625116,-0.001900109459722578,0.9980998905402774,-1.0708159781103177e-7,0.9985914058684494,327.4791424452628,16.72952048696869,0.0000365905,0.00002345756561937093
2021-08-05T15:00:00.000Z,0.02418396326341348,1.0053986568984972,0.00010826682712104041,0.00013925844068942773,0.00012765587372309817,267286152.38989997,21682114.8639,4619655.8916,0.005271001024774069,0.005271001024774069,0.005506923725618207,1.0055069237256182,-0.000025379965673977267,0.9992732973669869,332.0982245723645,17.19817729247194,0.00003746430000000001,0.00002938204970777513
2021-08-05T16:00:00.000Z,0.02418396326341348,1.0031162161847982,0.00012328625446318713,0.00015304287894861264,0.00013755080374666662,266882366.41720003,23839405.996,2157291.1321,0.002978665381051515,0.002978665381051515,0.003239502439261369,1.0032395024392613,-0.000007727943337254572,1.0001833956020345,330.28456357930725,17.18937028030899,0.00003626320000000002,0.000013741615730568716
2021-08-05T17:00:00.000Z,0.02418396326341348,1.008774625540516,0.0001405346300673986,0.00016892552269732395,0.0001543694044452426,268397849.5679,26325163.546299998,2485757.5503,0.008620256136070648,0.008620256136070648,0.008915160170583289,1.0089151601705832,-0.00003011059110713532,1.0019654657528148,333.4165438309201,17.414676911183513,0.00003711789999999998,0.000015744492149669583
2021-08-05T18:00:00.000Z,0.02418396326341348,1.0123317385970476,0.00015802482560303894,0.00018585800196488535,0.00017208785760125522,269358120.5466,28975364.6709,2650201.1246,0.01215965073944636,0.01215965073944636,0.012489763422650653,1.0124897634226506,-0.00008215772747122152,1.0004079524696732,336.28340190823883,17.638496523800704,0.00003676779999999997,0.000016726215280524868
2021-08-05T19:00:00.000Z,0.02418396326341348,1.014585722667539,0.0001743957857067345,0.0002047273530846466,0.00019153162833762671,270847616.02349997,31938451.1535,2963086.4826,0.014394191039201365,0.014394191039201365,0.014760118453245727,1.0147601184532458,-0.00012329459251170238,0.9997282009561351,337.9995256263128,17.719011870995267,0.00003652049999999999,0.000018598085131319546
2021-08-05T20:00:00.000Z,0.02418396326341348,1.012757985401833,0.00018848823852069804,0.00022343032579234454,0.00021086633096634166,270455628.05219996,34876452.9027,2938001.7492,0.012547119070866586,0.012547119070866586,0.012946473640353626,1.0129464736403537,-0.0000888728354486723,1.0002770226871627,336.584969836342,17.519437056311727,0.000037897399999999974,0.000018467365643712927
2021-08-05T21:00:00.000Z,0.02418396326341348,1.0145092280033396,0.00020492210252235417,0.00023625176830796563,0.0002230511013514569,270860579.0329,36890073.9625,2013621.0598,0.01428617690198819,0.01428617690198819,0.014714150105862002,1.014714150105862,-0.00012722106027041047,0.9993737507147609,338.04740167675084,17.58592953449815,0.000036958800000000037,0.000012638073114523643
2021-08-05T22:00:00.000Z,0.02418396326341348,1.0150570053807606,0.0002202810157467808,0.0002497393871124333,0.00023698527968951666,270889438.6072,39007401.4622,2117327.4997,0.014820020101071085,0.014820020101071085,0.015277286396507384,1.0152772863965074,-0.00012290177729967766,1.0001729163021182,338.13294672170525,17.544960207801793,0.000037322800000000015,0.000013287549223022123
2021-08-05T23:00:00.000Z,0.02418396326341348,1.0149858363904498,0.00023607246348692748,0.00025575633057001103,0.00024257456204068717,270606369.21720004,39951038.776200004,943637.314,0.014743261828409127,0.014743261828409127,0.015221908853936742,1.0152219088539367,-0.00011317168632474228,1.000731032675799,337.8932465624453,17.555636799603008,0.000036878699999999976,0.000005928106712493581
2021-08-06T00:00:00.000Z,0.02418396326341348,1.0155604060417056,0.00025154769352387187,0.0002644991452628611,0.00025257288120505983,270770501.3014,41322229.545600004,1371190.7694,0.01530783316050055,0.01530783316050055,0.01581195373522948,1.0158119537352295,-0.00013077374082215432,1.0001591031450463,338.462773017768,17.511215415846326,0.00003795259999999998,0.000008608856196581366
2021-08-06T01:00:00.000Z,0.02418396326341348,1.011873431777223,0.0002641929698509615,0.0002775574189123245,0.00026464123028380193,269793837.1835,43370289.5477,2048060.0021,0.011608790546939307,0.011608790546939307,0.01213762474707407,1.0121376247470741,-0.0000788396179709494,1.0001250325680178,336.01248800118776,17.311233549251597,0.00003706640000000001,0.000012905046460353073
2021-08-06T02:00:00.000Z,0.02418396326341348,1.0122564633971038,0.0002791383258776414,0.00028972633214956845,0.0002760725897736904,265106828.7471,45244995.6572,1874706.1095,0.011980390807330155,0.011980390807330155,0.012535601722981486,1.0125356017229814,-0.00008759121722001773,0.9998136292076018,336.3641240874848,17.29924841618634,0.00003616050000000001,0.000012021570327749856
2021-08-06T03:00:00.000Z,0.02418396326341348,1.0100260564175019,0.00029368478713000896,0.00030086939794112335,0.0002868193447955747,264518005.03250003,46961632.3991,1716636.7419,0.009739237072706297,0.009739237072706297,0.010319741204631881,1.0103197412046319,-0.000049516326687149004,1.0008813351429144,334.5187010439248,17.20442906830172,0.00003863870000000006,0.000011032453011549988
2021-08-06T04:00:00.000Z,0.02418396326341348,1.0090751391754287,0.0003074825143244115,0.00031528009685778864,0.0003029845309963086,264329072.5129,49182166.8726,2220534.4735,0.008772154644432373,0.008772154644432373,0.009382621689753092,1.009382621689753,-0.000039332057007568366,1.0010055345071667,333.83680841780324,17.117290770195794,0.000036924000000000014,0.000014281095034545523
2021-08-06T05:00:00.000Z,0.02418396326341348,1.0065173236866147,0.00032106928968559116,0.00032767459810435377,0.000312285586534955,263729221.8991,51092535.224199995,1910368.3516,0.006205038100079774,0.006205038100079774,0.00683839297630032,1.0068383929763003,-0.000027104434646263442,0.9999636674059832,332.4859372255672,17.02812458717129,0.00003688249999999994,0.000012314244793709311
2021-08-06T06:00:00.000Z,0.02418396326341348,1.0107699883272292,0.0003407965241431053,0.00033820324128844574,0.00032516828318884805,264676976.3369,52714297.7745,1621762.5503,0.010444820044040348,0.010444820044040348,0.011110784851372301,1.0111107848513723,-0.0000640438652111941,1.0002133365531791,335.2100953069395,17.22079593464623,0.00003864499999999997,0.000010416456972066568
2021-08-06T07:00:00.000Z,0.02418396326341348,1.0138388091701855,0.00036000068121456856,0.0003549400988955657,0.00034217156465055076,265485845.07149997,55292384.258499995,2578086.484,0.013496637605534989,0.013496637605534989,0.014198809851400108,1.0141988098514,-0.00008799775853540748,1.0012809233756084,336.87843374735155,17.419960335079733,0.00003622910000000007,0.00001650840187588777
2021-08-06T08:00:00.000Z,0.02418396326341348,1.0110063025361118,0.0003745410578476133,0.0003619852308064764,0.0003479965943777863,264800429.6754,56377822.383999996,1085438.1255,0.010658305941734003,0.010658305941734003,0.011380843593959402,1.0113808435939593,-0.00007724467167902205,0.9993129195100124,335.6539201093985,17.383438572371468,0.00003638230000000003,0.000006968435873053357
2021-08-06T09:00:00.000Z,0.02418396326341348,1.0113441546480193,0.00039145419564305765,0.0003698475509280395,0.00035603429784036855,264908429.36659998,57589253.287499994,1211430.9035,0.010988120350178932,0.010988120350178932,0.011735608843662359,1.0117356088436624,-0.00008129816724788963,0.9993172150859712,335.87158416225014,17.439288327639748,0.00003724899999999994,0.00000777412987904588
2021-08-06T10:00:00.000Z,0.02418396326341348,1.0078157321129666,0.00040416947072868835,0.00037927395436328584,0.0003641383317012359,263876875.5504,59041088.3423,1451835.0548,0.007451593781265364,0.007451593781265364,0.008219901583695288,1.0082199015836952,-0.000055218604980811214,0.9980572556578126,333.9469236723936,17.2882632089014,0.000038520300000000045,0.000009353300049547517
2021-08-06T11:00:00.000Z,0.02418396326341348,1.0086573958366516,0.0004206189072811983,0.00038840015984414715,0.00037381101647415704,264104308.64839998,60446725.3154,1405636.9731,0.008283584820177436,0.008283584820177436,0.009078014743932793,1.0090780147439329,-0.000047482352329319966,0.9996449019702849,333.96746872343573,17.313529370963114,0.00003787529999999997,0.000009047875312974288
2021-08-06T12:00:00.000Z,0.02418396326341348,1.0062364181310004,0.0004364281261917995,0.0003964340917874237,0.0003809378120878115,263585457.23250002,61684668.293699995,1237942.9783,0.005855480318912587,0.005855480318912587,0.006672846257192198,1.006672846257192,-0.00003937312923074643,0.9981066947926001,332.8731234352998,17.320365464457137,0.000037345600000000044,0.000007984139509084096
2021-08-06T13:00:00.000Z,0.02418396326341348,1.0083159478475225,0.0004522621160803153,0.0004104883698719091,0.00039564335381636617,264194682.2002,63850810.837299995,2166142.5436,0.007920304493706176,0.007920304493706176,0.008768209963602858,1.0087682099636028,-0.000060914274148782255,0.9979937925073138,334.2789851886601,17.333493084173057,0.00003698350000000004,0.000013938366561555311
2021-08-06T14:00:00.000Z,0.02418396326341348,1.0135219748739999,0.0004728692105250566,0.00042118454262471573,0.0004083917562713868,265785415.7451,65500786.1311,1649975.2938,0.013113583117728478,0.013113583117728478,0.013994844084524921,1.013994844084525,-0.00009876697599786599,1.0001136463149145,337.0167218075382,17.530128636201656,0.00003650569999999996,0.000010553468449713882
2021-08-06T15:00:00.000Z,0.02418396326341348,1.0127707410083453,0.00048796465169644336,0.0004361948780737047,0.0004241927394901257,265712195.20189998,67817336.79619999,2316550.6651,0.012346548268855173,0.012346548268855173,0.013258705660041743,1.0132587056600417,-0.00009709064610585738,0.9994761810025827,336.7212236164272,17.523112145423987,0.0000360677,0.000014821059032227061
2021-08-06T16:00:00.000Z,0.02418396326341348,1.0217318123783292,0.0005165268666683036,0.0004582760360577791,0.00045030850350857854,267789546.5836,71221651.114,3404314.3178,0.02128150387482064,0.02128150387482064,0.02224833924499752,1.0222483392449975,-0.00024575093902456935,1.00002665436399,342.5026091980944,17.96737187006939,0.00003726149999999999,0.0000216115020697915
2021-08-06T17:00:00.000Z,0.02418396326341348,1.0220220290137316,0.0005319716531916798,0.0005028967687231711,0.0004936698761122127,267867349.6615,78100999.33989999,6879348.2259,0.021528359137619413,0.021528359137619413,0.022554000666923306,1.0225540006669234,-0.00025584293740688047,0.9998175783769846,342.73985946335233,17.94454730959689,0.00003710149999999984,0.0000436592664197733
2021-08-06T18:00:00.000Z,0.02418396326341348,1.0267677810206262,0.000552236212886163,0.0005174432001336523,0.000513449132412136,269401159.1918,80346094.56049998,2245095.2206,0.026254331888214022,0.026254331888214022,0.027320017233512323,1.0273200172335124,-0.00034234079769979164,1.0008863921229156,345.5490861337915,18.08414800015013,0.00003687250000000026,0.000014167206579474032
2021-08-06T19:00:00.000Z,0.02418396326341348,1.0257854273663536,0.0005692281546012414,0.0005256682482650143,0.0005187379518689639,269177960.297,81615710.81419998,1269616.2537,0.025266689414484622,0.025266689414484622,0.02635465552095483,1.0263546555209548,-0.00034957060607110346,0.99964824574678,345.3114774358649,18.121606240675007,0.000036161999999999983,0.000008018292541144776
2021-08-06T20:00:00.000Z,0.02418396326341348,1.021792907870063,0.0005836518748437507,0.0005372813487297643,0.000527957345789476,268089016.7125,83408030.33619998,1792319.522,0.021264950524273463,0.021264950524273463,0.02237655974490669,1.0223765597449066,-0.00022929826134221454,1.000765937587643,342.2385020024865,18.051819825598688,0.000038060400000000135,0.000011365415953118129
2021-08-06T21:00:00.000Z,0.02418396326341348,1.0199670470791793,0.0005959382423066551,0.0005445011251313817,0.0005342196181594705,267613150.2803,84522314.88089998,1114284.5447,0.01943282746101982,0.01943282746101982,0.020562985321485944,1.020562985321486,-0.00020941836792154334,0.9999196882782428,341.30027336512643,17.927061158597805,0.00003764310000000005,0.000007078440368143019
2021-08-06T22:00:00.000Z,0.02418396326341348,1.0172486355977761,0.0006078771389812397,0.0005512973702027633,0.0005399630739308936,266720177.86349997,85570526.08909997,1048211.2082,0.016708672523845225,0.016708672523845225,0.017856512736757358,1.0178565127367574,-0.00015390888315391926,1.0001653216694937,339.39527406243127,17.79684127321029,0.00003779689999999992,0.000006681005794964479
2021-08-06T23:00:00.000Z,0.02418396326341348,1.0192368268937888,0.000626824892676081,0.000560014022684155,0.0005493556187223803,267282310.8984,86915134.70999998,1344608.6209,0.018687471275066425,0.018687471275066425,0.019863651786464886,1.019863651786465,-0.00017640122228101962,1.0008715195942406,340.4772708921081,17.889171997708107,0.0000365070000000001,0.000008552135933899857
2021-08-07T00:00:00.000Z,0.02418396326341348,1.0212225144531057,0.0006488952098410823,0.0005671381660214436,0.0005576389562560458,267812442.5336,88014125.61909997,1098990.9091,0.0206648754968497,0.0206648754968497,0.021871409662946827,1.0218714096629469,-0.00022063689731710578,1.0005865272950334,341.89772807481444,18.052978129585156,0.00003740480000000005,0.000006976093148605682
2021-08-07T01:00:00.000Z,0.02418396326341348,1.0264852865060734,0.0006768005947837382,0.0005763965683006916,0.0005701204801853432,269253846.2365,89442678.51319997,1428552.8941,0.02591516602588806,0.02591516602588806,0.02716208710085714,1.027162087100857,-0.00033030469199113455,1.0010202696857402,345.2745398911176,18.359050421563804,0.00003807239999999991,0.000009019518027002977
2021-08-07T02:00:00.000Z,0.02418396326341348,1.0283153914083853,0.0006925426291692929,0.0005869494897655037,0.0005814939977666356,269595075.9878,91070134.91309997,1627456.3999,0.027733897410618713,0.027733897410618713,0.029007934037554643,1.0290079340375546,-0.00039622469633604496,1.0003417619834007,346.73484548059827,18.35667979366085,0.000035656899999999947,0.000010262338322363129
2021-08-07T03:00:00.000Z,0.02418396326341348,1.0329223745837637,0.0007140524107175208,0.0005975875919857222,0.0005946814488297925,270821594.93939996,92710841.09489997,1640706.1818,0.03232769313493389,0.03232769313493389,0.0336364269944812,1.033636426994481,-0.0005071416002506712,1.0011027623550819,349.5755283807125,18.477584243683026,0.00003792769999999993,0.000010299032873224609
2021-08-07T04:00:00.000Z,0.02418396326341348,1.0332002384062353,0.0007308849646324463,0.0006085671669304273,0.0006068815374584702,270889636.90669996,94404182.31059997,1693341.2157,0.032593356868776846,0.032593356868776846,0.03393112337086776,1.0339311233708677,-0.0005407013011162753,1.0003219652184243,350.02847430564873,18.482631099855322,0.000037221800000000044,0.000010626763354854646
2021-08-07T05:00:00.000Z,0.02418396326341348,1.0331268214996103,0.0007412244429615254,0.000623235758794541,0.0006206758579256899,271157976.0576,96668869.72109997,2264687.4105,0.032506145641684636,0.032506145641684636,0.03386804594257185,1.0338680459425718,-0.0005394642151681506,1.0002751551117874,349.98572867891016,18.33367258920768,0.000036604999999999986,0.000014198249499517509
2021-08-07T06:00:00.000Z,0.02418396326341348,1.033972723046893,0.0007633802232926252,0.000633633397449635,0.0006314400442588575,273343872.9591,98285780.55739997,1616910.8363,0.03334128300263406,0.03334128300263406,0.034736103270185545,1.0347361032701856,-0.0005821471035146741,0.9998080501402424,350.71590209208705,18.46015214336173,0.0000381736999999999,0.000010056008909046557
2021-08-07T07:00:00.000Z,0.02418396326341348,1.029418973756554,0.0007711425061579378,0.0006494342800553454,0.0006447477394599943,272243649.8815,100743872.03909998,2458091.4817,0.028774226017094007,0.028774226017094007,0.03019011626271194,1.0301901162627118,-0.0004207127061510718,1.0004962758209563,347.38351159180985,18.268251993876667,0.00003553179999999994,0.000015349322273297812
