query_ts,assumedLPToken,equityValue,totalDexYield,totalTradingfee,newTotalTradingFee,liquidity,totalVolume,volume,priceImpact,priceEffect,totalReturn,totalEquityVal,impermanentLoss,tokenPrice,quoteTokenPrice,rewardPrice,rewardTokenPerLP,feePerDollar
2021-09-06T09:00:00.000Z,0.019245296982618506,1,0.00002062319220776514,0.00001515344854201058,-4.1655567883935873e-13,273248963.3728,2435684.6268,2435684.6268,4.1655567883935873e-13,4.1655567883935873e-13,0.00002062319220776514,1.0000206231922077,0,0.9998237498855427,502.74799411317235,24.76637495094997,0.00004326820000000001,0.000015153447663443812
2021-09-06T10:00:00.000Z,0.019245296982618506,1.00209507174736,0.00004158642547576661,0.000026503225795901267,0.000012454421206342658,272433224.8923,4250738.6841,1815054.0573,0.0020826173261536685,0.0020826173261536685,0.002136658172835778,1.0021366581728357,-0.0000024078927299830966,0.9997097361743372,504.90181392288935,24.907346081818442,0.00004348779999999999,0.000011326048423902097
2021-09-06T11:00:00.000Z,0.019245296982618506,1.0028493647599708,0.00006278399278675971,0.00003948414204461318,0.000024264621906189277,272858195.0834,6328318.397700001,2077579.7136,0.0028251001380645846,0.0028251001380645846,0.0029121487527575336,1.0029121487527575,-0.0000031592266362956423,1.0001312033198735,505.4372076964135,25.153964199615448,0.0000429374,0.000012944033115957786
2021-09-06T12:00:00.000Z,0.019245296982618506,0.9957906148148661,0.0000827042824291079,0.00006401326995534417,0.00004830554685752997,270876900.8369,10253295.561,3924977.1633,-0.004257690731991448,-0.004257690731991448,-0.00412668090270481,0.9958733190972952,-0.00001191944588829763,1.000439583439755,498.1691735693239,24.824110627648142,0.0000434196,0.00002463281718372735
2021-09-06T13:00:00.000Z,0.019245296982618506,0.9901670005858785,0.00010225841903215806,0.00010131733170118211,0.00008536657877988851,269370206.9044,16222937.950600002,5969642.3896,-0.009918365992901412,-0.009918365992901412,-0.009730740995089365,0.9902692590049106,-0.00004996002548862677,0.99985207447313,492.81061310222896,24.551354584888625,0.00004330780000000001,0.00003767451560046387
2021-09-06T14:00:00.000Z,0.019245296982618506,0.9922802331192455,0.0001227612871731064,0.00012165875419609415,0.00010626092449705915,269919722.6762,19477800.5443,3254862.5937,-0.007826027805251545,-0.007826027805251545,-0.00759700559358138,0.9924029944064187,-0.00003187409194471691,0.9999512756821434,494.84662937708225,24.59387454412804,0.00004294330000000002,0.00002049967432697682
2021-09-06T15:00:00.000Z,0.019245296982618506,0.9950870846236531,0.00014476022786370278,0.00014097365756883938,0.00012578954527875386,270458982.1505,22565847.6975,3088047.1532,-0.005038704921625614,-0.005038704921625614,-0.004768155148483158,0.9952318448515168,-0.000013516367898591675,0.9999716235088499,497.6207626125802,24.845749860269006,0.000043377799999999997,0.00001941026368840934
2021-09-06T16:00:00.000Z,0.019245296982618506,0.9947106270268099,0.00016563948988043483,0.00015777887606403655,0.00014238824214396484,270353443.6688,25252617.1693,2686769.4718,-0.005431761215334063,-0.005431761215334063,-0.005123733483309663,0.9948762665166904,-0.000010554617056901527,0.9989721948974701,497.72512812420285,24.868952592271356,0.000043342300000000014,0.00001689458081272116
2021-09-06T17:00:00.000Z,0.019245296982618506,0.9944275462560573,0.00018317346990198626,0.0001848297364082267,0.00017355160899890087,268423136.2034,29547773.2428,4295156.0735,-0.005746005352941563,-0.005746005352941563,-0.005389280274040676,0.9946107197259593,-0.00001983794048199261,1.0003601534455362,496.7205181770687,24.508931333716337,0.00004225710000000001,0.000027202443977917847
2021-09-06T18:00:00.000Z,0.019245296982618506,0.9953501921729326,0.00020421181377001685,0.00019900187303068266,0.0001836188993924459,268045408.65379998,31792786.383700002,2245013.1409,-0.004833426726459811,-0.004833426726459811,-0.004445596013297348,0.9955544039867027,-0.00001273449628746981,1.000025297282151,497.79940027607245,24.557550471603463,0.00004374569999999997,0.000014238342520760407
2021-09-06T19:00:00.000Z,0.019245296982618506,0.9948534778417784,0.0002246852112296987,0.00021373089926474646,0.00019907406659824822,267908244.9554,34125986.9935,2333200.6098,-0.005345596224819893,-0.005345596224819893,-0.004921836946991946,0.995078163053008,-0.00001391053479038451,0.9997384322802102,497.4298317819093,24.531681741362238,0.000043820500000000005,0.000014805221979339654
2021-09-06T20:00:00.000Z,0.019245296982618506,0.9952393040318721,0.0002466020253189805,0.0002283271233269817,0.00021303948414930218,268026221.17139998,36438272.1201,2312285.1266,-0.004973735452277195,-0.004973735452277195,-0.004514093942808912,0.9954859060571911,-0.000010892599385248225,0.9995051940556736,497.9180027145142,24.65807493159979,0.00004374479999999998,0.00001466604535198159
2021-09-06T21:00:00.000Z,0.019245296982618506,0.9950052354764171,0.0002656597437605393,0.000236504898430316,0.00022112462717294168,265737161.5703,37723005.8713,1284733.7512,-0.005215889150755881,-0.005215889150755881,-0.004729104779822401,0.9952708952201776,-0.000021086990618757184,1.0010889943189352,496.8883200007423,24.54131067598392,0.00004282289999999998,0.000008218825564832476
2021-09-06T22:00:00.000Z,0.019245296982618506,0.9953983212850611,0.0002877818441988606,0.00024363871239882815,0.00022848355682836274,265840893.93010002,38843727.505399995,1120721.6341,-0.0048301622717672466,-0.0048301622717672466,-0.004313896870740023,0.99568610312926,-0.00001266244357034374,1.0000142796416691,497.80815068645046,24.674040846993282,0.000043560899999999964,0.000007166793452293155
2021-09-06T23:00:00.000Z,0.019245296982618506,0.9960360841726309,0.0003079898377789619,0.0002533409459667496,0.0002382794041103642,266350644.2466,40369892.38989999,1526164.8845,-0.004202195231479466,-0.004202195231479466,-0.0036559259895901403,0.9963440740104098,-0.000010263693379086725,1.0001434306666783,498.3722333034833,24.64489122368246,0.000043322899999999944,0.000009740844858809155
2021-09-07T00:00:00.000Z,0.019245296982618506,0.9936625248371719,0.00032699054555335156,0.0002648897003461436,0.0002511674474103831,264918472.12050003,42181063.82379999,1811171.4339,-0.006588642610238504,-0.006588642610238504,-0.0060104846172747695,0.9939895153827252,-0.00002072230719130097,0.9996511564403314,496.23062604820973,24.504655458208433,0.000044006100000000155,0.000011622411276135923
2021-09-07T01:00:00.000Z,0.019245296982618506,0.9932624221278139,0.0003504680618307262,0.0002774266352915853,0.00026172330314333525,264647790.51640004,44145992.09629999,1964928.2725,-0.006999301175329431,-0.006999301175329431,-0.00638710981035537,0.9936128901896446,-0.000024402002252843502,0.9997859034124611,495.753620427408,24.705607242826296,0.00004373809999999992,0.000012621976010954072
2021-09-07T02:00:00.000Z,0.019245296982618506,0.9953179443645536,0.00037012141949271157,0.0002889119013607633,0.00027401154360573443,267520177.27,45961870.949499995,1815878.8532,-0.00495606717905217,-0.00495606717905217,-0.004311934215953724,0.9956880657840462,-0.000015657813314806646,1.0004515202453101,497.46468860764554,24.64968183226087,0.00004310100000000002,0.000011539294276574848
2021-09-07T03:00:00.000Z,0.019245296982618506,0.9999167070898296,0.00039352123759061073,0.0003072852978617031,0.0002947112402263974,268736030.97389996,48866579.676199995,2904708.7267,-0.00037800415039679347,-0.00037800415039679347,0.00031022832742021465,1.0003102283274201,-6.320141752169661e-7,1.0005701116412191,501.9932496820305,24.824912490549167,0.00004347070000000005,0.000018374926568256068
2021-09-07T04:00:00.000Z,0.019245296982618506,0.9945716243975014,0.00041040058668510463,0.00032260873241384236,0.00030716230004856904,267275350.57650003,51288891.364599995,2422311.6884,-0.005735537902547216,-0.005735537902547216,-0.005017975015813542,0.9949820249841864,-0.00002264327635925767,1.0008015981039873,496.5118735202336,24.588621948475343,0.00004358479999999996,0.00001540706938143687
2021-09-07T05:00:00.000Z,0.019245296982618506,0.994393686461603,0.0004303848939594655,0.00033880624601527877,0.0003239427150958374,266216427.3359,53839688.5007,2550797.1361,-0.0059302562534928605,-0.0059302562534928605,-0.005175928644437558,0.9948240713555624,-0.000014975256502292034,0.9993487767720103,497.0389476045999,24.565428260296947,0.00004308959999999998,0.000016288833768693695
2021-09-07T06:00:00.000Z,0.019245296982618506,0.9932478408496493,0.0004504092915138038,0.0003568179136877223,0.00034182071664379254,265836760.8872,56675402.3911,2835713.8904,-0.007093979866994449,-0.007093979866994449,-0.006301749858836852,0.9936982501411632,-0.000023034195910431876,0.9994920367945779,495.8048203242239,24.54915501847458,0.00004298709999999996,0.000018134112067839735
2021-09-07T07:00:00.000Z,0.019245296982618506,0.9900062104501578,0.0004656275177519562,0.0003747260070208648,0.0003586046776370422,264972908.41709998,59494849.5783,2819447.1872,-0.010352394227479245,-0.010352394227479245,-0.009528162032090247,0.9904718379679097,-0.00006134498190413229,1.000494336818904,492.06255490247884,24.270843027611384,0.00004351210000000004,0.000018088868959747135
2021-09-07T08:00:00.000Z,0.019245296982618506,0.9894744802845785,0.0004854839062311935,0.0003974542139267939,0.00038032711354940574,264652564.9127,63070769.3573,3575919.779,-0.010905846828970889,-0.010905846828970889,-0.01004003580919029,0.9899599641908097,-0.0000681757814711137,1.0005354250397522,491.4921600461737,24.2453363160977,0.000043603399999999976,0.00002296997811566753
2021-09-07T09:00:00.000Z,0.019245296982618506,0.9747663671256884,0.0004925134257468226,0.0004722249544043838,0.0004504906622676552,261398703.5987,74865435.6426,11794666.2853,-0.02568412353657923,-0.02568412353657923,-0.02474111944856475,0.9752588805514353,-0.00033348035695224265,0.9996332539746238,477.3453091765323,23.601488427064997,0.000043859599999999935,0.00007670632030292026
2021-09-07T10:00:00.000Z,0.019245296982618506,0.9665288110934319,0.0005038479665721814,0.000533993123825097,0.0005064466986691718,251881378.3777,84334281.9434,9468846.3008,-0.033977635605237255,-0.033977635605237255,-0.032967340939995905,0.9670326590600041,-0.0006067391150318402,1.0000992702310887,469.0347787815402,23.177354212513993,0.000045252999999999955,0.0000639072201964142
2021-09-07T11:00:00.000Z,0.019245296982618506,0.9683316729864345,0.000529563670829049,0.000561826940586431,0.000536911401202933,252503801.2674,88603689.58309999,4269407.6397,-0.03220523841476841,-0.03220523841476841,-0.03113876334273643,0.9688612366572635,-0.0005176246760433267,0.9992709956669565,471.1476697055868,23.436858106254686,0.00004450599999999993,0.00002874409395446617
2021-09-07T12:00:00.000Z,0.019245296982618506,0.9684057175575927,0.0005496391234838436,0.0005758291681799462,0.0005493314353625101,252641622.60819998,90752488.46919999,2148798.8861,-0.03214361387776976,-0.03214361387776976,-0.03104464331892341,0.9689553566810766,-0.0005818118844928,1.0012731825883048,470.26542628412443,23.42351869390552,0.00004520229999999996,0.000014459051001406272
2021-09-07T13:00:00.000Z,0.019245296982618506,0.9683624839467144,0.0005718269552673305,0.0006076481971158372,0.0005807255951792989,252618401.2234,95635244.37099999,4882755.9018,-0.032218241648464874,-0.032218241648464874,-0.031065689098018243,0.9689343109019818,-0.0005310418974083797,0.9996719553960141,470.9460410100776,23.502796939502552,0.00004494079999999992,0.00003285859221996813
2021-09-07T14:00:00.000Z,0.019245296982618506,0.9671305090969853,0.0005883983427539113,0.0006286592019833686,0.0006022438853137135,252888553.8761,98867025.9415,3231781.5705,-0.03347173478832843,-0.03347173478832843,-0.03228109256026081,0.9677189074397392,-0.0006041595517504161,1.0005487875900008,469.31522509664603,23.37171808983126,0.00004393230000000003,0.000021725098212795108
2021-09-07T15:00:00.000Z,0.019245296982618506,0.9234014026864041,0.000558366101534821,0.0007379911721789524,0.0006833886112345144,240888262.604,115644375.7296,16777349.7881,-0.07728198592483038,-0.07728198592483038,-0.07604023121206104,0.923959768787939,-0.0032762831776661505,1.0004508958778058,427.7756073369654,21.471488816948977,0.00004309339999999996,0.00011840134646434364
2021-09-07T16:00:00.000Z,0.019245296982618506,0.9127796007093498,0.0005626068512318592,0.0010201031443040254,0.0009541720250464403,225469937.9644,156636017.8316,40991642.102,-0.08817457131569661,-0.08817457131569661,-0.08665779243941832,0.9133422075605817,-0.004321719106185284,1.0006551997752497,417.65024242314655,20.976107685296764,0.000042416400000000253,0.00030906910341370146
2021-09-07T17:00:00.000Z,0.019245296982618506,0.9326665839507999,0.0006101120523521548,0.0011075293611338215,0.001065450441419924,222266006.2764,168891753.84620002,12255736.0146,-0.06839886649061999,-0.06839886649061999,-0.06672330399684791,0.9332766960031521,-0.002550964292245661,1.000477155590281,436.0403055074864,21.984744016776126,0.00004833869999999974,0.00009373791149561053
2021-09-07T18:00:00.000Z,0.019245296982618506,0.9193719936007227,0.0006104597539009333,0.001185383860226243,0.0011258703323987485,219126666.2157,179807131.22550002,10915377.3793,-0.081753876731676,-0.081753876731676,-0.08001754664537632,0.9199824533546237,-0.003724071332955159,1.0009712501580803,423.41905484456606,21.29665186083352,0.00004743900000000013,0.00008468226101949652
2021-09-07T19:00:00.000Z,0.019245296982618506,0.9157749497400344,0.0006249996521493163,0.0013664566721727205,0.0013052971018948645,225038777.4131,205981301.5193,26174170.2938,-0.08553034736186049,-0.08553034736186049,-0.0836000506078163,0.9163999493921837,-0.004113479386543273,1.0012720038571905,419.8172866835924,21.147182197799886,0.00004625339999999979,0.0001977263208188305
2021-09-07T20:00:00.000Z,0.019245296982618506,0.9083234505230203,0.0006315455754549261,0.0014608369557462704,0.0013922678102162855,222909134.5064,219605774.0541,13624472.5348,-0.09306881728719596,-0.09306881728719596,-0.09104500390152474,0.9089549960984753,-0.004804428406265382,1.0003567098811483,413.3020643691888,20.734636796797027,0.00004695870000000003,0.00010390603041211397
2021-09-07T21:00:00.000Z,0.019245296982618506,0.9109794633865127,0.0006555866387339424,0.001497626577232055,0.0014282263442799703,223413508.8019,224913117.9787,5307343.9246,-0.09044876295776727,-0.09044876295776727,-0.08836494997475336,0.9116350500252467,-0.004483448978667148,0.999890910009068,415.8871605036272,20.88888023317094,0.000048115500000000105,0.00004038468721164128
2021-09-07T22:00:00.000Z,0.019245296982618506,0.9055557917329741,0.0006647508842659037,0.0015274482984546148,0.0014499743304258184,221690308.6791,229207644.44500002,4294526.4663,-0.09589418259745175,-0.09589418259745175,-0.09377945738276003,0.9062205426172399,-0.005149102969170483,1.000713641879146,410.5844548306129,20.57279310487892,0.0000482017,0.00003293195375210499
2021-09-07T23:00:00.000Z,0.019245296982618506,0.9133280712945093,0.0006924391920709058,0.0015505973134017173,0.0014864440577524451,222916920.3646,232531176.06810004,3323531.6231,-0.08815837276324312,-0.08815837276324312,-0.08597948951341977,0.9140205104865803,-0.0042509271986064245,0.9999040469158947,417.9788420705971,20.830822757536843,0.00004826900000000001,0.00002534578241090415
2021-09-08T00:00:00.000Z,0.019245296982618506,0.9138884112568472,0.0007111799167081905,0.0015770631802271159,0.0015143080938410103,223029581.6873,236330501.51970002,3799325.4516,-0.08762589683699384,-0.08762589683699384,-0.08540040882644465,0.9145995911735554,-0.004248360837521781,1.0004599483965497,418.23462804132606,20.81857874685476,0.00004779050000000005,0.000028959625978116545
2021-09-08T01:00:00.000Z,0.019245296982618506,0.914832538522101,0.0007262758605536486,0.001613435303862808,0.0015509421094290765,223277002.7004,241552324.2982,5221822.7785,-0.08671840358732807,-0.08671840358732807,-0.08444118561734534,0.9155588143826546,-0.004044104465431242,0.9991994490001133,419.59569324085595,20.697152289784633,0.00004831249999999994,0.00003975823132739544
2021-09-08T02:00:00.000Z,0.019245296982618506,0.9166715034336761,0.0007432207405633672,0.0016420342462736316,0.0015821935464152004,223470824.0274,245653497.8344,4101173.5362,-0.0849106901127391,-0.0849106901127391,-0.08258527582576054,0.9174147241742394,-0.003933823691023686,0.9999356412866109,420.94825225945914,20.640282277453366,0.000047681599999999926,0.000031198681268052946
2021-09-08T03:00:00.000Z,0.019245296982618506,0.9193393061989682,0.000763619300034421,0.0016640514568523645,0.0016084689676555408,224118576.6077,248810794.6649,3157296.8305,-0.08226916276868734,-0.08226916276868734,-0.07989707450099738,0.9201029254990026,-0.0037421979716746323,1.0006204140379629,423.09226572183036,20.67583771893221,0.000048046399999999954,0.00002394895011869174
2021-09-08T04:00:00.000Z,0.019245296982618506,0.9089364626846318,0.000763037677420476,0.00168902409263206,0.0016147288839498675,221152620.3387,252384955.0561,3574160.3912,-0.09267826619931807,-0.09267826619931807,-0.09030049963794773,0.9096995003620523,-0.004733225631161853,1.0000537291273108,413.7834246317788,20.153284185850005,0.00004825969999999991,0.0000274745678153592
2021-09-08T05:00:00.000Z,0.019245296982618506,0.9104825675452646,0.0007855880923610151,0.0017155609996222104,0.001646201172574857,221592214.1132,256184085.81120002,3799130.7551,-0.09116363362731028,-0.09116363362731028,-0.08873184436237441,0.9112681556376256,-0.004564725998353225,0.9999639513713888,415.2033459404891,20.249797257244026,0.00004848760000000004,0.000029145980193919063
2021-09-08T06:00:00.000Z,0.019245296982618506,0.9054314289991557,0.0007855341308685895,0.0017389378346214042,0.001659415397424202,220408326.2428,259531498.2569,3347412.4457,-0.09622798639826846,-0.09622798639826846,-0.09378303686997568,0.9062169631300243,-0.005182876408787673,1.0006787628606386,410.2956285361121,19.79539951352156,0.00004613069999999999,0.000025818449124382354
2021-09-08T07:00:00.000Z,0.019245296982618506,0.8826983825419039,0.0007477787871222531,0.0018378450431399183,0.0017069139333656391,193283549.6087,272271268.2946,12739770.0377,-0.11900853139146172,-0.11900853139146172,-0.11655383867097384,0.8834461613290262,-0.007606654671055368,0.9968564481573865,391.36733812553973,18.37082782932112,0.000053105200000000035,0.00011205096920009769
