query_ts,assumedLPToken,equityValue,totalDexYield,totalTradingfee,newTotalTradingFee,liquidity,totalVolume,volume,priceImpact,priceEffect,totalReturn,totalEquityVal,impermanentLoss,tokenPrice,quoteTokenPrice,rewardPrice,rewardTokenPerLP,feePerDollar
2021-08-03T09:00:00.000Z,0.024429539352149292,1,0.0000141726601271469,0.000009746692402589966,-1.1821654766208667e-12,262003902.8425,1502159.7726,1502159.7726,1.1821654766208667e-12,1.1821654766208667e-12,0.0000141726601271469,1.000014172660127,0,0.9989025541737645,322.7313068653453,16.07827580670426,0.0000360825,0.000009746693029054243
2021-08-03T10:00:00.000Z,0.024429539352149292,0.9993699948546167,0.000028215191129966204,0.000018389108552614403,0.00000893392457135267,262670061.9456,2838356.9329000004,1336197.1603,-0.0006389390699546027,-0.0006389390699546027,-0.0006017899542532838,0.9993982100457467,-0.0000016056747978998587,1.0000548348443754,321.947645715001,15.940163235820352,0.00003637360000000001,0.000008647864761155931
2021-08-03T11:00:00.000Z,0.024429539352149292,1.0016039245087167,0.000042838172082100474,0.00002769224602395707,0.000018755335935205508,263471663.913,4277879.304300001,1439522.3714,0.0015851691727815087,0.0015851691727815087,0.0016467626807988146,1.0016467626807988,-4.1113409676718504e-7,0.999579164028084,323.5361370069383,16.034358591450424,0.00003690530000000001,0.000009288239938349032
2021-08-03T12:00:00.000Z,0.024429539352149292,0.9990996865895528,0.00005651166152992583,0.000037511640735659036,0.00002780695323478799,262808049.2392,5797256.667200001,1519377.3629,-0.0009281203636819502,-0.0009281203636819502,-0.0008438017489172363,0.9991561982510828,-0.0000014466364902654405,0.9996744166119442,321.88379490119485,15.9238602226384,0.000035908099999999996,0.000009828243558016308
2021-08-03T13:00:00.000Z,0.024429539352149292,1.000456505501548,0.00006987700822849683,0.00005842908202057019,0.00004903863821725807,264204106.9048,9046640.193,3249383.5258,0.0004074668633307077,0.0004074668633307077,0.0005263825097764626,1.0005263825097765,-0.00000254466777693807,1.0015665190867655,322.1352652147037,15.95819791816554,0.00003397059999999998,0.000020907896014842917
2021-08-03T14:00:00.000Z,0.024429539352149292,1.0011859766279472,0.00008479841915439393,0.00007042367558732572,0.00006107043726788497,264198624.91640002,10908523.1678,1861882.9748,0.0011249061906792868,0.0011249061906792868,0.0012707750471015657,1.0012707750471015,-2.5242100298861203e-8,1.0002509438736915,323.02176239823876,16.1978585760226,0.000035056299999999985,0.000011980384296706918
2021-08-03T15:00:00.000Z,0.024429539352149292,0.9995845732134901,0.00009811049692859546,0.00008311186530650567,0.0000752655190514595,263853874.297,12878652.0286,1970128.8608,-0.0004906923055613133,-0.0004906923055613133,-0.0003173162895812583,0.9996826837104188,-2.1381431480893553e-7,0.9990655089702924,322.3620728747506,16.20782203691818,0.0000334889,0.000012693461759026671
2021-08-03T16:00:00.000Z,0.024429539352149292,0.9979308640763264,0.00011155779359326223,0.00009814097410388843,0.00008932637846437164,263422722.23389998,15212309.333,2333657.3044,-0.002158462302138009,-0.002158462302138009,-0.001957578130080375,0.9980424218699196,-0.000005736905543951565,1.0001284741939096,320.94571768820504,16.126968384950242,0.000035374700000000005,0.000015060270366340693
2021-08-03T17:00:00.000Z,0.024429539352149292,1.0005429363836145,0.00012668735410075659,0.00011017313297330576,0.00010212959590361059,264242334.03949997,17081533.25,1869223.917,0.0004408067877108568,0.0004408067877108568,0.000669623737715224,1.0006696237377153,-9.459984151583001e-8,0.9997776568368691,322.7331589429139,16.251175752871003,0.00003594470000000003,0.00001202563045187524
2021-08-03T18:00:00.000Z,0.024429539352149292,0.9981780172153746,0.0001404835648910065,0.0001224475693562941,0.00011367684656882204,263557393.0802,18987958.8162,1906425.5662,-0.001935659631194242,-0.001935659631194242,-0.0016814992197344135,0.9983185007802656,-0.000003788280861893867,0.9997170159786087,321.2212103038117,16.170823016954163,0.00003650870000000002,0.000012296841400134025
2021-08-03T19:00:00.000Z,0.024429539352149292,0.9985865405756206,0.00015405041167687768,0.0001332679668859043,0.00012436919552205605,263658395.077,20668503.8724,1680545.0562,-0.0015378286199014823,-0.0015378286199014823,-0.0012594090127025486,0.9987405909872975,-0.0000034028192974489002,0.9999717052343104,321.39546139944457,16.09408965271168,0.000036201700000000016,0.00001083571260723805
2021-08-03T20:00:00.000Z,0.024429539352149292,0.9972664684594573,0.00016833150757257698,0.00014241514617802285,0.00013462730612912033,263311436.36690003,22089185.7204,1420681.848,-0.0028681588466717978,-0.0028681588466717978,-0.0025652000329701003,0.9974347999670299,-0.000007633127091954961,0.9999368914788643,320.550750588941,16.09168207696013,0.000036386899999999975,0.000009172253111842434
2021-08-03T21:00:00.000Z,0.024429539352149292,0.9976979046559907,0.0001816818097854994,0.00015163480058453743,0.000142903498539515,263488491.19160002,23521466.9217,1432281.2013,-0.0024449988425487845,-0.0024449988425487845,-0.00212041353422377,0.9978795864657762,-0.000006730425385681471,1.000122879853683,320.76321517513765,16.028140827989823,0.00003579270000000001,0.000009240927492500755
2021-08-03T22:00:00.000Z,0.024429539352149292,0.9994826762856572,0.0001977157927639931,0.0001570512911772027,0.00014778669188253435,263997267.08120003,24363042.6308,841575.7091,-0.0006651104062252999,-0.0006651104062252999,-0.00031960792157877246,0.9996803920784212,-0.000001619463191881998,1.0000363234703524,321.9367427262591,16.16377065778853,0.00003671199999999997,0.000005419293621058407
2021-08-03T23:00:00.000Z,0.024429539352149292,1.001871866851069,0.0002123570201255052,0.00016475290378019044,0.00015601359695271988,264635821.35059997,25559698.451100003,1196655.8203,0.001715853254116384,0.001715853254116384,0.002084223871194609,1.0020842238711947,-3.229107436997225e-8,1.0003622698173864,323.3672333616128,16.192446224940525,0.00003612589999999997,0.000007687224216765649
2021-08-04T00:00:00.000Z,0.024429539352149292,1.0011840466747948,0.0002274293074665568,0.0001706898974671544,0.00016312884624780644,263988178.0887,26480547.100700002,920848.6496,0.0010209178285469633,0.0010209178285469633,0.0014114759822613267,1.0014114759822614,-2.1572277297821074e-10,0.9999431214741721,323.05407869607774,16.234251197630403,0.00003662180000000002,0.000005929972757317986
2021-08-04T01:00:00.000Z,0.024429539352149292,1.0009459060056727,0.00024012296126926384,0.00018062728929688117,0.00017201573426661732,263937547.9814,28021942.3715,1541395.2708,0.0007738902714060636,0.0007738902714060636,0.0011860289669419447,1.0011860289669419,-4.1811402118341334e-8,0.9999647192166192,322.887680587042,16.14413334564856,0.00003538629999999998,0.000009927999939382101
2021-08-04T02:00:00.000Z,0.024429539352149292,1.0031311129272134,0.00025538193440907355,0.00045804127431117107,0.0005012456716935176,264633662.6527,71071313.9009,43049371.5294,0.0026298672555198355,0.0026298672555198355,0.0033864948616224265,1.0033864948616225,-0.0000011915150518460038,0.9999846594829181,324.07994601715257,16.202358861844623,0.000036362699999999997,0.0002765480810958851
2021-08-04T03:00:00.000Z,0.024429539352149292,1.0028154162807719,0.0002699737132414616,0.0004742424146885125,0.0005187120321665795,264045091.54759997,73580620.7098,2509306.8089,0.0022967042486052858,0.0022967042486052858,0.003085389994013327,1.0030853899940133,-2.3804035065300155e-7,1.0018877881089687,323.2494106695615,16.209693852242175,0.00003655640000000004,0.000016155655650053964
2021-08-04T04:00:00.000Z,0.024429539352149292,0.9996091598665386,0.00028248463188296376,0.0005029478758571,0.0005481902278745565,262073709.24269998,78007613.87030001,4426993.1605,-0.000939030361335913,-0.000939030361335913,-0.00010835550157839273,0.9998916444984216,-0.0000037920620955533835,1.0007166699125698,321.54152804552456,16.1018087394704,0.000036373200000000006,0.000028716685830857076
2021-08-04T05:00:00.000Z,0.024429539352149292,1.000697706234313,0.00029641879036065546,0.0005161767376982677,0.00055932911017198,262483958.35970002,80048756.67610002,2041142.8058,0.00013837712414099812,0.00013837712414099812,0.0009941250246736336,1.0009941250246737,-2.7640876987256036e-7,0.999783859543189,322.5360652436728,16.08520701263483,0.00003620119999999997,0.00001321963746487279
2021-08-04T06:00:00.000Z,0.024429539352149292,1.0010283539249587,0.0003110753658328345,0.0005275413374183021,0.000570282417673651,262660879.75869998,81802856.09790002,1754099.4218,0.00045807150728505164,0.00045807150728505164,0.0013394292907915372,1.0013394292907916,-1.879676692073673e-8,0.9995539082122872,322.81654374492285,16.09266820865944,0.000036931400000000004,0.000011352924043349967
2021-08-04T07:00:00.000Z,0.024429539352149292,0.9998612364299011,0.00032554578008872317,0.0005398372644670585,0.0005835340071913553,262457387.4971,83701447.14070001,1898591.0428,-0.000722297577290254,-0.000722297577290254,0.00018678220998982444,1.00018678220999,-1.9949366070193264e-7,0.9988117539866872,322.2945557131649,16.107007836107474,0.000036070400000000006,0.000012297633545543324
2021-08-04T08:00:00.000Z,0.024429539352149292,0.9985506770224553,0.00033799995014210585,0.0005481606186183742,0.0005891816903251801,262152311.91160002,84986831.69810002,1285384.5574,-0.0020385046678699226,-0.0020385046678699226,-0.0011113230274026366,0.9988886769725973,-0.000003994462334455662,0.9996878882989811,321.16437098022135,16.07192963683412,0.000033525599999999935,0.000008335435730648266
2021-08-04T09:00:00.000Z,0.024429539352149292,0.9980856992858144,0.00034868086477454877,0.0005575521885792177,0.0005982982756459476,262161350.3042,86437907.38600002,1451075.6879,-0.0025125989898315826,-0.0025125989898315826,-0.0015656198494110863,0.9984343801505889,-0.000006914760116716323,1.0001050131932865,320.7254726631829,15.928119355749356,0.000035221599999999975,0.000009409581795972616
2021-08-04T10:00:00.000Z,0.024429539352149292,0.9983545626315721,0.0003652012406410969,0.0005652230956941937,0.0006065763635790811,262293885.7341,87623406.19920002,1185498.8132,-0.0022520137320070077,-0.0022520137320070077,-0.0012802361277868299,0.9987197638722132,-0.000003828647346715286,0.9994147556701886,321.1146968186252,16.01925210453348,0.00003711679999999998,0.000007683549224944784
2021-08-04T11:00:00.000Z,0.024429539352149292,1.0016712626015645,0.00038181744727103695,0.0005742037583601801,0.0006170130498808213,263236827.1128,89011698.31380002,1388292.1146,0.0010542495516836503,0.0010542495516836503,0.0020530800488355086,1.0020530800488354,-1.556971329641499e-8,1.0001321181562164,323.0145408394928,16.102885132331867,0.00003739220000000003,0.000008965677867742537
2021-08-04T12:00:00.000Z,0.024429539352149292,1.0025855903934757,0.0003979769015001828,0.0005845664342686727,0.0006279677710230303,263872043.8928,90616032.97830002,1604334.6645,0.0019576226224526927,0.0019576226224526927,0.0029835672949759056,1.0029835672949758,-2.850885871819031e-8,1.000619068224843,323.44031607054285,16.178839348442846,0.00003632839999999999,0.000010335952567821143
2021-08-04T13:00:00.000Z,0.024429539352149292,1.0095690162578348,0.0004203169003030211,0.0006023211785299759,0.0006501738998150319,265611133.5877,93363773.79520002,2747740.8169,0.008918842358019763,0.008918842358019763,0.009989333158137817,1.0099893331581378,-0.00003071315975244904,0.9999436627575388,328.17172030508397,16.484359475639312,0.00003681259999999999,0.000017586459293460554
2021-08-04T14:00:00.000Z,0.024429539352149292,1.0111919394507418,0.00044151895084057984,0.0006131598786704688,0.00066223537774035,266149797.66770002,95041885.16840002,1678111.3732,0.010529704073001467,0.010529704073001467,0.011633458401582397,1.0116334584015825,-0.00004539858938656938,0.9998476803751055,329.25209323999024,16.711995455546724,0.000037715100000000014,0.000010718735687343395
2021-08-04T15:00:00.000Z,0.024429539352149292,1.0153577107535172,0.00045986740552764546,0.0006251772112524533,0.0006771986536922014,267158272.2439,96901866.91170003,1859981.7433,0.014680512099825016,0.014680512099825016,0.015817578159044863,1.0158175781590448,-0.00006433251767501424,1.002134658047531,331.20491800648017,16.86699011470846,0.000034591699999999996,0.00001183556450284012
2021-08-04T16:00:00.000Z,0.024429539352149292,1.0159708744944977,0.00047723586341078726,0.0006416325483156157,0.0006949986992583757,267292033.433,99448478.04240003,2546611.1307,0.015275875795239369,0.015275875795239369,0.01644811035790853,1.0164481103579086,-0.00009814058357171529,1.0000517162329023,332.28435560852677,16.93856861604844,0.000037256800000000026,0.000016196662753419387
2021-08-04T17:00:00.000Z,0.024429539352149292,1.0195407446601548,0.000501259293815129,0.0006543585696194364,0.0007090783851648741,268318010.70569998,101418581.05350003,1970103.0111,0.01883166627498989,0.01883166627498989,0.020042003953969892,1.02004200395397,-0.0001562815777950144,0.9998778974636692,334.6741133617175,17.239712689495658,0.00003689549999999983,0.000012482110723992678
2021-08-04T18:00:00.000Z,0.024429539352149292,1.0181972924683345,0.0005145033430602606,0.0006673393348307596,0.0007213847517906213,266459869.59960002,103416837.70350003,1998256.65,0.017475907716543837,0.017475907716543837,0.01871179581139472,1.0187117958113947,-0.0001297646300916222,1.0001161354409234,333.70449399809024,17.158450436277167,0.00003723240000000024,0.000012748772676743437
2021-08-04T19:00:00.000Z,0.024429539352149292,1.0185887503173559,0.0005291083700416665,0.000675316984127749,0.0007296330223092173,265367518.67389998,104639410.98140003,1222573.2779,0.017859117295046634,0.017859117295046634,0.01911785868739752,1.0191178586873975,-0.00013240116579349426,1.0003298769072522,333.88454933825795,17.116372015921517,0.000037945599999999964,0.000007832060919950175
2021-08-04T20:00:00.000Z,0.024429539352149292,1.018183170701944,0.0005446675348623885,0.000695702704273891,0.0007498920440165424,265250246.2257,107763382.23870003,3123971.2573,0.01743327865792743,0.01743327865792743,0.018727838236806363,1.0187278382368063,-0.00013059468848419797,1.0000227802674342,333.70768195538267,17.107526126360764,0.000037883500000000106,0.00002002166336498369
2021-08-04T21:00:00.000Z,0.024429539352149292,1.0193225016627276,0.0005684708437325272,0.0007018482895826133,0.0007563629434517161,265544914.8359,108705143.14900003,941760.9103,0.018566138719275926,0.018566138719275926,0.01989097250646017,1.0198909725064602,-0.0001647937987615533,0.9991424171573724,334.74591988770527,17.353704036771077,0.000037659599999999974,0.0000060290875782704145
2021-08-04T22:00:00.000Z,0.024429539352149292,1.0213224482914642,0.0005958680763372739,0.0007091125670150728,0.0007651512684689887,266128490.22680002,109818596.43390003,1113453.2849,0.020557297022995247,0.020557297022995247,0.021918316367801508,1.0219183163678016,-0.00017874560312858279,1.0003420115382329,335.65297161241114,17.702727380566095,0.00003691349999999996,0.000007112619106345427
2021-08-04T23:00:00.000Z,0.024429539352149292,1.0191415663047247,0.0006071267535526664,0.0007164323141595853,0.0007709839925986728,265562181.957,110940560.45860003,1121964.0247,0.01837058231212607,0.01837058231212607,0.019748693058277412,1.0197486930582773,-0.00013728864979623,1.0005346539534592,334.15177753747196,17.547510970052144,0.00003845130000000009,0.000007182268303168398
2021-08-05T00:00:00.000Z,0.024429539352149292,1.020283409824087,0.0006241475660572601,0.0007236150653333189,0.0007789417086527806,265498240.67270002,112040028.77720003,1099468.3186,0.01950446811543416,0.01950446811543416,0.0209075573901442,1.0209075573901443,-0.000168335329045477,0.999868779360512,335.1193301761146,17.585274951358855,0.00003657869999999997,0.000007039956787978033
2021-08-05T01:00:00.000Z,0.024429539352149292,1.0181676445814973,0.0006367631816667697,0.0007322534017502715,0.0007867455320391681,265188972.26659998,113363508.59500003,1323479.8178,0.017380899049458165,0.017380899049458165,0.018804407763164104,1.0188044077631642,-0.00013666593830463647,0.9995999173836708,333.8144774279885,17.48657966336339,0.00003773170000000014,0.000008484197781792045
2021-08-05T02:00:00.000Z,0.024429539352149292,1.0171462500826354,0.0006500389750618708,0.0007439561624828802,0.0007976123673283375,264621842.1138,115154451.31010003,1790942.7151,0.016348637715307035,0.016348637715307035,0.017796289057697243,1.0177962890576973,-0.00012055135568245223,0.9995902107207127,333.14066221547023,17.412130335471286,0.00003758330000000009,0.000011505484926526494
2021-08-05T03:00:00.000Z,0.024429539352149292,1.0184477906122866,0.0006614270265504517,0.0007525258885385623,0.0008072622066561674,265203418.8879,116467129.63770004,1312678.3276,0.017640528405630462,0.017640528405630462,0.01910921763883708,1.019109217638837,-0.0001143665859359988,1.0012648431503783,333.42951639351844,17.29405371027511,0.000037388600000000084,0.00000841449618665461
2021-08-05T04:00:00.000Z,0.024429539352149292,1.0184038815347922,0.0006781783963407023,0.0007811330256971651,0.000835131246751164,266778305.28109998,120875275.28100003,4408145.6433,0.017568750288041057,0.017568750288041057,0.019082059931132923,1.019082059931133,-0.0001467402209699431,0.9991861683668977,334.07604010669473,17.324985808176496,0.00003678360000000001,0.000028090168672875607
2021-08-05T05:00:00.000Z,0.024429539352149292,1.0184562244612445,0.0006936154950880769,0.0007881364909245472,0.00084217739806558,266865860.1163,121954755.58720003,1079480.3062,0.017614047063178928,0.017614047063178928,0.019149839956332584,1.0191498399563326,-0.00013582777118159584,0.9998797672200174,333.87402010930737,17.320545869322675,0.00003689360000000013,0.000006876550337837358
2021-08-05T06:00:00.000Z,0.024429539352149292,1.017841213629666,0.0007093143081647793,0.0007963482753696416,0.0008502797565979048,266694715.51229998,123220432.84110004,1265677.2539,0.016990933873068048,0.016990933873068048,0.018550527937830734,1.0185505279378306,-0.00013223079180346708,0.9994871146313533,333.5962679128544,17.318727270890896,0.00003727740000000013,0.000008067843892207776
2021-08-05T07:00:00.000Z,0.024429539352149292,1.0143406773744903,0.0007150278828847845,0.000804140738986526,0.0008548838522004498,265726668.8828,124421250.82600003,1200817.9849,0.013485793522289846,0.013485793522289846,0.01505570525737508,1.015055705257375,-0.00007832959103448722,0.9997808800126731,331.20335238890317,17.08795002085226,0.00003632859999999987,0.000007682294678635982
