query_ts,assumedLPToken,equityValue,totalDexYield,totalTradingfee,newTotalTradingFee,liquidity,totalVolume,volume,priceImpact,priceEffect,totalReturn,totalEquityVal,impermanentLoss,tokenPrice,quoteTokenPrice,rewardPrice,rewardTokenPerLP,feePerDollar
2022-04-16T09:00:00.000Z,0.01864466475939128,1,0.000004131271971060808,0.000007611909988465079,-2.8332891588433995e-13,335311385.6695,1501388.2399,1501388.2399,2.8332891588433995e-13,2.8332891588433995e-13,0.000004131271971060808,1.000004131271971,0,1.0014693612630354,415.03286527162163,8.071253346345785,0.0000274529,0.000007611909755864168
2022-04-16T10:00:00.000Z,0.01864466475939128,0.9987667921344417,0.000008277473065665707,0.000021046097580400877,0.000014011303662742058,334903863.48899996,4151221.6232,2649833.3833,-0.0012472191692209922,-0.0012472191692209922,-0.0012249303924925844,0.9987750696075074,-2.984734688293855e-7,0.9994478142156782,414.8356162898007,8.082509962876166,0.000027475500000000008,0.000013450775708229353
2022-04-16T11:00:00.000Z,0.01864466475939128,0.9994667357861758,0.00001246393650860274,0.000030043693969515723,0.0000226711527725465,335125683.97910005,5925888.9106,1774667.2874,-0.0005559353665967048,-0.0005559353665967048,-0.0005208002773155556,0.9994791997226844,-0.0000015058809686996355,0.999177087676077,415.5226246835609,8.111294512828064,0.000027487400000000004,0.000009002396810529598
2022-04-16T12:00:00.000Z,0.01864466475939128,1.0002613907924014,0.00001680553741299017,0.00004159660878469828,0.000035296975485765714,335407488.7552999,8204666.1117,2278777.2011,0.00022609381691562902,0.00022609381691562902,0.00027819632981438493,1.0002781963298144,-0.0000013091553656696675,1.000076233587649,415.79897037459386,8.201472540112139,0.00002748630000000001,0.000011549894894255804
2022-04-16T13:00:00.000Z,0.01864466475939128,0.9998249651196512,0.00002093986484132103,0.00006280616973444416,0.00005588618376428656,335653010.59430003,12393077.4553,4188411.3436,-0.00023092106411304325,-0.00023092106411304325,-0.00015409501550743568,0.9998459049844926,-5.016514229572167e-7,1.0002357125824313,415.3528554478292,8.183371304794152,0.000027339899999999996,0.000021213274004344396
2022-04-16T14:00:00.000Z,0.01864466475939128,0.9993568999579392,0.000025133784617020147,0.00008215190372025216,0.00007504652717815752,335499893.1623,16213470.7444,3820393.2891,-0.0007181465692389644,-0.0007181465692389644,-0.0006179662574437867,0.9993820337425562,-9.366878620520325e-7,0.9993813559891136,415.30285271442125,8.184979984143826,0.000027454999999999987,0.000019358183784363135
2022-04-16T15:00:00.000Z,0.01864466475939128,0.9999388181348147,0.0000293243988500738,0.0000960988289154036,0.00008932621048940437,335706123.716,18967797.0945,2754326.3501,-0.0001505080756747379,-0.0001505080756747379,-0.00003185746633525973,0.9999681425336647,-0.0000012244742920719531,0.9997528814593667,415.62030021853695,8.198902996251125,0.000027133999999999998,0.00001394777891847802
2022-04-16T16:00:00.000Z,0.01864466475939128,0.9959205610544738,0.00003326503451014432,0.00011137446987356601,0.00010384559503540114,334363086.2438,21984580.7767,3016783.6822,-0.004183284540561605,-0.004183284540561605,-0.00404617391101606,0.995953826088984,-0.0000022009556095436977,0.999374494703312,412.4304462582029,8.136253553828622,0.000027453999999999988,0.000015338213070567677
2022-04-16T17:00:00.000Z,0.01864466475939128,0.9974000990854782,0.000037639280449247724,0.00012173401800509192,0.00011415294743655213,334863974.5541,24030511.483400002,2045930.7067,-0.002714053861958332,-0.002714053861958332,-0.002562261634072532,0.9974377383659274,-5.172535976205594e-7,0.999767673703478,413.48567039977326,8.18180802687907,0.000027453799999999998,0.000010386552348670422
2022-04-16T18:00:00.000Z,0.01864466475939128,0.9976801038479274,0.00004186329558293415,0.00013693113695762015,0.00013006487811861867,334960546.0982,27031848.004800003,3001336.5214,-0.002449961030191239,-0.002449961030191239,-0.002278032856489686,0.9977219671435104,-1.5628758531782694e-7,0.9995744905283543,413.7846457608752,8.188853572634008,0.000027453799999999998,0.000015232456914147052
2022-04-16T19:00:00.000Z,0.01864466475939128,0.9974708830928495,0.00004607158537596054,0.00015090390925152753,0.00014354247893999528,334460327.05249995,29787840.438500002,2755992.4337,-0.0026726593860905146,-0.0026726593860905146,-0.002483045321774559,0.9975169546782254,-2.881662629627968e-7,0.9995513119504458,413.6095063912281,8.199287413956414,0.000027179100000000016,0.000014008199951782532
2022-04-16T20:00:00.000Z,0.01864466475939128,0.9979169436851065,0.000050171747539040046,0.00015480607164815178,0.0001475384971039162,334609735.66830003,30557503.297700003,769662.8592,-0.0022305948119973884,-0.0022305948119973884,-0.002032884567354432,0.9979671154326456,-2.1749737522114287e-7,0.9998947434314291,413.83406439866684,8.183503872196589,0.000027453700000000025,0.000003910307206174804
2022-04-16T21:00:00.000Z,0.01864466475939128,0.998645527659945,0.00005439473777875413,0.0001584633438310273,0.00015133606556327894,334856137.1529,31278868.6165,721365.3188,-0.001505808405618314,-0.001505808405618314,-0.001300077602276281,0.9986999223977238,-1.4199274123161132e-7,0.9994285999302633,414.62880332816815,8.188648056531484,0.00002745349999999999,0.000003662232540776294
2022-04-16T22:00:00.000Z,0.01864466475939128,1.0012043744247452,0.00005890294265560894,0.00016471411498446484,0.00015784345510616582,335716101.1337,32511786.5291,1232917.9126,0.0010465309696390257,0.0010465309696390257,0.0012632773674008005,1.0012632773674008,-0.0000038565263381640236,0.9997370583399154,416.62266707788916,8.232920900466516,0.00002745349999999999,0.000006243252689823407
2022-04-16T23:00:00.000Z,0.01864466475939128,1.0029753128727248,0.00006303269032684282,0.00017491738912937696,0.00017060675458857588,336318140.33820003,34524355.2374,2012568.7083,0.002804706118136213,0.002804706118136213,0.003038345563051632,1.0030383455630516,-0.000008409205393022923,1.0001680372465198,417.90725534274,8.232004450781824,0.000026949600000000024,0.000010173007024448603
2022-04-17T00:00:00.000Z,0.01864466475939128,1.0031774206620943,0.00006733357796878534,0.000191054976668299,0.00018575500056794425,336387742.6168,37707468.4394,3183113.202,0.0029916656615263104,0.0029916656615263104,0.00324475424006304,1.003244754240063,-0.000012141803118037586,0.9995277290514728,418.3309120286931,8.242693780147238,0.000027453000000000037,0.000016086473309951533
2022-04-17T01:00:00.000Z,0.01864466475939128,1.0024166534303753,0.0000713553353497654,0.00021844099300221794,0.00021269944663648843,336145742.0871,43109526.762,5402058.3226,0.002203953983738849,0.002203953983738849,0.0024880087657251026,1.002488008765725,-0.0000037927596152620424,1.0009160444732206,417.0947548521085,8.221191058601038,0.000027383700000000007,0.000027319992487188564
2022-04-17T02:00:00.000Z,0.01864466475939128,1.0022741822699361,0.00007567597386377327,0.00024014765800377873,0.00024058318292419223,336099281.985,47391315.246700004,4281788.4847,0.0020335990870119502,0.0020335990870119502,0.002349858243799916,1.0023498582438,-0.000006788091742593316,0.9998152362924408,417.4120412080202,8.23345408269049,0.000027452300000000045,0.0000216574114083197
2022-04-17T03:00:00.000Z,0.01864466475939128,1.0002741782245397,0.00007937791640283695,0.0002562377743617569,0.0002537534953677145,335432483.58849996,50565237.9315,3173922.6848,0.000020424729171963918,0.000020424729171963918,0.0003535561409425154,1.0003535561409425,-2.1123071425321882e-7,1.0008390887806449,415.3111944752338,8.181017607114315,0.000027429599999999986,0.000016085706746217426
2022-04-17T04:00:00.000Z,0.01864466475939128,1.0001541545058712,0.00008384910048091112,0.0002749847461256159,0.00026803987882306757,335402367.7431,54263361.2047,3698123.2732,-0.00011388537295187184,-0.00011388537295187184,0.00023800360635210685,1.000238003606352,-6.486463048904767e-7,1.0002154263052827,415.4585319333417,8.20880807717627,0.000027452000000000038,0.000018744082239918338
2022-04-17T05:00:00.000Z,0.01864466475939128,1.0006444779610941,0.00008832824337897154,0.00028630223848781456,0.0002808205913193973,336542380.5186,56502398.0335,2239036.8288,0.00036365736977472807,0.00036365736977472807,0.0007328062044730969,1.0007328062044731,-0.000003249042050512685,0.9992829938007862,416.24350568882755,8.235830744964787,0.00002737219999999997,0.000011310202902512688
2022-04-17T06:00:00.000Z,0.01864466475939128,0.9999004239075466,0.0000922045286337448,0.00029566258547448815,0.0002892174071651432,336295315.4306,58354253.4282,1851855.3947,-0.0003887934996185116,-0.0003887934996185116,-0.000007371563819623606,0.9999926284361804,-4.361729792901059e-7,1.0001454294879495,415.2591720277881,8.20674335103579,0.00002737200000000003,0.000009361278693278952
2022-04-17T07:00:00.000Z,0.01864466475939128,0.999896110102648,0.00009639520233247448,0.00030270033487615424,0.00029604603198529755,336294084.3014,59746606.1326,1392352.7044,-0.0003999359293372917,-0.0003999359293372917,-0.0000074946950195196855,0.9999925053049805,-7.163115337549542e-7,0.9998713524698368,415.36373958946655,8.207545624856841,0.000027326299999999993,0.000007038481222163283
2022-04-17T08:00:00.000Z,0.01864466475939128,0.9990629230757594,0.0001003872271593847,0.0003162568929963054,0.00030904247617147274,335230593.4864,62422391.7641,2675785.6315,-0.0012461194004120824,-0.0012461194004120824,-0.0008366896970812249,0.9991633103029188,-1.0313903020531257e-7,1.0006757930653392,414.3274634151184,8.1906984276739,0.000027436400000000034,0.000013569273395491996
2022-04-17T09:00:00.000Z,0.01864466475939128,0.9987314265632972,0.00010450384598490261,0.00032804986159919804,0.00032061630129698315,335124719.4069,64750118.3109,2327726.5468,-0.0015891897379998188,-0.0015891897379998188,-0.0011640695907179331,0.9988359304092821,-3.796445158243955e-9,0.9997907136810652,414.40940819947843,8.187423794190078,0.0000272303,0.000011807947609962326
2022-04-17T10:00:00.000Z,0.01864466475939128,0.9988546565751332,0.00010882281487833368,0.00033754768688594146,0.00033024580461959996,335136136.56,66624656.2786,1874537.9677,-0.0014755892294864292,-0.0014755892294864292,-0.0010365206099884957,0.9989634793900115,-1.1120459708635622e-7,0.9995201161909655,414.61593518763596,8.197540160388575,0.00002741320000000002,0.000009508716600364213
2022-04-17T11:00:00.000Z,0.01864466475939128,0.9986843822034769,0.00011352909710596863,0.0003476982432412464,0.00034079789139940253,335083601.24950004,68628047.9447,2003391.6661,-0.001656415687922519,-0.001656415687922519,-0.0012020886994171477,0.9987979113005828,-7.783832907115595e-7,0.9985638211104724,414.8627017724004,8.234749068546195,0.000027435800000000016,0.000010163928702181099
2022-04-17T12:00:00.000Z,0.01864466475939128,0.9995116622463212,0.00011754774306738642,0.00035913032011965684,0.00035215547960265603,335364288.47630006,70884391.0118,2256343.0671,-0.0008404932332815029,-0.0008404932332815029,-0.00037079001061146046,0.9996292099893885,-5.005530618884535e-7,0.9996269526439293,415.0991539993319,8.22120389235257,0.000027435700000000043,0.00001143766150980942
2022-04-17T13:00:00.000Z,0.01864466475939128,0.9996019090705796,0.00012188919720895187,0.00036965572745994936,0.000362677932198574,335447360.7021,72962112.26660001,2077721.2548,-0.0007607688616190211,-0.0007607688616190211,-0.0002762017322114952,0.9997237982677885,-0.0000016045804190900625,0.9989163976542439,415.4607172103232,8.230436135139126,0.00002743140000000004,0.000010529598819222094
2022-04-17T14:00:00.000Z,0.01864466475939128,1.000967073245846,0.00012616100918970302,0.00038144138735425636,0.00037491821325064123,335925257.0674,75288744.94590001,2326632.6793,0.000592155032595354,0.000592155032595354,0.0010932342550356983,1.0010932342550356,-0.0000015354926432564753,1.0003078861612342,416.00701126020766,8.236583305247988,0.000027224200000000033,0.000011774272614507264
2022-04-17T15:00:00.000Z,0.01864466475939128,1.0001578030691312,0.00013076723822474468,0.00039325040901350686,0.0003870403823998947,335924414.99649996,77621870.0469,2333125.101,-0.00022923731326873753,-0.00022923731326873753,0.00028857030735590183,1.0002885703073559,-0.0000017554374875938805,0.9993654863356295,415.71593613943645,8.261680560360382,0.00002740790000000002,0.000011807158082693468
2022-04-17T16:00:00.000Z,0.01864466475939128,1.0013497907542284,0.00013644952231812324,0.0004034752680868109,0.00039774406333581425,336333878.4635,79642064.81830001,2020194.7714,0.0009520466908925496,0.0009520466908925496,0.001486240276546487,1.0014862402765465,-0.000004854887776128969,0.9993040612884299,416.7245124537466,8.352376791170856,0.00002727030000000005,0.000010211076942558744
2022-04-17T17:00:00.000Z,0.01864466475939128,1.0009505069596656,0.00014011224212354681,0.00041319204512968975,0.0004067039400104111,336204127.4412,81561899.0899,1919834.2716,0.0005438030196551757,0.0005438030196551757,0.0010906192017891337,1.0010906192017892,-0.0000026703895459334603,0.999700967599438,416.2193399785415,8.31770914552012,0.000027270099999999924,0.000009707549656096366
2022-04-17T18:00:00.000Z,0.01864466475939128,1.0003150393311313,0.0001439720394929581,0.0004197837190625209,0.00041323394517633893,335972282.151,82864206.429,1302307.3391,-0.00009819461404503294,-0.00009819461404503294,0.0004590113706242641,1.0004590113706242,-9.988741684896496e-7,0.9999566664678636,415.5790832550479,8.311100749279026,0.00002562710000000006,0.000006589598589192457
2022-04-17T19:00:00.000Z,0.01864466475939128,0.9973276889780766,0.0001475226960480664,0.00042653721563419827,0.00041865159895804194,335020395.9802,84198689.7632,1334483.3342,-0.0030909626208814878,-0.0030909626208814878,-0.0025247883258753792,0.9974752116741247,-8.461538043569306e-7,0.9996734743141075,413.2121218397692,8.273857987411434,0.000027199000000000022,0.000006771592701102524
2022-04-17T20:00:00.000Z,0.01864466475939128,0.998276919868919,0.00015233816700793856,0.00043151745542993944,0.00042433320944346153,335395472.98270005,85182944.3876,984254.6244,-0.0021474133405244844,-0.0021474133405244844,-0.0015707419640730842,0.998429258035927,-1.7333381396866798e-7,0.9999073496779949,413.89784959241416,8.306339258579508,0.000027354299999999963,0.0000049888355576173995
2022-04-17T21:00:00.000Z,0.01864466475939128,0.997393104912387,0.00015699461732637313,0.0004346895486885802,0.000426925155971869,335103774.30520004,85809861.46890001,626917.0813,-0.003033820243584895,-0.003033820243584895,-0.0024499004702866526,0.9975500995297133,-3.90326913013439e-8,0.9987100856925862,413.6581371730132,8.329005734599969,0.00002730830000000001,0.000003180385062566757
2022-04-17T22:00:00.000Z,0.01864466475939128,0.9978158837253122,0.0001613563110186867,0.000437637070689127,0.00042996235195458254,335256962.68700004,86392414.7115,582553.2426,-0.0026140786266424243,-0.0026140786266424243,-0.002022759963669155,0.9979772400363308,-1.358188798095128e-7,0.9993721675050823,413.7322479028174,8.33470443210244,0.000027376700000000015,0.0000029539744811939787
2022-04-17T23:00:00.000Z,0.01864466475939128,0.999224611187756,0.0001665735948810465,0.00044263423051813737,0.0004360346732676934,335733326.1401,87380070.57000001,987655.8585,-0.0012114234855117312,-0.0012114234855117312,-0.0006088152173629913,0.999391184782637,-1.3086276506868444e-10,1.0002399758198888,414.5367910022896,8.383716476200787,0.00002730720000000004,0.000005001037516154576
2022-04-18T00:00:00.000Z,0.01864466475939128,0.989562763788354,0.00017058289738951026,0.0004593701309425877,0.00044886739390304076,333223597.3401,90695139.39420001,3315068.8242,-0.010886103605549091,-0.010886103605549091,-0.01026665331425654,0.9897333466857434,-0.0000461849437881634,1.0001336113155335,406.58817142270186,8.385095884960434,0.000025469900000000005,0.000016912418706614245
2022-04-18T01:00:00.000Z,0.01864466475939128,0.9910791635223041,0.0001725838005432047,0.00046928545874942224,0.00046034545331918864,333445583.02860004,92657481.72890002,1962342.3347,-0.009381181931015115,-0.009381181931015115,-0.00874825267715272,0.9912517473228473,-0.00003390120645119232,1.0002771972219633,407.76780612791595,8.331799645124347,0.000019860100000000064,0.000010004576874853577
2022-04-18T02:00:00.000Z,0.01864466475939128,0.9905072171218224,0.00017466060338645483,0.00048224244919810674,0.00047250315876901094,333254089.75,95221806.84100002,2564325.1121,-0.009965286036946575,-0.009965286036946575,-0.009318122274791108,0.9906818777252089,-0.00003327810866038394,0.9996113989887281,407.5583555150528,8.262150903902432,0.000022847200000000068,0.00001308116786755803
2022-04-18T03:00:00.000Z,0.01864466475939128,0.9935016232145158,0.00017975332966709966,0.0004923699271873725,0.00048366397159227414,334316002.7829,97226468.01910003,2004661.1781,-0.006982040757076424,-0.006982040757076424,-0.0063186234558170505,0.993681376544183,-0.000020423095973165495,1.0008532743303609,409.5094681683374,8.302724904432091,0.00002735760000000006,0.000010193720834186502
2022-04-18T04:00:00.000Z,0.01864466475939128,0.9924706779263339,0.00018579023976342658,0.0005027597374742695,0.0004933187368341141,333971254.08529997,99283069.14180003,2056601.1227,-0.008022640810500192,-0.008022640810500192,-0.007343531833902651,0.9926564681660973,-0.00002329124452471465,1.000238518689284,408.9028152855933,8.384038646106305,0.00002735760000000006,0.000010468631254404385
2022-04-18T05:00:00.000Z,0.01864466475939128,0.9772459720034106,0.00017922602285312013,0.0005319336335946954,0.0005148195987185744,329565772.6213,105070472.00320002,5787402.8614,-0.023268847595308007,-0.023268847595308007,-0.022574801973736312,0.9774251980262637,-0.0002228438338501837,0.999038180793419,396.90644279461844,7.906232133456317,0.000027298000000000012,0.00002985317554710209
2022-04-18T06:00:00.000Z,0.01864466475939128,0.9797496694477005,0.00018403196967283484,0.000543023431717453,0.0005268974004117855,330409092.68329996,107270415.77680002,2199943.7736,-0.020777227952711308,-0.020777227952711308,-0.020066298582626686,0.9799337014173733,-0.0001904142078157367,0.9999885451622573,398.5548878085537,7.939968133704075,0.000027298300000000023,0.000011319011788530683
2022-04-18T07:00:00.000Z,0.01864466475939128,0.980425764117705,0.0001894016237341532,0.00055261187380386,0.000537942708142447,330638992.5401,109172538.34300002,1902122.5662,-0.020112178590437457,-0.020112178590437457,-0.019384834258560857,0.9806151657414391,-0.00017370109082537333,0.9997911999333888,399.1752132924231,7.996053250730342,0.000027298199999999958,0.000009779876044558861
