query_ts,assumedLPToken,equityValue,totalDexYield,totalTradingfee,newTotalTradingFee,liquidity,totalVolume,volume,priceImpact,priceEffect,totalReturn,totalEquityVal,impermanentLoss,tokenPrice,quoteTokenPrice,rewardPrice,rewardTokenPerLP,feePerDollar
2022-03-06T09:00:00.000Z,0.019795060446696672,1,0.000005486310634436987,0.000013342153810437945,-5.355715870791755e-13,191179945.8848,1500442.6061,1500442.6061,5.355715870791755e-13,5.355715870791755e-13,0.000005486310634436987,1.0000054863106345,0,0.9996096673205951,381.29481136438653,6.1616820251647715,0.0000449805,0.000013342154788070796
2022-03-06T10:00:00.000Z,0.019795060446696672,0.9966114041659252,0.000010991139662196259,0.00003258068603020596,0.000019071205159315596,190533761.2166,3664003.3756,2163560.7695,-0.003407667039234119,-0.003407667039234119,-0.003377604694412607,0.9966223953055874,-0.000008393040705323429,1.0002932441360666,378.4417924602175,6.1409601793328745,0.000045436399999999984,0.00001930394532005677
2022-03-06T11:00:00.000Z,0.019795060446696672,0.9909545880861551,0.000016130504540391792,0.0000621358772061844,0.00004738671986725951,189498973.241,6988592.318,3324588.9424,-0.009092798633712151,-0.009092798633712151,-0.0090292814093045,0.9909707185906955,-0.0000394761123150289,0.9993610574802752,374.4853996629736,6.037485823488613,0.00004455240000000001,0.00002982497005349038
2022-03-06T12:00:00.000Z,0.019795060446696672,0.9919173264391258,0.000021576440378209147,0.00008323877552202783,0.00006739130960575768,189686274.3772,9362444.2108,2373851.8928,-0.008150064870479978,-0.008150064870479978,-0.008061097120496012,0.991938902879504,-0.000039644788526471686,1.0003308042048922,374.83457084156413,6.046067714916393,0.000045311700000000015,0.000021274856238333426
2022-03-06T13:00:00.000Z,0.019795060446696672,0.9926926411453489,0.000026939584666036154,0.00010070699193691478,0.00008596602541355303,189832240.78860003,11327409.1786,1964964.9678,-0.007393324880064611,-0.007393324880064611,-0.007280419269985022,0.992719580730015,-0.000024345239094558657,0.9991670742865103,375.8439914731894,6.042811751561597,0.0000449328,0.000017596802478773684
2022-03-06T14:00:00.000Z,0.019795060446696672,0.9981503870832953,0.000032681422649082434,0.00012101769787219955,0.00010654675342203213,190756139.6333,13610686.3802,2283277.2016,-0.0019561596701267447,-0.0019561596701267447,-0.00181693149405563,0.9981830685059444,-0.0000026260150925994097,0.9999432506164299,379.67781971183933,6.1297707560923484,0.000044125600000000024,0.000020348342392447953
2022-03-06T15:00:00.000Z,0.019795060446696672,0.996121751341587,0.000037664767669375866,0.00014156701148660276,0.00012602226321012377,190383297.2492,15920967.3495,2310280.9693,-0.004004270921623143,-0.004004270921623143,-0.0038405838907436436,0.9961594161092564,-0.000006558911515019972,0.9992194498609251,378.39502366682524,6.042226113591253,0.00004556699999999997,0.000020629318351752117
2022-03-06T16:00:00.000Z,0.019795060446696672,0.998529116368279,0.00004337863853290697,0.00016136430877512992,0.00014717728152990883,190861775.2712,18146916.4446,2225949.0951,-0.001618060913250896,-0.001618060913250896,-0.0014275049931880802,0.9985724950068119,-5.986759429310595e-7,0.999084874742762,380.2615295315155,6.078740096399804,0.00004559380000000005,0.000019826460569661283
2022-03-06T17:00:00.000Z,0.019795060446696672,1.0026134500153485,0.00004909881654601496,0.00018164047430944123,0.00016932475217568133,191643906.5198,20426725.1833,2279808.7387,0.002444125263172836,0.002444125263172836,0.0026625488318945323,1.0026625488318945,-0.0000052733730943055335,0.998803867736489,383.4700743719046,6.108478825909272,0.00004555130000000001,0.00002022331378112238
2022-03-06T18:00:00.000Z,0.019795060446696672,1.0011554864928929,0.00005403708482027184,0.00020067039826419779,0.0001901478745094387,191367083.58540002,22566429.7701,2139704.5868,0.0009653386183834378,0.0009653386183834378,0.0012095235777131483,1.0012095235777132,-1.243585345811482e-8,1.0007324398657362,381.60270355404,6.045261541448381,0.00004551320000000002,0.000019007959620896454
2022-03-06T19:00:00.000Z,0.019795060446696672,0.9990207066836462,0.000059270622714454634,0.00021590332082233494,0.00020098494866260808,190947716.7628,24279102.126900002,1712672.3568,-0.0011802782650164323,-0.0011802782650164323,-0.0009200226936393696,0.9990799773063607,-1.1261487897762379e-7,0.9989038008396931,380.66407750783463,6.027723882769445,0.0000451755,0.00001524785452227633
2022-03-06T20:00:00.000Z,0.019795060446696672,0.9945089783734307,0.00006419282241909516,0.00022761506041759884,0.00021147070608851237,190095750.5161,25595951.668300003,1316849.5414,-0.005702492332657849,-0.005702492332657849,-0.005426828804150242,0.9945731711958498,-0.000009701141550300107,0.9982970492518142,377.4541956562172,5.97993028309139,0.000045552200000000035,0.000011776403282567855
2022-03-06T21:00:00.000Z,0.019795060446696672,0.9965512443009354,0.00007199397507903042,0.00023511048380981308,0.000220603139353015,190487049.8493,26438729.3971,842777.7288,-0.003669358838417569,-0.003669358838417569,-0.0033767617239855237,0.9966232382760145,-0.000005677561389694219,0.9993034706390925,378.61770697410685,6.193759096479302,0.00004490619999999991,0.000007521362423815526
2022-03-06T22:00:00.000Z,0.019795060446696672,0.9992111400584823,0.00007752299519661081,0.00024380896981622972,0.00022968093776898346,190941032.45180002,27416499.4288,977770.0317,-0.0010185408792866557,-0.0010185408792866557,-0.0007113369463210615,0.9992886630536789,-5.683510992948726e-7,0.9996567527209278,380.50055520717086,6.188791741150292,0.000045603400000000194,0.000008705352812573682
2022-03-06T23:00:00.000Z,0.019795060446696672,1.0008709804445874,0.00008332224702780532,0.0002545105179892476,0.00024247104483143822,191260984.4673,28619445.056,1202945.6272,0.0006285093997560054,0.0006285093997560054,0.000954302691615249,1.0009543026916152,-2.1256897708710198e-7,1.0008903252908736,381.2857693985424,6.204619666789476,0.000045602899999999915,0.000010692235909669472
2022-03-07T00:00:00.000Z,0.019795060446696672,0.992412770043144,0.00008722097668598225,0.0002691577086677791,0.0002619401850206815,189644666.6002,30265914.6906,1646469.6346,-0.007849170141876693,-0.007849170141876693,-0.00750000898017003,0.99249999101983,-0.00004144324527033394,1.0008341608346778,374.87339775019,6.094802482725741,0.00004453879999999992,0.000014759172662212099
2022-03-07T01:00:00.000Z,0.019795060446696672,0.9888633791903964,0.00009213641475295072,0.0002855440102179035,0.0002679197194946914,188968852.1013,32107899.0622,1841984.3716,-0.01140454052909834,-0.01140454052909834,-0.011044484394850698,0.9889555156051493,-0.00007270890187582868,1.000198835681115,372.4279112360555,6.057153538399394,0.00004548909999999996,0.000016570844331749305
2022-03-07T02:00:00.000Z,0.019795060446696672,0.9893439917076243,0.000097460219968781,0.00030142408278969427,0.00028915525967754263,189063352.0684,33893003.3845,1785104.3223,-0.010945163552053216,-0.010945163552053216,-0.010558548072406892,0.9894414519275931,-0.0000632799874414891,0.9998542836055704,372.9025673841197,6.048215592938918,0.00004560260000000002,0.000016051113633128138
2022-03-07T03:00:00.000Z,0.019795060446696672,0.9808333545062636,0.00010053683772320714,0.00032861889116294815,0.00031464186674290406,192560394.4736,37033575.9837,3140572.5992,-0.01948128736047927,-0.01948128736047927,-0.01906610865601316,0.9809338913439868,-0.00019897906876964466,0.9998865910783616,366.4817658676534,5.916584072706071,0.00004437970000000004,0.000027726228091893384
2022-03-07T04:00:00.000Z,0.019795060446696672,0.9842148243383028,0.00010642155531995207,0.0003482571430588103,0.00033031529745863875,193220578.2617,39301441.9029,2267865.9192,-0.016115490959155876,-0.016115490959155876,-0.015678754106377285,0.9843212458936227,-0.00014278618974294943,1.0002627603663268,368.8633347587238,5.955013610530552,0.00004438169999999996,0.000019953216667317094
2022-03-07T05:00:00.000Z,0.019795060446696672,0.9836740978489533,0.00011141926396860691,0.00037145403413092287,0.00035445980410653277,193125441.5,41980419.644,2678977.7411,-0.01668036195515321,-0.01668036195515321,-0.016214482887078073,0.983785517112922,-0.00012767307462902,0.9987697069637297,368.9906883715543,5.942546440319001,0.00004437959999999994,0.00002358188607620607
2022-03-07T06:00:00.000Z,0.019795060446696672,0.9884672396410166,0.00011877541948347195,0.00038903095314074684,0.0003720833130994583,194114194.3725,44010853.4672,2030433.8232,-0.011904843672082888,-0.011904843672082888,-0.011413984939499957,0.9885860150605,-0.00008401549210546033,1.0005966256170766,371.90314401990406,6.051417164250485,0.00004436909999999998,0.000017781994308031934
2022-03-07T07:00:00.000Z,0.019795060446696672,0.9899310628497576,0.0001243658299502703,0.0004026449307417328,0.00038747350055223784,194402986.1591,45583510.69760001,1572657.2304,-0.010456410650794612,-0.010456410650794612,-0.009944571320292105,0.9900554286797079,-0.00006138307846292879,1.0001784164461693,373.1502388156324,6.06615251358284,0.00004414719999999984,0.000013752449715417361
2022-03-07T08:00:00.000Z,0.019795060446696672,0.9852711872995905,0.0001276672708081433,0.00042298988411109637,0.00040475793902117196,193394170.2015,47932577.4465,2349066.7489,-0.01513357063943066,-0.01513357063943066,-0.014601145429601345,0.9853988545703987,-0.00010269880579905077,0.9986935064590072,370.1807109787756,5.9757491053322775,0.0000435780000000001,0.00002064908920971717
2022-03-07T09:00:00.000Z,0.019795060446696672,0.9920223530002806,0.00013422771091435164,0.00044425543052060615,0.00043069490937985844,194720670.3987,50387954.6563,2455377.2098,-0.008408341909099226,-0.008408341909099226,-0.007843419288805015,0.992156580711195,-0.00003939122313822985,1.000041793874236,374.7476530580436,6.036206328556859,0.00004409530000000004,0.000021436559601573077
2022-03-07T10:00:00.000Z,0.019795060446696672,0.9926285501496125,0.00013917784436851406,0.00046674110882494147,0.0004542917422790671,194837983.4844,52984189.200100005,2596234.5438,-0.00782574159266658,-0.00782574159266658,-0.007232272006018998,0.992767727993981,-0.00003448861747357146,1.0000584422268461,375.1818954135736,6.020885733044346,0.00004439210000000015,0.000022652660664666454
2022-03-07T11:00:00.000Z,0.019795060446696672,0.9897613943646622,0.0001434077143973892,0.0004861505773301848,0.0004699593761687826,194261523.84329998,55225081.672900006,2240892.4728,-0.010708565011506632,-0.010708565011506632,-0.010095197920940461,0.9899048020790595,-0.00006130844026719373,0.9999168137972487,373.05766707969906,5.977199147926488,0.00004428469999999977,0.000019610250802073015
2022-03-07T12:00:00.000Z,0.019795060446696672,0.9921501979115664,0.00014947419535010783,0.0005005034451524646,0.0004856021609097594,194728110.5119,56882152.11130001,1657070.4384,-0.008335404249343314,-0.008335404249343314,-0.007700327893083447,0.9922996721069166,-0.000027265182266811294,0.9986247513335424,375.33462797807584,6.010085760521755,0.0000443594999999998,0.00001446642571467795
2022-03-07T13:00:00.000Z,0.019795060446696672,0.9960296652192243,0.00015614716249639433,0.0005212506282115869,0.0005080847219315343,195497419.2352,59277557.2801,2395405.1688,-0.0044784195027072204,-0.0044784195027072204,-0.0038141876182792916,0.9961858123817207,-0.000013175303988921527,1.000254458332213,377.643666140584,6.067223364144025,0.00004372920000000015,0.000020829885135520953
2022-03-07T14:00:00.000Z,0.019795060446696672,1.0027061450496064,0.0001636465576674195,0.0005441839322178034,0.0005366125181662795,196816546.9633,61925482.0248,2647924.7447,0.0021695325314401437,0.0021695325314401437,0.0028697916072738428,1.0028697916072737,-0.0000016987358770759187,0.9999335513206845,382.8270290978905,6.149007619692849,0.000044319600000000015,0.00002287141063819894
2022-03-07T15:00:00.000Z,0.019795060446696672,1.0009707621104853,0.0001682587062481128,0.0005699511604217624,0.0005603965485347917,196513787.45340002,64901190.7306,2975708.7058,0.00041036556195050977,0.00041036556195050977,0.0011390208167334143,1.0011390208167334,-2.7431131033317513e-8,1.0002541317393603,381.36194591707334,6.12041865580115,0.0000443485,0.000025742238574784926
2022-03-07T16:00:00.000Z,0.019795060446696672,1.0013460763457023,0.00017402335861821285,0.0005920966586328152,0.0005870843379904844,196588687.40129998,67458662.6561,2557471.9255,0.0007589920077117895,0.0007589920077117895,0.001520099704320487,1.0015200997043205,-2.6851725054566344e-7,0.9996355352123762,381.8639485723482,6.134065360592212,0.000044385599999999855,0.000022115729703586442
2022-03-07T17:00:00.000Z,0.019795060446696672,0.997073074411726,0.00017741072173866392,0.0006131891605829121,0.0006004519467390779,195752906.6847,69894567.97080001,2435905.3147,-0.0035273775350130876,-0.0035273775350130876,-0.002749514866535346,0.9972504851334647,-0.000010598903994574194,1.0006803371079762,378.2045238028887,6.065765759680473,0.00004434850000000017,0.000021154419135446034
2022-03-07T18:00:00.000Z,0.019795060446696672,0.9957619325767533,0.00018239145557717612,0.0006255415356374366,0.0006141257037628467,195497266.23409998,71321117.08320001,1426549.1124,-0.004852193127009574,-0.004852193127009574,-0.004055675967669551,0.9959443240323305,-0.000015011309538959239,1.0002249374677779,377.37128041016035,6.05698842609654,0.00004368240000000016,0.00001240494835450027
2022-03-07T19:00:00.000Z,0.019795060446696672,0.9895464863513561,0.00018560740343041414,0.0006518471261413523,0.0006356395329208953,193961422.9884,74354158.1861,3033041.1029,-0.011089153181564781,-0.011089153181564781,-0.010267906245213471,0.9897320937547865,-0.00006516327674521705,0.9998748783139688,372.7863201495097,5.988901806502841,0.00004442159999999974,0.000026583481372161142
2022-03-07T20:00:00.000Z,0.019795060446696672,0.980824249396064,0.00018755435915776517,0.0006780454313766591,0.0006642880743276125,192258379.18870002,77374933.00690001,3020774.8208,-0.01984003867826356,-0.01984003867826356,-0.018988196244778183,0.9810118037552218,-0.00021242489710437962,1.000183822611063,366.104808644395,5.886386187027887,0.000043975700000000115,0.000026710498741486464
2022-03-07T21:00:00.000Z,0.019795060446696672,0.9970482069877898,0.00019864656493202032,0.0007130353405622297,0.0007079777249784369,195526197.14470002,81411226.0963,4036293.0894,-0.0036597707371885946,-0.0036597707371885946,-0.0027531464472781374,0.9972468535527219,-0.000011125568998515689,1.000660458103207,378.1115439399418,6.067016830769488,0.000044438100000000126,0.00003509349822265489
2022-03-07T22:00:00.000Z,0.019795060446696672,1.0010440019120377,0.00020444269791187157,0.0007367014497881587,0.0007306341314710085,196313483.6068,84141303.1735,2730077.0772,0.0003133677805666757,0.0003133677805666757,0.0012484446099495557,1.0012484446099497,-8.914176063967716e-10,0.999965134051821,381.3981925158845,6.081605029525288,0.00004417869999999987,0.000023641427710262684
2022-03-07T23:00:00.000Z,0.019795060446696672,1.0013698952015326,0.00020936662332351924,0.0007463242423880614,0.0007418045346099245,196378026.72300002,85251373.67650001,1110070.503,0.0006280906669227093,0.0006280906669227093,0.001579261824856153,1.0015792618248562,-8.891220759643659e-9,1.0003709042101652,381.4834245565888,6.069262691076172,0.000044437899999999915,0.000009609628361129561
2022-03-08T00:00:00.000Z,0.019795060446696672,1.0004754354853769,0.00021374628033693667,0.0007609810495069579,0.0007515890470410902,196202315.1618,86942157.6518,1690783.9753,-0.00027615356166421634,-0.00027615356166421634,0.0006891817657138106,1.0006891817657138,-7.34842857008644e-7,1.0005458546660562,380.7276769866015,6.042776092546217,0.000044252399999999915,0.000014649841188875144
2022-03-08T01:00:00.000Z,0.019795060446696672,1.0031887541678932,0.0002201492189919067,0.0007760150970313052,0.000769887827275495,196653254.04070002,88675743.942,1733586.2902,0.00241886634061772,0.00241886634061772,0.003408903386885122,1.0034089033868852,-0.0000015763803666857257,1.0002499652694932,382.8963811555373,6.072710930665743,0.00004445630000000011,0.000014986259483558093
2022-03-08T02:00:00.000Z,0.019795060446696672,1.0012865169935639,0.00022477012052311436,0.0007932503077691802,0.0007878775331233712,196281522.96809998,90663159.7576,1987415.8156,0.0004986394604404865,0.0004986394604404865,0.001511287114086972,1.001511287114087,-3.451165464518624e-8,0.999845395374568,381.58517799193754,6.053952671231964,0.00004423400000000006,0.000017213066392750055
2022-03-08T03:00:00.000Z,0.019795060446696672,1.0041958551318557,0.00023102551783372652,0.0008087575502749877,0.0008022063015111769,196803128.8054,92450878.6461,1787718.8885,0.0033936488303445422,0.0033936488303445422,0.004426880649689446,1.0044268806496894,-0.0000051907170800502556,0.9997754894549604,383.82349277746397,6.078480955779739,0.000044419400000000126,0.00001544244814042108
2022-03-08T04:00:00.000Z,0.019795060446696672,1.0017711384697776,0.0002340863075713467,0.000822100915543125,0.0008136033603505233,196259598.3365,93988604.29619999,1537725.6501,0.0009575351094270879,0.0009575351094270879,0.0020052247773489577,1.002005224777349,-3.995387550803642e-7,0.9996728101201356,382.0012372546337,6.02049424546265,0.00004417580000000001,0.000013319774560467081
2022-03-08T05:00:00.000Z,0.019795060446696672,1.0025895215028011,0.0002388849063433636,0.0008356639268019789,0.0008294114215356974,196525977.89180002,95552486.4609,1563882.1647,0.0017601100812654202,0.0017601100812654202,0.002828406409144481,1.0028284064091444,-4.25382014390685e-7,1.0004458845311364,382.3184082219392,6.008774168452828,0.00004417450000000016,0.000013527980923996355
2022-03-08T06:00:00.000Z,0.019795060446696672,0.9996479011147489,0.0002434065277900372,0.0008502196999323554,0.0008399097305685777,195820350.54659998,97229733.93079999,1677247.4699,-0.0011920086158196952,-0.0011920086158196952,-0.00010869235746108034,0.999891307642539,-7.994431121538526e-7,0.9996813934132174,380.3590474179046,5.990526184403952,0.000044248300000000144,0.000014560900799487958
2022-03-08T07:00:00.000Z,0.019795060446696672,0.9973963045747434,0.00024638568119499685,0.0008707116256870175,0.0008609829330401553,195377906.96620002,99590981.5782,2361247.6474,-0.00346467835829678,-0.00346467835829678,-0.002357309744061628,0.9976426902559383,-0.00000669316214685356,0.9997976601492615,378.58606140731547,5.935465663491629,0.000044397299999999894,0.000020545419197649785
