query_ts,assumedLPToken,equityValue,totalDexYield,totalTradingfee,newTotalTradingFee,liquidity,totalVolume,volume,priceImpact,priceEffect,totalReturn,totalEquityVal,impermanentLoss,tokenPrice,quoteTokenPrice,rewardPrice,rewardTokenPerLP,feePerDollar
2021-08-07T09:00:00.000Z,0.023451403183358234,1,0.00001585038905001543,0.000010269765782706369,-2.886579864025407e-14,273668762.5649,1653243.5986,1653243.5986,2.886579864025407e-14,2.886579864025407e-14,0.00001585038905001543,1.00001585038905,-1.1102230246251565e-16,0.999143239264458,349.0714711282964,18.395510579322604,0.0000367417,0.000010269765870532965
2021-08-07T10:00:00.000Z,0.023451403183358234,1.0089495630955685,0.000032528581783111986,0.00003030477324059361,0.00002029382767143595,275800214.76710004,4874799.9073,3221556.3087,0.008929269267897055,0.008929269267897055,0.008982091677351603,1.0089820916773515,-0.000027881103075944047,1.0005651744142354,354.8282341798301,18.639291049228493,0.000037674400000000006,0.000019857293183817
2021-08-07T11:00:00.000Z,0.023451403183358234,1.0096107575641506,0.00004828732905513924,0.00004988309745344941,0.000042064630353166876,275811415.24909997,8020989.3515,3146189.4442,0.009568692933797474,0.009568692933797474,0.00965904489320578,1.0096590448932057,-0.000018513330284131158,1.0025844082631743,354.5625914737643,18.517893824746587,0.000036775699999999994,0.000019391953194937434
2021-08-07T12:00:00.000Z,0.023451403183358234,1.0103033694226202,0.00006478265880007453,0.000060251328642701746,0.00005144409013468909,275958883.5502,9686887.2048,1665897.8533,0.010251925332485534,0.010251925332485534,0.010368152081420298,1.0103681520814203,-0.000042467709094662354,1.0001264063639552,355.9152443272442,18.556741132181592,0.00003767170000000001,0.000010262493869289854
2021-08-07T13:00:00.000Z,0.023451403183358234,1.0035458982691274,0.00007986017923933172,0.00008830492899237493,0.00007798113589707611,273865568.5769,14190280.4414,4503393.2366,0.0034679171332303582,0.0034679171332303582,0.003625758448366766,1.0036257584483668,-0.00000373434485279045,0.9998719034053156,351.24061518408195,18.27422811677749,0.00003748350000000001,0.000027954476139523544
2021-08-07T14:00:00.000Z,0.023451403183358234,1.003227323845773,0.00009522868907191852,0.00010820396052432443,0.0000982124100838977,273892580.6408,17385965.1597,3195684.7183,0.003129111435689058,0.003129111435689058,0.0033225525348448744,1.0033225525348448,-0.0000019842376481893353,1.0002750309231168,350.86201285629767,18.12497763594968,0.00003769090000000001,0.00001983501710195917
2021-08-07T15:00:00.000Z,0.023451403183358234,1.0063698033782447,0.00011079882483663697,0.00012110133643156986,0.0001110340645369412,274017697.2126,19451694.556599997,2065729.3969,0.006258769313707724,0.006258769313707724,0.006480602203081302,1.0064806022030812,-0.000009566816648431953,1.0010084264024228,352.7960657046395,18.097607410510147,0.00003702500000000001,0.000012815741503021878
2021-08-07T16:00:00.000Z,0.023451403183358234,1.0063987827156995,0.00012467857735900972,0.00013745420155339294,0.00012766528223839835,274127964.9846,22071856.832499996,2620162.2759,0.006271117433461093,0.006271117433461093,0.0065234612930585014,1.0065234612930585,-0.000009528869938213447,1.0010294028364908,352.79733132738045,17.83603543290911,0.000037011499999999996,0.00001624889262677098
2021-08-07T17:00:00.000Z,0.023451403183358234,1.0038576657280618,0.00013986109264481139,0.00016459635139264332,0.00015451104460262322,273323807.9404,26418967.046499997,4347110.214,0.0037031546834591644,0.0037031546834591644,0.003997526820706599,1.0039975268207066,-0.000006017003045477587,0.9993703700259188,351.58166588869096,17.854975245788854,0.0000359428,0.000027037847231410793
2021-08-07T18:00:00.000Z,0.023451403183358234,1.0010162908854365,0.00015505240993648158,0.0001775886234028702,0.0001671355803081198,272300608.445,28497915.099999998,2078948.0535,0.0008491553051284129,0.0008491553051284129,0.0011713432953730143,1.001171343295373,-1.1503062946616183e-8,0.9998400021078858,349.42088235819165,17.79899694907046,0.00003744459999999997,0.000012979081138057204
2021-08-07T19:00:00.000Z,0.023451403183358234,1.0025332377171872,0.00017118875431502948,0.0001858307269281161,0.0001756029679915727,272143997.6203,29814015.939499997,1316100.8395,0.002357634749195592,0.002357634749195592,0.002704426471502194,1.0027044264715022,-5.344393144701698e-7,1.0004639734303864,350.25638523384396,17.863754837839227,0.0000371714,0.00000822127787757281
2021-08-07T20:00:00.000Z,0.023451403183358234,1.0038510211200504,0.0001886192060114087,0.00019462281510595843,0.0001854963505771856,272465016.2584,31217749.2411,1403733.3016,0.0036655247694732385,0.0036655247694732385,0.004039640326061833,1.0040396403260619,-0.0000026833745566667844,1.0004851857063495,351.163574727028,18.04387539504581,0.00003711259999999998,0.000008758359680410637
2021-08-07T21:00:00.000Z,0.023451403183358234,1.0060001440105455,0.00020564569393799668,0.00020314086425704195,0.00019363856298437732,273058491.8919,32577780.3329,1360031.0918,0.005806505447561117,0.005806505447561117,0.00620578970448349,1.0062057897044836,-0.000009836476756341916,1.00049726979136,352.65909040913385,18.129578979456234,0.00003793970000000002,0.000008467243922870962
2021-08-07T22:00:00.000Z,0.023451403183358234,1.0035235872678137,0.00021971231262307066,0.00021625149315399492,0.0002085910175086969,272406226.8197,34671237.2123,2093456.8794,0.003314996250304958,0.003314996250304958,0.0037432995804367254,1.0037432995804367,-6.179865228439496e-7,1.0013415413283993,350.6182226904556,17.991838695798705,0.0000370414,0.000013064593774266203
2021-08-07T23:00:00.000Z,0.023451403183358234,1.0062283215295225,0.00023714341996443813,0.00022405704411870196,0.00021463044870229098,273127784.1967,35917541.3259,1246304.1136,0.0060136910808201716,0.0060136910808201716,0.0064654649494869,1.0064654649494869,-0.000009995972184206892,1.000667521897956,352.7443679276055,18.091153343107965,0.000038226999999999985,0.000007757237145797484
2021-08-08T00:00:00.000Z,0.023451403183358234,1.0107329308267277,0.00025550150005099924,0.00023376774955577993,0.0002256376027116591,273710330.7543,37464421.4927,1546880.1668,0.010507293224016001,0.010507293224016001,0.010988432326778659,1.0109884323267786,-0.000041170077114349724,1.0005211798388627,355.95469733783995,18.241212451507508,0.00003831640000000009,0.00000960758870998035
2021-08-08T01:00:00.000Z,0.023451403183358234,1.012232162189442,0.00027046768439651736,0.0002538272824911163,0.0002458883767522124,274472377.8103,40663982.585,3199561.0923,0.011986273812689685,0.011986273812689685,0.012502629873838414,1.0125026298738384,-0.000043214525687451655,1.001762540817965,356.55502898024605,18.153423275607953,0.000038043099999999954,0.00001981712659140261
2021-08-08T02:00:00.000Z,0.023451403183358234,1.0035436187810125,0.0002814949017907925,0.0002689449504815703,0.0002592473075522239,272121324.4814,43075343.3225,2411360.7375,0.003284371473460279,0.003284371473460279,0.0038251136828032955,1.0038251136828034,-0.000002275012202512805,1.0002888227990874,350.96579196204846,17.84055758067438,0.00003749790000000005,0.000015064285246892494
2021-08-08T03:00:00.000Z,0.023451403183358234,1.0018629534988022,0.0002960477090568428,0.00027856034941611113,0.00026835870180796917,271674205.2259,44609107.0236,1533763.7011,0.0015945947969941976,0.0015945947969941976,0.0021590012078590093,1.002159001207859,-2.0647599408007977e-8,1.0005331266742035,349.6991545956147,17.765988031306136,0.00003775319999999998,0.00000959751879904064
2021-08-08T04:00:00.000Z,0.023451403183358234,1.007223546432224,0.0003154638056044464,0.00028898582548053404,0.00028060266433027614,273078179.68230003,46271784.946399994,1662677.9228,0.006942943767893617,0.006942943767893617,0.007539010237828339,1.0075390102378283,-0.00001907193501060611,0.9998857096253451,353.67264849300074,17.97282018988394,0.00003788839999999998,0.000010350707889031704
2021-08-08T05:00:00.000Z,0.023451403183358234,1.00491431778931,0.0003306693521018172,0.00030047460458127264,0.00029077817379241644,272499747.34860003,48104360.904599994,1832575.9582,0.004623539615517647,0.004623539615517647,0.00524498714141188,1.005244987141412,-0.000007554784769658873,0.9998686493397018,352.05122432772714,17.949814225012144,0.000037081400000000014,0.0000114325945592698
2021-08-08T06:00:00.000Z,0.023451403183358234,1.008605054529949,0.0003487873840468912,0.0003102946779822365,0.00030177374639062116,273332067.476,49669796.73549999,1565435.8309,0.008303280783558353,0.008303280783558353,0.008953841913995866,1.0089538419139958,-0.000023466110732783818,1.000561251123195,354.38945518717617,18.04981632182684,0.00003845040000000005,0.000009736292331537976
2021-08-08T07:00:00.000Z,0.023451403183358234,1.014968716923756,0.0003716081960803179,0.0003231389810189377,0.00031680846459547496,275073527.488,51717456.454799995,2047659.7193,0.014651908459160534,0.014651908459160534,0.015340325119836327,1.0153403251198363,-0.00008224207136520167,1.000863274133145,358.75793043231545,18.380296324878,0.00003812780000000006,0.000012654876514650645
2021-08-08T08:00:00.000Z,0.023451403183358234,1.0111787409529656,0.00038413987116572704,0.0003359257859053139,0.00032856917784185313,273708773.8169,53753438.2261,2035981.7713,0.010850171775123707,0.010850171775123707,0.011562880824131287,1.0115628808241313,-0.000045552167179829794,1.0003896387128408,356.24313484984594,18.200950335842286,0.00003785430000000001,0.000012645444144678314
2021-08-08T09:00:00.000Z,0.023451403183358234,1.0074457188981314,0.0003967494968754728,0.000347260055436179,0.00033876870154347927,272678972.2638,55558011.855399996,1804573.6293,0.007106950196587913,0.007106950196587913,0.007842468395006866,1.007842468395007,-0.000015870698430675567,1.0005908737440927,353.53853597350206,18.037715102270308,0.00003795370000000006,0.000011250501438893928
2021-08-08T10:00:00.000Z,0.023451403183358234,1.008119497975947,0.00041158393691550577,0.0003553899815194376,0.0003466489765431291,272924865.254,56852710.79929999,1294698.9439,0.007772848999403781,0.007772848999403781,0.008531081912862415,1.0085310819128623,-0.000019951636469062173,1.000568873561596,354.0139934489532,17.99105602548232,0.00003759220000000008,0.00000806444734370989
2021-08-08T11:00:00.000Z,0.023451403183358234,1.002985849411678,0.0004241366968782401,0.00036674729674421097,0.00035623209813118173,271536452.7919,58661383.786199994,1808672.9869,0.002629617313546717,0.002629617313546717,0.003409986108556139,1.0034099861085561,-0.000002036558002793676,0.999750871053842,350.69645664354044,17.855216840751773,0.00003739970000000004,0.00001132350388360719
2021-08-08T12:00:00.000Z,0.023451403183358234,1.0036375282201433,0.0004398400202209055,0.00037626335084458645,0.00036623250802025886,271450180,60175367.419099994,1513983.6329,0.0032712957121230346,0.0032712957121230346,0.004077368240364199,1.0040773682403643,-0.0000035027845539659097,0.9997620495874254,351.1415623378713,17.849788819309598,0.00003782169999999994,0.0000094815637106227
2021-08-08T13:00:00.000Z,0.023451403183358234,1.0081715225758041,0.00045956567156649983,0.0003885832359484417,0.0003802336398295303,272659499.41139996,62135312.74729999,1959945.3282,0.007791288935974583,0.007791288935974583,0.008631088247370614,1.0086310882473706,-0.000019347556583282355,1.000683609405467,353.98635702735004,18.00969941815166,0.00003737459999999996,0.00001222002924942175
2021-08-08T14:00:00.000Z,0.023451403183358234,1.0062839507202705,0.0004745000665145355,0.0003986132111335982,0.0003895998497851494,272154279.2852,63730991.85239999,1595679.1051,0.005894350870485399,0.005894350870485399,0.006758450786785083,1.006758450786785,-0.000012958629683978984,0.9999289945533353,352.9211510549719,17.973880346327615,0.000037598899999999976,0.000009967340898679437
2021-08-08T15:00:00.000Z,0.023451403183358234,0.9975113190154954,0.000480539162252518,0.00041738209374959814,0.00040476089296359596,269464124.09650004,66713437.97279999,2982446.1204,-0.002893441877468206,-0.002893441877468206,-0.0020081418222520917,0.9979918581777479,-0.000006834439913450119,0.9999423930711808,346.77699174195556,17.614304520774155,0.00003759970000000005,0.000018815708479486803
2021-08-08T16:00:00.000Z,0.023451403183358234,0.9972703676930901,0.0004964681060733104,0.00042864973784401925,0.00041606449248576816,269393446.1815,68503872.041,1790434.0682,-0.003145696799395692,-0.003145696799395692,-0.002233164200836613,0.9977668357991634,-0.000009207568776981034,1.0002835600255664,346.4833383716546,17.625248723753124,0.000037815099999999996,0.000011298485390358475
2021-08-08T17:00:00.000Z,0.023451403183358234,0.992136487783074,0.0005036772523727384,0.00045273781848212185,0.000438460159603582,267909082.6838,72330086.2877,3826214.2467,-0.008301972376529632,-0.008301972376529632,-0.007359834964553311,0.9926401650354467,-0.00004542385871852961,1.0003378907306186,342.88958187031164,17.344069394932294,0.00003719650000000016,0.000024278998510352926
2021-08-08T18:00:00.000Z,0.023451403183358234,0.9914698115912103,0.0005174331044449931,0.00046896224964927094,0.00045427866424418983,267695253.7278,74906892.3795,2576806.0918,-0.008984467073033908,-0.008984467073033908,-0.008012755304344725,0.9919872446956552,-0.000048750125149821244,0.9999922233637626,342.53614901659773,17.299828229949238,0.000037072799999999805,0.000016364019514945474
2021-08-08T19:00:00.000Z,0.023451403183358234,0.988954192399649,0.0005315708392442633,0.00047715490823604505,0.00046167460842883035,267024440.3951,76208112.4408,1301220.0613,-0.01150748220877984,-0.01150748220877984,-0.010514236761106747,0.9894857632388933,-0.0000778277674866601,1.0000452707449101,340.77617401168584,17.266704683828586,0.000037360800000000044,0.00000828416343064675
2021-08-08T20:00:00.000Z,0.023451403183358234,0.98656531293959,0.0005454885371690384,0.0004940644909083186,0.0004767772996325803,266393710.2134,78893964.62879999,2685852.188,-0.013911464360042536,-0.013911464360042536,-0.012889198523240917,0.9871108014767591,-0.0001114725503920111,1.0000657783389095,339.11372194307717,17.22029159182981,0.0000380016000000001,0.000017139851822861565
2021-08-08T21:00:00.000Z,0.023451403183358234,0.9884824267293958,0.0005626129930915725,0.0005050169364182538,0.0004893992419836568,266970210.1034,80633991.6995,1740027.0707,-0.012006972512587866,-0.012006972512587866,-0.010954960277512636,0.9890450397224874,-0.00008417078784572762,1.0000383406471776,340.4342282861197,17.278179456880824,0.00003773650000000006,0.000011080060277303306
2021-08-08T22:00:00.000Z,0.023451403183358234,0.9918594275941229,0.0005838598645954623,0.0005098638700830499,0.0004951929859031701,267882724.0264,81404030.8354,770039.1359,-0.008635765391780237,-0.008635765391780237,-0.007556712541281605,0.9924432874587183,-0.00005078651175682847,1.0005483101732096,342.58673356212086,17.476719961752423,0.00003606649999999995,0.000004886715019744948
2021-08-08T23:00:00.000Z,0.023451403183358234,0.9948142347562843,0.0006027892526756873,0.0005153109978546581,0.0005022956989991778,268674121.1924,82269402.3109,865371.4755,-0.005688060942714901,-0.005688060942714901,-0.004582975991040036,0.9954170240089599,-0.000027451821854485026,1.0008487164782591,344.5236043957627,17.589279102720695,0.0000367739999999999,0.000005475523663466305
2021-08-09T00:00:00.000Z,0.023451403183358234,0.9908085482106799,0.0006120337480105825,0.0005221579938205083,0.0005069633783361116,267579082.42249998,83357113.4523,1087711.1414,-0.009698415167656238,-0.009698415167656238,-0.008579418041309544,0.9914205819586904,-0.000059274120751018344,1.0002854166839166,341.9425304913761,17.410171525037477,0.00003767529999999988,0.000006910513795171432
2021-08-09T01:00:00.000Z,0.023451403183358234,0.9827108137630398,0.0006163343887672748,0.0005349682594906291,0.0005157606683183769,265393237.55330002,85392155.1618,2035041.7095,-0.017804946905278562,-0.017804946905278562,-0.01667285184819291,0.9833271481518071,-0.00016960963799284023,0.9995967995404,336.59893557934384,17.094440826161787,0.00003841410000000004,0.000013035640764792284
2021-08-09T02:00:00.000Z,0.023451403183358234,0.9825693449275011,0.0006311607111611901,0.0005496463403089723,0.0005306731299625778,265091751.71170002,87721604.9804,2329449.8186,-0.017961328202461435,-0.017961328202461435,-0.016799494361337666,0.9832005056386623,-0.0001848288493734307,1.0002462767548528,336.27327022888267,17.083734706526947,0.00003797029999999989,0.000014938468156967628
2021-08-09T03:00:00.000Z,0.023451403183358234,0.9866245022362625,0.0006581373409811211,0.0005611414911559558,0.0005450942410788473,264297276.0656,89532972.38489999,1811367.4045,-0.013920592004816323,-0.013920592004816323,-0.012717360422756355,0.9872826395772436,-0.00009104095506951015,0.998619718283904,339.5984915304584,17.389290721973982,0.00003846910000000009,0.000011650988740745457
2021-08-09T04:00:00.000Z,0.023451403183358234,0.9872851705890302,0.0006735932797257945,0.0005711593935587535,0.0005553832131404146,264479390.3611,91111590.6467,1578618.2618,-0.013270212624110211,-0.013270212624110211,-0.012041236131244002,0.987958763868756,-0.00010778649155285258,1.000466995664891,339.41874380615195,17.388083042477824,0.0000380152000000001,0.000010146919355024024
2021-08-09T05:00:00.000Z,0.023451403183358234,0.9901306753597742,0.000703490376875156,0.0005798903884861628,0.0005657051105828481,264952332.8807,92485917.3636,1374326.7169,-0.010435029750808678,-0.010435029750808678,-0.009165834263350674,0.9908341657366493,-0.00007428528882680308,1.0008427008811842,341.2439108776276,17.758041474860736,0.00003737619999999997,0.000008818021692158453
2021-08-09T06:00:00.000Z,0.023451403183358234,0.9889227100165427,0.0007180267203308288,0.0005872927347856578,0.0005713402799611966,264636542.0531,93651137.4625,1165220.0989,-0.011648630263418447,-0.011648630263418447,-0.010359263263126422,0.9896407367368736,-0.00007800194974372232,0.9999164265153528,340.7227594413245,17.73130595863306,0.00003750500000000007,0.0000074852631944251015
2021-08-09T07:00:00.000Z,0.023451403183358234,0.9892334038655487,0.0007327823450361858,0.0005989784001418222,0.0005838426345605718,264719458.6442,95490602.68290001,1839465.2204,-0.011350438769011872,-0.011350438769011872,-0.010033813789415116,0.9899661862105849,-0.00007099804644461472,0.9996441526179299,341.0212455717172,17.711981882982492,0.0000374079,0.00001181284855558356
