query_ts,assumedLPToken,equityValue,totalDexYield,totalTradingfee,newTotalTradingFee,liquidity,totalVolume,volume,priceImpact,priceEffect,totalReturn,totalEquityVal,impermanentLoss,tokenPrice,quoteTokenPrice,rewardPrice,rewardTokenPerLP,feePerDollar
2021-10-10T09:00:00.000Z,0.020677813871651622,0.9999999999999999,0.00001560210513411716,0.000013952644399291136,5.56776846849516e-13,281443204.40349996,2309927.4492,2309927.4492,-5.568878691519785e-13,-5.568878691519785e-13,0.000015602105134006136,1.000015602105134,0,1.0005440706124775,421.1838506743481,19.32659831176026,0.0000390412,0.000013952643383103715
2021-10-10T10:00:00.000Z,0.020677813871651622,0.9972363587296529,0.000031061540993331905,0.000034947844103840125,0.000021003595123136876,280587772.6775,5784822.6572,3474895.208,-0.002784644865470254,-0.002784644865470254,-0.002732579729353785,0.9972674202706462,-0.00000266944813331893,1.000066003380005,419.0416428881037,19.227473911222855,0.0000390849,0.000021053383036721688
2021-10-10T11:00:00.000Z,0.020677813871651622,0.9965294108836598,0.000046449983242070745,0.00004764797335126509,0.00003427722378157583,280378692.85539997,7886732.734,2101910.0768,-0.003504866340121815,-0.003504866340121815,-0.0034241391330981684,0.9965758608669019,-0.0000035477865513167117,0.9996967015257728,418.59114665194545,19.17021905793173,0.000039054,0.000012744360472508639
2021-10-10T12:00:00.000Z,0.020677813871651622,0.9978409919420387,0.000062054978737343,0.00005954667395643398,0.00004646247916029189,280767612.925,9856143.5238,1969410.7898,-0.002205470537121612,-0.002205470537121612,-0.002096953079223977,0.997903046920776,-0.0000030349157208453548,1.0008000422607741,419.22083191294706,19.20471169352545,0.00003908579999999999,0.000011924446369654228
2021-10-10T13:00:00.000Z,0.020677813871651622,0.9950148190415747,0.00007745570957738895,0.00007575171540069916,0.00006269774192924071,279977626.9084,12538367.379900001,2682223.8561,-0.005047878700354502,-0.005047878700354502,-0.004907725248847873,0.9950922747511521,-0.00001225489210976427,1.0004341155877576,416.98823793640133,19.174883401959455,0.0000390853,0.00001628623188831377
2021-10-10T14:00:00.000Z,0.020677813871651622,0.9973885113548953,0.00009297532169691693,0.00009385683702606763,0.00008094724212459603,280695103.034,15535617.608000001,2997250.2281,-0.0026924358872293386,-0.0026924358872293386,-0.0025185133234078257,0.9974814866765922,-0.000002667335357808831,1.0001575612372025,419.08077346410784,19.236173894634245,0.000038394899999999994,0.00001815252682606584
2021-10-10T15:00:00.000Z,0.020677813871651622,0.9968810987966693,0.00010701122690773279,0.00011013577684154731,0.00009729462381702358,280318805.2913,18228305.9628,2692688.3548,-0.0032161958271477165,-0.0032161958271477165,-0.00301188997642296,0.996988110023577,-0.000004230747664091261,1.0002314406205037,418.60978668947934,19.169970350976996,0.00003621630000000002,0.000016329871977026685
2021-10-10T16:00:00.000Z,0.020677813871651622,0.9966278199517487,0.0001225647422127494,0.00012952419874807407,0.00011591359549123492,280379791.5424,21436844.2763,3208538.3135,-0.0034880936437425847,-0.0034880936437425847,-0.0032496153060386002,0.9967503846939614,-0.0000030506062356217,0.9995199131052743,418.67927806721525,19.180435575913222,0.000039068899999999995,0.00001945402378304126
2021-10-10T17:00:00.000Z,0.020677813871651622,0.9959324422979318,0.0001378212396724405,0.00014653378084558303,0.0001336565405352097,280414728.0737,24254031.2205,2817186.9442,-0.004201214242603446,-0.004201214242603446,-0.003929736462395796,0.9960702635376042,-0.000006600912310972262,0.9999673005711256,417.89321469168715,19.145466962768285,0.000039102,0.000017079052295289115
2021-10-10T18:00:00.000Z,0.020677813871651622,0.9930072589958059,0.00015219571730760566,0.00016328271496367705,0.00014963063545270217,279569114.9774,27027830.4163,2773799.1958,-0.007142371639646816,-0.007142371639646816,-0.006840545286886508,0.9931594547131135,-0.000024259472829801787,1.0003416051459277,415.2728662402745,19.010435824844656,0.00003904030000000001,0.000016866879709660316
2021-10-10T19:00:00.000Z,0.020677813871651622,0.991999555994616,0.00016734618251866172,0.00017363663606015506,0.00016007737982182135,279300460.6553,28742640.7264,1714810.3101,-0.008160521385205843,-0.008160521385205843,-0.00783309782286536,0.9921669021771347,-0.000022460491672204874,0.9990527454018767,414.95623758884733,18.985375245934513,0.00003910350000000002,0.000010437424701450027
2021-10-10T20:00:00.000Z,0.020677813871651622,0.9927138544953411,0.00018316330927104716,0.00018226914982963195,0.00016848113281087151,279620534.05789995,30172961.0115,1430320.2851,-0.007454626637469763,-0.007454626637469763,-0.007102982195387845,0.9928970178046121,-0.00002448922456843583,1.000059905118732,415.12860142106047,19.034494859116567,0.00003908660000000004,0.000008695872400295571
2021-10-10T21:00:00.000Z,0.020677813871651622,0.9920338883759966,0.0001981810324796245,0.00019763565422686698,0.00018381688114821326,279433411.9169,32719075.691,2546114.6795,-0.008149928505151616,-0.008149928505151616,-0.007767930591523778,0.9922320694084762,-0.000025429670709953278,0.9994923799409657,414.7825754855644,18.99937604143137,0.00003908630000000002,0.00001548989766634353
2021-10-10T22:00:00.000Z,0.020677813871651622,0.9823142427108649,0.00020990567251659886,0.00022609880149476697,0.00021079876831964217,276699700.09080005,37435275.9164,4716200.2254,-0.01789655605745477,-0.01789655605745477,-0.01747585161661853,0.9825241483833814,-0.00014548519312163055,0.9995442786377347,406.6496134203672,18.67630680584372,0.00003908630000000002,0.000028975601999384217
2021-10-10T23:00:00.000Z,0.020677813871651622,0.9835336372570735,0.00022552672561384267,0.00024061342545168046,0.00022528950521105706,277046743.88019997,39840307.1301,2405031.2137,-0.016691652248137512,-0.016691652248137512,-0.01624083601731261,0.9837591639826874,-0.00013393133297845417,1.000078821969257,407.4301417446637,18.721053844873044,0.000039053800000000016,0.000014757629005226514
2021-10-11T00:00:00.000Z,0.020677813871651622,0.9796243408944616,0.00023881039313005843,0.0002584383544279625,0.0002426812647915444,276109795.2553,42795604.193399996,2955297.0633,-0.020618340370329946,-0.020618340370329946,-0.020136848712408343,0.9798631512875916,-0.00022948478301720865,1.0011363255743937,403.7556823928279,18.578053904103342,0.00003906340000000003,0.000018195678291545734
2021-10-11T01:00:00.000Z,0.020677813871651622,0.9834319812718038,0.0002565349002082609,0.00028051481769767405,0.0002649899816247192,276961786.2541,46452866.523099996,3657262.3297,-0.016833008709820962,-0.016833008709820962,-0.016311483827987982,0.983688516172012,-0.00013374851978975588,0.9999238798006488,407.3761238857599,18.77610838385376,0.00003909510000000009,0.000022448389160755425
2021-10-11T02:00:00.000Z,0.020677813871651622,0.9855814459872434,0.00027337695378096564,0.0002908475047470873,0.0002759607801307018,278869564.3624,48172646.8,1719780.2769,-0.014694514792887303,-0.014694514792887303,-0.014145177058975635,0.9858548229410243,-0.0000901116044251804,0.9991659499181924,409.4605910044089,18.89599371455421,0.00003891219999999994,0.000010483849241183784
2021-10-11T03:00:00.000Z,0.020677813871651622,0.9882368363027713,0.00029334822873303503,0.0003018299238606314,0.00028787909952388,280296770.3783,50004987.055999994,1832340.256,-0.01205104279675262,-0.01205104279675262,-0.011469815468495705,0.9885301845315043,-0.00006865094666652638,1.0001376110586022,411.2606789229669,19.21474768923108,0.000038658399999999975,0.000011113144225657316
2021-10-11T04:00:00.000Z,0.020677813871651622,0.9926110219796821,0.00031022354804319035,0.00031596504169621427,0.0003035461897510361,281531861.056,52363286.73769999,2358299.6817,-0.007692524210068941,-0.007692524210068941,-0.007078754472274714,0.9929212455277253,-0.000030240832267991458,1.0005989315082535,414.7061014860367,19.304635202063032,0.00003883739999999993,0.00001424034013007338
2021-10-11T05:00:00.000Z,0.020677813871651622,0.9940694374143546,0.0003254363583140102,0.0003269410899753045,0.00031456883358194077,282474428.4001,54197963.14659999,1834676.4089,-0.006245131419227334,-0.006245131419227334,-0.005605126227331383,0.9943948737726687,-0.000019862826687533364,1.0005822594444953,415.92370554523126,19.289151570750885,0.00003876479999999993,0.000011041530069802579
2021-10-11T06:00:00.000Z,0.020677813871651622,0.9932447400819111,0.00034029341302941213,0.0003379431840287475,0.0003258732788833374,279017669.7694,56015996.434599996,1818033.288,-0.0070811331969722335,-0.0070811331969722335,-0.006414966505059484,0.9935850334949405,-0.000020280300506714255,0.9998063923301325,415.5464248542299,19.24483032376341,0.00003921389999999996,0.000011076920655793369
2021-10-11T07:00:00.000Z,0.020677813871651622,0.9937209140195055,0.00035569741893992787,0.0003466504811798726,0.0003342892331114067,279133349.4331,57454734.65009999,1438738.2155,-0.006613375213605943,-0.006613375213605943,-0.005923388561554608,0.9940766114384454,-0.00001597641678741102,0.9995613997766271,416.03998625245566,19.24447440825609,0.00003872579999999999,0.000008762317262761178
2021-10-11T08:00:00.000Z,0.020677813871651622,0.9975607828272091,0.00037243698251972104,0.00036152912977887095,0.00035058201204518635,279767104.5161,59909284.39459999,2454549.7445,-0.002789799184836128,-0.002789799184836128,-0.0020667801902712205,0.9979332198097288,-0.000004008956434597977,1.0005819906856577,418.8212189183456,19.301960289955012,0.00003927879999999994,0.000014915029316500176
2021-10-11T09:00:00.000Z,0.020677813871651622,1.0008657657474198,0.0003903362108450079,0.00037764165454831156,0.00036950154276316205,280619686.7228,62566684.643499985,2657400.2489,0.000496264204656649,0.000496264204656649,0.001256101958264819,1.0012561019582649,-0.0000016944586959111163,0.9991994818082333,422.16932682031603,19.414917186224518,0.00003915649999999993,0.000016098586937674577
2021-10-11T10:00:00.000Z,0.020677813871651622,0.998454386741176,0.00040544791895415,0.00039791098854583565,0.0003876133485577471,279953094.5088,65909771.209099986,3343086.5656,-0.0019332266073817106,-0.0019332266073817106,-0.0011401653398698136,0.9988598346601302,-9.711259313371912e-7,1.0000024724903027,419.7841678266742,19.3833407756344,0.00003928730000000007,0.000020300712058538623
2021-10-11T11:00:00.000Z,0.020677813871651622,0.9953553341072795,0.00041864368904994976,0.0004139646477147465,0.0004022415034977689,279028555.7402,68557025.16219999,2647253.9531,-0.00504690739621827,-0.00504690739621827,-0.004226022203670551,0.9957739777963295,-0.000007638302531476349,0.9993929631573932,417.42346496098963,19.26581652691388,0.000039294800000000016,0.00001612857045520532
2021-10-11T12:00:00.000Z,0.020677813871651622,0.9942032457749187,0.00043203925673538556,0.00044255086933081057,0.0004303383505911418,278713022.53639996,73271029.0191,4714003.8569,-0.006227092575672444,-0.006227092575672444,-0.005364714968345916,0.9946352850316541,-0.000015453708211210504,0.9998568508169486,416.24057434426953,19.166788057986206,0.00003922879999999999,0.000028752896021151632
2021-10-11T13:00:00.000Z,0.020677813871651622,0.9956474819404874,0.00044776051088566435,0.0004557649828620804,0.00044434945782090285,279134404.7584,75450227.8273,2179198.8082,-0.004796867517333547,-0.004796867517333547,-0.0039047575486269802,0.996095242451373,-0.000009766157293200628,1.0001550810822433,417.31505874190043,19.178709298487426,0.000038965099999999984,0.000013271878746536046
2021-10-11T14:00:00.000Z,0.020677813871651622,0.997057469552533,0.00046390203837652817,0.00047012412826871156,0.0004592097380113902,280245247.8696,77824320.9401,2374093.1128,-0.0034017401854783413,-0.0034017401854783413,-0.002478628409090423,0.9975213715909096,-0.000003786921763726525,0.9998884556523343,418.59749803386154,19.206182011477075,0.000039029200000000016,0.000014401522675017697
2021-10-11T15:00:00.000Z,0.020677813871651622,0.9967468431170933,0.00047749018425300257,0.0004875680437110318,0.0004768615370879248,280201725.6645,80708890.2074,2884569.2673,-0.0037300184199946518,-0.0037300184199946518,-0.0027756666986537243,0.9972243333013463,-0.000002327503387689056,0.9989650149049203,418.70846805103173,19.127090228211426,0.00003918650000000006,0.00001750084780092159
2021-10-11T16:00:00.000Z,0.020677813871651622,0.9947928000409936,0.0004896304999640064,0.0005054302217012222,0.0004934527405711098,279624640.7338,83662331.3194,2953441.112,-0.005700652699577535,-0.005700652699577535,-0.004717569459042419,0.9952824305409576,-0.0000071825627901977995,0.9986180616214554,417.19858364628107,19.02415594401393,0.000037393999999999974,0.000017955677572706482
2021-10-11T17:00:00.000Z,0.020677813871651622,0.993983680653933,0.0004985964657579627,0.0005369257166110839,0.0005271429034405806,279240056.16470003,88867058.4817,5204727.1623,-0.006543462249507526,-0.006543462249507526,-0.005517722880308982,0.9944822771196911,-0.000036196901504914614,1.0024906377319427,414.8827252863216,18.888012604319567,0.000031928099999999875,0.00003168612804851784
2021-10-11T18:00:00.000Z,0.020677813871651622,0.9925251311794676,0.0005083740363091011,0.0005543238679157434,0.0005413204697446439,279053856.7809,91744461.3886,2877402.9069,-0.008016189290277032,-0.008016189290277032,-0.006966494784223286,0.9930335052157767,-0.000038192947737103466,1.0012362360657887,414.17181716757887,18.8002119659503,0.00003111350000000014,0.000017529178769138613
2021-10-11T19:00:00.000Z,0.020677813871651622,0.989812577119864,0.0005196466769785722,0.0005669907451706814,0.000552880400612521,277089604.9181,93830334.68640001,2085873.2978,-0.010740303280748487,-0.010740303280748487,-0.009667776203157393,0.9903322237968426,-0.000045012766399676885,0.9992341759211942,412.72548432017163,18.758025652667182,0.00003200360000000005,0.000012797248771956258
2021-10-11T20:00:00.000Z,0.020677813871651622,0.9874212540008839,0.0005316560128399064,0.000577839058322361,0.0005623890228101391,276141810.4901,95614943.2538,1784608.5674,-0.013141135021926265,-0.013141135021926265,-0.012047089986276219,0.9879529100137238,-0.00008308790468714022,1.0002070663342595,410.32512310028136,18.660731968190397,0.00003810840000000007,0.000010986509283746317
2021-10-11T21:00:00.000Z,0.020677813871651622,0.984193607959353,0.0005449184210578438,0.0005934090654925952,0.0005763659533624121,275391559.5966,98177715.33250001,2562772.0787,-0.016382757994009456,-0.016382757994009456,-0.0152614736195892,0.9847385263804108,-0.00013166945933618113,1.0002541266924607,407.6147091603284,18.594946251026,0.00003936689999999984,0.00001582006558288066
2021-10-11T22:00:00.000Z,0.020677813871651622,0.9872492092277146,0.0005631261617675465,0.0006065467021292608,0.0005925068981506021,276017187.56659997,100338331.5743,2160616.2418,-0.01334329767043596,-0.01334329767043596,-0.012187664610517812,0.9878123353894822,-0.00009038226207314093,1.000556334144596,410.0138512899024,18.696487845214797,0.00003939990000000002,0.000013307314821377683
2021-10-11T23:00:00.000Z,0.020677813871651622,0.9894378636546736,0.000581776751496194,0.0006152190744527566,0.0006012125875523022,276608106.9281,101764482.0646,1426150.4903,-0.011163348932878736,-0.011163348932878736,-0.00998035959383024,0.9900196404061697,-0.000055558487456641714,0.999859253514756,412.11476394841014,18.809454833990717,0.000039204400000000305,0.000008764948578098615
2021-10-12T00:00:00.000Z,0.020677813871651622,0.9897902598634518,0.0005956060333111251,0.0006235338984254723,0.0006093255212755722,276939644.3542,103132986.1746,1368504.11,-0.010819065657823757,-0.010819065657823757,-0.00961413410323706,0.9903858658967629,-0.000052992277584151815,0.9999610134508764,412.3598183003142,18.768767562845774,0.000038876199999999965,0.000008400592094443908
2021-10-12T01:00:00.000Z,0.020677813871651622,0.984206536195904,0.0006039037189240991,0.0006389979111218005,0.0006226380460574443,275176661.37590003,105676292.24540001,2543306.0708,-0.01641610185015341,-0.01641610185015341,-0.015189560085171866,0.9848104399148281,-0.0001292402036718876,1.0000697777112568,407.6622070075149,18.557818599766506,0.00003906840000000003,0.000015712162138829782
2021-10-12T02:00:00.000Z,0.020677813871651622,0.987437299211098,0.0006227148096690739,0.0006517799948167243,0.000636676508509515,276081770.1795,107778525.82190001,2102233.5765,-0.013199377297411496,-0.013199377297411496,-0.011939985979232907,0.988060014020767,-0.00007984252061576935,0.9998937400949575,410.4052556411875,18.6685378559838,0.00003939670000000007,0.0000129447050333183
2021-10-12T03:00:00.000Z,0.020677813871651622,0.982870834078901,0.0006298007870060721,0.0006661381352816014,0.0006486736603288357,275134841.6693,110142803.2293,2364277.4074,-0.017777839581427868,-0.017777839581427868,-0.01649936513409296,0.983500634865907,-0.0001592052117896925,1.0004515032596393,406.37908561399246,18.431372963038225,0.000039349600000000136,0.000014608370092985124
2021-10-12T04:00:00.000Z,0.020677813871651622,0.9827501505471358,0.0006454551041075664,0.0006835935537917784,0.0006652975419833007,275109241.43469995,113017177.9211,2874374.6918,-0.01791514699484753,-0.01791514699484753,-0.016604394348756664,0.9833956056512433,-0.00015224096174293322,0.9999168775051072,406.4826940001216,18.450172661030876,0.00003934879999999986,0.00001776180600323398
2021-10-12T05:00:00.000Z,0.020677813871651622,0.9852283059106535,0.0006625251463465868,0.0006938769056450753,0.0006772649957274002,275761426.2418,114710277.13260001,1693099.2115,-0.015448959085073932,-0.015448959085073932,-0.014109168942999946,0.985890831057,-0.00010627469051616156,0.9995542033312008,408.67498463416825,18.507950466524825,0.00003932219999999991,0.000010437531814279944
2021-10-12T06:00:00.000Z,0.020677813871651622,0.9847796039417257,0.000676599959036459,0.0007103187659560497,0.0006936864328673797,275387293.90749997,117414901.08540002,2704623.9528,-0.01591408249114168,-0.01591408249114168,-0.01454379609923784,0.9854562039007622,-0.00012534742100112073,1.000336080822827,407.9698171916292,18.48062992833949,0.00003939090000000005,0.000016695979885347863
2021-10-12T07:00:00.000Z,0.020677813871651622,0.9810844091998471,0.0006864367805673605,0.0007233766751457703,0.0007055854862849653,274449557.6567,119563626.24640001,2148725.161,-0.01962117628643789,-0.01962117628643789,-0.018229154019585567,0.9817708459804144,-0.00018584060293957982,1.0000082239151007,405.0346757890676,18.341399299287932,0.00003937729999999997,0.000013309669014913148
