query_ts,assumedLPToken,equityValue,totalDexYield,totalTradingfee,newTotalTradingFee,liquidity,totalVolume,volume,priceImpact,priceEffect,totalReturn,totalEquityVal,impermanentLoss,tokenPrice,quoteTokenPrice,rewardPrice,rewardTokenPerLP,feePerDollar
2022-01-01T09:00:00.000Z,0.01760940624827706,0.9999999999999999,0.000007221878417298622,0.000007823079099412698,-4.621858451514527e-13,283899892.3596,1306453.7547,1306453.7547,4.620748228489902e-13,4.620748228489902e-13,0.000007221878417187599,1.0000072218784173,0,0.9993620727723467,515.7698410210096,11.930439318419484,0.0000343755,0.00000782307934156178
2022-01-01T10:00:00.000Z,0.01760940624827706,0.9995160670792956,0.000014404935271820768,0.00001577734123161256,0.000007637105330915439,283738491.0655,2634702.6836,1328248.9289,-0.0004915700260352818,-0.0004915700260352818,-0.0004695279854325456,0.9995304720145675,-4.419484239681637e-7,0.99981035436618,515.0318649798426,11.898165312583014,0.000034376700000000006,0.000007958113721725344
2022-01-01T11:00:00.000Z,0.01760940624827706,0.9986892907802599,0.000021571328019388928,0.000026289459429346534,0.000018193733549720648,283358758.15389997,4389179.1002,1754476.4166,-0.0013289029532898011,-0.0013289029532898011,-0.0012891378917206915,0.9987108621082793,-0.0000021600510898833747,1.0001105760152402,514.0149482817736,11.896007053323038,0.00003422259999999999,0.000010525913960280918
2022-01-01T12:00:00.000Z,0.01760940624827706,0.998159137258819,0.00002877833371978847,0.00003816755864010623,0.000030075019267661318,283080490.8316,6370743.3628,1981564.2626,-0.0018709377604486654,-0.0018709377604486654,-0.0018120844074612156,0.9981879155925388,-0.000002407059692122182,0.9996833415643075,513.6765662898065,11.895911807762923,0.00003440510000000001,0.000011900004965103584
2022-01-01T13:00:00.000Z,0.01760940624827706,1.0004860861319844,0.00003607514854098027,0.00004897390888496141,0.000043138509699947036,283743712.2942,8173534.1844,1802790.8216,0.00044294762228447304,0.00044294762228447304,0.0005221612805254004,1.0005221612805253,-7.063578943977689e-9,0.9996859103748346,516.0596340725865,11.925564193138676,0.00003440479999999999,0.000010801100655024616
2022-01-01T14:00:00.000Z,0.01760940624827706,1.0008766080659945,0.00004334222720409964,0.00006171259914942129,0.00005470469074286832,283856127.1407,10298703.757399999,2125169.573,0.0008219033752516758,0.0008219033752516758,0.0009199502931986437,1.0009199502931987,-7.184587713648938e-8,0.9998043871782628,516.3894630840925,11.958747332560147,0.00003403209999999997,0.000012727533171440881
2022-01-01T15:00:00.000Z,0.01760940624827706,1.0002463175130722,0.000050390914115702414,0.00007583899867327663,0.00006811277936114024,283656971.6131,12655212.631,2356508.8736,0.000178204733711107,0.000178204733711107,0.00029670842718794964,1.0002967084271879,-5.425698590411088e-8,0.9992109549292111,516.0317140321035,11.922033062721608,0.00003420860000000004,0.000014122921295881838
2022-01-01T16:00:00.000Z,0.01760940624827706,1.0031220815305395,0.000057816913081173947,0.00008895246816997796,0.00008479743759570724,284473291.35800004,14842754.6156,2187541.9846,0.0030372840929437928,0.0030372840929437928,0.003179898443620674,1.0031798984436207,-0.0000046503498841721225,0.9993450538697036,518.9165151406746,11.963258429775601,0.00003442299999999997,0.000013072655629874189
2022-01-01T17:00:00.000Z,0.01760940624827706,1.0062713187853127,0.00006532912410456381,0.00010378138439046457,0.00009750181008572056,285361561.9058,17316419.606799997,2473664.9912,0.006173816975227009,0.006173816975227009,0.006336647909417293,1.0063366479094173,-0.00001713182442952821,0.9996632052596994,522.0007455880816,12.011110451884027,0.00003442390000000001,0.000014736499397309082
2022-01-01T18:00:00.000Z,0.01760940624827706,1.0081335981215915,0.00007274769832076868,0.00011582103933790846,0.00011135944439022438,285891047.4364,19324807.525,2008387.9182,0.00802223867720131,0.00802223867720131,0.008206345819912303,1.0082063458199122,-0.000027151239101463887,0.9999829960497844,523.7528736565537,12.033876447104413,0.00003442390000000001,0.00001194251968208114
2022-01-01T19:00:00.000Z,0.01760940624827706,1.0083852094835488,0.0000801509587232045,0.00012722919280223915,0.00012187047680467522,285970665.3376,21227906.772099998,1903099.2471,0.008263339006744141,0.008263339006744141,0.008465360442272021,1.008465360442272,-0.000020147950693272243,1.0012440683991408,523.3434624838559,12.05021602553274,0.00003442310000000001,0.000011313288781737923
2022-01-01T20:00:00.000Z,0.01760940624827706,1.0078371639143235,0.00008733293747934526,0.00013500150222249744,0.0001277093334997037,285816474.8192,22524482.860799998,1296576.0887,0.007709454580823838,0.007709454580823838,0.007924496851802887,1.0079244968518029,-0.000023376319533974232,1.0002041218861255,523.3121686510785,12.033336447686311,0.00003442310000000001,0.00000771186948612499
2022-01-01T21:00:00.000Z,0.01760940624827706,1.0096729759150387,0.00009476814513652538,0.00014633703097357897,0.00014230634761069894,286337572.1954,24415478.1797,1890995.3189,0.009530669567427985,0.009530669567427985,0.009767744060175209,1.009767744060175,-0.00003844075647319034,1.0000790607871293,525.2711006505937,12.051258505666663,0.00003442320000000005,0.00001122693056828832
2022-01-01T22:00:00.000Z,0.01760940624827706,1.008991850915566,0.00010155818655152774,0.00015423011450659108,0.00014711273376377676,286147323.8441,25732217.6287,1316739.449,0.008844738181802203,0.008844738181802203,0.009093409102117507,1.0090934091021175,-0.00004248045041410631,0.9989506858129278,525.1500655885991,11.990446376557529,0.00003442309999999996,0.000007822743310084444
2022-01-01T23:00:00.000Z,0.01760940624827706,1.0090552464932159,0.00010877636944593172,0.00016039129180379764,0.000153663506571311,286165635.9594,26760038.2986,1027820.6699,0.008901582986644563,0.008901582986644563,0.009164022862661806,1.0091640228626617,-0.00004093807446026165,0.9991757082062962,525.0909665840481,11.984929664276057,0.00003442309999999996,0.0000061058873577605204
2022-01-02T00:00:00.000Z,0.01760940624827706,1.0106248115335763,0.00011632653234551863,0.00016775490099255841,0.00016199743708167347,286614381.5348,27988466.5128,1228428.2142,0.010462814096494633,0.010462814096494633,0.010741138065921824,1.010741138065922,-0.00004710946979602504,1.0000634942689248,526.2497520058644,12.015024851295072,0.00003439410000000002,0.000007286193920057848
2022-01-02T01:00:00.000Z,0.01760940624827706,1.0088319247691844,0.00012345454927161165,0.0001769458153754748,0.00017040679279656246,286117517.41539997,29521795.7333,1533329.2205,0.008661517976387811,0.008661517976387811,0.008955379318455985,1.008955379318456,-0.00004334855980536734,0.9986756721544843,525.1038962648187,11.999978395577763,0.00003442149999999996,0.000009110451182426271
2022-01-02T02:00:00.000Z,0.01760940624827706,1.0075599277969558,0.00012992830417687642,0.00018613851711312535,0.00018069414787014182,285757652.5854,31055427.8436,1533632.1103,0.007379233649085659,0.007379233649085659,0.007689856101132677,1.0076898561011327,-0.000022432295641028333,1.0000158434781625,523.0677139763491,11.927102740475021,0.00003439279999999999,0.000009123726220178247
2022-01-02T03:00:00.000Z,0.01760940624827706,1.008371037764457,0.00013734355499403703,0.00019698064614959577,0.0001901076764936338,285990146.016,32864251.892500002,1808824.0489,0.00818093008796339,0.00818093008796339,0.00850838131945106,1.008508381319451,-0.000019494395288477406,1.001266166618442,523.2463681200701,11.94325369856211,0.00003442149999999996,0.000010752121798483107
2022-01-02T04:00:00.000Z,0.01760940624827706,1.0060724310668805,0.0001442162767621577,0.00020502739816623345,0.00019839068937499427,286315868.91330004,34211314.8971,1347063.0046,0.005874040377505496,0.005874040377505496,0.006216647343642648,1.0062166473436427,-0.000019652689811411328,0.9989498248974343,522.0622995224359,11.91506542673306,0.00003430070000000001,0.00000799818437067993
2022-01-02T05:00:00.000Z,0.01760940624827706,1.0039954973809788,0.00015049290294372083,0.0002163962421529961,0.0002113507630858713,286528635.73880005,36119865.4204,1908550.5233,0.0037841466178929473,0.0037841466178929473,0.0041459902839225396,1.0041459902839225,-0.000005473619505091953,0.9998302196135639,519.4373959209955,11.844235739230692,0.00003420400000000002,0.000011323600802565938
2022-01-02T06:00:00.000Z,0.01760940624827706,1.0061201692620962,0.0001581098973864476,0.00022563395529395788,0.00021999942429995478,287136879.2856,37670661.465500005,1550796.0451,0.0059001698377962875,0.0059001698377962875,0.0062782791594826895,1.0062782791594826,-0.000014940026259457895,0.9997784267812004,521.6567228107162,11.880980383757873,0.000034175600000000005,0.000009181520963901532
2022-01-02T07:00:00.000Z,0.01760940624827706,1.0060507174468836,0.00016587605600989504,0.00023614445518725763,0.00022903175902544426,287120301.5211,39435148.4002,1764486.9347,0.005821685687858125,0.005821685687858125,0.006216593502893464,1.0062165935028935,-0.000018560414030921457,0.9990743694708042,521.9428818535067,11.924839003496125,0.00003420410000000001,0.0000104472855910872
2022-01-02T08:00:00.000Z,0.01760940624827706,1.0070499052113846,0.00017280042097138088,0.0002483145130707919,0.0002456770791452456,287409034.966,41478265.0841,2043116.6839,0.006804228132239354,0.006804228132239354,0.00722270563235598,1.007222705632356,-0.00001672524004803222,1.000359438330612,522.2913033338345,11.907057892901202,0.00003420369999999996,0.000012084861434647957
2022-01-02T09:00:00.000Z,0.01760940624827706,1.0055075575176142,0.00017988153147030319,0.0002604606309665316,0.0002545947170597973,286971262.76339996,43517379.765,2039114.6809,0.005252962800554428,0.005252962800554428,0.005687439049084529,1.0056874390490844,-0.000013776407814081182,0.9993521855214726,521.2078691561512,11.901068433313341,0.00003420339999999999,0.000012079589169135834
2022-01-02T10:00:00.000Z,0.01760940624827706,1.007152821091697,0.00018741285701784775,0.00027169050856294533,0.00026653969195433724,287442972.3122,45402688.3301,1885308.5651,0.0068862813997425665,0.0068862813997425665,0.0073402339487147516,1.0073402339487147,-0.000023817346110122095,0.999322920234731,522.9182584472047,11.924184389272996,0.000034203300000000005,0.000011150123222316709
2022-01-02T11:00:00.000Z,0.01760940624827706,1.0069911673709935,0.00019455125454029845,0.00027987922937369725,0.0002735230011901013,287399190.8081,46777448.8324,1374760.5023,0.006717644369803377,0.006717644369803377,0.007185718625533777,1.0071857186255337,-0.00002061458135760308,0.9996360679307544,522.5793571592128,11.92371803400238,0.000034032200000000104,0.000008131869986615606
2022-01-02T12:00:00.000Z,0.01760940624827706,1.0069101773656564,0.00020276037817207326,0.00028881335987282,0.0002864435289291478,287298537.9942,48276947.5021,1499498.6697,0.006623733836727208,0.006623733836727208,0.007112937743828429,1.0071129377438284,-0.000022653314946330383,0.9992329733194504,522.6926365327954,11.98433217830165,0.00003421259999999994,0.00000887281834529023
2022-01-02T13:00:00.000Z,0.01760940624827706,1.0084294870729655,0.00021037590727618772,0.00030388288221557994,0.0003017181124089774,287734256.3786,50806225.7901,2529278.288,0.008127768960556558,0.008127768960556558,0.008639862980241723,1.0086398629802418,-0.000029717710387067164,0.9997472850978084,523.9860545777783,12.00758845755718,0.00003415550000000004,0.000014943556404150814
2022-01-02T14:00:00.000Z,0.01760940624827706,1.0069865229816646,0.00021791723509054638,0.00031767884651400825,0.0003115889479392564,287338219.2697,53121875.5556,2315649.7655,0.006674934033725322,0.006674934033725322,0.007204440216755125,1.007204440216755,-0.00002053181417205341,0.999606556258666,522.5504438400648,12.024552040843671,0.000034211499999999976,0.000013700247086361468
2022-01-02T15:00:00.000Z,0.01760940624827706,1.006970189700912,0.00022470870393129274,0.000332390119574172,0.0003284510614902647,287305678.9649,55590920.0806,2469044.525,0.006641738639421746,0.006641738639421746,0.007194898404843304,1.0071948984048433,-0.00002285653344558103,0.999220744163337,522.7177321079826,12.026774161284285,0.00003187769999999998,0.000014609442137107185
2022-01-02T16:00:00.000Z,0.01760940624827706,1.0095549537509871,0.00024097574116739023,0.0003485611930419711,0.00034321989760988103,288052706.4774,58305058.1124,2714138.0318,0.009211733853377257,0.009211733853377257,0.009795929492154529,1.0097959294921546,-0.00003995736416861906,0.9995918644779256,525.1951136986178,12.494501078377422,0.00003421500000000003,0.000016018022224075185
2022-01-02T17:00:00.000Z,0.01760940624827706,1.015341557435706,0.000248016274517738,0.0003667288209901998,0.00036385400221594644,289463637.0642,61351768.5282,3046710.4158,0.014977703433490142,0.014977703433490142,0.015589573710223827,1.0155895737102238,-0.00009437903942521864,1.0004891680142531,530.7370668629388,12.469672218915912,0.00003424390000000008,0.000017893120391184963
2022-01-02T18:00:00.000Z,0.01760940624827706,1.0138553214774855,0.0002534070080682086,0.00038354215704927035,0.0003797008695922699,289042697.65959996,64171391.183,2819622.6548,0.013475620607893202,0.013475620607893202,0.01410872848555368,1.0141087284855537,-0.00009791078141474507,0.9987540812630374,530.0866321747909,12.365798445393231,0.0000342437999999998,0.000016583565514618353
2022-01-02T19:00:00.000Z,0.01760940624827706,1.0106152531954102,0.00025811488726658143,0.00040984192678597526,0.00040680034789541963,288121934.82210004,68581948.8359,4410557.6529,0.010208452847514815,0.010208452847514815,0.010873368082676816,1.010873368082677,-0.00004418138010497952,1.0001182548472125,525.9560424855371,12.235493553765192,0.00003424380000000038,0.000026023523736780346
2022-01-02T20:00:00.000Z,0.01760940624827706,1.0128480470228345,0.0002664495894809385,0.0004209789816801731,0.0004175444448391019,288760165.351,70449680.3327,1867731.4968,0.012430502577995384,0.012430502577995384,0.013114496612315424,1.0131144966123153,-0.00007069839746376427,0.9998243741198671,528.4276443567954,12.279575623835871,0.000034243899999999884,0.000010995781016749594
2022-01-02T21:00:00.000Z,0.01760940624827706,1.0133584521727566,0.0002740195295214125,0.0004289046725507351,0.0004265340504885362,288906506.6531,71778856.18349999,1329175.8508,0.012931918122268016,0.012931918122268016,0.013632471702277965,1.013632471702278,-0.00007207449747070882,1.000204337827163,528.7502501040337,12.287259510664152,0.000034215300000000086,0.00000782121168725763
2022-01-02T22:00:00.000Z,0.01760940624827706,1.0131624721687904,0.00028131310446361684,0.00043498813953816805,0.0004309756029521328,288847463.2023,72799071.1425,1020214.959,0.012731496565838274,0.012731496565838274,0.013443785273254023,1.013443785273254,-0.00008157813529430236,0.999239592819501,529.0513261361332,12.282199783526687,0.000034244199999999946,0.0000060044336587623165
2022-01-02T23:00:00.000Z,0.01760940624827706,1.0149063650569916,0.00028927323149290844,0.00044154536823036395,0.00043963705547578336,289344614.35550004,73898737.2586,1099666.1161,0.014466728001515827,0.014466728001515827,0.015195638288484518,1.0151956382884846,-0.00008913149734568471,1.0003730096087329,530.264382557994,12.30575309417941,0.00003424439999999992,0.000006460919970928308
2022-01-03T00:00:00.000Z,0.01760940624827706,1.0157948062460123,0.00029772315399802105,0.0004662288568536301,0.00046396682530103206,289600652.80979997,78038268.4823,4139531.2237,0.015330839420711229,0.015330839420711229,0.016092529400010283,1.0160925294000103,-0.00011281815685526553,0.9995545763487442,531.6030332101518,12.348442196360352,0.00003424450000000001,0.00002429967961747586
2022-01-03T01:00:00.000Z,0.01760940624827706,1.0113656115372358,0.0003024319876584768,0.000477193906589476,0.0004725831000504943,288486753.42390007,79878105.6635,1839837.1812,0.010893028437185315,0.010893028437185315,0.011668043524894285,1.0116680435248944,-0.00007423739993817069,0.9980125730075616,527.7803264375748,12.239064927205005,0.00003408430000000003,0.000010841826083585021
2022-01-03T02:00:00.000Z,0.01760940624827706,1.0120126462864054,0.0003093255538828392,0.00048475747058618595,0.0004803470160321677,288673246.3051,81147212.5468,1269106.8833,0.011532299270373247,0.011532299270373247,0.012321971840288255,1.0123219718402883,-0.00006377316423478163,0.9995343456558784,527.6435029079312,12.21997968880475,0.00003422690000000022,0.000007473784734903172
2022-01-03T03:00:00.000Z,0.01760940624827706,1.0102657406788487,0.0003148565529058733,0.0004948632746269691,0.0004898230128989045,288180715.5949,82842921.1655,1695708.6187,0.009775917665949763,0.009775917665949763,0.01058059723175454,1.0105805972317545,-0.000043315153916756444,0.9997826270172896,525.6821604198584,12.14920962642383,0.0000342263999999998,0.000010003114350795982
2022-01-03T04:00:00.000Z,0.01760940624827706,1.0081583051786442,0.00032389150325764387,0.0005074728632904603,0.0005014554642626123,287581227.7529,84958765.7785,2115844.613,0.0076568497143816305,0.0076568497143816305,0.008482196681901887,1.008482196681902,-0.00003260343301358937,0.9989149565718948,523.9328319506768,12.213650042903003,0.00003424350000000013,0.000012507547416101216
2022-01-03T05:00:00.000Z,0.01760940624827706,1.0087409267906238,0.0003312392617709094,0.0005165669523531205,0.0005106133111703048,287764635.3245,86484813.2306,1526047.4521,0.008230313479453466,0.008230313479453466,0.00907216605239468,1.0090721660523947,-0.0000319325840020257,0.9995669172730247,524.1872278053523,12.213167764197244,0.00003422449999999974,0.000009015286627019124
2022-01-03T06:00:00.000Z,0.01760940624827706,1.010146125920096,0.00033881080888778037,0.0005301687923180084,0.0005260242527629355,288167327.96290004,88767305.1689,2282491.9383,0.009620101667332959,0.009620101667332959,0.010484936728983674,1.0104849367289837,-0.000040677459964943985,0.9999161467585832,525.4497663649654,12.22077842397461,0.000034224499999999936,0.000013465219400616988
2022-01-03T07:00:00.000Z,0.01760940624827706,1.008967331187377,0.0003458088666316109,0.0005396328479621824,0.0005336672513642782,287802965.3521,90355290.5032,1587985.3343,0.008433663936012747,0.008433663936012747,0.009313140054008637,1.0093131400540087,-0.00003488210632773825,0.9994077251726337,524.4822258790564,12.207792472673406,0.00003422809999999988,0.000009379941811952224
