query_ts,assumedLPToken,equityValue,totalDexYield,totalTradingfee,newTotalTradingFee,liquidity,totalVolume,volume,priceImpact,priceEffect,totalReturn,totalEquityVal,impermanentLoss,tokenPrice,quoteTokenPrice,rewardPrice,rewardTokenPerLP,feePerDollar
2022-01-11T09:00:00.000Z,0.01878910870931678,1,0.00000841075811511946,0.00006402396684125351,-4.4986236957811343e-13,217237291.9519,8181407.7058,8181407.7058,4.4986236957811343e-13,4.4986236957811343e-13,0.00000841075811511946,1.000008410758115,-1.1102230246251565e-16,0.9993266876400216,448.72725868813734,10.760423634113431,0.0000416006,0.00006402396648794329
2022-01-11T10:00:00.000Z,0.01878910870931678,1.0039865729230832,0.00001697816049555048,0.00008483978530843119,0.000024536377384309915,217676145.4952,10836181.3392,2654773.6334,0.003962036545698933,0.003962036545698933,0.004003551083578793,1.0040035510835787,-0.0000033451669726458633,1.0006943385625704,451.6719045825061,10.795271608304702,0.000042104299999999996,0.000020733163785645585
2022-01-11T11:00:00.000Z,0.01878910870931678,0.9989531077908311,0.00002536424764425496,0.00010327303957225874,0.000040287152671680815,216491090.401,13186073.9255,2349892.5863,-0.0010871793618405512,-0.0010871793618405512,-0.0010215279615246155,0.9989784720384753,-0.000001299870193816055,0.9998510731022631,447.5172653736809,10.731481377347848,0.000042087999999999994,0.00001845257183245056
2022-01-11T12:00:00.000Z,0.01878910870931678,1.0006389557898254,0.00003387552576439252,0.00012475570605446052,0.00006329326874787711,216747244.5452,15923330.1371,2737256.2116,0.0005756625210775468,0.0005756625210775468,0.0006728313155898165,1.0006728313155897,-8.949242791267409e-8,0.9994790274732712,449.17556488562593,10.810305789291805,0.000040986299999999984,0.000021468949095450223
2022-01-11T13:00:00.000Z,0.01878910870931678,1.0014093041437853,0.000042612364864377045,0.00014934515917739132,0.00008707572664956587,215435142.9308,19035081.5271,3111751.39,0.0013222284171356957,0.0013222284171356957,0.0014519165086496386,1.0014519165086497,-0.0000020789102777030166,0.9986097080371357,450.2377118132438,10.835087567296545,0.00004253419999999998,0.000024554848809876836
2022-01-11T14:00:00.000Z,0.01878910870931678,1.0015193522823052,0.00005112606063693533,0.00016680876390805715,0.00010310546546987709,215169238.54979998,21242099.0803,2207017.5532,0.001416246816835276,0.001416246816835276,0.0015704783429420885,1.001570478342942,-8.256437625808744e-7,0.999456828548624,449.9405806993708,10.805732452313677,0.00004250179999999999,0.000017437110740026306
2022-01-11T15:00:00.000Z,0.01878910870931678,1.0015225474341243,0.000059144025880312374,0.00020374399735863832,0.00014219515704794183,217828192.1925,25967572.1197,4725473.0394,0.0013803522770763355,0.0013803522770763355,0.0015816914600045896,1.0015816914600046,-2.7234225985495186e-10,1.0006827558266727,449.35714756930076,10.714188156024031,0.000041980499999999996,0.000036879083860186363
2022-01-11T16:00:00.000Z,0.01878910870931678,1.0039337399861321,0.00006782935160605679,0.00023792438484263555,0.00017633774591607754,219998473.4421,30373553.7883,4405981.6686,0.0037574022402160345,0.0037574022402160345,0.004001569337738169,1.0040015693377382,-0.000004058124490780024,1.0002279397382472,451.69832311775855,10.761477672055538,0.000041663400000000005,0.0000340464582295899
2022-01-11T17:00:00.000Z,0.01878910870931678,1.0152166537359126,0.00007782481943260398,0.00027278367731271565,0.0002160416592396075,221416055.8332,34845741.6024,4472187.8141,0.015000612076673026,0.015000612076673026,0.015294478555345237,1.0152944785553453,-0.00010285430566014941,0.9998725243125984,462.03823030010415,10.977382038117725,0.00004186380000000001,0.00003433680206866921
2022-01-11T18:00:00.000Z,0.01878910870931678,1.0177097582190282,0.00008713436526256716,0.0003065696607368847,0.0002478721734184841,221108093.3382,39163599.5417,4317857.9393,0.01746188604560972,0.01746188604560972,0.01779689258429077,1.0177968925842908,-0.0001326026445428452,1.0003516772605427,464.05935547559835,11.058778593818419,0.00004202660000000001,0.00003319805433617673
2022-01-11T19:00:00.000Z,0.01878910870931678,1.0145312281192969,0.0000953239878623677,0.00032611470414125996,0.00026522983746368745,220398211.675,41661242.4357,2497642.894,0.01426599828183317,0.01426599828183317,0.014626552107159225,1.0146265521071591,-0.00009749298840833198,0.9995274638367879,461.52894122272147,10.996059232032682,0.0000420307,0.000019265096969394448
2022-01-11T20:00:00.000Z,0.01878910870931678,1.0128477510765947,0.0001035756209341948,0.0003398072727499072,0.00027982372098267483,220014629.2164,43410861.0212,1749618.5855,0.012567927355612074,0.012567927355612074,0.012951326697528943,1.012951326697529,-0.00008084474944514142,0.999100325376868,460.18151750757085,10.950273229231767,0.00004203510000000004,0.000013518881021427508
2022-01-11T21:00:00.000Z,0.01878910870931678,1.0132475093221767,0.00011228547985342102,0.00034896722253539934,0.00028788748725383506,220068045.35750002,44581129.8538,1170268.8326,0.01295962183492283,0.01295962183492283,0.013359794802030086,1.01335979480203,-0.00008239496062734109,0.9993655333036544,460.415397204866,10.956123033738647,0.00004204169999999997,0.000009040190329259897
2022-01-11T22:00:00.000Z,0.01878910870931678,1.0130654853747787,0.00012084134825890407,0.0003589636033154824,0.0002978426196718065,218516858.2469,45849486.1874,1268356.3336,0.01276764275510689,0.01276764275510689,0.0131863267230376,1.0131863267230377,-0.00008485337384966929,0.9989861838612452,460.4156644992995,10.941741516447602,0.00004233399999999999,0.000009867457295600162
2022-01-11T23:00:00.000Z,0.01878910870931678,1.0141992740401264,0.00012979305279090222,0.00036965920574489567,0.0003087442871674284,213910164.9765,47176466.5364,1326980.349,0.013890529752959013,0.013890529752959013,0.014329067092917343,1.0143290670929173,-0.00009069364041935923,0.9996529431109181,461.12941050108384,10.945969782562305,0.00004329860000000004,0.000010545859723626633
2022-01-12T00:00:00.000Z,0.01878910870931678,1.0168602858619105,0.00013878673009423088,0.00038742511032449655,0.0003271118868863887,199370510.0004,49225447.9631,2048981.4267,0.016533173975024074,0.016533173975024074,0.016999072592004692,1.0169990725920046,-0.00010772501493439002,1.0010461216586115,462.8912408841579,10.902827267088973,0.00004640000000000001,0.000017471332271673533
2022-01-12T01:00:00.000Z,0.01878910870931678,1.017059005488135,0.00014851076337214103,0.00040107549738409136,0.00033993204158289103,196207675.7243,50774499.5978,1549051.6347,0.016719073446552102,0.016719073446552102,0.017207516251507134,1.017207516251507,-0.00012096842959863352,1.0003522674846868,463.3817430769311,10.905058361562256,0.00004731969999999994,0.000013421430987696365
2022-01-12T02:00:00.000Z,0.01878910870931678,1.0150983714264505,0.00015713153763397602,0.0004217732356975853,0.0003622320168517046,197053245.2392,53137966.0862,2363466.4884,0.014736139409598836,0.014736139409598836,0.015255502964084518,1.0152555029640846,-0.00009723368877501137,1.000009357361517,461.7342920013767,10.834564119879794,0.000047063500000000136,0.000020389885106447954
2022-01-12T03:00:00.000Z,0.01878910870931678,1.0114928541471753,0.00016540332348336233,0.0004391216331292891,0.0003762466803916009,196229689.944,55117725.2409,1979759.1547,0.011116607466783668,0.011116607466783668,0.011658257470658632,1.0116582574706587,-0.00005007358943909246,1.000374237962171,458.2789677899632,10.749095349691133,0.00004709369999999997,0.000017151281052069498
2022-01-12T04:00:00.000Z,0.01878910870931678,1.0118279883656667,0.00017482066424276123,0.0004568104009019948,0.0003952173476517995,201647900.7056,57191376.2258,2073650.9849,0.011432771018014876,0.011432771018014876,0.012002809029909436,1.0120028090299094,-0.000057363015014688656,0.9999830920057192,458.74497794791864,10.759954383083475,0.00004575479999999996,0.000017481990449663533
2022-01-12T05:00:00.000Z,0.01878910870931678,1.0104912798139363,0.0001838677190784246,0.00046923525895147005,0.00040836061418936254,201386037.52659997,58647972.8893,1456596.6635,0.01008291919974691,0.01008291919974691,0.010675147533014696,1.0106751475330147,-0.000049013247078844024,0.9994579982936369,457.7616905589375,10.747185563862113,0.00004583030000000005,0.000012295859029566191
2022-01-12T06:00:00.000Z,0.01878910870931678,1.0122326395957826,0.00019358943239676957,0.00048145676811411697,0.0004206416108116784,201746903.0858,60080828.64300001,1432855.7537,0.011811997984970901,0.011811997984970901,0.01242622902817935,1.0124262290281794,-0.00006292304672128601,0.9998508442027328,459.1497690273705,10.773215446853786,0.000045827599999999954,0.000012073814983192414
2022-01-12T07:00:00.000Z,0.01878910870931678,1.0135192083418219,0.00020271742954623643,0.0005012630721961844,0.00044177694028557646,202062901.94300002,62403614.31880001,2322785.6758,0.013077431401536277,0.013077431401536277,0.01372192577136809,1.013721925771368,-0.00010197164644254464,0.9980395667029404,461.1343351186145,10.76588543435358,0.00004577639999999996,0.000019542110951043844
2022-01-12T08:00:00.000Z,0.01878910870931678,1.010935655719855,0.00021036708841422528,0.000519935709099523,0.0004580608117243923,201559908.8967,64593580.253000006,2189965.9342,0.010477594908130605,0.010477594908130605,0.011146022808269223,1.0111460228082692,-0.00005787765933373823,0.9989908317071718,458.3337226610531,10.683747010380186,0.00004581240000000001,0.000018470647801532883
2022-01-12T09:00:00.000Z,0.01878910870931678,1.015867665899303,0.00022309816938411868,0.0005442848307329529,0.0004851484047561083,202541439.7391,67449270.76740001,2855690.5144,0.015382517494546999,0.015382517494546999,0.016090764068687227,1.0160907640686871,-0.00010489626012044617,1.0001070232678568,462.27757246496014,10.856873040547441,0.000045698899999999956,0.00002396879315528446
2022-01-12T10:00:00.000Z,0.01878910870931678,1.0192070941809488,0.00023305819323236808,0.0005625918409753626,0.0005039309569181416,202968526.8994,69593813.85110001,2144543.0837,0.01870316322403065,0.01870316322403065,0.01944015237418116,1.0194401523741812,-0.00014997382937143033,1.0005369353268534,465.1061925860712,10.88833082609186,0.00004552500000000005,0.00001796201262325256
2022-01-12T11:00:00.000Z,0.01878910870931678,1.018665153485055,0.00024177740604663396,0.0005780867792627923,0.0005211435511827123,202886770.6683,71409175.66250001,1815361.8114,0.01814400993387233,0.01814400993387233,0.018906930891101674,1.0189069308911016,-0.00014624684117003905,1.0002043645219905,464.7502303041381,10.865873326053327,0.00004506219999999994,0.00001521102173993146
2022-01-12T12:00:00.000Z,0.01878910870931678,1.0222766634547287,0.00025338356001558364,0.0005981267503375014,0.0005421942938772517,203406611.2366,73754726.091,2345550.4285,0.021734469160851422,0.021734469160851422,0.02253004701474426,1.0225300470147443,-0.00022237121559232076,0.9997372669693366,468.25254485904424,10.965958410273075,0.00004552090000000015,0.000019603274958510884
2022-01-12T13:00:00.000Z,0.01878910870931678,1.0278263304793036,0.00026679817068625203,0.0006239292583812797,0.0005699497264546327,204515810.634,76774817.8524,3020091.7614,0.027256380752848974,0.027256380752848974,0.02809312864998986,1.02809312864999,-0.00032648021518277837,1.0006616526770387,472.8902675038087,11.13036194090245,0.00004598029999999963,0.000025103956405444116
2022-01-12T14:00:00.000Z,0.01878910870931678,1.033541168900303,0.0002795528956264963,0.0006524832021684111,0.0006021615276703418,205692597.1738,80117599.97870001,3342782.1263,0.032939007372632556,0.032939007372632556,0.0338207217959294,1.0338207217959294,-0.0005229433838073172,0.9993875709623495,478.74621164997245,11.256826063145345,0.00004597200000000011,0.00002762729282818271
2022-01-12T15:00:00.000Z,0.01878910870931678,1.0375021916793772,0.00029039609535314736,0.0006811248234524236,0.0006327294799530758,206501287.0673,83470977.14750001,3353377.1688,0.03686946219942411,0.03686946219942411,0.03779258777473033,1.0377925877747303,-0.0006440288988810439,0.9996334122581123,482.2778785750167,11.300703067838263,0.00004593580000000008,0.000027606322788206618
2022-01-12T16:00:00.000Z,0.01878910870931678,1.0362570159260445,0.00029941028490947303,0.0007094845329493616,0.0006614863618770173,206163643.3269,86789902.19240001,3318925.0449,0.03559552956416745,0.03559552956416745,0.03655642621095394,1.036556426210954,-0.0006307816550312761,0.9987760311709362,481.5065069717895,11.276423585897717,0.000045489800000000074,0.000027367446972129716
2022-01-12T17:00:00.000Z,0.01878910870931678,1.0394820418548134,0.0003109520082188802,0.0007314371300716704,0.0006847189971701528,206743776.0329,89358241.71130002,2568339.5189,0.03879732285764326,0.03879732285764326,0.03979299386303229,1.0397929938630324,-0.0007190597258855957,0.9994563197577597,484.1587252863973,11.343387281617398,0.000045810600000000066,0.000021118784158393197
2022-01-12T18:00:00.000Z,0.01878910870931678,1.0399967744388354,0.0003194742553523,0.0007525097430454,0.0007062944229330181,204379308.4783,91794225.55440001,2435983.8431,0.03929048001590241,0.03929048001590241,0.04031624869418773,1.0403162486941877,-0.0007371145009191782,0.9994573697100274,484.61802294621236,11.29504484471133,0.000046401200000000026,0.00002026219074769836
2022-01-12T19:00:00.000Z,0.01878910870931678,1.0403238156414427,0.00032776900031422006,0.0007700904245913445,0.000726353848560457,204480682.9864,93826912.61400001,2032687.0596,0.03959746179288226,0.03959746179288226,0.04065158464175694,1.040651584641757,-0.0006865101295432385,1.0010957510984295,484.1107658911387,11.240727254918879,0.00004654800000000004,0.000016899239335726542
2022-01-12T20:00:00.000Z,0.01878910870931678,1.04251320959122,0.00034029906264980956,0.0007857503011906681,0.0007415292406505181,204914633.22,95637547.2079,1810634.5939,0.04177168035056944,0.04177168035056944,0.04285350865386977,1.0428535086538697,-0.0007874996541408219,1.0005501250838256,486.4029296161536,11.330595073628478,0.00004654759999999991,0.000015021273792220196
2022-01-12T21:00:00.000Z,0.01878910870931678,1.0418111554743572,0.00034927627525687137,0.000800246404822378,0.0007552279929250449,204765813.9019,97313534.7847,1675987.5768,0.041055927481432164,0.041055927481432164,0.04216043174961408,1.042160431749614,-0.0008008238963668202,0.999528132236796,486.2314413924569,11.300408102802727,0.000046550600000000055,0.00001391432889244391
2022-01-12T22:00:00.000Z,0.01878910870931678,1.0427036702129373,0.0003592686674478036,0.0008130790241090628,0.0007686531786625928,204927248.0233,98797095.10890001,1483560.3242,0.04193501703427471,0.04193501703427471,0.04306293888038511,1.0430629388803851,-0.0008030046949230041,1.0003176265488436,486.66855279754674,11.30379353899368,0.000046555100000000086,0.000012307062996587186
2022-01-12T23:00:00.000Z,0.01878910870931678,1.0409444932416394,0.0003682929829935166,0.0008251498652878806,0.0007805703359291538,204592903.5905,100192665.0487,1395569.9398,0.04016392290571025,0.04016392290571025,0.04131278622463292,1.041312786224633,-0.0007712380827531451,0.9994179518221639,485.4520787028748,11.277362959879419,0.00004655380000000017,0.000011596046861960478
2022-01-13T00:00:00.000Z,0.01878910870931678,1.042643514106253,0.0003787341680042274,0.000835224837151873,0.0007909269529688956,204926696.2512,101357481.76640001,1164816.7177,0.041852587153284215,0.041852587153284215,0.04302224827425734,1.0430222482742573,-0.0008103051941998896,1.0000565203305523,486.7185978010083,11.294814347101918,0.00004651439999999985,0.000009662910964331736
2022-01-13T01:00:00.000Z,0.01878910870931678,1.0399622245391027,0.0003874907987426766,0.0008512730414132682,0.0008051187263269366,204404341.6531,103212935.2212,1855453.4548,0.03915710581277576,0.03915710581277576,0.04034971533784537,1.0403497153378454,-0.0006555284740457079,1.0015191084566368,483.4962627587703,11.262422503615301,0.000046513599999999954,0.000015431525806399924
2022-01-13T02:00:00.000Z,0.01878910870931678,1.0345937912728065,0.0003924480027521485,0.0008692711305248336,0.0008186661474887114,203381145.8434,105294156.6375,2081221.4163,0.03377512512531777,0.03377512512531777,0.034986239275558634,1.0349862392755587,-0.0005379836862335896,0.9997344709921523,479.3551822337416,11.123752325357456,0.00004654539999999985,0.00001739628515238211
2022-01-13T03:00:00.000Z,0.01878910870931678,1.037333134419072,0.000404596122011889,0.0008860304612148373,0.0008384883870529158,203922114.39180002,107232156.7589,1938000.1214,0.03649464603201902,0.03649464603201902,0.03773773054108382,1.0377377305410838,-0.0006022316968665731,1.0004569607913825,481.53255512733296,11.19068527985318,0.00004654509999999998,0.000016156169311043984
2022-01-13T04:00:00.000Z,0.01878910870931678,1.0331777295189761,0.00041024820682304095,0.0009170006186201064,0.0008651781567237116,203062569.7174,110812703.3498,3580546.5909,0.03231255136225242,0.03231255136225242,0.03358797772579917,1.0335879777257992,-0.00048373104475341044,1.0000176183283587,477.8644267887956,11.07896730880504,0.00004655569999999982,0.000029975633682766416
2022-01-13T05:00:00.000Z,0.01878910870931678,1.0350740595602752,0.0004224184634497131,0.0009287680739395057,0.0008795437044875065,203654975.83260003,112174640.97160001,1361937.6218,0.0341945158557877,0.0341945158557877,0.035496478023724916,1.035496478023725,-0.0005483892337191376,0.9998241387323314,479.7011737995509,11.144637451727858,0.00004650730000000017,0.000011368708019995158
2022-01-13T06:00:00.000Z,0.01878910870931678,1.0356536155294676,0.00043397467865117606,0.0009404360089868045,0.0008922025745301543,203486165.2155,113523185.94360001,1348544.972,0.0347614129549374,0.0347614129549374,0.036087590208118726,1.0360875902081188,-0.0005566216955836811,1.0001243065934082,480.08308660406334,11.191159183160176,0.000046572500000000103,0.000011266252179710216
2022-01-13T07:00:00.000Z,0.01878910870931678,1.0388353544012425,0.00044285008298254207,0.0009542760288838698,0.000907704839227863,204115253.5386,115122804.94000001,1599618.9964,0.037927649562014665,0.037927649562014665,0.03927820448422507,1.039278204484225,-0.0006773046006253169,0.9997371686808334,483.2126129868597,11.16802424391897,0.000046572000000000075,0.000013322631438545315
