query_ts,assumedLPToken,equityValue,totalDexYield,totalTradingfee,newTotalTradingFee,liquidity,totalVolume,volume,priceImpact,priceEffect,totalReturn,totalEquityVal,impermanentLoss,tokenPrice,quoteTokenPrice,rewardPrice,rewardTokenPerLP,feePerDollar
2021-12-14T09:00:00.000Z,0.01742198163812942,1,0.00000766178560098127,0.000026039353696663476,6.125100426856989e-13,255669820.8055,3916162.9542,3916162.9542,-6.125100426856989e-13,-6.125100426856989e-13,0.00000766178560098127,1.000007661785601,-2.220446049250313e-16,1.000771343219945,534.2668802983543,11.443703033458915,0.0000384296,0.000026039354199745982
2021-12-14T10:00:00.000Z,0.01742198163812942,0.9921336930107273,0.000015016940279472012,0.000056857511659513594,0.00002989275226628063,253616113.8768,8550252.3182,4634089.364,-0.00789619974153899,-0.00789619974153899,-0.007851290048993237,0.9921487099510068,-0.00002760851792593666,1.0002744458441255,526.1240639890729,11.232422371881245,0.000038308399999999994,0.000031062505447216574
2021-12-14T11:00:00.000Z,0.01742198163812942,0.9893284796056215,0.000022843561113759936,0.00008282917224652212,0.00005642638112335341,254205854.01479998,12475760.0731,3925507.7549,-0.010727946775501818,-0.010727946775501818,-0.010648676833264705,0.9893513231667352,-0.00005153656249057281,1.0001378608506408,523.1963753699275,11.407173850974516,0.00003820649999999999,0.000026251807650902774
2021-12-14T12:00:00.000Z,0.01742198163812942,0.9900892539016947,0.00003088857746294844,0.00011212392077536724,0.00008672264867759516,254856387.52370003,16911458.7379,4435698.6648,-0.00999746874698293,-0.00999746874698293,-0.009879857520842385,0.9901201424791576,-0.000048061810061450494,1.000527867874412,523.7650726596705,11.579323431884982,0.0000381703,0.000029587987977969607
2021-12-14T13:00:00.000Z,0.01742198163812942,0.991459153129939,0.00003895480333520404,0.0001413722867624972,0.00011483285823643552,254936575.58749998,21335406.6727,4423947.9348,-0.008655679728297394,-0.008655679728297394,-0.008501892066725754,0.9914981079332742,-0.00003280686647744169,1.000178045190531,525.3694824217145,11.798523616780495,0.00003639680000000001,0.000029500323646493485
2021-12-14T14:00:00.000Z,0.01742198163812942,0.9864682175609439,0.00004836464940342943,0.0001759385175184718,0.00015131769785659,259445054.7513,26683086.6925,5347680.0198,-0.013683100136912651,-0.013683100136912651,-0.013483417789652632,0.9865165822103473,-0.00009675095888095342,1.0009049360172833,519.6766836082119,12.38265218097359,0.00003467869999999997,0.00003504039050724842
2021-12-14T15:00:00.000Z,0.01742198163812942,0.9882786345078637,0.0000560189699735872,0.00020486045480444079,0.00017853758226160643,260006967.4136,31159024.552899998,4475937.8604,-0.011899903074397922,-0.011899903074397922,-0.011665346522162728,0.9883346534778372,-0.00007743287086614536,1.0012454551497774,521.3800864209975,12.33700755813285,0.0000364417,0.000029264963313756166
2021-12-14T16:00:00.000Z,0.01742198163812942,0.9838981472360542,0.00006276243516220214,0.00022921904895553818,0.0002029484322427777,259406063.01400003,34936775.1704,3777750.6175,-0.0163048011961886,-0.0163048011961886,-0.01603909032878362,0.9839609096712164,-0.00011831373126869327,0.9997153576691586,517.5327686698128,12.098084846315656,0.000037141200000000016,0.00002475723186702617
2021-12-14T17:00:00.000Z,0.01742198163812942,0.9853090209790055,0.00007095945152002805,0.0002503058768383086,0.0002238925950301951,260774349.907,38219653.1361,3282877.9657,-0.014914871616024672,-0.014914871616024672,-0.014620019569474448,0.9853799804305255,-0.00011239969974052855,1.0007381154331256,518.4659001201808,12.165325865126285,0.000037029499999999995,0.000021401232689029097
2021-12-14T18:00:00.000Z,0.01742198163812942,0.9818503459354418,0.00007789786019065193,0.00027485666506424334,0.0002475940908569507,259862017.1983,42041858.609400004,3822205.4733,-0.018397248155415102,-0.018397248155415102,-0.0180717562043675,0.9819282437956325,-0.0001628473762375071,1.0002507348865688,515.0575634264305,12.021885980322942,0.000037122299999999934,0.00002500461350475697
2021-12-14T19:00:00.000Z,0.01742198163812942,0.9775919911365439,0.00008531798021488339,0.0002952862905024712,0.000268067987215459,258611983.2093,45220946.124000005,3179087.5146,-0.022676076850671523,-0.022676076850671523,-0.02232269088324118,0.9776773091167589,-0.00023363854897973102,0.9994527603559187,510.98470540413894,11.979705731365405,0.000036861800000000075,0.000020897905455703762
2021-12-14T20:00:00.000Z,0.01742198163812942,0.9794975828064012,0.00009489614945375193,0.000310224435898236,0.00028222700214297625,259125912.7688,47545583.6758,2324637.5518,-0.020784644195741775,-0.020784644195741775,-0.020407521044145047,0.979592478955855,-0.00022185980811995076,1.0008343091447636,512.2563604972344,12.218242323459485,0.000037015499999999985,0.000015250824573403398
2021-12-14T21:00:00.000Z,0.01742198163812942,0.9863284966480705,0.0001049106916780201,0.0003307413193314985,0.00030538347947306477,260954708.8992,50738635.9706,3193052.2948,-0.013976886831402524,-0.013976886831402524,-0.01356659266025144,0.9864334073397486,-0.00010008638337055675,1.000844751772768,519.398376788884,12.477678781834866,0.00003679890000000003,0.000020801268250946825
2021-12-14T22:00:00.000Z,0.01742198163812942,0.9923419927824818,0.00011356894455939806,0.00036006927589954407,0.0003361689966230319,263154813.4369,55313548.8166,4574912.846,-0.007994176214141224,-0.007994176214141224,-0.007544438272958794,0.9924555617270412,-0.00003330787925448497,1.00090711712125,525.6876567890943,12.545069944908306,0.00003702249999999999,0.00002955428303448029
2021-12-14T23:00:00.000Z,0.01742198163812942,0.994032184731767,0.0001212096899078137,0.00037562242944252195,0.00035359960181646777,263603717.824,57739715.467700005,2426166.6511,-0.006321414870049447,-0.006321414870049447,-0.005846605578325165,0.9941533944216748,-0.00003260353731626697,1.0025079052794472,526.6197814764421,12.497880113271627,0.00003705349999999998,0.000015646529346842478
2021-12-15T00:00:00.000Z,0.01742198163812942,0.9938119176440274,0.00012943042420788777,0.0003845627580012765,0.0003613868037198875,265446751.63079998,59144396.58060001,1404681.1129,-0.006549469159692456,-0.006549469159692456,-0.006058651931764681,0.9939413480682353,-0.00002521012290268576,1.0013016773805374,527.0121919076869,12.518265282866766,0.00003678720000000002,0.000008995995909760922
2021-12-15T01:00:00.000Z,0.01742198163812942,0.9944985019069363,0.0001386941156458372,0.0003972505269352221,0.00037421853440644526,265632820.4862,61137886.01340001,1993489.4328,-0.005875716627470107,-0.005875716627470107,-0.005362803977417824,0.9946371960225822,-0.000013804442394516059,1.0001324540566978,528.3442169950002,12.632486383925432,0.0000367258,0.000012757956752321047
2021-12-15T02:00:00.000Z,0.01742198163812942,0.9927903391957869,0.00015035068647072702,0.00040885909121659376,0.0003862458239449751,265065063.0774,62961044.90000001,1823158.8866,-0.007595906628158122,-0.007595906628158122,-0.00705931011774242,0.9929406898822576,-0.000025320783505589084,1.000262541824474,526.4488751179006,12.938577230348658,0.00003680289999999998,0.000011692865409105132
2021-12-15T03:00:00.000Z,0.01742198163812942,0.9908849919580741,0.0001625781238835788,0.0004205970903683477,0.00039609394588668856,264551290.51399997,64804496.65530001,1843451.7553,-0.009511101987812576,-0.009511101987812576,-0.008952429918042308,0.9910475700819577,-0.000037517933711206375,0.9998768921057922,524.6211633852216,13.259198367671377,0.00003680370000000004,0.000011845975039173573
2021-12-15T04:00:00.000Z,0.01742198163812942,0.9933607244510475,0.00017057030329532436,0.0004327484835270057,0.0004100995419599185,280673499.6172,66824125.57800002,2019628.9227,-0.007049375090912413,-0.007049375090912413,-0.00646870524565717,0.9935312947543429,-0.00001880562543732367,0.9998295703678464,527.257108426099,13.256133009420223,0.00003476870000000003,0.000012232608968330256
2021-12-15T05:00:00.000Z,0.01742198163812942,0.9959226891780737,0.00017627465507322662,0.00045104517930823153,0.00043041284239953015,281413227.7161,69865308.95810002,3041183.3801,-0.004507723664325836,-0.004507723664325836,-0.0039010361668530787,0.9960989638331469,-0.00000749560030410823,1.000124998889496,529.8032528520572,13.085034271229924,0.000034680099999999966,0.00001837160174782437
2021-12-15T06:00:00.000Z,0.01742198163812942,0.9934396633906151,0.00017983241208957264,0.00047083968814803955,0.00044942434639461126,280714698.6673,73155487.42110002,3290178.463,-0.007009760955779543,-0.007009760955779543,-0.006380504197295358,0.9936194958027046,-0.000016506469218358077,0.9994824633072463,527.4823035445386,12.774749481619148,0.000034766799999999973,0.000019925224484696907
2021-12-15T07:00:00.000Z,0.01742198163812942,0.9961406172271448,0.00018794342182888954,0.0004855705398374812,0.00046402277042845164,281494527.7975,75604146.01870002,2448658.5976,-0.004323405543283698,-0.004323405543283698,-0.003671439351026357,0.9963285606489737,-0.000016029272190132282,1.0021025389861027,528.9535639146809,12.810327644405124,0.00003409860000000001,0.000014787923759976442
2021-12-15T08:00:00.000Z,0.01742198163812942,0.9971692727683051,0.0001975910590030183,0.00050265699327344,0.00048164065412381607,283007938.13740003,78456692.49860002,2852546.4799,-0.003312367885818679,-0.003312367885818679,-0.0026331361726918447,0.9973668638273081,-0.0000014053903536481727,0.9991300978444977,531.605187325914,12.936166700357655,0.00003461549999999997,0.000017134957583683238
2021-12-15T09:00:00.000Z,0.01742198163812942,0.9980495730973362,0.0002050477535986955,0.0005205809161401493,0.0005008357993331325,283253856.7051,81449011.21200003,2992318.7134,-0.0024512627019969147,-0.0024512627019969147,-0.0017453791490650867,0.9982546208509349,-8.062715476375715e-7,0.999586719252392,532.2809003035505,12.926323888106099,0.00003377870000000001,0.000017958949869043067
2021-12-15T10:00:00.000Z,0.01742198163812942,0.9966928398749061,0.00021103849392458912,0.0005400395518225503,0.0005190880816582366,283628973.6833,84706273.51400003,3257262.302,-0.0038262482067521475,-0.0038262482067521475,-0.003096121631169322,0.9969038783688307,-0.000007151860944354382,1.0007197551994178,530.2135582603661,12.82383670025696,0.00003409090000000004,0.000019523202589249564
2021-12-15T11:00:00.000Z,0.01742198163812942,0.9922696649082782,0.0002181717755223396,0.0005569663990003259,0.0005335424513037701,282502736.8732,87541058.20250003,2834784.6885,-0.0082638775430256,-0.0082638775430256,-0.00751216331619949,0.9924878366838005,-0.000019341421638841005,0.9986932911316477,526.5665234146098,12.794198605625047,0.00003419030000000005,0.000017058716045689303
2021-12-15T12:00:00.000Z,0.01742198163812942,0.99315903577079,0.00022629058439029107,0.0005761684036666028,0.0005535086665899858,282797583.0743,90757343.36250003,3216285.16,-0.007394472895799975,-0.007394472895799975,-0.006614673644819698,0.9933853263551803,-0.000014505272821319082,0.9987360741914498,527.4675600953367,12.819553345975779,0.00003441560000000006,0.000019334269807261624
2021-12-15T13:00:00.000Z,0.01742198163812942,0.9855727978735173,0.00022926203566172847,0.0005990829873228128,0.0005755385283574554,280648682.9305,94595629.53180003,3838286.1693,-0.015002740654840196,-0.015002740654840196,-0.014197940090821013,0.985802059909179,-0.00010202587844809763,0.9999399033778776,518.7872072858011,12.560545737880947,0.00003447179999999993,0.00002325001642507575
2021-12-15T14:00:00.000Z,0.01742198163812942,0.9889489482653936,0.00023697262008288845,0.0006283709743805842,0.0006052776958589412,281617102.15459996,99501609.27880003,4905979.747,-0.01165632943046535,-0.01165632943046535,-0.010814079114523522,0.9891859208854765,-0.00007857210857931118,1.001583629571264,521.4610404119089,12.56907978553725,0.000034500300000000094,0.000029615266637185554
2021-12-15T15:00:00.000Z,0.01742198163812942,0.9818709195657539,0.00024025553656261295,0.0006562160363329242,0.0006266303790042338,279422006.6792,104162892.45540002,4661283.1766,-0.018755710813250337,-0.018755710813250337,-0.01788882489768349,0.9821111751023165,-0.00014972108815791696,0.9991430606497667,515.2520420043946,12.349564036161985,0.00003449429999999997,0.00002835918864943815
2021-12-15T16:00:00.000Z,0.01742198163812942,0.9718061607089475,0.00023961145697190032,0.0007030254880283751,0.0006704973533318004,276463080.6322,111996144.86970001,7833252.4143,-0.02886433664438426,-0.02886433664438426,-0.027954227834080556,0.9720457721659195,-0.0004453680157218143,1.00133357005796,503.5865748654393,11.949021085626118,0.00003433790000000003,0.00004816747709624924
2021-12-15T17:00:00.000Z,0.01742198163812942,0.9751639312621198,0.00025287973134566585,0.0007386165006506825,0.0007056558704813254,277753199.5144,117959255.35600002,5963110.4863,-0.02554172460836157,-0.02554172460836157,-0.02458318900653458,0.9754168109934654,-0.00031377485087091816,0.9999516876209086,507.7390805328221,12.244052104183176,0.0000344656999999999,0.000036497465535710004
2021-12-15T18:00:00.000Z,0.01742198163812942,0.9780909569711539,0.00026281438483476545,0.0007538218278146515,0.0007225849030930709,278618900.9944,120507130.75580002,2547875.3998,-0.02263162793193918,-0.02263162793193918,-0.021646228644011344,0.9783537713559887,-0.00023299248930308547,0.999468314533034,511.0232329689368,12.365309537258627,0.000034490799999999775,0.000015545923712286325
2021-12-15T19:00:00.000Z,0.01742198163812942,0.9879198689798271,0.0002784143691234229,0.0007808902544117252,0.0007570886577495939,281272761.5636,125040489.13290003,4533358.3771,-0.012837219677922507,-0.012837219677922507,-0.01180171665104949,0.9881982833489505,-0.00007306623486280639,0.9999396133135399,521.0709780496784,12.73924981110219,0.000034478200000000466,0.000027399415422340485
2021-12-15T20:00:00.000Z,0.01742198163812942,1.0027111768915884,0.0002970682357219624,0.0008395524063594409,0.0008281263159704011,285493849.66499996,134865430.54910004,9824941.4162,0.001883050575617995,0.001883050575617995,0.0030082451273103585,1.0030082451273103,-0.000004694368189173126,0.9995883000264489,536.9155826082134,13.234204366076433,0.000033988999999999725,0.000058503538437478386
2021-12-15T21:00:00.000Z,0.01742198163812942,1.0106482023315653,0.0003087459590160361,0.0008691262079947784,0.0008641632466732663,287604528.9044,139815986.14330006,4950555.5942,0.009784039084892004,0.009784039084892004,0.010956948290581307,1.0109569482905814,-0.00005262330347011179,1.0002483601809538,545.0574364548607,13.395491662519913,0.00003452499999999993,0.00002926221135042511
2021-12-15T22:00:00.000Z,0.01742198163812942,1.0078334433234148,0.000313300414227269,0.000890538414033217,0.0008822770422416415,286582628.22690004,143397557.18810007,3581571.0448,0.0069511662811732045,0.0069511662811732045,0.008146743737642115,1.0081467437376421,-0.000030743159314949864,0.9998567527742258,542.2157743821977,13.247114060732814,0.00003455219999999989,0.000021245777574973357
2021-12-15T23:00:00.000Z,0.01742198163812942,1.0031668681632178,0.0003167847428679443,0.0009134338979709571,0.0009015534805560943,285325779.8914,147228174.34580007,3830617.1577,0.0022653146826616677,0.0022653146826616677,0.0034836529060857063,1.0034836529060858,-0.000005208647983589998,0.9998062267744807,537.208256100432,13.062054636725687,0.00003454400000000017,0.000022823206408368006
2021-12-16T00:00:00.000Z,0.01742198163812942,1.0061540396487965,0.0003263895456273879,0.0009225450612550607,0.0009132433552911934,286147310.7494,148752402.81940007,1524228.4736,0.005240796293505268,0.005240796293505268,0.006480429194423849,1.0064804291944238,-0.00001854475214313478,0.9999079988824688,540.3476687573238,13.132180204585758,0.00003454760000000009,0.000009055435112543452
2021-12-16T01:00:00.000Z,0.01742198163812942,1.008032714808252,0.0003348879030817075,0.0009382272385096542,0.0009310457789857285,286614694.7622,151375299.95220008,2622897.1328,0.007101669029266233,0.007101669029266233,0.008367602711333669,1.0083676027113337,-0.000020417565522179437,1.001458387705083,541.5104434574242,13.155708427279585,0.00003452719999999992,0.000015557210454472697
2021-12-16T02:00:00.000Z,0.01742198163812942,1.0038552859694825,0.00034039398773925083,0.0009594875701653605,0.0009482697589269229,285231294.8615,154928725.11470008,3553425.1625,0.0029070162105555575,0.0029070162105555575,0.0041956799572217315,1.0041956799572218,-0.000008160427017789296,0.9996339904829529,537.9890519272268,13.063104395502338,0.000034551400000000016,0.000021178681600079145
2021-12-16T03:00:00.000Z,0.01742198163812942,1.0015485547926517,0.00034539566992219207,0.0009701351013534116,0.000956364329474324,284577195.3305,156708348.32610008,1779623.2114,0.0005921904631773778,0.0005921904631773778,0.0018939504625738938,1.001893950462574,-0.0000035204854860193535,0.9987104066242766,536.0036613017788,12.955518294710735,0.00003458019999999992,0.000010631067805227442
2021-12-16T04:00:00.000Z,0.01742198163812942,1.0001329079929457,0.00035039858556549787,0.000982435063944885,0.0009679062911661651,284436506.8167,158766050.25460008,2057701.9285,-0.000834998298220424,-0.000834998298220424,0.00048330657851123894,1.0004833065785113,-2.4613332594292103e-8,1.0001575820320805,533.702342242662,12.853229303449192,0.000034519699999999974,0.000012298327375762222
2021-12-16T05:00:00.000Z,0.01742198163812942,0.9976524388708393,0.00035660862065698616,0.001003517653059523,0.000986002036982847,283735420.5441,162293081.49490008,3527031.2403,-0.003333563166143527,-0.003333563166143527,-0.001990952508503694,0.9980090474914963,-0.000003690524779109694,1.0001487379677851,531.0411668178945,12.798451415080548,0.00003454819999999994,0.000021132198077391857
2021-12-16T06:00:00.000Z,0.01742198163812942,0.9972219223243488,0.0003577746299191882,0.0010185718776345462,0.0010017082286848389,283720782.3619,164812549.21150008,2519467.7166,-0.0037797859043360305,-0.0037797859043360305,-0.002420303045732003,0.997579696954268,-0.000005103439045694991,1.0001789418534817,530.5497405527667,12.568890314825467,0.00003453529999999993,0.000015096162792744236
2021-12-16T07:00:00.000Z,0.01742198163812942,0.9993128329456724,0.000369637209709939,0.0010319505657740986,0.0010172752108672523,284322013.9663,167051650.04860008,2239100.8371,-0.0017044422651948388,-0.0017044422651948388,-0.0003175298446176475,0.9996824701553824,-9.201236901290599e-7,1.000421796038826,532.63321524752,12.716837499304264,0.00003453470000000007,0.000013387888507012235
