query_ts,assumedLPToken,equityValue,totalDexYield,totalTradingfee,newTotalTradingFee,liquidity,totalVolume,volume,priceImpact,priceEffect,totalReturn,totalEquityVal,impermanentLoss,tokenPrice,quoteTokenPrice,rewardPrice,rewardTokenPerLP,feePerDollar
2022-04-13T09:00:00.000Z,0.018591852333308297,0.9999999999999999,0.000004179657477824612,0.00001846020900449184,3.47499806707674e-14,334704991.8196,3634543.4569,3634543.4569,-3.4861002973229915e-14,-3.4861002973229915e-14,0.0000041796574777135895,1.0000041796574777,-1.1102230246251565e-16,1.0002146020147902,418.67747606938656,8.122615200448536,0.0000276772,0.00001846020832596432
2022-04-13T10:00:00.000Z,0.018591852333308297,1.0011490382344725,0.000008345788071797978,0.00004355579433118442,0.0000259506836675083,335044940.90599996,8574836.9321,4940293.4752,0.0011230875508050353,0.0011230875508050353,0.0011573840225443416,1.0011573840225443,-0.0000016178869792771167,0.9995383160304809,419.90234021954353,8.108885378225434,0.0000276812,0.0000250667832354952
2022-04-13T11:00:00.000Z,0.018591852333308297,0.9957790779212758,0.0000123479720355987,0.00006916817365881549,0.00005137019470802251,333259270.6512,13617038.858199999,5042201.9261,-0.004272292273432177,-0.004272292273432177,-0.004208574106688555,0.9957914258933115,-0.00001378875970547977,1.0011852967063677,414.7052270875295,7.997952795549113,0.000027682899999999995,0.000025720944709566578
2022-04-13T12:00:00.000Z,0.018591852333308297,0.9949221720253661,0.000016435763077528382,0.00009142833045963708,0.00007327960627501184,333247432.6052,18002921.537499998,4385882.6793,-0.005151107580908865,-0.005151107580908865,-0.005061392211556324,0.9949386077884437,-0.000011431767234504342,0.9998317784872935,414.53393907394076,7.987538628259105,0.00002763489999999999,0.000022373767433170785
2022-04-13T13:00:00.000Z,0.018591852333308297,0.9929557994516415,0.00002043523963273674,0.00011080908156707848,0.00009186995388010821,332599352.0578,21821600.7061,3818679.1686,-0.007136070502238634,-0.007136070502238634,-0.007023765308725789,0.9929762346912742,-0.000019847003396522567,0.9993535041161766,413.0789977579929,7.945655076293428,0.000027657300000000007,0.000019518241831967986
2022-04-13T14:00:00.000Z,0.018591852333308297,1.00181813820868,0.000025013352907760855,0.0001529014275377727,0.00014045367903636752,335569992.3684,30115302.827699997,8293702.1216,0.0016776845296435638,0.0016776845296435638,0.0018431515615876923,1.0018431515615878,-0.000002713590297021007,0.9995613203945948,420.35802519076765,8.109717814358138,0.000027565399999999985,0.000042015954725896116
2022-04-13T15:00:00.000Z,0.018591852333308297,0.9958890919074043,0.000029000113498309323,0.00017118014473897203,0.00015209838213869897,333629503.7797,33717357.1078,3602054.2801,-0.004263006474734432,-0.004263006474734432,-0.004081907979097424,0.9959180920209025,-0.000008206103054630987,0.9999936719770998,415.20714725554046,8.059883040677926,0.000027631100000000004,0.000018354168941285912
2022-04-13T16:00:00.000Z,0.018591852333308297,0.9997576943536988,0.000033442965867354,0.00018905179147414832,0.00017096977893094056,334999299.40430003,37239968.8957,3522611.7879,-0.00041327542523217353,-0.00041327542523217353,-0.00020886268043387898,0.9997911373195661,-1.092664181356895e-9,0.9998479771973634,418.48488337947805,8.13598017495018,0.000027561600000000014,0.00001787597780078561
2022-04-13T17:00:00.000Z,0.018591852333308297,0.9982997824330272,0.00003759020509214787,0.00020273702343772762,0.00018517223957048579,334942682.4345,39940895.4056,2700926.5099,-0.0018853898065432917,-0.0018853898065432917,-0.001662627361880658,0.9983373726381194,-0.000001232281836904825,0.9998973085653377,417.23258060950735,8.129595074111693,0.000027612599999999977,0.000013708539722249073
2022-04-13T18:00:00.000Z,0.018591852333308297,0.9983741287833693,0.000041910683876223375,0.0002091895842167497,0.0001906063242743672,334956859.1604,41214336.22539999,1273440.8198,-0.0018164775409050815,-0.0018164775409050815,-0.0015839605327544908,0.9984160394672456,-0.000001172757266076907,0.9999279602722508,417.27740452888315,8.158175929058663,0.000027613700000000017,0.000006463069301182227
2022-04-13T19:00:00.000Z,0.018591852333308297,1.0038530063995235,0.000046671259613388364,0.00021827715149430444,0.00020065004425373623,336795985.7886,43007811.7674,1793475.542,0.003652356355269726,0.003652356355269726,0.0038996776591368504,1.003899677659137,-0.000007004035598723313,1.0001175418833024,421.7823092481618,8.25944764411963,0.000027613700000000017,0.000009052686344408323
2022-04-13T20:00:00.000Z,0.018591852333308297,1.0020327288691568,0.00005053577646502638,0.00022426977959356421,0.00020634266779984145,336185618.1401,44190487.302099995,1182675.5347,0.0018263862013569998,0.0018263862013569998,0.0020832646456218676,1.002083264645622,-0.0000013272860499569106,1.0004100967791856,420.12609134723203,8.199049999065682,0.000027590699999999986,0.000005980471205499742
2022-04-13T21:00:00.000Z,0.018591852333308297,1.0027055957794675,0.0000548715688530634,0.0002297575626753801,0.00021190882686394907,336412445.4922,45273532.5461,1083045.244,0.0024936869526035466,0.0024936869526035466,0.002760467348320559,1.0027604673483206,-0.0000035202610467743867,1.000051761097149,420.83669545378564,8.217993149309542,0.000027613700000000017,0.000005472975032496796
2022-04-13T22:00:00.000Z,0.018591852333308297,1.0029435784333907,0.00005908696663412443,0.0002344967225127725,0.0004498914807871124,336502403.3358,46208860.825399995,935328.2793,0.0024936869526035466,0.0024936869526035466,0.0030026654000247835,1.0030026654000248,-0.0000035202610467743867,1.000051761097149,420.83669545378564,8.217993149309542,0.000027589900000000015,0.000004725250277702359
2022-04-13T23:00:00.000Z,0.018591852333308297,1.005677819653961,0.00006330603132034806,0.00024802531068370275,0.003184132701357534,337412353.0089,48878826.396,2669965.5706,0.0024936869526035466,0.0024936869526035466,0.0057411256852814285,1.0057411256852815,-0.0000035202610467743867,1.000051761097149,420.83669545378564,8.217993149309542,0.00002761390000000003,0.000013452208935279486
2022-04-14T00:00:00.000Z,0.018591852333308297,1.0050000350704247,0.00006751802193536218,0.000256615239145778,0.0025063481178211333,337191237.4813,50574142.8845,1695316.4885,0.0024936869526035466,0.0024936869526035466,0.005067553092360042,1.00506755309236,-0.0000035202610467743867,1.000051761097149,420.83669545378564,8.217993149309542,0.00002756760000000004,0.000008547191356388176
2022-04-14T01:00:00.000Z,0.018591852333308297,1.0066118717811172,0.00007173699494895674,0.0002687268288400876,0.004118184828513671,337738595.5659,52964544.510299996,2390401.6258,0.0024936869526035466,0.0024936869526035466,0.006683608776066175,1.0066836087760662,-0.0000035202610467743867,1.000051761097149,420.83669545378564,8.217993149309542,0.000027613299999999985,0.000012032035477174501
2022-04-14T02:00:00.000Z,0.018591852333308297,1.0086663249062273,0.00007595602907763734,0.00028032129545767237,0.006172637953623772,338424259.1478,55252859.573199995,2288315.0629,0.0024936869526035466,0.0024936869526035466,0.008742280935304957,1.008742280935305,-0.0000035202610467743867,1.000051761097149,420.83669545378564,8.217993149309542,0.000027613700000000017,0.000011494848557032847
2022-04-14T03:00:00.000Z,0.018591852333308297,1.0072105252765482,0.00008018238173787163,0.0002947775891722562,0.00471683832394465,337355922.46430004,58101096.474999994,2848236.9018,0.0024936869526035466,0.0024936869526035466,0.0072907076582860685,1.007290707658286,-0.0000035202610467743867,1.000051761097149,420.83669545378564,8.217993149309542,0.00002766160000000004,0.00001435280192412331
2022-04-14T04:00:00.000Z,0.018591852333308297,1.0041919024245358,0.00008439111797455394,0.00030682230211453765,0.001698215471932274,336347250.3038,60474211.099199995,2373114.6242,0.0024936869526035466,0.0024936869526035466,0.004276293542510375,1.0042762935425105,-0.0000035202610467743867,1.000051761097149,420.83669545378564,8.217993149309542,0.000027546299999999957,0.000011994433899774982
2022-04-14T05:00:00.000Z,0.018591852333308297,1.004175488304656,0.00008861740951970218,0.00030682230211453765,0.0016818013520525366,336347250.3038,60474211.099199995,0,0.0024936869526035466,0.0024936869526035466,0.004264105714175785,1.0042641057141757,-0.0000035202610467743867,1.000051761097149,420.83669545378564,8.217993149309542,0.00002766120000000001,0
2022-04-14T06:00:00.000Z,0.018591852333308297,1.0024708333477788,0.00009284373162239344,0.0003179092985451291,-0.000022853604824790708,335776244.5474,62658666.4801,2184455.3809,0.0024936869526035466,0.0024936869526035466,0.002563677079401149,1.002563677079401,-0.0000035202610467743867,1.000051761097149,420.83669545378564,8.217993149309542,0.000027661400000000023,0.000011059669073777409
2022-04-14T07:00:00.000Z,0.018591852333308297,1.0021758342050797,0.00009702780792185731,0.00032833300089676605,-0.00031785274752382797,335676494.471,64712428.5256,2053762.0455,0.0024936869526035466,0.0024936869526035466,0.002272862013001576,1.0022728620130015,-0.0000035202610467743867,1.000051761097149,420.83669545378564,8.217993149309542,0.000027384899999999993,0.000010401072267071207
2022-04-14T08:00:00.000Z,0.018591852333308297,1.0038501592079327,0.00010125408418823404,0.0003404519529645996,0.0013564722553291997,336243989.79209995,67100249.4847,2387820.9591,0.0024936869526035466,0.0024936869526035466,0.00395141329212098,1.003951413292121,-0.0000035202610467743867,1.000051761097149,420.83669545378564,8.217993149309542,0.000027661100000000002,0.000012072470449151722
2022-04-14T09:00:00.000Z,0.018591852333308297,1.0038384944343663,0.000105475043442125,0.0003404519529645996,0.0013448074817627997,336243989.79209995,67100249.4847,0,0.0024936869526035466,0.0024936869526035466,0.003943969477808471,1.0039439694778085,-0.0000035202610467743867,1.000051761097149,420.83669545378564,8.217993149309542,0.00002762629999999998,0
2022-04-14T10:00:00.000Z,0.018591852333308297,1.000607892084325,0.0001097012891509587,0.00035699728856046666,-0.0018857948682784453,335164368.45699996,70360271.73110001,3260022.2464,0.0024936869526035466,0.0024936869526035466,0.00071759337347606,1.000717593373476,-0.0000035202610467743867,1.000051761097149,420.83669545378564,8.217993149309542,0.000027660899999999988,0.000016535283402570336
2022-04-14T11:00:00.000Z,0.018591852333308297,0.9998895854784415,0.0001130848399250779,0.0003663669890563646,0.0003703145286536591,334925548.0746,72206447.2161,1846175.485,-0.0004807290502121253,-0.0004807290502121253,0.000002670318366611692,1.0000026703183666,-6.068485713939253e-10,0.9996989415287728,418.4907848356276,8.157447282686174,0.000027638900000000034,0.000009370734309587345
2022-04-14T12:00:00.000Z,0.018591852333308297,0.9991859639111276,0.00011751080014133099,0.0003779516782188073,0.0003819331391534675,334661252.8902,74488862.0066,2282414.7905,-0.001195969228025895,-0.001195969228025895,-0.0006965252887310965,0.9993034747112689,-5.931144774207198e-7,1.0001070414031583,417.7215449106462,8.17437948489193,0.000027578100000000023,0.000011594127226682663
2022-04-14T13:00:00.000Z,0.018591852333308297,1.0014809709396204,0.0001226454342624481,0.0003935953759071773,0.000397825414118147,335435817.9465,77571036.589,3082174.5824,0.0010831455255022604,0.0010831455255022604,0.0016036163738828554,1.0016036163738828,-6.853934052530875e-7,1.0001263399318394,419.6219732962357,8.240823045375773,0.00002727899999999999,0.00001562056438145702
2022-04-14T14:00:00.000Z,0.018591852333308297,0.9963426670381897,0.00012504604193447778,0.00042449321806116273,0.0004261208375514469,333719643.5055001,83658723.0332,6087686.4442,-0.004083453799361703,-0.004083453799361703,-0.003532286919875778,0.9964677130801243,-0.000007082087512877422,0.9998863149501135,415.4014987655034,8.1223040134561,0.000027577800000000094,0.000031011260968728186
2022-04-14T15:00:00.000Z,0.018591852333308297,0.997800848669004,0.00012884443759035995,0.0004431844178165993,0.0004455722415399599,334211355.07879996,87341416.7719,3682693.7387,-0.0026447235725359786,-0.0026447235725359786,-0.0020703068934056585,0.9979296931065943,-0.000007049345675302909,1.001322058550091,416.0052232991299,8.099291137271182,0.000027577800000000002,0.00001873239571502257
2022-04-14T16:00:00.000Z,0.018591852333308297,0.9932853146117505,0.00013191164383023917,0.00046150027038364917,0.0004622151108325534,332705918.06200004,90950232.7019,3608815.93,-0.0071769004990820395,-0.0071769004990820395,-0.006582773744419247,0.9934172262555807,-0.00002386555626843201,0.999920643199341,412.8107514166568,8.03340004898378,0.000027554400000000032,0.000018439669233225783
2022-04-14T17:00:00.000Z,0.018591852333308297,0.9936058193161488,0.00013635687830527678,0.0004759575661990738,0.00047646079828411736,333229367.04760003,93802349.4525,2852116.7506,-0.006870641482135342,-0.006870641482135342,-0.0062578238055459486,0.993742176194454,-0.00002234728509520334,1.000005688025632,413.0303436725039,8.053383574603346,0.000027497300000000032,0.000014550333660500587
2022-04-14T18:00:00.000Z,0.018591852333308297,0.9963202789675858,0.00014083614573152047,0.0004882803388848522,0.0004900392954380051,334175510.72929996,96233630.5925,2431281.14,-0.004169760327852212,-0.004169760327852212,-0.0035388848866826864,0.9964611151133174,-0.0000072493025452535775,0.9998438280558605,415.3471529802051,8.073774210140831,0.00002754060000000007,0.000012368284943979916
2022-04-14T19:00:00.000Z,0.018591852333308297,0.9935300213325683,0.00014389252882924093,0.0004973284635476819,0.000499054900344853,333239935.53110003,98018825.7207,1785195.1282,-0.006969033567776561,-0.006969033567776561,-0.006326086138602467,0.9936739138613976,-0.00002178162935961847,0.9998214710020141,413.02459332698163,8.01375686941291,0.000027540700000000077,0.00000910704688831261
2022-04-14T20:00:00.000Z,0.018591852333308297,0.9942632832988362,0.00014785933704686548,0.0005027774026724178,0.0005035083227945547,333497061.8988,99093937.6515,1075111.9308,-0.006240225023958379,-0.006240225023958379,-0.005588857364116959,0.994411142635883,-0.000017765514335299493,0.9999156410088653,413.59211760115056,8.006371412141593,0.00002754000000000002,0.000005480378963322364
2022-04-14T21:00:00.000Z,0.018591852333308297,0.9945597138747261,0.00015198275249608982,0.0005097404827022159,0.0005107328295171909,334658817.58529997,100472174.6322,1378236.9807,-0.00595101895479111,-0.00595101895479111,-0.005288303372777829,0.9947116966272221,-0.00001449976542700071,0.9996310040354282,413.95071715331284,8.011557282680986,0.000027040300000000026,0.000007001168784661712
2022-04-14T22:00:00.000Z,0.018591852333308297,0.9963423859740029,0.00015587710776738896,0.0005141303945935271,0.0005171107609091008,335247816.7044,101341063.3229,868888.6907,-0.00417472478690617,-0.00417472478690617,-0.0035017369182296803,0.9964982630817704,-0.000007567959810939051,0.9999216219743622,415.31069808169053,8.00155973823662,0.00002745299999999992,0.000004406026529003235
2022-04-14T23:00:00.000Z,0.018591852333308297,0.9949691529966526,0.00015810475129827192,0.0005190725960502516,0.0005204173361293973,334787272.6101,102319270.33659999,978207.0137,-0.005551264339476836,-0.005551264339476836,-0.0048727422520491665,0.9951272577479509,-0.00001013290768037134,0.9991499865140764,414.4831701051331,7.90870133591192,0.000027452899999999915,0.0000049671897928649975
2022-04-15T00:00:00.000Z,0.018591852333308297,0.9959262770176149,0.00016265203702087565,0.0005255180937845722,0.0005293642878809734,335110346.70419997,103595028.04609999,1275757.7095,-0.0046030872702660375,-0.0046030872702660375,-0.003911070945364188,0.9960889290546359,-0.000014990785530799577,1.0010770216568434,414.4745549554851,7.935092321557058,0.000027247000000000002,0.0000064718625595418496
2022-04-15T01:00:00.000Z,0.018591852333308297,0.9944127537338873,0.00016682052206978492,0.0005380538584490515,0.000539161514276354,334622737.6932,106076393.00179999,2481364.9557,-0.006126407780389087,-0.006126407780389087,-0.005420425744042948,0.994579574255957,-0.000018632804126172964,1.0001739466465025,413.5800229844792,7.940900248236276,0.00002742850000000005,0.00001260619781479877
2022-04-15T02:00:00.000Z,0.018591852333308297,0.9947949800675273,0.0001714651525913344,0.0005491511566250208,0.0005503700013462787,334753247.98550004,108273036.51179999,2196643.51,-0.005755389933818966,-0.005755389933818966,-0.005033554779881353,0.9949664452201187,-0.00001327682477514358,0.9995956965771192,414.12829155396236,7.969033311244024,0.00002735990000000008,0.00001115536291125621
2022-04-15T03:00:00.000Z,0.018591852333308297,0.9965514604746538,0.0001751745414245519,0.0005597810593517012,0.0005621441140507555,335401858.5334,110377522.78089999,2104486.2691,-0.004010683639396939,-0.004010683639396939,-0.0032733649839216316,0.9967266350160784,-0.000013257246892273145,1.0013459871017523,414.8565830871079,7.952820995742704,0.000027446799999999993,0.0000106666870395822
2022-04-15T04:00:00.000Z,0.018591852333308297,0.9988559729539113,0.00018033886645575984,0.0005744686394276818,0.0005817062094350955,336180082.55939996,113285362.37259999,2907839.5917,-0.0017257332555238314,-0.0017257332555238314,-0.000963688179632976,0.999036311820367,-0.0000016470278102476144,1.0003023552266304,417.19706914055246,8.001901821766001,0.00002744659999999998,0.00001470440267684972
2022-04-15T05:00:00.000Z,0.018591852333308297,0.9992223146989505,0.00018425640748487323,0.0005828756519505758,0.0005865397478506118,336289723.2208,114949710.64249998,1664348.2699,-0.0013642250489001029,-0.0013642250489001029,-0.0005934288935646178,0.9994065711064354,-8.674106141137727e-7,1.0001665630108323,417.55596934280965,7.994699594090757,0.00002744859999999995,0.000008413554930348815
2022-04-15T06:00:00.000Z,0.018591852333308297,0.9993140096458686,0.00018933784685610155,0.0005906321913358844,0.0005972941618057614,336312945.3504,116485248.88809998,1535538.2456,-0.0012832845159371775,-0.0012832845159371775,-0.0004966525072753145,0.9995033474927247,-0.0000011295789797971523,1.000433614604836,417.51218010622557,8.037505695455412,0.00002740289999999991,0.000007761863031469822
2022-04-15T07:00:00.000Z,0.018591852333308297,0.9968935087909904,0.00019259930393727693,0.0006028317260692863,0.0006064191531213181,335495251.6495001,118900331.48279998,2415082.5947,-0.00371291036213095,-0.00371291036213095,-0.002913891905072355,0.9970861080949276,-0.000005952451876622966,0.9999451170840804,415.68622109200186,8.003297290865337,0.000027334699999999974,0.000012237551472946808
