query_ts,assumedLPToken,equityValue,totalDexYield,totalTradingfee,newTotalTradingFee,liquidity,totalVolume,volume,priceImpact,priceEffect,totalReturn,totalEquityVal,impermanentLoss,tokenPrice,quoteTokenPrice,rewardPrice,rewardTokenPerLP,feePerDollar
2021-07-02T09:00:00.000Z,0.02651858589659938,1,0.000021349663569370843,0.000031331661503377556,2.9098945475425353e-13,155003826.5474,2856780.7521,2856780.7521,-2.9098945475425353e-13,-2.9098945475425353e-13,0.000021349663569370843,1.0000213496635695,0,0.9997246650397187,282.06470206213936,12.677814116486521,0.0000635033,0.00003133166055797261
2021-07-02T10:00:00.000Z,0.02651858589659938,0.9937237284139969,0.00004216285985593391,0.000049713767141727695,0.000018715804344204834,154078694.9978,4533356.748500001,1676575.9964,-0.006294987390347284,-0.006294987390347284,-0.006234108726147145,0.9937658912738528,-0.000020426516978089282,0.9998014546879762,278.5032998566193,12.49901698963112,0.00006370159999999998,0.000018498204400814116
2021-07-02T11:00:00.000Z,0.02651858589659938,0.9920951925017746,0.00006301052643749732,0.00006248711495904796,0.00003188057272407452,150940262.1696,5676518.097600001,1143161.3491,-0.007936688070949494,-0.007936688070949494,-0.007841796971787923,0.9921582030282121,-0.000029688436426256182,0.9994621549456434,277.67806386297696,12.426750994916231,0.00006400270000000002,0.000012875122022024707
2021-07-02T12:00:00.000Z,0.02651858589659938,0.9934692742050978,0.00008381949843653868,0.0000846322768844489,0.000053283987929808596,151122191.0869,7658062.283800001,1981544.1862,-0.006584009782832023,-0.006584009782832023,-0.006446906296465676,0.9935530937035343,-0.000024321581102548784,1.0000933871963968,278.2600669123489,12.45341218249748,0.000062601,0.00002229073766276281
2021-07-02T13:00:00.000Z,0.02651858589659938,0.9970734864405744,0.00010615681872561029,0.00010780626182387006,0.00007699466379684772,151758448.5221,9732868.281600002,2074805.9978,-0.003003508223222484,-0.003003508223222484,-0.002820356740700026,0.9971796432593,-0.000008418204490601155,1.0008201692133374,280.06598132994867,12.549500943395799,0.00006517699999999999,0.000023242002212129574
2021-07-02T14:00:00.000Z,0.02651858589659938,0.9999033766523673,0.00012914165460472797,0.0001294347966144092,0.00009906328825048938,152261366.3652,11670226.178200003,1937357.8966,-0.00019568663588320767,-0.00019568663588320767,0.00003251830697200968,1.000032518306972,-0.0000013764267375870887,1.0011888008863814,281.54199102812163,12.688270087124963,0.00006482199999999997,0.000021630624385180516
2021-07-02T15:00:00.000Z,0.02651858589659938,1.0024832061378908,0.00015222384419908346,0.0001523429937229645,0.00012219582426964415,152686084.2563,13722637.198600003,2052411.0204,0.002361010313621126,0.002361010313621126,0.0026354299820898533,1.0026354299820899,-0.000002352314372844333,0.9999138406056435,283.34457310408544,12.783071117025198,0.00006524490000000002,0.000022851452060445618
2021-07-02T16:00:00.000Z,0.02651858589659938,1.0031092227312806,0.00017467473946470015,0.00016748060871775468,0.00014112987822900713,152847101.1794,15079442.565700004,1356805.3671,0.0029680928530515516,0.0029680928530515516,0.0032838974707452588,1.0032838974707452,-0.000004821759327255926,0.9995830030901146,283.78178753817804,12.874892278606175,0.00006255409999999998,0.00001509069590637986
2021-07-02T17:00:00.000Z,0.02651858589659938,1.0031116613114912,0.00019695401461733956,0.00018376619208113992,0.00015572185291712337,152861589.175,16539276.736000003,1459834.1703,0.002955939458574086,0.002955939458574086,0.003308615326108549,1.0033086153261086,-0.000004066491693488494,0.9998243783816855,283.7064018854044,12.881904070793688,0.00006493999999999996,0.000016235066656731295
2021-07-02T18:00:00.000Z,0.02651858589659938,1.0017020258536558,0.0002180473307740645,0.00019574899963801384,0.00016685032873264838,152644409.0875,17613394.777400002,1074118.0414,0.0015351755249231047,0.0015351755249231047,0.0019200731844298176,1.0019200731844298,-0.0000018426582707453676,0.9993391246478163,283.0405580978115,12.818779469780381,0.00006488999999999996,0.000011962447110219974
2021-07-02T19:00:00.000Z,0.02651858589659938,1.0012685254878235,0.00023950590112646294,0.00020777113690963103,0.0001791628562359815,152595517.7675,18691159.512100004,1077764.7347,0.0010893626315875427,0.0010893626315875427,0.0015080313889499872,1.00150803138895,-2.2508764963014016e-8,1.000601404255492,282.43189097222876,12.796679982018478,0.00006434209999999995,0.000012006906072966083
2021-07-02T20:00:00.000Z,0.02651858589659938,1.0012470405750424,0.0002608454829308956,0.00021675644793198593,0.00018831593925638934,152590580.53980002,19496669.080500003,805509.5684,0.0010587246357860458,0.0010587246357860458,0.0015078860579733307,1.0015078860579734,-2.962807131856593e-7,1.0000130115845054,282.58077229582744,12.77966876070915,0.00006390690000000004,0.000008974120561280844
2021-07-02T21:00:00.000Z,0.02651858589659938,0.9997096353960825,0.0002816573100036985,0.00022279523909749083,0.00019386478024419063,153254702.6525,20041223.1418,544554.0613,-0.00048422938416170513,-0.00048422938416170513,-0.000008707293913816025,0.9999912927060862,-4.872905251529502e-7,1.0002275152621423,281.64993342887533,12.734767603480575,0.00006434049999999998,0.000006040544845851087
2021-07-02T22:00:00.000Z,0.02651858589659938,1.005184470788933,0.0003054899241950332,0.0002328782233384293,0.0002053961689163497,154138359.62849998,20950728.212300003,909505.0705,0.004979074620016677,0.004979074620016677,0.0054899607131280595,1.005489960713128,-0.000004157084880440642,1.001809547205303,284.2876676528421,12.83493388589084,0.00006351200000000004,0.000010030978813946825
2021-07-02T23:00:00.000Z,0.02651858589659938,1.0088590832403184,0.00033042994851295576,0.00024531609513300605,0.0002194805601063443,154804326.6593,22073392.0148,1122663.8025,0.008639602680212022,0.008639602680212022,0.009189513188831322,1.0091895131888313,-0.00003289956161833807,1.0002153681362123,286.81882840548377,12.950604735697105,0.00006460349999999996,0.000012328650661362787
2021-07-03T00:00:00.000Z,0.02651858589659938,1.0089912885821055,0.00035345697073277334,0.00025290857577203106,0.00022611619173984465,154837347.0841,22758758.934800003,685366.92,0.008765172390365672,0.008765172390365672,0.00934474555283829,1.0093447455528384,-0.00003183683456697839,1.0004720356651378,286.8166467033131,12.989034298797494,0.00006400480000000003,0.000007524823861565919
2021-07-03T01:00:00.000Z,0.02651858589659938,1.005948142041585,0.00037191574140625714,0.0002638770049886226,0.00023647701278695088,154373573.8552,23748890.4301,990131.4953,0.005711665028798052,0.005711665028798052,0.00632005778299126,1.0063200577829912,-0.00001394920824215884,1.0001381261230615,285.17807957002753,12.87003935215414,0.00006357209999999996,0.000010903573066131365
2021-07-03T02:00:00.000Z,0.02651858589659938,1.00739583245248,0.0003945796993984073,0.0002792124751527873,0.00025158923409041023,154605908.3442,25133330.2865,1384439.8564,0.00714424321838969,0.00714424321838969,0.007790412151878507,1.0077904121518786,-0.000021845958142030497,1.000233452115931,285.96384159628957,12.893276256392994,0.00006432209999999996,0.000015222883660049289
2021-07-03T03:00:00.000Z,0.02651858589659938,1.0070679431770573,0.0004166851063584826,0.00028798744605552755,0.0002602236063500296,154562091.9504,25925541.4636,792211.1771,0.006807719570707249,0.006807719570707249,0.0074846282834157615,1.0074846282834158,-0.000019248213448341822,1.0003047265807858,285.7524095152339,12.892829091722065,0.0000646947000000001,0.000008713384919131296
2021-07-03T04:00:00.000Z,0.02651858589659938,1.0035224599990062,0.00043091484186356244,0.00030571390617617017,0.0002773256530197443,154124744.3796,27527009.8349,1601468.3713,0.0032451343459865,0.0032451343459865,0.003953374840869807,1.0039533748408698,-0.000004473407336336166,0.9999733795245327,283.82773665039775,12.688121941570941,0.00006195389999999994,0.00001766423842043595
2021-07-03T05:00:00.000Z,0.02651858589659938,1.005017701164718,0.00045497096265056426,0.0003165808275496667,0.000288336397698874,154359012.9975,28508793.5981,981783.7632,0.0047293647670190175,0.0047293647670190175,0.005472672127368456,1.0054726721273683,-0.000015704452511311473,0.9988391164414172,284.9914279667044,12.7613933476886,0.00006373159999999994,0.000010812665648924768
2021-07-03T06:00:00.000Z,0.02651858589659938,1.0080665055887401,0.00047948480740810724,0.0003330712404705173,0.00030615180791970786,154874782.0151,29999095.1697,1490301.5716,0.007760353780820406,0.007760353780820406,0.008545990396148222,1.0085459903961482,-0.00002721321538967647,1.000077516487088,286.35846279851705,12.832105779962209,0.00006462969999999992,0.00001635845835426575
2021-07-03T07:00:00.000Z,0.02651858589659938,1.0093477696028257,0.0005017349115845216,0.00034452013607824206,0.000318237071509353,154902639.9024,31032647.9212,1033552.7515,0.009029532531316331,0.009029532531316331,0.009849504514410206,1.0098495045144102,-0.00003327089817395379,1.0005563632961558,286.9428087366552,12.846065401918242,0.00006378359999999989,0.000011342864644896069
2021-07-03T08:00:00.000Z,0.02651858589659938,1.0220228782499932,0.0005377282110716286,0.00037027801777538737,0.0003477050943989646,156832241.93980002,33357717.5782,2325069.657,0.021675173155594196,0.021675173155594196,0.02256060646106479,1.0225606064610648,-0.00021551835849131784,1.0004050275141247,294.2245877796477,13.189130840773098,0.00006459920000000002,0.000025202843293008656
2021-07-03T09:00:00.000Z,0.02651858589659938,1.018253988945396,0.0005716221189016607,0.0003870325584636267,0.00036313752967465085,157238804.0865,34879621.4776,1521903.8994,0.017890851415721443,0.017890851415721443,0.018825611064297754,1.0188256110642977,-0.00018625408782746433,0.9981570523013246,292.7067185569731,13.463048399123783,0.00006365489999999997,0.000016454186636758652
2021-07-03T10:00:00.000Z,0.02651858589659938,1.023887208668919,0.0006024068636285012,0.00040552803901226054,0.00038406886581010546,158616259.49449998,36565057.5738,1685436.0962,0.02350313980310892,0.02350313980310892,0.024489615532547526,1.0244896155325476,-0.00023614826289064528,1.0012220440931698,295.03742164655864,13.64201000709229,0.00006409180000000005,0.000018063982675365965
2021-07-03T11:00:00.000Z,0.02651858589659938,1.023990210110372,0.0006202618399897718,0.0004209404236829598,0.0004003845455586852,158631439.3381,37969533.781899996,1404476.2081,0.02358982556481326,0.02358982556481326,0.024610471950361718,1.0246104719503617,-0.0002577096494168485,1.00033528269438,295.34898465700985,13.52574721110383,0.00006409249999999992,0.000015051301077090747
2021-07-03T12:00:00.000Z,0.02651858589659938,1.0213977692101242,0.0006384370941439671,0.00043472295219772666,0.00041361040160814433,158286077.11740002,39225933.45729999,1256399.6754,0.020984158808516007,0.020984158808516007,0.022036206304268117,1.022036206304268,-0.00018864957983366626,1.001066502061768,293.6325704375926,13.42909916703519,0.00006348219999999989,0.000013493792297321442
2021-07-03T13:00:00.000Z,0.02651858589659938,1.0219403338105468,0.0006609412308253179,0.0004548194446364131,0.0004329008254506661,158345953.9396,41057626.804699995,1831693.3474,0.021507432985096164,0.021507432985096164,0.02260127504137215,1.0226012750413722,-0.00020750343433939555,1.000630758820165,294.0616311960173,13.423836081381172,0.0000639201,0.000019665034774224596
2021-07-03T14:00:00.000Z,0.02651858589659938,1.0249249123569255,0.000686391475853541,0.00047725973720797447,0.000461217466586783,158926455.4596,43104466.0985,2046839.2938,0.024463694890338727,0.024463694890338727,0.025611303832779053,1.025611303832779,-0.00024549683074515105,1.0017347374847967,295.4401798943904,13.475601067430452,0.00006408639999999989,0.00002189457248887389
2021-07-03T15:00:00.000Z,0.02651858589659938,1.0241019326687832,0.0007096986166876504,0.00048547129688661416,0.00046461189365221145,159147347.5373,43855108.2862,750642.1877,0.023637320775131032,0.023637320775131032,0.024811631285470894,1.024811631285471,-0.0002395465079620962,1.0011972496616348,295.12209381569494,13.484623870460375,0.00006389259999999998,0.000008018303407732996
2021-07-03T16:00:00.000Z,0.02651858589659938,1.0276682965044657,0.000736788919879045,0.0005056953331160289,0.00045358790576432995,160157506.7831,45709123.2681,1854014.9819,0.027214708598701343,0.027214708598701343,0.02840508542434472,1.0284050854243447,-0.0003267163692838304,1.001010299066213,297.2439756944302,13.563663389254286,0.00006375069999999996,0.000019679536304835782
2021-07-03T17:00:00.000Z,0.02651858589659938,1.0291153499654462,0.0007623331164088867,0.0005177969015079821,0.0004991018896389754,160256704.4216,46817646.8209,1108523.5528,0.028616248075807205,0.028616248075807205,0.029877683081855066,1.029877683081855,-0.0003835838365097155,1.0002368859337496,298.28611844201544,13.609922897302955,0.00006381360000000002,0.00001175919626303011
2021-07-03T18:00:00.000Z,0.02651858589659938,1.0342286072585223,0.0007952240304509693,0.0005329705711721573,0.0005173344988267381,161171123.5004,48208599.5323,1390952.7114,0.03371127275969554,0.03371127275969554,0.03502383128897325,1.0350238312889732,-0.0005412514823315284,0.9999712959536224,301.3284373065334,13.782426664382935,0.00006355420000000009,0.000014671484308255327
2021-07-03T19:00:00.000Z,0.02651858589659938,1.0305785858047578,0.0008140018165060949,0.0005447220836228412,0.000526846432507444,160607560.95270002,49285882.3684,1077282.8361,0.030051739372250363,0.030051739372250363,0.0313925876212639,1.031392587621264,-0.0004366312253999416,0.9997772932117939,299.25675283182926,13.716277325149289,0.00006211780000000003,0.000011402830666915822
2021-07-03T20:00:00.000Z,0.02651858589659938,1.0306537042207289,0.0008365714263851101,0.0005537568836301963,0.0005359323599618548,160626767.71310002,50114157.7344,828275.366,0.03011777186076703,0.03011777186076703,0.03149027564711399,1.031490275647114,-0.00042900629364739373,1.0001006801765313,299.19834396611105,13.714934884686148,0.00006227450000000002,0.000008766086389256055
2021-07-03T21:00:00.000Z,0.02651858589659938,1.0309158937261114,0.0008615581010276169,0.0005631555159841943,0.0005474928625213149,160669277.3392,50975796.648499995,861638.9141,0.03036840086359005,0.03036840086359005,0.03177745182713898,1.031777451827139,-0.0004971231914843166,0.9981046285589156,299.94259300179255,13.74482884990607,0.00006354909999999984,0.000009116778131002538
2021-07-03T22:00:00.000Z,0.02651858589659938,1.0297113678142749,0.0008807944116094398,0.0005759005286924841,0.0005581209767004935,160493276.9192,52144307.3119,1168510.6634,0.029153246837574365,0.029153246837574365,0.030592162225884297,1.0305921622258842,-0.0003816002756031889,1.0008308675506616,298.42043160050486,13.68474350523668,0.00006338549999999992,0.000012377266923025585
2021-07-03T23:00:00.000Z,0.02651858589659938,1.0287585441875158,0.0008985783179399968,0.0005936569786819171,0.0005757123029610511,160348227.8229,53772320.4427,1628013.1308,0.028182831884554727,0.028182831884554727,0.029657122505455775,1.0296571225054558,-0.0003755619196194049,1.000106707726982,298.07359411878497,13.60369816508584,0.00006375659999999988,0.00001726007427669708
2021-07-04T00:00:00.000Z,0.02651858589659938,1.0282269831375248,0.0009186418031585976,0.0006172375359728706,0.0005986917759641663,160268921.3577,55934369.0016,2162048.5589,0.027628291361560642,0.027628291361560642,0.029145624940683405,1.0291456249406834,-0.0003567458947685287,1.0002629405817598,297.7056481309307,13.567405457890704,0.00006242770000000011,0.00002293322073296286
2021-07-04T01:00:00.000Z,0.02651858589659938,1.0257005153662044,0.0009358271500437784,0.0006346283556555371,0.0006169244437210786,159875334.5097,57528896.623399995,1594527.6218,0.025083590922483356,0.025083590922483356,0.026636342516248215,1.0266363425162481,-0.0002903602570858421,1.000397808219301,296.19312927851905,13.486420262154088,0.00006338429999999977,0.00001695506667975438
2021-07-04T02:00:00.000Z,0.02651858589659938,1.0222745041217653,0.0009516817433881857,0.0006533586132006893,0.0006330233221947257,159405523.4394,59246926.392,1718029.7686,0.021641480799570623,0.021641480799570623,0.023226185865153536,1.0232261858651535,-0.0002205181307848303,1.000132471331772,294.2853593008845,13.391197553906563,0.0000632530000000002,0.0000183221418154329
2021-07-04T03:00:00.000Z,0.02651858589659938,1.0236198446449076,0.0009757665190633349,0.0006670948163977533,0.0006453614953596531,159597679.8843,60506738.1706,1259811.7786,0.022974483149547975,0.022974483149547975,0.02459561116397096,1.024595611163971,-0.00026479975528992394,0.9994237680304935,295.263033114175,13.411656385490854,0.00006363079999999976,0.000013419242843458668
2021-07-04T04:00:00.000Z,0.02651858589659938,1.0248849389989765,0.0010058156873342032,0.0006850339184512665,0.0006666678735640641,159748288.1157,62151537.4154,1644799.2448,0.024218271125412416,0.024218271125412416,0.025890754686310684,1.0258907546863107,-0.00029462318818773703,0.9993771024760679,295.9952840367943,13.511987205807763,0.00006348980000000049,0.000017503528514401617
2021-07-04T05:00:00.000Z,0.02651858589659938,1.0317902260087888,0.0010384321891942537,0.0007059107680134149,0.0006901552426898938,160860482.54259998,64066119.519,1914582.1036,0.031100070766098886,0.031100070766098886,0.032828658197983036,1.032828658197983,-0.00041110991128368024,1.00167299838818,299.2986892750936,13.64747924524301,0.0000622544999999995,0.000020233618130904512
2021-07-04T06:00:00.000Z,0.02651858589659938,1.0371229849723718,0.0010717731436610176,0.0007378980299529039,0.0007255763560829465,161668594.9925,66999197.0859,2933077.5669,0.03639740861628882,0.03639740861628882,0.03819475811603278,1.0381947581160327,-0.0006732758910554804,0.9987703625573443,303.2607038810275,13.808845487859017,0.000057518199999999764,0.000030842303441564
2021-07-04T07:00:00.000Z,0.02651858589659938,1.0436381183081458,0.0011038625559789848,0.0007585034697439766,0.0007525616397876522,162696278.3469,68888757.032,1889559.9461,0.04288555666835814,0.04288555666835814,0.04474198086412477,1.0447419808641247,-0.0008954395013317518,0.9993816865893619,306.88175361942325,13.947743640211248,0.00005761100000000015,0.00001974385610419961
