query_ts,assumedLPToken,equityValue,totalDexYield,totalTradingfee,newTotalTradingFee,liquidity,totalVolume,volume,priceImpact,priceEffect,totalReturn,totalEquityVal,impermanentLoss,tokenPrice,quoteTokenPrice,rewardPrice,rewardTokenPerLP,feePerDollar
2022-04-22T09:00:00.000Z,0.018784406353126677,1,0,0.000011575323126042452,-8.668621376273222e-13,324523254.1253,2209683.3748,2209683.3748,8.668621376273222e-13,8.668621376273222e-13,0,1,0,1.0001633291214889,407.95703499190176,9.284531778242371,0,0.000011575323769277908
2022-04-22T10:00:00.000Z,0.018784406353126677,0.9999731241054176,0,0.000022221049185803274,0.00001171500771002254,324510543.7549,4241885.2524999995,2032201.8777,-0.000038590902292412466,-0.000038590902292412466,-0.000026875894582389925,0.9999731241054176,-1.727216381031127e-8,1.000310633418701,407.8654782122352,9.270978079768575,0,0.0000106460121514552
2022-04-22T11:00:00.000Z,0.018784406353126677,1.0015881337926535,0,0.00003344728102573858,0.000021890335727858812,325036763.001,6384915.9498,2143030.6973,0.0015662434569256867,0.0015662434569256867,0.0015881337926535455,1.0015881337926535,-0.000002674193756213583,0.9994158439641309,409.5420324310292,9.341643772783133,0,0.000011208431168749953
2022-04-22T12:00:00.000Z,0.018784406353126677,1.0036247365052777,0,0.00004668820055714706,0.000035340230187808075,325454297.4,8910651.5157,2525735.5659,0.0035893962750899178,0.0035893962750899178,0.003624736505277726,1.0036247365052777,-0.000009996577397641815,0.9992751591770438,411.2561356280135,9.395194483667671,0,0.000013193098067323292
2022-04-22T13:00:00.000Z,0.018784406353126677,1.0049740456091472,0,0.000057585639540480414,0.000048208620961665005,325892748.6585,10989368.591799999,2078717.0761,0.004925836988185495,0.004925836988185495,0.00497404560914716,1.0049740456091472,-0.000011094265380151569,1.0003666356167353,411.9022645823151,9.36854962012798,0,0.000010843503097005253
2022-04-22T14:00:00.000Z,0.018784406353126677,1.003544398308017,0,0.00007468290940947593,0.00006420784910421418,325428800.01089996,14250717.148999998,3261348.5572,0.0034801904589127908,0.0034801904589127908,0.003544398308017005,1.003544398308017,-0.00000799454823496859,0.999638879467234,411.0170349572858,9.351531433637986,0,0.00001703688348128469
2022-04-22T15:00:00.000Z,0.018784406353126677,1.0009500075485276,0,0.00009239428660473041,0.00008195331053739707,324591468.08190006,17629249.864099998,3378532.7151,0.0008680542379901901,0.0008680542379901901,0.0009500075485275872,1.0009500075485276,-0.000001601007969642687,0.9992418620534159,409.0424576628718,9.278385635153928,0,0.000017694567419192958
2022-04-22T16:00:00.000Z,0.018784406353126677,0.9978854403874297,0,0.00010939601898301393,0.00009766796932830779,323548688.5444,20871923.2949,3242673.4308,-0.0022122275818986514,-0.0022122275818986514,-0.0021145596125703436,0.9978854403874297,-0.0000015816225205078638,0.9997272273813862,406.3312167159963,9.127935325886416,0,0.00001703775977940187
2022-04-22T17:00:00.000Z,0.018784406353126677,0.9988189798140885,0,0.00012074203710382249,0.00010901577421873476,323847152.49230003,23035876.2472,2163952.9523,-0.0012900359601302203,-0.0012900359601302203,-0.0011810201859114855,0.9988189798140885,-4.932330549545227e-7,0.9998656662416906,407.02629225282567,9.143485762846712,0,0.000011359432962738392
2022-04-22T18:00:00.000Z,0.018784406353126677,0.999013284297061,0,0.0001286360993438954,0.00011745378632921355,323910434.3814,24541461.170900002,1505584.9237,-0.0011041694892681697,-0.0011041694892681697,-0.0009867157029389562,0.999013284297061,-3.684564995332096e-7,0.9999169761975498,407.15691286254776,9.20355723725468,0,0.00000790185834913929
2022-04-22T19:00:00.000Z,0.018784406353126677,0.9998474750911013,0,0.00013552369121312712,0.00012419039009547994,323980363.3559,25854275.672500003,1312814.5016,-0.0002767152989942012,-0.0002767152989942012,-0.00015252490889872128,0.9998474750911013,-6.662819973524137e-8,0.9995216336250622,407.993054875302,9.236306857578215,0,0.0000068886417361916854
2022-04-22T20:00:00.000Z,0.018784406353126677,1.0000350746643132,0,0.00013995018397390364,0.0001289722638391222,324041775.1007001,26697992.208100002,843716.5356,-0.00009389759952593835,-0.00009389759952593835,0.000035074664313183845,1.0000350746643132,-2.353429229273729e-9,1.0000008072295958,407.9467156604866,9.220432210095204,0,0.0000044263370365573
2022-04-22T21:00:00.000Z,0.018784406353126677,1.0000680275247362,0,0.00014466491217952508,0.00013344471382437106,324017958.8474,27596552.551500004,898560.3434,-0.00006541718908814609,-0.00006541718908814609,0.00006802752473622498,1.0000680275247362,-2.2515812181378436e-7,0.9994270045510253,408.20418361823477,9.215674011290243,0,0.000004714407155744779
2022-04-22T22:00:00.000Z,0.018784406353126677,0.9999285828047176,0,0.00014847988422679747,0.00013694703930089425,323977741.7979,28323643.407100003,727090.8556,-0.00020836423458325815,-0.00020836423458325815,-0.0000714171952823639,0.9999285828047176,-2.9466584572368504e-7,0.9991875805157757,408.18526655584026,9.242078810197619,0,0.00000381524498461089
2022-04-22T23:00:00.000Z,0.018784406353126677,0.9978979605361401,0,0.0001549137951137885,0.00014305376009438042,323348224.5241,29549982.301300004,1226338.8942,-0.0022450932239542754,-0.0022450932239542754,-0.002102039463859895,0.9978979605361401,-3.724968073992585e-7,0.9987795741459402,406.6899554751984,9.226491723732314,0,0.0000064474642568653285
2022-04-23T00:00:00.000Z,0.018784406353126677,0.9986409633086493,0,0.000160613710957853,0.00014947519669417098,323589699.4416,30636419.873600006,1086437.5723,-0.0015085118880449055,-0.0015085118880449055,-0.0013590366913507346,0.9986409633086493,-1.0249338766588068e-7,0.9991068187421618,407.1572428733194,9.268395476114435,0,0.000005707672018290953
2022-04-23T01:00:00.000Z,0.018784406353126677,0.9975377280082396,0,0.00016925193999689262,0.00015767837257962825,323279447.8863001,32283157.927600008,1646738.054,-0.00261995036434004,-0.00261995036434004,-0.002462271991760412,0.9975377280082396,-0.00000420553202973295,1.0004402127431935,405.70986482819063,9.290635402697644,0,0.000008659550460456706
2022-04-23T02:00:00.000Z,0.018784406353126677,0.9977896263414165,0,0.00018124249430381156,0.00017154605876679163,323362406.6043,34568971.779300004,2285813.8517,-0.002381919717350245,-0.002381919717350245,-0.0022103736585834532,0.9977896263414165,-0.0000021500836483445696,0.9998522520303734,406.1422286526095,9.338979046543303,0,0.000012017115992846911
2022-04-23T03:00:00.000Z,0.018784406353126677,0.9942752880896089,0,0.00019286452485625105,0.00018053308367482757,322303945.12009996,36785085.544300005,2216113.765,-0.005905244994065972,-0.005905244994065972,-0.005724711910391145,0.9942752880896089,-0.000016915604714839994,1.0000570687216543,403.1959255220609,9.281934284307868,0,0.000011688945970227446
2022-04-23T04:00:00.000Z,0.018784406353126677,0.9933998115409965,0,0.0002030262932276112,0.00019076223078196008,321523269.12790006,38719763.618300006,1934678.074,-0.006790950689785413,-0.006790950689785413,-0.006600188459003453,0.9933998115409965,-0.000014257943037665477,0.998690118815723,403.02866555746766,9.254746616083807,0,0.000010229283668087095
2022-04-23T05:00:00.000Z,0.018784406353126677,0.9916581506387692,0,0.0002223065966378166,0.0002102395416565539,321022886.5645,42391224.929000005,3671461.3107,-0.00855208890288739,-0.00855208890288739,-0.008341849361230835,0.9916581506387692,-0.00003589662334979593,1.0000476653580328,401.05548259210684,9.18788234062044,0,0.000019442489895298974
2022-04-23T06:00:00.000Z,0.018784406353126677,0.9923206216970631,0,0.00023224503908048503,0.00022003755630628508,321238955.2918,44283767.381900005,1892542.4529,-0.007899415859243142,-0.007899415859243142,-0.007679378302936857,0.9923206216970631,-0.000022367288396996088,0.9989215697049709,402.0363982378881,9.194806604306537,0,0.000010015354977753302
2022-04-23T07:00:00.000Z,0.018784406353126677,0.9940808047884802,0,0.00024139861642938208,0.00023108618167710926,322014946.11980003,46027967.48280001,1744200.1009,-0.006150281393196955,-0.006150281393196955,-0.005919195211519845,0.9940808047884802,-0.000017808127256824235,0.9999620240397896,403.03548507713606,9.197536955831154,0,0.000009208082442318908
2022-04-23T08:00:00.000Z,0.018784406353126677,0.994333338427186,0,0.00024939284463789237,0.00023777915653333537,322090905.67219996,47551227.496400006,1523260.0136,-0.005904440729347371,-0.005904440729347371,-0.005666661572814036,0.994333338427186,-0.000013494396596258618,0.9994366368190121,403.44687495556445,9.271087190400179,0,0.00000803978621413
2022-04-23T09:00:00.000Z,0.018784406353126677,0.9965204268962068,0,0.000258783171252261,0.00024738387443035137,322713420.8064,49340030.970400006,1788803.474,-0.003726956978223561,-0.003726956978223561,-0.00347957310379321,0.9965204268962068,-0.0000073203304061797425,1.0002557524129443,404.8844103236826,9.301211616315703,0,0.000009423115711150777
2022-04-23T10:00:00.000Z,0.018784406353126677,0.9954728645000115,0,0.0002684727653933258,0.0002592351761028233,322375450.5524,51185850.411900006,1845819.4415,-0.004786370676091334,-0.004786370676091334,-0.0045271354999885105,0.9954728645000115,-0.0000068658380627528715,0.9990715232846402,404.50268010710533,9.327059037176097,0,0.00000973366006987544
2022-04-23T11:00:00.000Z,0.018784406353126677,0.9962608838712979,0,0.0002780580872947243,0.0002735596611279645,322630643.94750005,53011806.28660001,1825955.8747,-0.004012675789830111,-0.004012675789830111,-0.003739116128702147,0.9962608838712979,-0.000006874597181627529,0.9998505800041997,404.81619033466114,9.361871563286433,0,0.00000962129619496131
2022-04-23T12:00:00.000Z,0.018784406353126677,0.9966549374993027,0,0.0002899183304178904,0.00027890538595309877,322761984.1462,55271149.74740001,2259343.4608,-0.0036239678866504255,-0.0036239678866504255,-0.0033450625006973267,0.9966549374993027,-0.000004728784887553239,0.9996081644719652,405.230479260392,9.368262584485068,0,0.00001190005041492189
2022-04-23T13:00:00.000Z,0.018784406353126677,0.9970885341341604,0,0.00030045558028784315,0.00029083203504143285,322894039.27409995,57278414.684700005,2007264.9373,-0.0032022979008810015,-0.0032022979008810015,-0.0029114658658395687,0.9970885341341604,-0.0000027273122944482253,0.9992916469831271,405.7020039990144,9.391774441132558,0,0.000010568019159106577
2022-04-23T14:00:00.000Z,0.018784406353126677,0.996529590889509,0,0.00031064005712804355,0.00029923472812221075,322700772.408,59218405.2422,1939990.5575,-0.0037696438386132236,-0.0037696438386132236,-0.003470409110491013,0.996529590889509,-0.0000030192614343116375,0.9988445606665244,405.42169673524955,9.37666138695445,0,0.000010219944387304604
2022-04-23T15:00:00.000Z,0.018784406353126677,0.9965517186778741,0,0.0003228633276883901,0.00031245987009320686,322692017.9822,61546640.5151,2328235.2729,-0.0037607411922191414,-0.0037607411922191414,-0.0034482813221259345,0.9965517186778741,-0.000002069107463698039,0.998430979470314,405.59688402479946,9.361338979926904,0,0.000012265565131357933
2022-04-23T16:00:00.000Z,0.018784406353126677,0.9971571975129303,0,0.0003326719398281083,0.0003216154303304908,322891617.9166,63414962.6305,1868322.1154,-0.0031644179174001863,-0.0031644179174001863,-0.0028428024870696955,0.9971571975129303,-0.0000012960992947785854,0.9986048860731859,406.01187003082487,9.406985214513409,0,0.000009836574937043953
2022-04-23T17:00:00.000Z,0.018784406353126677,0.9991092778431043,0,0.0003412404824764591,0.0003313471955112002,323525789.3011,65047089.58620001,1632126.9557,-0.0012220693524068738,-0.0012220693524068738,-0.0008907221568956736,0.9991092778431043,-1.9128075345875573e-8,0.9991364639554936,407.3787954581693,9.459307851950339,0,0.000008576181301292527
2022-04-23T18:00:00.000Z,0.018784406353126677,0.9996000337809806,0,0.00035005731365110425,0.00033962974009493774,323687882.80039996,66726526.84910001,1679437.2629,-0.0007395959591143253,-0.0007395959591143253,-0.00039996621901938756,0.9996000337809806,-3.413303238941623e-7,1.000249710283539,407.3186324843817,9.506721401057051,0,0.000008820359051532811
2022-04-23T19:00:00.000Z,0.018784406353126677,0.9988898774984367,0,0.0003633570959982609,0.0003531993900061092,323460750.3305,69259902.3681,2533375.519,-0.0014633218915693913,-0.0014633218915693913,-0.001110122501563282,0.9988898774984367,-0.0000037359606689379987,1.0014334343741171,406.2480700865722,9.444351911139176,0,0.000013314562517707438
2022-04-23T20:00:00.000Z,0.018784406353126677,0.9978428238835229,0,0.0003695198201676131,0.00035914957515736923,323122990.3503001,70433798.0316,1173895.6635,-0.0025163256916345134,-0.0025163256916345134,-0.002157176116477144,0.9978428238835229,-0.000002366722289592893,0.9998194853464356,406.046106222141,9.481417362156515,0,0.000006176046544340687
2022-04-23T21:00:00.000Z,0.018784406353126677,0.9978116817853975,0,0.00037508186034748627,0.0003643398274419951,323114329.1104999,71493278.2146,1059480.183,-0.00255265804204452,-0.00255265804204452,-0.002188318214602525,0.9978116817853975,-0.0000013771013549490618,0.9992672427814013,406.2409111373759,9.489061419729316,0,0.000005574238431512107
2022-04-23T22:00:00.000Z,0.018784406353126677,0.9985384577874832,0,0.00037902094096753375,0.0003684696838085477,323346405.27510005,72243602.9453,750324.7307,-0.0018300118963253675,-0.0018300118963253675,-0.0014615422125168198,0.9985384577874832,-0.0000016791193639953406,1.0001641919189268,406.46491812220444,9.474371885140505,0,0.000003944846831078181
2022-04-23T23:00:00.000Z,0.018784406353126677,0.9966430426083419,0,0.00038549498098181694,0.0003744899106927768,322737010.0649,73476808.6876,1233205.7423,-0.0037314473023508654,-0.0037314473023508654,-0.0033569573916580886,0.9966430426083419,-0.000006301828893828798,0.9999750619627374,404.9944096022169,9.400047827284721,0,0.000006495845522917931
2022-04-24T00:00:00.000Z,0.018784406353126677,0.9929899552418673,0,0.00039468148363816974,0.0003818880439923067,321567832.01729995,75226772.4228,1749963.7352,-0.007391932802125023,-0.007391932802125023,-0.007010044758132716,0.9929899552418673,-0.00003082752843586167,1.0005962792386975,401.7742242682027,9.282618564076145,0,0.000009251355557479865
2022-04-24T01:00:00.000Z,0.018784406353126677,0.9942354855592761,0,0.0004056839406021015,0.00039803194651977236,321980265.3976,77322721.5374,2095949.1146,-0.0061625463872436725,-0.0061625463872436725,-0.0057645144407239,0.9942354855592761,-0.00001362742367416736,0.999202667741089,403.3318216928092,9.361988501355246,0,0.000011066248083310509
2022-04-24T02:00:00.000Z,0.018784406353126677,0.9939580764093541,0,0.0004184418660851552,0.00040603735355204673,321878710.9277,79752996.01930001,2430274.4819,-0.006447960944197972,-0.006447960944197972,-0.006041923590645926,0.9939580764093541,-0.000017183961091848943,0.9995570331291194,402.95728572832775,9.347410006733616,0,0.000012835476466655806
2022-04-24T03:00:00.000Z,0.018784406353126677,0.9941894586017561,0,0.0004305555296344313,0.00041941769401265816,321956970.4736,82060567.98340002,2307571.9641,-0.006229959092256543,-0.006229959092256543,-0.005810541398243885,0.9941894586017561,-0.00001905877808605627,1.000087864111408,402.9201589084904,9.367200217712604,0,0.00001218446158565674
2022-04-24T04:00:00.000Z,0.018784406353126677,0.9964613896127708,0,0.00044492751838246187,0.0004335615881078114,322708677.7655,84798471.20330001,2737903.2199,-0.003972171975337058,-0.003972171975337058,-0.0035386103872292463,0.9964613896127708,-0.000008875101146665898,1.000396426810454,404.62821829527115,9.383292875694456,0,0.000014423025454593444
2022-04-24T05:00:00.000Z,0.018784406353126677,0.9955178480945865,0,0.0004536754464761631,0.00044257138566805576,322445169.23950005,86465193.10370001,1666721.9004,-0.004924723291081512,-0.004924723291081512,-0.004482151905413456,0.9955178480945865,-0.000009860141105266784,0.9996672521372465,404.14923450126724,9.458545624112041,0,0.000008787314870812772
2022-04-24T06:00:00.000Z,0.018784406353126677,0.9952402551937231,0,0.00046278145795129277,0.0004510521031052539,322354407.5126,88200135.15480001,1734942.0511,-0.005210796909382198,-0.005210796909382198,-0.004759744806276944,0.9952402551937231,-0.000011986773451710953,0.9998352122422287,403.8490375381464,9.47095282408668,0,0.00000914956153268888
2022-04-24T07:00:00.000Z,0.018784406353126677,0.9964843092859623,0,0.0004717218585862507,0.0004609199059838476,322759798.1934,89903536.66710001,1703401.5123,-0.003976610620021526,-0.003976610620021526,-0.003515690714037678,0.9964843092859623,-0.000008753012827544815,1.0003628787822236,404.6381814104216,9.522107165339566,0,0.000008971943182263442
