query_ts,assumedLPToken,equityValue,totalDexYield,totalTradingfee,newTotalTradingFee,liquidity,totalVolume,volume,priceImpact,priceEffect,totalReturn,totalEquityVal,impermanentLoss,tokenPrice,quoteTokenPrice,rewardPrice,rewardTokenPerLP,feePerDollar
2021-10-23T09:00:00.000Z,0.019243813500648098,1,0.000014896808632922125,0.000011403366221900896,1.6564527527407336e-13,267135445.7954,1791907.6898,1791907.6898,-1.6564527527407336e-13,-1.6564527527407336e-13,0.000014896808632922125,1.0000148968086329,-1.1102230246251565e-16,0.999682937511821,480.40708295396877,19.7995505885015,0.0000390973,0.00001140336529878977
2021-10-23T10:00:00.000Z,0.019243813500648098,0.9968251645335318,0.000029519849670720345,0.000026754169722037336,0.000050730250568009616,268362443.448,4222907.4242,2430999.7344,-0.0032255657170362495,-0.0032255657170362495,-0.0031453156167975194,0.9968546843832025,-0.0000032259719854321744,0.9989926869740848,477.64270971085193,19.714430594364288,0.0000387133,0.000015399694142674566
2021-10-23T11:00:00.000Z,0.019243813500648098,0.9952519088508954,0.00004404331757460009,0.000040099848679422945,0.00006552782461832773,267994476.76,6336808.1593,2113900.7351,-0.0048136189737229,-0.0048136189737229,-0.004704047831529972,0.99529595216847,-0.000010076914070400456,0.9993471790362866,475.953077096561,19.620955457061207,0.00003883509999999999,0.000013409348181784523
2021-10-23T12:00:00.000Z,0.019243813500648098,0.9997261345374181,0.00005923179524984338,0.000059181032712177064,0.00008302163723905576,269204410.623,9359247.0335,3022438.8742,-0.00035688709982095723,-0.00035688709982095723,-0.0002146336673320581,0.9997853663326679,-2.6168622824229715e-11,0.9993189340153418,480.2391061183102,19.800612183437682,0.000038802300000000006,0.000019086411230221547
2021-10-23T13:00:00.000Z,0.019243813500648098,1.0016289099478335,0.00007412127130656524,0.00007231859367531587,0.0000967988551658916,269714532.427,11440205.041100001,2080958.0076,0.0015321110926675985,0.0015321110926675985,0.0017030312191400553,1.00170303121914,-0.0000012887968339203582,0.9996084130657203,481.91621061562,19.833214196240785,0.00003875620000000001,0.000013116195783323177
2021-10-23T14:00:00.000Z,0.019243813500648098,0.9992672674652363,0.00008840018575334673,0.00008516750513347035,0.00010917072182059506,269110351.75420004,13475681.7234,2035476.6823,-0.0008419032565842866,-0.0008419032565842866,-0.0006443323490103448,0.9993556676509897,-9.814464918544985e-8,0.9992839313798858,479.79001076570637,19.765864938435136,0.00003820119999999999,0.000012858332417738346
2021-10-23T15:00:00.000Z,0.019243813500648098,0.9990735505268643,0.00010310263160819737,0.00009747616384702628,0.00012112261920627088,269129162.5736,15426088.1279,1950406.4045,-0.001047572092341964,-0.001047572092341964,-0.0008233468415274958,0.9991766531584725,-1.0335678657380498e-7,0.9990898381698097,479.68567954442733,19.749918913151795,0.000038871799999999996,0.000012320072845109241
2021-10-23T16:00:00.000Z,0.019243813500648098,1.0005377926809096,0.00011793991590716234,0.0001198754297081467,0.000144355311022748,269542613.81270003,18975683.0433,3549594.9154,0.00039343736988683986,0.00039343736988683986,0.0006557325968167502,1.0006557325968168,-2.938704660726543e-7,0.9993098427685722,480.96467982332763,19.783231496540132,0.0000385164,0.000022387225792702024
2021-10-23T17:00:00.000Z,0.019243813500648098,1.0010509004966823,0.00013274049067011414,0.00013582427704920548,0.00016167752007278935,269708365.75320005,21503342.9286,2527659.8853,0.0008892229766095383,0.0008892229766095383,0.0011836409873524417,1.0011836409873525,-3.7941705133270887e-7,0.9997006489217248,481.2533144748791,19.794697897897887,0.000038674800000000045,0.000015932104267548167
2021-10-23T18:00:00.000Z,0.019243813500648098,1.0000506526826054,0.0001474086103222556,0.00014793723387698522,0.00017179529317168374,269443233.10050005,23423100.981399998,1919758.0528,-0.00012114261056628273,-0.00012114261056628273,0.0001980612929276566,1.0001980612929278,-3.091423650403158e-8,0.9998104085852734,480.2294596880487,19.779483257968312,0.000038804199999999956,0.000012112342374331253
2021-10-23T19:00:00.000Z,0.019243813500648098,1.0004724830478193,0.0001621179240875947,0.00016068406845080687,0.0001852242602002896,269554893.83250004,25443306.334799998,2020205.3534,0.000287258787619038,0.000287258787619038,0.0006346009719069223,1.000634600971907,-3.8205105523658744e-8,0.9996937277101569,480.67793665332545,19.779565868652753,0.000038642600000000015,0.000012740815245276482
2021-10-23T20:00:00.000Z,0.019243813500648098,1.0004568463004944,0.00017662261957089793,0.0001707183393343482,0.0001953266921084218,269470774.6841,27033134.652599998,1589828.3178,0.00026151960838594057,0.00026151960838594057,0.0006334689200652603,1.0006334689200653,-1.9981557675130546e-7,1.0005767028029917,480.2290393773628,19.76452788345965,0.00003845970000000002,0.000010029689280510583
2021-10-23T21:00:00.000Z,0.019243813500648098,1.0009385652222407,0.00019123345460547278,0.0001795784066007578,0.00020515186769043403,269784868.68109995,28437882.1051,1404747.4525,0.0007334133545502386,0.0007334133545502386,0.0011297986768461453,1.0011297986768461,-9.566438685659762e-8,0.999978620540092,480.9697556042272,19.747246746769104,0.000038854700000000026,0.00000885175911060018
2021-10-23T22:00:00.000Z,0.019243813500648098,1.0016140649968368,0.0002061993432478424,0.0001872993979071997,0.0002127691701359069,269972605.147,29662056.739099998,1224174.634,0.001401295826700899,0.001401295826700899,0.0018202643400846484,1.0018202643400846,-8.021317265960448e-7,0.9998166233365088,481.68999562874427,19.779508535430473,0.000038497599999999995,0.000007708548342032123
2021-10-23T23:00:00.000Z,0.019243813500648098,1.0032995545582615,0.00022167297643197056,0.0002006655022482349,0.0002290155022051099,270472823.1482,31781632.5101,2119575.771,0.003070539056056365,0.003070539056056365,0.0035212275346934454,1.0035212275346934,-0.000005155789094990482,0.9995376572148721,483.43208518732337,19.845373038328308,0.000038719500000000035,0.000013322147374213853
2021-10-24T00:00:00.000Z,0.019243813500648098,1.0041103476788653,0.00023651824192834513,0.00020861367639495875,0.00023350194370386212,270693612.50909996,33042051.811,1260419.3009,0.0038768457351614494,0.0038768457351614494,0.004346865920793657,1.0043468659207937,-0.00000802629341678518,0.9995457592098547,484.2056753208212,19.846160085581307,0.000038847499999999956,0.00000791563861322353
2021-10-24T01:00:00.000Z,0.019243813500648098,1.0048580472416053,0.0002513784693539378,0.00021732736174521296,0.0002437681513969281,270896648.4346,34423873.086,1381821.275,0.004614279090208395,0.004614279090208395,0.005109425710959261,1.0051094257109592,-0.000007319340002642782,1.0004605947527097,484.47390216053446,19.84706152039076,0.000038879799999999986,0.000008671558622354533
2021-10-24T02:00:00.000Z,0.019243813500648098,1.0030679113637937,0.00026517745848002056,0.00022574155947471927,0.0002508944209203001,285496786.21720004,35832625.675500005,1408752.5895,0.002817016942873396,0.002817016942873396,0.0033330888222737167,1.0033330888222738,-0.000006419860112960585,0.998913269623532,483.48976962421153,19.83010278746173,0.00003672309999999991,0.000008388463610683257
2021-10-24T03:00:00.000Z,0.019243813500648098,1.0032158985507618,0.0002802107908726921,0.00023584954763463753,0.0002610592691434377,285540220.4014,37524969.70520001,1692344.0297,0.0029548392816183267,0.0029548392816183267,0.0034961093416344567,1.0034961093416344,-0.0000030796850635228523,1.0001515700281933,483.0238963669739,19.900013041024565,0.00003681520000000008,0.000010075585311399074
2021-10-24T04:00:00.000Z,0.019243813500648098,1.0031085266349251,0.0002952780096133296,0.00024762931707546703,0.0002724011513919322,285524719.4918,39497318.16800001,1972348.4628,0.0028361254835331806,0.0028361254835331806,0.0034038046445384424,1.0034038046445384,-0.000009448733131800502,0.9981695371278146,483.86845566203135,19.966358406868434,0.000036782799999999915,0.000011743264795874512
2021-10-24T05:00:00.000Z,0.019243813500648098,1.0026430048037895,0.00030814351813864335,0.0002594368322466018,0.0002841718495323331,285390825.8952,41474302.85400001,1976984.686,0.002358832954257206,0.002358832954257206,0.0029511483219281827,1.0029511483219282,-0.0000027209113618864578,0.9997062115632264,482.6649189702233,19.883800567713113,0.00003681380000000014,0.00001177639104430836
2021-10-24T06:00:00.000Z,0.019243813500648098,1.0022599309593831,0.0003233164330189349,0.00026988880742160687,0.0002947925041951738,285155903.8425,43223551.19000001,1749248.336,0.001965138455187976,0.001965138455187976,0.0025832473924020847,1.0025832473924021,-0.0000029081359389504513,0.9992346925939968,482.51342382846116,19.975204159234753,0.000035786800000000076,0.000010428408218552873
2021-10-24T07:00:00.000Z,0.019243813500648098,1.001303499159113,0.0003377235557020344,0.00028049128268885644,0.0003075690507094997,284884468.4677,44997991.30260001,1774440.1126,0.0009959301084034866,0.0009959301084034866,0.0016412227148150207,1.001641222714815,-5.380739463989315e-7,0.9996410104727284,481.3846526496299,19.99137553232983,0.000036768899999999925,0.000010588671989192748
2021-10-24T08:00:00.000Z,0.019243813500648098,0.9989498410925367,0.00035109233024370294,0.00029430896235749785,0.0003182563291361795,283869533.8136,47307721.76310001,2309730.4605,-0.001368415236599474,-0.001368415236599474,-0.0006990665772195915,0.9993009334227804,-3.8242866384763374e-7,0.9974422501364157,480.1694406436461,19.948583563853884,0.00003670789999999994,0.000013832205697101412
2021-10-24T09:00:00.000Z,0.019243813500648098,0.9979832529482523,0.0003636340277919737,0.00030935445698330246,0.000333091703009436,283604519.1716,49822776.43170001,2515054.6686,-0.0023498387547571387,-0.0023498387547571387,-0.001653113023955729,0.9983468869760442,-0.0000024261432501893054,0.9995331851138279,478.2236151218227,19.868421289944305,0.00003649209999999999,0.000015075898469844114
2021-10-24T10:00:00.000Z,0.019243813500648098,0.9986457596790758,0.00037842722854362757,0.0003271939705131729,0.0003510918124997042,283796032.43,52804922.688900016,2982146.2572,-0.0017053321334239424,-0.0017053321334239424,-0.0009758130923806106,0.9990241869076194,-0.000002004108164643803,0.9999781543085475,478.62862875681435,19.920706843668945,0.00003609300000000003,0.000017863705118888366
2021-10-24T11:00:00.000Z,0.019243813500648098,0.9989817801460227,0.00039241738630429036,0.00033951913079680566,0.0003633451965958656,283888535.7971,54865239.188800015,2060316.4999,-0.0013815650505731858,-0.0013815650505731858,-0.0006258024676730298,0.9993741975323269,-6.975282182963838e-7,0.9994816267631111,479.1770667347011,19.91417499252641,0.00003683019999999996,0.000012337722761490177
2021-10-24T12:00:00.000Z,0.019243813500648098,0.9953759655821742,0.00040387648893153134,0.0003572666377299482,0.0003800701245416649,282869341.0441,57832031.625500016,2966792.4367,-0.005004104542367438,-0.005004104542367438,-0.0042201579288942415,0.9957798420711057,-0.00001878203038474524,1.0007955371385435,475.08235423091685,19.78812583551949,0.00003661499999999993,0.000017829953305557068
2021-10-24T13:00:00.000Z,0.019243813500648098,0.9941701604942303,0.0004176393602819381,0.00037837558665203665,0.0004005841191891957,282230027.4207,61357040.181800015,3525008.5563,-0.006230423624958847,-0.006230423624958847,-0.005412200145487714,0.9945877998545123,-0.000015525764348489624,0.9990058938811431,474.7609880535917,19.77944914468723,0.00003662320000000002,0.000021232732039448762
2021-10-24T14:00:00.000Z,0.019243813500648098,0.9958757615072772,0.00043066079096211837,0.0003936747185885425,0.00041635914978777055,282723451.802,63911943.82770002,2554903.6459,-0.00454059764251058,-0.00454059764251058,-0.0036935777017606908,0.9963064222982393,-0.000015167364252777205,1.000639886422746,475.5990486431421,19.77756170847214,0.00003431799999999998,0.00001536248998923433
2021-10-24T15:00:00.000Z,0.019243813500648098,0.9931339667991318,0.00043974534150274607,0.00041722897504339564,0.0004389473855571646,281933333.1359,67845262.00040002,3933318.1727,-0.007304980586425369,-0.007304980586425369,-0.006426287859365458,0.9935737121406345,-0.00003240287878059078,1.0004014862200603,473.07395547213645,19.66038337923501,0.000030755699999999926,0.000023717099426362776
2021-10-24T16:00:00.000Z,0.019243813500648098,0.9929580214128381,0.0004513395158188351,0.000439623249059294,0.000462658368281299,282075554.0718,71587424.30630001,3742162.3059,-0.0075046369554432335,-0.0075046369554432335,-0.0065906390713430995,0.993409360928657,-0.00004240234603913873,1.0013599817589842,472.4310387403775,19.561735399186357,0.000036660699999999986,0.00002255309199325613
2021-10-24T17:00:00.000Z,0.019243813500648098,0.9936733694521178,0.00046561133271858386,0.00045985311941247804,0.0004823292605398155,282294927.9602,74968100.84390001,3380676.5376,-0.006808959808421999,-0.006808959808421999,-0.0058610192151636,0.9941389807848364,-0.00002418701208606322,0.9998058733559168,473.8289414806084,19.5786560355157,0.00003684340000000007,0.00002035867295047637
2021-10-24T18:00:00.000Z,0.019243813500648098,0.9941362412350155,0.00047853198616118855,0.0004757766438193513,0.0004988504474590094,282496771.46540004,77629793.22370002,2661692.3798,-0.006362609212443471,-0.006362609212443471,-0.005385226778823273,0.9946147732211768,-0.000030116459619478064,1.0010615978450048,473.6600227152371,19.563159093385828,0.00003529950000000008,0.000016017446932890713
2021-10-24T19:00:00.000Z,0.019243813500648098,0.9893671712963703,0.0004876371575166466,0.0004932682734619011,0.0005138876945208759,281031130.27529997,80552453.27490002,2922660.0512,-0.011146716398150569,-0.011146716398150569,-0.010145191546113047,0.989854808453887,-0.00007082047496653754,1.0003753026049316,469.4317289462248,19.376934633501797,0.00003663419999999999,0.00001767961464686422
2021-10-24T20:00:00.000Z,0.019243813500648098,0.9928647752797461,0.0005046662624378615,0.0005074188095239005,0.0005308714907341638,282093204.57159996,82917427.82100002,2364974.5461,-0.007666096210988016,-0.007666096210988016,-0.006630558457815991,0.993369441542184,-0.000032640103188152914,1.000066984316292,472.88795346846666,19.50727390797513,0.00003662550000000011,0.000014252228211153313
2021-10-24T21:00:00.000Z,0.019243813500648098,0.9939740251858157,0.0005181074428071991,0.0005205303432292797,0.0005432593467622482,282422917.96419996,85108867.36630003,2191439.5453,-0.006569234160946569,-0.006569234160946569,-0.005507867371377121,0.9944921326286229,-0.000021278312000272415,0.9996156562307668,474.14791299960484,19.495713449529667,0.00003662390000000008,0.000013191023072292733
2021-10-24T22:00:00.000Z,0.019243813500648098,0.9958470038641316,0.0005330574271099198,0.0005315986823556597,0.0005550448931210816,282951123.6713,86958784.88480003,1849917.5185,-0.004708041028989474,-0.004708041028989474,-0.003619938708758472,0.9963800612912416,-0.000015589546629612983,1.0005477389495216,475.48285030577676,19.537509607119283,0.000036808799999999945,0.000011114498294423936
2021-10-24T23:00:00.000Z,0.019243813500648098,0.996263027016048,0.0005470302608477107,0.0005431202613995137,0.0005678175402494823,283733456.7711,88888972.78620003,1930187.9014,-0.004304790524201518,-0.004304790524201518,-0.0031899427231043254,0.9968100572768956,-0.000012811104536436524,1.0004307627038798,475.9238610336488,19.543029424750888,0.000036753199999999986,0.000011564795599791327
2021-10-25T00:00:00.000Z,0.019243813500648098,0.9955275924381868,0.0005599121187856509,0.0005549273262654126,0.0005785590200000357,283529683.72220004,90867027.31700003,1978054.5308,-0.005050966581813254,-0.005050966581813254,-0.003912495443027568,0.9960875045569725,-0.000011973282686983389,0.9995127873442083,475.6472561116577,19.51708296510712,0.00003623199999999957,0.000011860108113599624
2021-10-25T01:00:00.000Z,0.019243813500648098,0.9997285610379719,0.0005770107769161309,0.0005752009185628701,0.0006010088456137597,284730262.2715,94263540.48730004,3396513.1703,-0.0008724478076418407,-0.0008724478076418407,0.00030557181488804987,1.000305571814888,-5.917772379904207e-7,0.9998979769972608,479.4660515768343,19.63114362601741,0.00003659940000000013,0.000020279096234611778
2021-10-25T02:00:00.000Z,0.019243813500648098,1.00048110501523,0.0005923752837868277,0.0005911681168044831,0.0006178749906780023,285096733.8864,96940015.13050003,2676474.6432,-0.0001367699754479812,-0.0001367699754479812,0.001073480299016849,1.0010734802990169,-8.160932096767937e-8,0.9999501124357658,480.1473573903277,19.68094964864077,0.00003670250000000009,0.000015959519533650642
2021-10-25T03:00:00.000Z,0.019243813500648098,0.9996180681123522,0.0006048741594120445,0.0006048024587375225,0.0006308123959976042,284772846.7766,99224823.24910003,2284808.1186,-0.0010127442836453948,-0.0010127442836453948,0.00022294227176425385,1.0002229422717643,-0.0000018117477094126144,1.0005733436300848,479.00786981827366,19.636460791741232,0.00003661989999999999,0.00001363955112148412
2021-10-25T04:00:00.000Z,0.019243813500648098,1.0017933489807884,0.000620661504917568,0.0006226810064186976,0.0006510068303362537,285387529.0599,102220811.80120003,2995988.5521,0.0011423421504521691,0.0011423421504521691,0.002414010485705991,1.002414010485706,-6.365376725714356e-8,1.0004678850114013,481.1275087649711,19.69868757442265,0.00003659020000000011,0.000017846542052301775
2021-10-25T05:00:00.000Z,0.019243813500648098,1.0025529618438669,0.0006439662584025625,0.0006432420127683127,0.000671338113798825,285736878.2453,105667915.89900003,3447104.0978,0.0018816237300680605,0.0018816237300680605,0.003196928102269448,1.0031969281022695,-4.333485714713703e-7,1.0006319766712424,481.7593211031677,19.99103607881119,0.00003663470000000013,0.00002050864768400398
2021-10-25T06:00:00.000Z,0.019243813500648098,1.0024169971293155,0.0006583727352099529,0.0006597134662769899,0.0006882413130047116,285685072.185,108429270.14130004,2761354.2423,0.001728755816310823,0.001728755816310823,0.0030753698645254873,1.0030753698645254,-1.1375219677312032e-7,1.0009336117902639,481.4671821717247,19.999245935697186,0.00003674570000000013,0.000016431737843376457
2021-10-25T07:00:00.000Z,0.019243813500648098,1.0023408929138165,0.0006730474570945491,0.0006805187901584279,0.0007099676156663293,285488321.21529996,111915038.13060004,3485767.9893,0.001630925298150121,0.001630925298150121,0.0030139403709109995,1.003013940370911,-0.0000027620574297726463,0.9989626761467136,482.3228856492736,20.01517577957188,0.00003673799999999984,0.000020756735535045146
