query_ts,assumedLPToken,equityValue,totalDexYield,totalTradingfee,newTotalTradingFee,liquidity,totalVolume,volume,priceImpact,priceEffect,totalReturn,totalEquityVal,impermanentLoss,tokenPrice,quoteTokenPrice,rewardPrice,rewardTokenPerLP,feePerDollar
2022-04-30T09:00:00.000Z,0.01898200041404431,1,0,0.000010427564514650937,9.054978988842777e-13,271300756.5791,1664121.2073,1664121.2073,-9.054978988842777e-13,-9.054978988842777e-13,0,1,0,0.9998468905133998,397.62942682094314,7.854713360377206,0,0.000010427564184050401
2022-04-30T10:00:00.000Z,0.01898200041404431,0.9989065281402646,0,0.000022086648946764366,0.000012687872276151424,271271850.7123,3526617.5114,1862496.3041,-0.001106159732011558,-0.001106159732011558,-0.0010934718597354065,0.9989065281402646,-6.153736720193592e-7,0.9998495089511731,396.74919101421796,7.845953405082894,0,0.000011671847663722362
2022-04-30T11:00:00.000Z,0.01898200041404431,0.99954251572675,0,0.000035516446509101425,0.000028143074328634832,271448228.1351,5672007.642200001,2145390.1308,-0.000485627347578621,-0.000485627347578621,-0.0004574842732499862,0.99954251572675,-2.6270012076778926e-7,1.000085982242323,397.1483517216644,7.860890389495937,0,0.000013435944111393511
2022-04-30T12:00:00.000Z,0.01898200041404431,0.9997483021501141,0,0.00005065739548076292,0.00004172858679463154,271502996.9162,8090741.871800001,2418734.2296,-0.0002934264366805106,-0.0002934264366805106,-0.00025169784988587907,0.9997483021501141,-7.849114409541613e-7,1.0008066606116928,397.0150096004847,7.890798516538866,0,0.000015144761704376808
2022-04-30T13:00:00.000Z,0.01898200041404431,0.9997693476097633,0,0.00007663528997360496,0.00006649190055862952,271493263.9047,12240418.7073,4149676.8355,-0.0002971442907953037,-0.0002971442907953037,-0.00023065239023667417,0.9997693476097633,-6.763676252408146e-8,0.9999174892529824,397.36509753123073,7.856816920344237,0,0.00002598388821472294
2022-04-30T14:00:00.000Z,0.01898200041404431,0.996292494189247,0,0.00011709418243331333,0.00011648223645133182,270551601.7271,18703331.9973,6462913.29,-0.0038239880472042964,-0.0038239880472042964,-0.0037075058107529646,0.996292494189247,-0.000006783670995047508,0.9996990036276068,394.6525538347116,7.794587584298917,0,0.0000406094531426294
2022-04-30T15:00:00.000Z,0.01898200041404431,0.9926717598972399,0,0.00014352319745339543,0.00013314821429477597,269573446.9602,22925188.6734,4221856.6761,-0.007461388317054896,-0.007461388317054896,-0.00732824010276012,0.9926717598972399,-0.000025228365241991568,0.9994610251589223,391.8690605019736,7.701521710409231,0,0.00002662412203539334
2022-04-30T16:00:00.000Z,0.01898200041404431,0.9947747340177587,0,0.00016935037486294995,0.00015878382754785925,270299311.99939996,27053269.8048,4128081.1314,-0.0053840498097891265,-0.0053840498097891265,-0.005225265982241267,0.9947747340177587,-0.000013088655245740988,0.9995647820840083,393.4702582952873,7.744053083302226,0,0.00002596284049511594
2022-04-30T17:00:00.000Z,0.01898200041404431,0.9939741217336108,0,0.000218326445351639,0.00021248263439266335,270021261.17689997,34879595.1256,7826325.3208,-0.006238360900781892,-0.006238360900781892,-0.0060258782663892285,0.9939741217336108,-0.000019935189137565423,0.9999033346403471,392.66162284940094,7.617945645329714,0,0.00004927298312499774
2022-04-30T18:00:00.000Z,0.01898200041404431,0.9911814115053701,0,0.00024351713161071008,0.0002326206570539835,269307972.0949,38905718.9956,4026123.87,-0.009051209151683892,-0.009051209151683892,-0.008818588494629909,0.9911814115053701,-0.00005632540299960187,1.0013693527946552,389.8702944428112,7.525886254346173,0,0.000025414808651071548
2022-04-30T19:00:00.000Z,0.01898200041404431,0.9902397501244153,0,0.0002577137450437733,0.0002466906235569777,269054110.7955,41174722.144,2269003.1484,-0.010006940499141637,-0.010006940499141637,-0.009760249875584659,0.9902397501244153,-0.000051550734928795805,0.9999436413998184,389.67342992554694,7.5413893137432515,0,0.000014336541229105481
2022-04-30T20:00:00.000Z,0.01898200041404431,0.9918215306248502,0,0.0002718015270756626,0.00026195487226410297,269546704.7675,43426855.9226,2252133.7786,-0.008440424247413869,-0.008440424247413869,-0.008178469375149766,0.9918215306248502,-0.00003591848277118004,0.9998464401259249,390.9456082375222,7.6429036669777455,0,0.000014203948168917212
2022-04-30T21:00:00.000Z,0.01898200041404431,0.9908424546277161,0,0.000280297327575777,0.0002697204216473015,269283227.63000005,44785044.6409,1358188.7183,-0.009427265793931161,-0.009427265793931161,-0.00915754537228386,0.9908424546277161,-0.00004516693775946656,0.9998794946718044,390.15492626780116,7.601121090524877,0,0.000008574320953559344
2022-04-30T22:00:00.000Z,0.01898200041404431,0.9895867600735309,0,0.00028938189278273377,0.00027840059510730875,268950324.1926,46237401.6227,1452356.9818,-0.010691640521576451,-0.010691640521576451,-0.010413239926469142,0.9895867600735309,-0.00006089071926140832,1.0001334236576527,389.06076265001093,7.600851008378981,0,0.000009180159482878708
2022-04-30T23:00:00.000Z,0.01898200041404431,0.9860062813179147,0,0.0003047005911044724,0.0002925733508352124,269076708.8215,48696463.007,2459061.3843,-0.014286292032920533,-0.014286292032920533,-0.013993718682085321,0.9860062813179147,-0.00010319985051954195,0.9998248059644355,386.3578158679074,7.537960610470964,0,0.000015536106308194796
2022-05-01T00:00:00.000Z,0.01898200041404431,0.9743626536914634,0,0.0003675966996873919,0.0003562804424138699,268601758.9306,58895591.8617,10199128.8547,-0.025993626750950516,-0.025993626750950516,-0.025637346308536646,0.9743626536914634,-0.00032968068027994235,0.9991913346629816,377.4739238731231,7.232068084497389,0,0.0000645510257342352
2022-05-01T01:00:00.000Z,0.01898200041404431,0.9767705411191798,0,0.00039725678715935166,0.0003863773984817964,269192315.0982,63703914.4625,4808322.6008,-0.02361583627930197,-0.02361583627930197,-0.023229458880820175,0.9767705411191798,-0.00029239355469645734,1.0001330465805902,378.96202604758236,7.227920275611189,0,0.000030365459795455567
2022-05-01T02:00:00.000Z,0.01898200041404431,0.9808739664047919,0,0.0004293429660024305,0.00042480113514287154,270326338.62409997,68905601.6869,5201687.2244,-0.01955083473035102,-0.01955083473035102,-0.019126033595208147,0.9808739664047919,-0.00020917864553782195,1.0005581212914083,381.9617358022608,7.273782191744344,0,0.000032711826477908896
2022-05-01T03:00:00.000Z,0.01898200041404431,0.9795748341469893,0,0.00044995226294077017,0.00043810247846010064,269920074.3114,72246104.4458,3340502.7589,-0.020863268331470786,-0.020863268331470786,-0.020425165853010685,0.9795748341469893,-0.00024233113200211598,1.000780471167787,380.8551930096688,7.299250842438036,0,0.000021039023142748724
2022-05-01T04:00:00.000Z,0.01898200041404431,0.9817796519881149,0,0.0004600469666889606,0.0004487680728814114,270544684.7704,73882429.8585,1636325.4127,-0.018669116084766513,-0.018669116084766513,-0.0182203480118851,0.9817796519881149,-0.0001867918004443414,1.000331165166998,382.73585743600955,7.348793482988811,0,0.000010282047137428547
2022-05-01T05:00:00.000Z,0.01898200041404431,0.9809132439847251,0,0.0004715790444545037,0.0004595657267210118,270299362.218,75751704.3496,1869274.4911,-0.019546321741995887,-0.019546321741995887,-0.019086756015274875,0.9809132439847251,-0.00021296565584805194,1.0007472153582482,381.893078701351,7.340453446510925,0,0.000011756471080043057
2022-05-01T06:00:00.000Z,0.01898200041404431,0.9832499961381059,0,0.0004865118140312243,0.00047622878275821456,270946920.4906,78172241.35440001,2420537.0048,-0.017226232644652284,-0.017226232644652284,-0.01675000386189407,0.9832499961381059,-0.00015881043085841373,1.0002936917122829,383.87656380756385,7.4169341431344575,0,0.000015187155110341104
2022-05-01T07:00:00.000Z,0.01898200041404431,0.9829560792707899,0,0.0004963537249889007,0.0004884403467462217,270866717.61219996,79767577.04890001,1595335.6945,-0.01753236107595635,-0.01753236107595635,-0.017043920729210127,0.9829560792707899,-0.00016040523788452,1.0000713882845647,383.72272816033956,7.434343510799401,0,0.000010012565237095215
2022-05-01T08:00:00.000Z,0.01898200041404431,0.9808837786165117,0,0.0005083166353196413,0.0004985720805790184,270297779.3629,81706733.53160001,1939156.4827,-0.01961479346406736,-0.01961479346406736,-0.01911622138348834,0.9808837786165117,-0.00018926188325818494,0.9994945116389277,382.31831417886485,7.417236501160382,0,0.000012196052917490129
2022-05-01T09:00:00.000Z,0.01898200041404431,0.984158992901719,0,0.0005199875246578122,0.0005133389421586587,271202759.3393,83598571.34470001,1891837.8131,-0.016354346040439616,-0.016354346040439616,-0.015841007098280957,0.984158992901719,-0.00014031875800935012,1.0001105490150564,384.62841406609033,7.465566851227731,0,0.000011858744690153862
2022-05-01T10:00:00.000Z,0.01898200041404431,0.9824287133723377,0,0.0005327724941750839,0.0005227461600887384,270728989.89350003,85671023.37330002,2072452.0286,-0.018094032787751013,-0.018094032787751013,-0.017571286627662275,0.9824287133723377,-0.00015398364464425107,0.9991376420907591,383.6423079154791,7.439995645828782,0,0.000013013635702648439
2022-05-01T11:00:00.000Z,0.01898200041404431,0.9839084718029847,0,0.0005421203549133838,0.0005324223451952381,271142464.19320005,87186349.69210002,1515326.3188,-0.016623950542210553,-0.016623950542210553,-0.016091528197015315,0.9839084718029847,-0.0001410015877814086,0.9998771440671025,384.5073356469288,7.449068080294297,0,0.00000950074253262099
2022-05-01T12:00:00.000Z,0.01898200041404431,0.9835445584408911,0,0.0005538537178113174,0.0005442113090090572,271008827.9598,89088141.56010002,1901791.868,-0.016999652868117998,-0.016999652868117998,-0.01645544155910894,0.9835445584408911,-0.00014103339275672866,0.9994970306598066,384.35970520309957,7.472593618003601,0,0.000011929671073591641
2022-05-01T13:00:00.000Z,0.01898200041404431,0.9845265213668094,0,0.000572812537406456,0.0005634854311195037,271238740.5812,92160604.60990001,3072463.0498,-0.0160369640643101,-0.0160369640643101,-0.015473478633190596,0.9845265213668094,-0.00012122388110136217,0.9992517318387133,385.207447837838,7.5009797067691055,0,0.000019256788958199532
2022-05-01T14:00:00.000Z,0.01898200041404431,0.9823394616331482,0,0.0005968372049368934,0.000586124410965172,270568907.09459996,96053070.16880001,3892465.5589,-0.018246662777816947,-0.018246662777816947,-0.017660538366851775,0.9823394616331482,-0.00016197192455558174,0.9994315091694761,383.4102795842567,7.4614831452701775,0,0.000024456584909131513
2022-05-01T15:00:00.000Z,0.01898200041404431,0.9825199825640878,0,0.0006159686202689968,0.0006076396696204078,270608525.7675,99152617.3648,3099547.196,-0.018087657105532617,-0.018087657105532617,-0.01748001743591221,0.9825199825640878,-0.0001721523208981779,1.0001504305370925,383.2587949396912,7.462943799196261,0,0.000019471782044765247
2022-05-01T16:00:00.000Z,0.01898200041404431,0.9896833532380507,0,0.0006359752804545915,0.0006316322766548588,272584909.2801,102394006.76570001,3241389.4009,-0.01094827903860418,-0.01094827903860418,-0.010316646761949322,0.9896833532380507,-0.000060721806231289754,0.9998586608581136,388.9657937987481,7.590767587484554,0,0.000020215212926067446
2022-05-01T17:00:00.000Z,0.01898200041404431,0.9908235530597325,0,0.0006500125760599796,0.0006440991071849922,272902576.89849997,104668296.61670001,2274289.851,-0.009820546047452527,-0.009820546047452527,-0.009176446940267535,0.9908235530597325,-0.00005116809763749952,1.0000941486378159,389.7615127958935,7.615265017964239,0,0.00001416730025285903
2022-05-01T18:00:00.000Z,0.01898200041404431,0.9897103603024383,0,0.0006627697881980459,0.0006566546633547388,272311383.43160003,106733032.6931,2064736.0764,-0.010946294360916431,-0.010946294360916431,-0.010289639697561692,0.9897103603024383,-0.00005901410135411567,0.9997046222602208,389.0272885234581,7.644566470576957,0,0.000012889844286519386
2022-05-01T19:00:00.000Z,0.01898200041404431,0.984468899221018,0,0.0006746353379504629,0.000667052144015523,270870099.9901,108653460.6012,1920427.9081,-0.016198152922997533,-0.016198152922997533,-0.01553110077898201,0.984468899221018,-0.00013654313817490493,1.0000423650932226,384.77680676648066,7.512958526197503,0,0.00001205274204827082
2022-05-01T20:00:00.000Z,0.01898200041404431,0.9842379887647911,0,0.0006845045203481341,0.0006755333820022136,270808493.4555,110250789.736,1597329.1348,-0.01643754461721114,-0.01643754461721114,-0.015762011235208928,0.9842379887647911,-0.00014726733085312915,1.0004358991387983,384.4382884270578,7.5120305815805875,0,0.000010027231769989562
2022-05-01T21:00:00.000Z,0.01898200041404431,0.987647570488354,0,0.0006921497582898956,0.0006854855642646207,271376107.8438,111486485.8197,1235696.0837,-0.013037915075910567,-0.013037915075910567,-0.012352429511645946,0.987647570488354,-0.00008495186492007978,0.9997584271302431,387.36277401810867,7.57841810674127,0,0.000007740855888091378
2022-05-01T22:00:00.000Z,0.01898200041404431,0.987700748496077,0,0.0006985309088960842,0.0006917441954923387,271239453.5092,112517293.2248,1030807.4051,-0.012990995699415309,-0.012990995699415309,-0.01229925150392297,0.987700748496077,-0.00008382319950783756,0.99971908756559,387.41484913146394,7.623325587213207,0,0.000006460610969379359
2022-05-01T23:00:00.000Z,0.01898200041404431,0.9887500882735365,0,0.0007060512528679214,0.0006990819501804246,271533031.8047,113732149.6831,1214856.4583,-0.011948993676643926,-0.011948993676643926,-0.011249911726463502,0.9887500882735365,-0.00006766958623871666,0.9994599325190492,388.33394865840654,7.655096707404659,0,0.000007605910652503722
2022-05-02T00:00:00.000Z,0.01898200041404431,0.9914165054160574,0,0.0007144611256485615,0.0007096010798831598,272267419.24700004,115090713.5708,1358563.8877,-0.009293095663825746,-0.009293095663825746,-0.008583494583942586,0.9914165054160574,-0.00005463838740704663,1.0009645890394434,389.83756254922935,7.71732608716266,0,0.00000848268447057478
2022-05-02T01:00:00.000Z,0.01898200041404431,0.9928494432772728,0,0.0007253066605249295,0.0007224469839020031,272699765.5369,116842993.34140001,1752279.7706,-0.007873003706629245,-0.007873003706629245,-0.0071505567227272415,0.9928494432772728,-0.00004852779850383904,1.0017962097275164,390.63141572636215,7.746688341954412,0,0.000010923645659009258
2022-05-02T02:00:00.000Z,0.01898200041404431,0.9895790544500493,0,0.000733579796465587,0.0007278426589831799,271803291.7029,118179667.1219,1336673.7805,-0.011148788208933835,-0.011148788208933835,-0.010420945549950655,0.9895790544500493,-0.00006443946713874382,0.9999882677444154,388.75770792630124,7.694965039746586,0,0.000008360257201497885
2022-05-02T03:00:00.000Z,0.01898200041404431,0.9916525237008118,0,0.0007424700182577047,0.0007383006152614779,272373813.6158,119616047.69180001,1436380.5699,-0.009085776914449673,-0.009085776914449673,-0.008347476299188195,0.9916525237008118,-0.000053922089172542265,1.0011052232809894,389.94595022478256,7.711489462779108,0,0.000008965057750648434
2022-05-02T04:00:00.000Z,0.01898200041404431,0.9911091651898736,0,0.00075014614940514,0.0007446190868243274,272226069.9741,120856276.27960001,1240228.5878,-0.009635453896950752,-0.009635453896950752,-0.008890834810126425,0.9911091651898736,-0.000049392915959511896,1.0001040197057889,389.9033926043973,7.718931607454218,0,0.000007744991504526349
2022-05-02T05:00:00.000Z,0.01898200041404431,0.9919891209392816,0,0.0007608832116401418,0.0007561389776479244,272252645.6487,122589687.97280002,1733411.6932,-0.008767018038366325,-0.008767018038366325,-0.008010879060718401,0.9919891209392816,-0.00004038622113800017,1.0000287050148038,390.6169094509215,7.742195608427342,0,0.00001082376948594428
2022-05-02T06:00:00.000Z,0.01898200041404431,0.9921616397896535,0,0.0007748439604306602,0.0007720845297116696,272301305.82060003,124843548.70920001,2253860.7364,-0.00861044474005812,-0.00861044474005812,-0.007838360210346451,0.9921616397896535,-0.000040047180012603434,1.0001488556547087,390.6933807101588,7.749034203512547,0,0.000014071042517895025
2022-05-02T07:00:00.000Z,0.01898200041404431,0.9930288502817874,0,0.0007887103212241198,0.000788047740307718,272540659.5144,127082182.36350001,2238633.6543,-0.007759197458520273,-0.007759197458520273,-0.006971149718212555,0.9930288502817874,-0.00003194714574361601,1.0000509203230585,391.40292558970907,7.73939180553267,0,0.000013963704421537597
