query_ts,assumedLPToken,equityValue,totalDexYield,totalTradingfee,newTotalTradingFee,liquidity,totalVolume,volume,priceImpact,priceEffect,totalReturn,totalEquityVal,impermanentLoss,tokenPrice,quoteTokenPrice,rewardPrice,rewardTokenPerLP,feePerDollar
2022-04-17T09:00:00.000Z,0.018668346928411815,1,0.000004162033388980125,0.000011807947851879535,-2.8910207561239076e-13,335124719.4069,2327726.5468,2327726.5468,2.8910207561239076e-13,2.8910207561239076e-13,0.000004162033388980125,1.000004162033389,0,0.9997907136810652,414.40940819947843,8.187423794190078,0.0000272303,0.000011807947609962326
2022-04-17T10:00:00.000Z,0.018668346928411815,1.0001233865367187,0.000008362341994365059,0.000021317837131549118,0.000009605207796470339,335136136.56,4202264.5145,1874537.9677,0.00011378132892225779,0.00011378132892225779,0.00013174887871309317,1.0001317488787131,-7.39069033750539e-8,0.9995201161909655,414.61593518763596,8.197540160388575,0.0000274132,0.000009508716600364213
2022-04-17T11:00:00.000Z,0.018668346928411815,0.9999528958851508,0.000012617981225154652,0.00003148128656883547,0.000020228839625269224,335083601.24950004,6205656.1806,2003391.6661,-0.00006733295447447496,-0.00006733295447447496,-0.00003448613362405108,0.999965513866376,-6.73458360189727e-7,0.9985638211104724,414.8627017724004,8.234749068546195,0.0000274358,0.000010163928702181099
2022-04-17T12:00:00.000Z,0.018668346928411815,1.000781226726497,0.00001680795550856186,0.00004292788429706459,0.0000313385068266836,335364288.47630006,8461999.2477,2256343.0671,0.0007498882196703693,0.0007498882196703693,0.0007980346820056148,1.0007980346820056,-4.1716418253123777e-7,0.9996269526439293,415.0991539993319,8.22120389235257,0.000027435700000000006,0.00001143766150980942
2022-04-17T13:00:00.000Z,0.018668346928411815,1.0008715881808963,0.000021041627721628373,0.00005346666084934666,0.00004184869074363995,335447360.7021,10539720.5025,2077721.2548,0.0008297394901526367,0.0008297394901526367,0.000892629808617905,1.0008926298086178,-0.000001452278444169508,0.9989163976542439,415.4607172103232,8.230436135139126,0.000027431399999999993,0.000010529598819222094
2022-04-17T14:00:00.000Z,0.018668346928411815,1.002238486366892,0.00002524342875725683,0.00006526729070923026,0.00005366950747531796,335925257.0674,12866353.1818,2326632.6793,0.0021848168594167383,0.0021848168594167383,0.0022637297956493133,1.0022637297956494,-0.000001386588163065916,1.0003078861612342,416.00701126020766,8.236583305247988,0.000027224200000000006,0.000011774272614507264
2022-04-17T15:00:00.000Z,0.018668346928411815,1.0014281882675327,0.000029547519677382853,0.00007709131200781516,0.0000660711800151148,335924414.99649996,15199478.2828,2333125.101,0.0013621170875175448,0.0013621170875175448,0.0014577357872100425,1.00145773578721,-0.0000015959624374284331,0.9993654863356295,415.71593613943645,8.261680560360382,0.000027407900000000002,0.000011807158082693468
2022-04-17T16:00:00.000Z,0.018668346928411815,1.002621689997221,0.00003412401393732868,0.00008732915854128061,0.00007640863301494605,336333878.4635,17219673.0542,2020194.7714,0.0025452813642059535,0.0025452813642059535,0.0026558140111582283,1.0026558140111583,-0.000004587161824276542,0.9993040612884299,416.7245124537466,8.352376791170856,0.000027270299999999992,0.000010211076942558744
2022-04-17T17:00:00.000Z,0.018668346928411815,1.0022218990384677,0.000038216821014564976,0.0000970582776862693,0.0000855111548228038,336204127.4412,19139507.3258,1919834.2716,0.002136387883644897,0.002136387883644897,0.0022601158594822658,1.0022601158594822,-0.000002472811470588532,0.999700967599438,416.2193399785415,8.31770914552012,0.000027270100000000005,0.000009707549656096366
2022-04-17T18:00:00.000Z,0.018668346928411815,1.0015856242486363,0.00004216261805722588,0.00010365832426286857,0.000092255878703984,335972282.151,20441814.6649,1302307.3391,0.001493368369932302,0.001493368369932302,0.0016277868666935119,1.0016277868666934,-8.795095401969988e-7,0.9999566664678636,415.5790832550479,8.311100749279026,0.0000256271,0.000006589598589192457
2022-04-17T19:00:00.000Z,0.018668346928411815,0.9985944794086924,0.00004617482089345294,0.0001104203990229636,0.00009864269214032717,335020395.9802,21776297.9991,1334483.3342,-0.0015041632834479346,-0.0015041632834479346,-0.0013593457704141544,0.9986406542295858,-9.63305771928269e-7,0.9996734743141075,413.2121218397692,8.273857987411434,0.000027199000000000005,0.000006771592701102524
2022-04-17T20:00:00.000Z,0.018668346928411815,0.9995449159981455,0.00005059780423382444,0.00011540696464339123,0.00010402813565324465,335395472.98270005,22760552.6235,984254.6244,-0.0005591121375077002,-0.0005591121375077002,-0.0004044861976206311,0.9995955138023793,-2.2843530411709168e-7,0.9999073496779949,413.89784959241416,8.306339258579508,0.00002735430000000001,0.0000049888355576173995
2022-04-17T21:00:00.000Z,0.018668346928411815,0.9986599784333257,0.00005498201029946692,0.00011858308704654434,0.00010690838485338805,335103774.30520004,23387469.704800002,626917.0813,-0.0014469299515277312,-0.0014469299515277312,-0.0012850395563748763,0.9987149604436252,-6.717542466727622e-8,0.9987100856925862,413.6581371730132,8.329005734599969,0.000027308300000000018,0.000003180385062566757
2022-04-17T22:00:00.000Z,0.018668346928411815,0.9990832942534555,0.00005927931078598705,0.00012153435294461412,0.00010981447721536419,335256962.68700004,23970022.947400004,582553.2426,-0.0010265202237598192,-0.0010265202237598192,-0.0008574264357584679,0.9991425735642415,-1.8503024168392557e-7,0.9993721675050823,413.7322479028174,8.33470443210244,0.000027376700000000022,0.0000029539744811939787
2022-04-17T23:00:00.000Z,0.018668346928411815,1.0004938110600523,0.00006390175481491314,0.00012653786008987928,0.00011544350944681092,335733326.1401,24957678.805900004,987655.8585,0.0003783675506054962,0.0003783675506054962,0.0005577128148672203,1.0005577128148673,-2.51760867708839e-9,1.0002399758198888,414.5367910022896,8.383716476200787,0.000027307200000000015,0.000005001037516154576
2022-04-18T00:00:00.000Z,0.018668346928411815,0.9908196913293363,0.00006789922202893142,0.0001432950181999827,0.00013140327366500948,333223597.3401,28272747.630100004,3315068.8242,-0.009311711944328671,-0.009311711944328671,-0.00911240944863473,0.9908875905513652,-0.00004702616004537141,1.0001336113155335,406.58817142270186,8.385095884960434,0.00002546990000000004,0.000016912418706614245
2022-04-18T01:00:00.000Z,0.018668346928411815,0.9923380171711177,0.00007055670830558317,0.00015322294030508142,0.00014241202806464237,333445583.02860004,30235089.964800004,1962342.3347,-0.00780439485694695,-0.00780439485694695,-0.007591426120576725,0.9924085738794233,-0.00003462247882068947,1.0002771972219633,407.76780612791595,8.331799645124347,0.000019860100000000007,0.000010004576874853577
2022-04-18T02:00:00.000Z,0.018668346928411815,0.991765344293035,0.00007349086555352808,0.00016619638852556086,0.00015477298568167264,333254089.75,32799415.076900005,2564325.1121,-0.008389428692646694,-0.008389428692646694,-0.008161164841411493,0.9918388351585885,-0.00003399275747462127,0.9996113989887281,407.5583555150528,8.262150903902432,0.00002284720000000004,0.00001308116786755803
2022-04-18T03:00:00.000Z,0.018668346928411815,0.9947635538347106,0.00007809214390094441,0.00017633673028301922,0.00016498875845138983,334316002.7829,34804076.255,2004661.1781,-0.005401434923740789,-0.005401434923740789,-0.005158354021388455,0.9948416459786116,-0.00002098378053250194,1.0008532743303609,409.5094681683374,8.302724904432091,0.000027357600000000017,0.000010193720834186502
2022-04-18T04:00:00.000Z,0.018668346928411815,0.9937312990555359,0.00008313885477720421,0.00018673973754859504,0.00017499037587076494,333971254.08529997,36860677.3777,2056601.1227,-0.006443691320334843,-0.006443691320334843,-0.006185562089686875,0.9938144379103131,-0.000023889746435079573,1.000238518689284,408.9028152855933,8.384038646106305,0.000027357600000000017,0.000010468631254404385
2022-04-18T05:00:00.000Z,0.018668346928411815,0.9784872549431837,0.00008242985332450237,0.00021595068990724393,0.00020142072964679514,329565772.6213,42648080.2391,5787402.8614,-0.021714165786463124,-0.021714165786463124,-0.021430315203491826,0.9785696847965082,-0.0002246866944282111,0.999038180793419,396.90644279461844,7.906232133456317,0.000027297999999999978,0.00002985317554710209
2022-04-18T06:00:00.000Z,0.018668346928411815,0.9809941325458092,0.00008682790262390344,0.00022705457412256126,0.00021271273064649154,330409092.68329996,44848024.0127,2199943.7736,-0.01921858018483724,-0.01921858018483724,-0.018919039551566846,0.9810809604484332,-0.00019211806298269352,0.9999885451622573,398.5548878085537,7.939968133704075,0.00002729830000000003,0.000011319011788530683
2022-04-18T07:00:00.000Z,0.018668346928411815,0.9816710859809595,0.00009151611094620603,0.0002366551953019723,0.0002235582316293394,330638992.5401,46750146.5789,1902122.5662,-0.018552472250669805,-0.018552472250669805,-0.01823739790809426,0.9817626020919057,-0.00017532865773017825,0.9997911999333888,399.1752132924231,7.996053250730342,0.000027298200000000012,0.000009779876044558861
2022-04-18T08:00:00.000Z,0.018668346928411815,0.9797876164991556,0.00009527912838421573,0.00025046698857847003,0.00023978663691204272,329988763.236,49486475.7337,2736329.1548,-0.020452170137756465,-0.020452170137756465,-0.020117104372460205,0.9798828956275398,-0.0002185120616751135,1.0000335059956031,397.53506992382205,7.969952121775438,0.000027299300000000015,0.000014096721105115854
2022-04-18T09:00:00.000Z,0.018668346928411815,0.9824953439453228,0.00009949078975621916,0.0002667699271394583,0.00025320054286737115,330892343.9769,52716257.5367,3229781.803,-0.017757856597544586,-0.017757856597544586,-0.017405165264920995,0.982594834735079,-0.00016626198578140183,1.0001097818793885,399.69448648912737,7.982238765497362,0.00002727760000000003,0.00001659340013464714
2022-04-18T10:00:00.000Z,0.018668346928411815,0.9840878501400417,0.00010379941314545136,0.00028006751760132514,0.00027098726474517054,331438597.36950004,55350727.388000004,2634469.8513,-0.01618313712470343,-0.01618313712470343,-0.015808350446812808,0.9841916495531872,-0.00014399842626222625,1.0004467656583411,400.84202269952715,8.000781565394801,0.000027299599999999975,0.000013512604695877024
2022-04-18T11:00:00.000Z,0.018668346928411815,0.985678276858262,0.00010843522642506698,0.0002925980051527219,0.0002830419553857544,331977133.8732,57833243.270600006,2482515.8826,-0.014604765097123718,-0.014604765097123718,-0.014213287915312896,0.9857867120846872,-0.00010970665989684658,0.9998915170142482,402.3525302915169,8.044976940532086,0.000027049300000000022,0.00001271255327492511
2022-04-18T12:00:00.000Z,0.018668346928411815,0.9862106282893092,0.00011241171418786028,0.0003019907580227545,0.0002893287298834091,332153420.4569,59694100.362600006,1860857.092,-0.014078700440574243,-0.014078700440574243,-0.013676959996502975,0.986323040003497,-0.00010605470019264818,1.0001765816467958,402.66744737833477,8.036140857750526,0.00002730000000000004,0.000009524083937020566
2022-04-18T13:00:00.000Z,0.018668346928411815,0.9897285134563345,0.0001181008194812584,0.0003236973130745511,0.000312914028178346,333357075.0573,63994764.8294,4300664.4668,-0.010584400571843844,-0.010584400571843844,-0.01015338572418424,0.9898466142758158,-0.00005959701000235462,1.000067752815654,405.57090140682243,8.154906642592511,0.000026456999999999998,0.000021931826682554453
2022-04-18T14:00:00.000Z,0.018668346928411815,0.988758969655119,0.00012185075073246874,0.0003458921088709052,0.0003341310925074614,333064316.59150004,68392609.7494,4397844.92,-0.01157516143738846,-0.01157516143738846,-0.011119179594148529,0.9888808204058515,-0.00006713898302079802,0.9997362126294077,404.89329270694344,8.135686684394214,0.000026522799999999976,0.00002244712504933289
2022-04-18T15:00:00.000Z,0.018668346928411815,0.9901829395352386,0.0001263251799499346,0.00036093220283507004,0.000349596201445479,333546163.82750005,71372787.4532,2980177.7038,-0.010166656666206864,-0.010166656666206864,-0.00969073528481145,0.9903092647151885,-0.00005589436272623871,1.0001452772335064,405.881984503846,8.157133467618515,0.000027273500000000074,0.000015189208109376238
2022-04-18T16:00:00.000Z,0.018668346928411815,0.9894981790571415,0.0001303867175972747,0.00037635542915008134,0.0003657908651396591,333322520.98590004,74428946.5472,3056159.094,-0.010867611807998112,-0.010867611807998112,-0.010371434225261178,0.9896285657747388,-0.00006218758767195798,1.0000162471094638,405.35962957657654,8.15118903283431,0.000027295900000000082,0.000015586916972885172
2022-04-18T17:00:00.000Z,0.018668346928411815,0.9916203306164122,0.00013459865778631564,0.00038955292740305684,0.0003790586692080655,334042905.492,77044114.14099999,2615167.5938,-0.008758728052795872,-0.008758728052795872,-0.00824507072580149,0.9917549292741985,-0.00003884976882218005,0.9998082758029363,407.1746487828317,8.154936909353562,0.000027272800000000048,0.000013309023590583252
2022-04-18T18:00:00.000Z,0.018668346928411815,0.9988758043010648,0.00014027936490124598,0.0004144413323068442,0.00040724159793359416,339996766.7095,82027349.96469998,4983235.8237,-0.0015314372968687762,-0.0015314372968687762,-0.000983916334033936,0.9990160836659661,-0.0000014743488230273272,0.9999752592247795,413.0648508313548,8.248156075161734,0.000026900400000000082,0.000024916416065592227
2022-04-18T19:00:00.000Z,0.018668346928411815,1.0015412129774923,0.00014505881573549206,0.00042286635167513236,0.00041626112028070317,340906308.9382,83714245.57229999,1686895.6076,0.0011249518572116202,0.0011249518572116202,0.0016862717932278155,1.0016862717932278,-3.0420742402892387e-7,1.0001350108465885,415.199332030761,8.283562205114778,0.000027012899999999946,0.000008412054742700185
2022-04-18T20:00:00.000Z,0.018668346928411815,1.0010160182121874,0.00014893148714799405,0.00042847811836735784,0.00042177110107055604,340727613.3678,84837859.22259998,1123613.6503,0.0005942471111168857,0.0005942471111168857,0.0011649496993354357,1.0011649496993353,-3.463224462763037e-8,1.0001215883056804,414.7648138472264,8.266653281581455,0.000027012999999999963,0.0000056060710390621825
2022-04-18T21:00:00.000Z,0.018668346928411815,1.0021877075839676,0.0001533988354705431,0.00043366255726421846,0.0004274838241355994,341127056.4958,85875913.24009998,1038054.0175,0.0017602237598319803,0.0017602237598319803,0.0023411064194381226,1.002341106419438,-3.5730297320846205e-7,1.0007042722309885,415.489944925516,8.284467475915845,0.000026810299999999956,0.000005173121850484841
2022-04-18T22:00:00.000Z,0.018668346928411815,1.0028165689510804,0.00015909731229495053,0.0004391684240248231,0.00043397975098247166,341466041.87969995,86978728.71789998,1102815.4778,0.0023825892000979287,0.0023825892000979287,0.002975666263375351,1.0029756662633753,-0.000003063848248330281,0.999695072003178,416.42633150108634,8.364500187099438,0.00002700299999999993,0.000005490403385179062
2022-04-18T23:00:00.000Z,0.018668346928411815,1.004274047524514,0.00016483817573773336,0.00044710702654604864,0.0004419872252738877,341983439.1458,88568914.71839997,1590186.0005,0.003832060299240103,0.003832060299240103,0.004438885700251724,1.0044388857002517,-0.000004683798124793803,1.000554923464906,417.27262677701043,8.460604359597703,0.00002477379999999992,0.000007904816115079414
2022-04-19T00:00:00.000Z,0.018668346928411815,1.0035905697840044,0.00016870946964775288,0.0004526655809821894,0.0004470666641802623,341577148.11480004,89681786.66689998,1112871.9485,0.0031435031198241425,0.0031435031198241425,0.003759279253652158,1.003759279253652,-0.0000023597146733278507,1.000757123996919,416.616191301302,8.44436006344725,0.000026565099999999947,0.000005538667685738041
2022-04-19T01:00:00.000Z,0.018668346928411815,1.0057066140831854,0.00017408868484212835,0.00046534229022773767,0.0004608162002490701,342335936.81430006,92220062.24069998,2538275.5738,0.005245797882936332,0.005245797882936332,0.00588070276802753,1.0058807027680274,-0.000011513122799455822,1.000224213469258,418.58713265574966,8.499083849259629,0.000027012400000000047,0.000012604777972231138
2022-04-19T02:00:00.000Z,0.018668346928411815,1.0036280182751236,0.00017690934751736517,0.00047519950970251445,0.0004709347739275671,341629521.47230005,94193794.12269998,1973731.882,0.003157083501196034,0.003157083501196034,0.003804927622640966,1.003804927622641,-0.0000035422523194661437,1.0002811644675489,416.8257136086283,8.43501151372142,0.000026247099999999968,0.000009821587387821979
2022-04-19T03:00:00.000Z,0.018668346928411815,1.002058562060106,0.00018015649136022573,0.0004861934877589602,0.00048005856114241574,341101868.90040004,96395184.01299998,2201389.8903,0.0015785034989634905,0.0015785034989634905,0.002238718551466132,1.002238718551466,-0.0000011750206393434937,0.9998349791808344,415.70032913904123,8.389795150651292,0.000026787000000000067,0.000010971393459596524
2022-04-19T04:00:00.000Z,0.018668346928411815,1.0025604430190302,0.00018495337666218044,0.0004967612655881955,0.0004905829361889769,341462079.7771,98512407.30049998,2117223.2875,0.0020698600828412683,0.0020698600828412683,0.0027453963956924256,1.0027453963956925,-0.0000013931715776571707,1.000189195275255,415.9609351724234,8.415662871416858,0.000026997100000000037,0.000010540788573359424
2022-04-19T05:00:00.000Z,0.018668346928411815,1.0038792571550434,0.00018950490267136678,0.0005084312842256292,0.0005028944255376366,341910563.5112,100850456.68729998,2338049.3868,0.0033763627295058107,0.0033763627295058107,0.004068762057714814,1.004068762057715,-0.000005105890243273237,0.9999657735200271,417.13948569789636,8.429455430802195,0.00002699730000000007,0.000011624922952782068
2022-04-19T06:00:00.000Z,0.018668346928411815,1.002980689695719,0.0001929938742862933,0.0005177864857158152,0.0005123525479640012,341603268.0816,102724733.18319999,1874276.4959,0.002468337147754962,0.002468337147754962,0.0031736835700052566,1.0031736835700054,-0.0000038605835018801216,0.9994774209100397,416.58827875661694,8.396414147346242,0.000026997499999999922,0.000009327399181289109
2022-04-19T07:00:00.000Z,0.018668346928411815,1.0055360476082595,0.00019820597933318976,0.0005316047326398461,0.000527028710491928,342476854.8784999,105493189.14759998,2768455.9644,0.005009018897767614,0.005009018897767614,0.005734253587592732,1.0057342535875928,-0.000012717095405734291,0.9997439811519107,418.5909408657031,8.43814908328645,0.000026997499999999922,0.000013742169937731044
