query_ts,assumedLPToken,equityValue,totalDexYield,totalTradingfee,newTotalTradingFee,liquidity,totalVolume,volume,priceImpact,priceEffect,totalReturn,totalEquityVal,impermanentLoss,tokenPrice,quoteTokenPrice,rewardPrice,rewardTokenPerLP,feePerDollar
2021-11-27T09:00:00.000Z,0.016630293952820233,0.9999999999999999,0.000008559571113942898,0.00003850173480481185,-7.033262861000367e-13,293810525.6146,6654244.0812,6654244.0812,7.032152637975742e-13,7.032152637975742e-13,0.000008559571113831876,1.000008559571114,0,0.9993049193697987,604.4823772381544,13.311372357656209,0.000038666,0.0000385017347978832
2021-11-27T10:00:00.000Z,0.016630293952820233,0.9956408793628111,0.000016795834796740355,0.000083068763986215,0.00004571028612532224,288604815.99310005,14253404.6305,7599160.5493,-0.004404830923314229,-0.004404830923314229,-0.0043423248023921664,0.9956576751976078,-0.000013962068128869909,1.0001744921888975,598.6478903703136,13.22466150211621,0.000037702999999999995,0.00004476215301313217
2021-11-27T11:00:00.000Z,0.016630293952820233,0.996892577836408,0.00002554382518286139,0.00011654554405021273,0.00007575422259953335,288969421.79719996,19961592.8897,5708188.2592,-0.0031831763861915885,-0.0031831763861915885,-0.0030818783384091936,0.9969181216615908,-0.000006575341765735487,0.99974285434064,600.3770451787213,13.311161491464407,0.000039021500000000006,0.00003358113111168646
2021-11-27T12:00:00.000Z,0.016630293952820233,0.9955951929834673,0.0000342990285783953,0.00016321860206024253,0.00012227472855530497,288601490.17190003,27920127.5934,7958534.7037,-0.00452708174508798,-0.00452708174508798,-0.004370507987954279,0.9956294920120458,-0.000008498284128743983,0.9988906375178713,599.2701229340493,13.323850018193559,0.000039402799999999995,0.00004687955349167256
2021-11-27T13:00:00.000Z,0.016630293952820233,0.9994078543114593,0.00004311608273056,0.00019982138014158128,0.0001595242796443852,290470625.6791,34177969.6171,6257842.0237,-0.000751669968185098,-0.000751669968185098,-0.0005490296058101528,0.9994509703941898,-0.0000020641918967445605,1.000584740179117,602.8019611694444,13.406584753365841,0.000038591000000000004,0.000036624465607902094
2021-11-27T14:00:00.000Z,0.016630293952820233,1.0056824750378646,0.00005216350940914418,0.00024159039562601033,0.00020436208723517701,292281829.8432999,41318759.6199,7140790.0028,0.005478112950629388,0.005478112950629388,0.005734638547273709,1.0057346385472736,-0.000012001703845965217,0.9998684972307975,610.7789021681155,13.555757510578344,0.00003800489999999998,0.0000415330060416969
2021-11-27T15:00:00.000Z,0.016630293952820233,1.0025780754501548,0.00006039558081719619,0.00027934843033736964,0.0002429217367017067,294810240.2352,47849836.799100004,6531077.1792,0.002335153713453053,0.002335153713453053,0.002638471030971956,1.002638471030972,-4.243722387942128e-7,1.0007160919848914,606.4523877091021,13.461962137699523,0.000038382800000000015,0.00003766094147809162
2021-11-27T16:00:00.000Z,0.016630293952820233,1.0041452821427153,0.00006935404119842964,0.00031311599109113243,0.00027362196108660086,295475506.4889,53694718.0467,5844881.2476,0.0038716601816286556,0.0038716601816286556,0.004214636183913686,1.0042146361839137,-0.000004049559299668104,1.0003230145954536,608.5521440005892,13.48206023473519,0.00003955340000000002,0.00003362816173493309
2021-11-27T17:00:00.000Z,0.016630293952820233,1.0087366202686852,0.00007786889969764533,0.0003517016440222596,0.00031896175755075085,296830923.512,60373669.5631,6678951.5164,0.008417658511134407,0.008417658511134407,0.008814489168382802,1.0088144891683828,-0.000028078039494228157,1.0001933003066783,614.1558776082891,13.533870930575835,0.00003664750000000001,0.00003825146465045102
2021-11-27T18:00:00.000Z,0.016630293952820233,1.012466386857076,0.00008656761347096566,0.0003846741819324021,0.0003483809647844005,297846021.1354,66079444.521800004,5705774.9587,0.012118005892291617,0.012118005892291617,0.012552954470546983,1.012552954470547,-0.00006119968126605535,1.0002861826450993,618.6139397509777,13.575146085183004,0.00003747910000000002,0.00003256655030278376
2021-11-27T19:00:00.000Z,0.016630293952820233,1.0107157905857902,0.0000948616244136579,0.00041376256002812964,0.00037641118599562873,297326118.9719,71112996.9368,5033552.415,0.010339379399794568,0.010339379399794568,0.010810652210203855,1.0108106522102038,-0.00004746660603927033,0.9998474226465757,616.7121422813913,13.530335690304051,0.00003813000000000006,0.000028779977807159006
2021-11-27T20:00:00.000Z,0.016630293952820233,1.0035698637692623,0.00010185783765198907,0.0004386162865492396,0.00040081301464423014,295227699.7586,75413825.1781,4300828.2413,0.0031690507546180413,0.0031690507546180413,0.0036717216069142604,1.0036717216069142,-0.00000712890529597221,0.9986936088282319,608.6920773531548,13.294527925245163,0.00003912159999999993,0.000024765318485319458
2021-11-27T21:00:00.000Z,0.016630293952820233,0.9981284512765046,0.00010858470237346304,0.000466373010486989,0.00042423524211110397,294236832.73609996,80226980.5563,4813155.3782,-0.0022957839656064793,-0.0022957839656064793,-0.0017629640211219123,0.9982370359788781,-0.0000055342540291603015,1.0003332542971646,601.0914880222289,13.080528436957659,0.00003846060000000003,0.000027808769102265095
2021-11-27T22:00:00.000Z,0.016630293952820233,1.000048307899057,0.00011779729734509083,0.000492318866705304,0.0004537768165185918,294804657.9835,84726150.9422,4499170.3859,-0.0004054689174616266,-0.0004054689174616266,0.00016610519640205602,1.0001661051964021,-1.7613802527627342e-7,0.9994927837425248,603.8787527740452,13.168489312220075,0.00003873319999999998,0.000025944602464381976
2021-11-27T23:00:00.000Z,0.016630293952820233,1.0032558686592572,0.00012761175421608067,0.0005093745053714086,0.0004697367363535321,295753750.7113,87683738.5321,2957587.5899,0.0027861319229036674,0.0027861319229036674,0.0033834804134732803,1.0033834804134734,-0.000002157939573921297,1.000009464307332,607.4271474515816,13.278321164395837,0.000039995800000000055,0.00001700028787711971
2021-11-28T00:00:00.000Z,0.016630293952820233,0.996694326557242,0.00013445429674765574,0.000532291842040387,0.0004918880728781438,293416896.6643,91652347.96280001,3968609.4307,-0.0037975615156361497,-0.0037975615156361497,-0.00317121914601035,0.9968287808539896,-0.000013348498447363077,1.0006670519188448,599.0833781676705,13.087160076867328,0.00003988040000000008,0.00002299334533521723
2021-11-28T01:00:00.000Z,0.016630293952820233,0.9994530533250715,0.00014326975365232107,0.0005587280524540773,0.0005230578782176032,293608286.0628,96220664.4423,4568316.4795,-0.0010700045531460978,-0.0010700045531460978,-0.0004036769212761735,0.9995963230787238,-0.000002671185730496184,1.0005456086951712,602.441508879613,13.164339885473701,0.00003664479999999986,0.000026450677258777694
2021-11-28T02:00:00.000Z,0.016630293952820233,0.987951204783233,0.00014775848478074496,0.0005934701966613279,0.0005461851324672917,290156609.8405,102222784.44600001,6002120.0037,-0.012594980349234342,-0.012594980349234342,-0.011901036731986305,0.9880989632680137,-0.00010742937843166711,1.0012892559299917,588.1834153995009,12.835252229694126,0.00003780790000000001,0.00003516585064837555
2021-11-28T03:00:00.000Z,0.016630293952820233,0.9822112534305497,0.0001544299835381612,0.0006497630847950133,0.0006002735473541465,287956064.96889997,111930698.812,9707914.366,-0.018389020116804433,-0.018389020116804433,-0.017634316585912125,0.9823656834140879,-0.00019397143343446999,1.0004424329673427,581.7928518239714,12.712270684417069,0.000038254099999999895,0.000057312404321063415
2021-11-28T04:00:00.000Z,0.016630293952820233,0.9804232895606159,0.0001620455841127467,0.0007142765833361046,0.000663169179176859,287649351.7066,123064704.86150001,11134006.0495,-0.020239879618560996,-0.020239879618560996,-0.01941466485527139,0.9805853351447286,-0.0002754744858135538,1.002334883769767,578.5066302803378,12.661148970900303,0.00003911800000000012,0.00006580167892558371
2021-11-28T05:00:00.000Z,0.016630293952820233,0.9789057819909834,0.00016923777139426393,0.0007515065829320504,0.000699317696985613,287186438.04300004,129489616.186,6424911.3245,-0.021793535706002176,-0.021793535706002176,-0.0209249802376223,0.9790750197623777,-0.0003100995157093722,1.0021795408385266,576.7627367812313,12.596309172152495,0.00003829499999999998,0.000038032259900847444
2021-11-28T06:00:00.000Z,0.016630293952820233,0.984500439396283,0.0001791598029600785,0.0007871199899025185,0.0007401495660989132,288685541.65400004,135632519.9542,6142903.7682,-0.016239710169815957,-0.016239710169815957,-0.015320400800756966,0.9846795991992431,-0.00017815814219912518,1.001811039463287,583.545107723573,12.728451316761008,0.00003848600000000006,0.00003617408875452527
2021-11-28T07:00:00.000Z,0.016630293952820233,0.987010021839955,0.00018840725141241853,0.0008119646911631003,0.0007665166257849743,289448626.01240003,139918348.3345,4285828.3803,-0.013756494785829965,-0.013756494785829965,-0.012801570908632572,0.9871984290913675,-0.00010589477872124942,1.0000063190507518,587.5532565202582,12.814727172166839,0.000037693999999999826,0.000025171680193769066
2021-11-28T08:00:00.000Z,0.016630293952820233,0.990933605058359,0.0001980100791578129,0.0008417414253970348,0.0007985371686070053,290633121.1678,145055574.48130003,5137226.1468,-0.00986493211024797,-0.00986493211024797,-0.008868384862483153,0.9911316151375168,-0.00006530890926370603,1.000820227230217,591.717590370566,12.907091478178526,0.00003841090000000009,0.000030049171321109507
2021-11-28T09:00:00.000Z,0.016630293952820233,0.9864283518596163,0.00020485653074280147,0.0008711058580572321,0.0008242252602491673,289322658.0936,150121859.18540004,5066284.7041,-0.014395873400632864,-0.014395873400632864,-0.013366791609640894,0.9866332083903591,-0.00011989172459114794,1.0002899366593367,586.6253093275506,12.804500070796701,0.00003954269999999998,0.0000297684393393886
2021-11-28T10:00:00.000Z,0.016630293952820233,0.9936833616402047,0.00021635791411806735,0.0009089154633101391,0.0008683570663929885,291377114.96470004,156643556.54070005,6521697.3553,-0.007184995426188334,-0.007184995426188334,-0.0061002804456772785,0.9938997195543228,-0.000036195690632845334,1.0006023680255585,595.0545871141518,12.989338746516033,0.00003955340000000002,0.00003804995291189276
2021-11-28T11:00:00.000Z,0.016630293952820233,0.9977041429847588,0.000226517168264217,0.0009348126559622894,0.0008984937893312672,292551910.92300004,161110443.26790005,4466886.7272,-0.003194350804572421,-0.003194350804572421,-0.002069339846976937,0.997930660153023,-0.000006645966464269293,0.999751065464992,600.3586537906843,13.088223209322553,0.00003910750000000007,0.000025956786309417307
2021-11-28T12:00:00.000Z,0.016630293952820233,0.9955328812044663,0.00023484224040711804,0.0009733022306961629,0.0009346091294367698,291923063.9875,167749509.42820004,6639066.1603,-0.005401727924970512,-0.005401727924970512,-0.0042322765551266244,0.9957677234448734,-0.000018038290270028234,0.9998947366853256,597.6167866467426,13.084661176229814,0.00003854159999999992,0.000038662284227714454
2021-11-28T13:00:00.000Z,0.016630293952820233,0.9943783267919339,0.00024198876310859113,0.0009984445194258246,0.0009605888806782925,291596653.3087001,172086483.02160004,4336973.5934,-0.006582262088744351,-0.006582262088744351,-0.005379684444957467,0.9946203155550425,-0.000024922441293595554,0.9997608497303542,596.2787935735586,13.0299600775449,0.000037510800000000054,0.00002528442979410567
2021-11-28T14:00:00.000Z,0.016630293952820233,0.9931877025423723,0.0002493806445359229,0.0010319879836425145,0.0009925242244757104,291254724.0238,177872778.90210003,5786295.8805,-0.007804821682103391,-0.007804821682103391,-0.006562916813091757,0.9934370831869083,-0.000029650831926186783,0.9991704357502136,595.1635405186165,12.989280443994149,0.000037716600000000065,0.00003377353974195519
2021-11-28T15:00:00.000Z,0.016630293952820233,0.9917891872504508,0.00025675393030768573,0.0010720088259526818,0.0010308250143206132,290854222.30689996,184776659.9999,6903881.0978,-0.00924163776386977,-0.00924163776386977,-0.007954058819241471,0.9920459411807585,-0.0000475631824501388,0.9997735645601806,593.0830516100251,12.96330480700335,0.00003651480000000005,0.000040352166020391895
2021-11-28T16:00:00.000Z,0.016630293952820233,0.9936199434826707,0.0002645484711186195,0.0011112100941162663,0.0010710650035965497,289788612.9072,191501968.4986,6725308.4987,-0.007451121520925863,-0.007451121520925863,-0.006115508046210694,0.9938844919537893,-0.000047784304109455,1.0016030558758082,594.1414264846466,12.93591073872527,0.00003875420000000007,0.00003945298034002198
2021-11-28T17:00:00.000Z,0.016630293952820233,0.9874256421169038,0.000272318379724084,0.0011633095072831612,0.0011201987546161085,287989335.5712,200440288.941,8938320.4424,-0.013694556637712352,-0.013694556637712352,-0.012302039503372159,0.9876979604966278,-0.00010784776488370618,1.0002027426993843,587.5116575221906,12.911838378158672,0.00003847759999999998,0.00005276287304855176
2021-11-28T18:00:00.000Z,0.016630293952820233,0.9833228333408277,0.00027838140424490596,0.001198101251342126,0.0011479305924180228,286742395.9649,206408209.8082,5967920.8672,-0.017825097251590316,-0.017825097251590316,-0.016398785254927387,0.9836012147450726,-0.00017563094347305963,1.0000621554609792,582.6829920802384,12.812593009085854,0.00003827800000000024,0.00003538181174813752
2021-11-28T19:00:00.000Z,0.016630293952820233,0.9842908715513183,0.0002888830553881942,0.0012510025174143676,0.00120234086855886,287037308.8574,215482904.7639,9074694.9557,-0.016911469317240524,-0.016911469317240524,-0.01542024539329347,0.9845797546067065,-0.00015293673322214207,0.9997389637838505,583.9562482657279,12.918472796950594,0.000038173799999999726,0.00005374556180901946
2021-11-28T20:00:00.000Z,0.016630293952820233,0.9896618283436052,0.00030121461941315456,0.001276797967591144,0.001236062760236467,288397538.604,219904702.91480002,4421798.1509,-0.011574234416631302,-0.011574234416631302,-0.01003695703698168,0.9899630429630183,-0.0000777139625184331,1.0001304263076554,590.0830575017964,13.092911404021196,0.000038719600000000096,0.000026064913358541888
2021-11-28T21:00:00.000Z,0.016630293952820233,0.9926378978516464,0.00031107393912053306,0.0013013374464146922,0.0012620950408397391,289226385.329,224110646.6565,4205943.7417,-0.008624197189193383,-0.008624197189193383,-0.007051028209233111,0.9929489717907669,-0.000040454390306865484,0.9996382248125117,593.9028974951627,13.165415663529432,0.00003741259999999992,0.000024721480209202327
2021-11-28T22:00:00.000Z,0.016630293952820233,1.0041308978581014,0.000326019984539272,0.001339952174088737,0.0013145866285462215,292578528.96889997,230729094.76360002,6618448.1071,0.0028163112295551684,0.0028163112295551684,0.004456917842640662,1.0044569178426406,-0.0000015749700948974876,1.0003422808587805,607.2616047962736,13.430591766068515,0.00003886390000000001,0.00003845586968299365
2021-11-28T23:00:00.000Z,0.016630293952820233,1.0001877322191135,0.0003320815933387514,0.0013792173691022762,0.0013519935902894797,291425894.5906,237458945.93310001,6729851.1695,-0.0011642613711759786,-0.0011642613711759786,0.0005198138124522525,1.0005198138124523,-4.491819772800554e-7,0.9990879749980259,603.2065989529242,13.321196835151552,0.00003934859999999987,0.00003925782574751002
2021-11-29T00:00:00.000Z,0.016630293952820233,1.006515778721084,0.0003448641287659276,0.0014103519934459288,0.0013897805072498048,293280051.28529996,242795447.65120003,5336501.7181,0.005125998213834304,0.005125998213834304,0.006860642849850037,1.00686064284985,-0.000010464191126602351,0.9998428202213766,610.3668664795741,13.48041537575664,0.00003931340000000043,0.00003093307192566192
2021-11-29T01:00:00.000Z,0.016630293952820233,1.0092534934534254,0.00035614093308076187,0.0014464854513276837,0.0014283714349752064,293962303.8425,248986321.95300004,6190874.3018,0.007825122018450203,0.007825122018450203,0.009609634386506171,1.0096096343865062,-0.00001757228587340176,1.0011716989886659,612.8348645656966,13.586371309211371,0.00003791259999999974,0.000035802162983111064
2021-11-29T02:00:00.000Z,0.016630293952820233,1.0096511337034706,0.0003651788106520548,0.0014810869880625926,0.0014634542769924597,293854790.805,254910224.61540005,5923902.6624,0.008187679426478134,0.008187679426478134,0.010016312514122648,1.0100163125141226,-0.000026922198305467937,1.0001210708069312,613.920116132814,13.601071888269468,0.000038253400000000077,0.000034270785575732885
2021-11-29T03:00:00.000Z,0.016630293952820233,1.0043186632995533,0.0003689929260520636,0.00152063379714787,0.001496777379573322,292419855.03529996,261683486.30210003,6773261.6867,0.002821885919980005,0.002821885919980005,0.00468765622560539,1.0046876562256053,-0.000002157942530556234,1.0000451178800025,607.448805923609,13.430886541422502,0.00003753350000000024,0.000039376754584602346
2021-11-29T04:00:00.000Z,0.016630293952820233,1.0047606078833307,0.0003790152169862109,0.0015518577428003432,0.0015282328938355239,292558345.6814,267031453.80610004,5347967.504,0.003232374989495135,0.003232374989495135,0.00513962310031687,1.005139623100317,-0.0000019530323940308847,1.0005556157915647,607.6360236475698,13.482323538303413,0.000038396799999999876,0.00003107600549088698
2021-11-29T05:00:00.000Z,0.016630293952820233,1.0059238236938746,0.0003881487232725903,0.0015916620270856863,0.0015689716751303706,292899741.6016,273849105.2595,6817651.4534,0.004354852018744193,0.004354852018744193,0.006311972417147154,1.0063119724171472,-0.0000059888947391284475,1.0001891897193256,609.2196141358469,13.51298460788187,0.00003680750000000008,0.00003956987946593903
2021-11-29T06:00:00.000Z,0.016630293952820233,1.0052772110220314,0.0003985737603962799,0.0016220871465463121,0.001598471120815237,292702702.44519997,279060143.5853,5211038.3258,0.0036787399012161437,0.0036787399012161437,0.0056757847824276605,1.0056757847824276,-0.000004847950492714581,0.9998628465181357,608.5982349967472,13.575207237870833,0.00003826080000000009,0.000030265402676008923
2021-11-29T07:00:00.000Z,0.016630293952820233,1.0095150740261496,0.000412700946279896,0.0016583140533758469,0.0016415327923686718,293954992.7904999,285265266.0331,6205122.4478,0.007873541233780923,0.007873541233780923,0.009927774972429491,1.0099277749724296,-0.000015195534223466645,1.0016358765387612,612.6097242760508,13.764024869479744,0.00003749859999999982,0.00003588545328358483
