query_ts,assumedLPToken,equityValue,totalDexYield,totalTradingfee,newTotalTradingFee,liquidity,totalVolume,volume,priceImpact,priceEffect,totalReturn,totalEquityVal,impermanentLoss,tokenPrice,quoteTokenPrice,rewardPrice,rewardTokenPerLP,feePerDollar
2022-02-07T09:00:00.000Z,0.0189922326912453,1,0.0000066841872986884995,0.00001560880442176533,8.19233569870903e-13,214473716.3897,1969222.5896,1969222.5896,-8.19233569870903e-13,-8.19233569870903e-13,0.0000066841872986884995,1.0000066841872988,0,0.9997861079816942,425.96208906436124,8.325917841815452,0.0000422708,0.00001560880493270909
2022-02-07T10:00:00.000Z,0.0189922326912453,0.9965633064489774,0.00001321785914989966,0.00003435519785460861,0.00001706859805117311,213692500.6175,4333798.1554000005,2364575.5658,-0.00345376214907378,-0.00345376214907378,-0.0034234756918727076,0.9965765243081273,-0.000005706893329904261,0.9997048261707456,423.0592210383305,8.258815652398905,0.0000419981,0.00001881104133389886
2022-02-07T11:00:00.000Z,0.0189922326912453,0.999483199433334,0.000019864942993588284,0.000050265145017149596,0.000032997558684577655,214315891.9968,6340573.1374,2006774.982,-0.000549798125350609,-0.000549798125350609,-0.0004969356236724431,0.9995030643763275,-2.0229355890410972e-7,0.9998722156328832,425.457188551118,8.295154055770546,0.00004182290000000001,0.0000159181731117305
2022-02-07T12:00:00.000Z,0.0189922326912453,1.0003545844506638,0.000026553309676231596,0.00006800783123905613,0.00005058965537840798,214503245.1979,8578523.0842,2237949.9468,0.0003039947952854227,0.0003039947952854227,0.0003811377603400623,1.00038113776034,-1.6680308689842605e-8,1.000272719776365,426.0137612746128,8.30367696710439,0.00004228110000000001,0.000017736397908805373
2022-02-07T13:00:00.000Z,0.0189922326912453,1.001283769346409,0.000033186473057396177,0.00008950867957445033,0.00007220291790344113,217776232.2881,11329329.277900001,2750806.1937,0.0012115664285055061,0.0012115664285055061,0.0013169558194663434,1.0013169558194663,-0.0000011878487294891826,0.9994557358115456,427.13602110959926,8.318729746238777,0.00004167970000000002,0.00002147328236950829
2022-02-07T14:00:00.000Z,0.0189922326912453,1.0066911693598661,0.00004032568168747674,0.00011823311915667988,0.00010289418522724247,218955588.0293,15004372.1424,3675042.8645,0.006588275174638891,0.006588275174638891,0.00673149504155361,1.0067314950415536,-0.000021378227752943957,0.9998138694644376,431.58130512028015,8.434647237074627,0.00004167959999999999,0.000028533516435369386
2022-02-07T15:00:00.000Z,0.0189922326912453,1.0129994565811564,0.00004761446627376709,0.0001525947819672966,0.0001369341525030432,220181044.17,19397723.8653,4393351.7229,0.012862522428653378,0.012862522428653378,0.013047071047430189,1.0130470710474302,-0.00007415430663892941,1.0003880844694275,436.72750006071186,8.54374583175853,0.000041704599999999994,0.00003392071264392533
2022-02-07T16:00:00.000Z,0.0189922326912453,1.0151926329560226,0.000054348768422315384,0.0001836956683471534,0.00016850501959386754,220899626.252,23378523.9977,3980800.1324,0.01502412793642871,0.01502412793642871,0.015246981724444893,1.015246981724445,-0.00009091675810801725,1.0012141284353817,438.2317192134474,8.541507454442701,0.00004158969999999997,0.00003063545348582829
2022-02-07T17:00:00.000Z,0.0189922326912453,1.010197885814218,0.00006061718015275694,0.0002160636538178022,0.0001999186206584902,219758048.9063,27520476.209,4141952.2113,0.009997967193559498,0.009997967193559498,0.010258502994370745,1.0102585029943707,-0.00004317537019704609,1.000441823768551,434.2373807204671,8.475160374700982,0.000041566099999999995,0.00003204123259308815
2022-02-07T18:00:00.000Z,0.0189922326912453,1.01181084563254,0.00006733155288725468,0.00023976410847378893,0.0002264109719023466,220112883.2065,30553346.9104,3032870.7014,0.011584434660637744,0.011584434660637744,0.011878177185427346,1.0118781771854273,-0.0000624838630310931,1.0001247542153127,435.740719260172,8.483795488377252,0.000041288200000000016,0.0000234238001759442
2022-02-07T19:00:00.000Z,0.0189922326912453,1.0111574897410034,0.00007390565920738181,0.0002594600451691568,0.00024433757165587267,219977814.2037,33073853.2241,2520506.3137,0.010913152169347518,0.010913152169347518,0.011231395400210772,1.0112313954002108,-0.000050766352957754,1.0005637203599642,434.9716862882873,8.467765208695534,0.00004166929999999996,0.000019478604007412346
2022-02-07T20:00:00.000Z,0.0189922326912453,1.012499695539886,0.0000810713815816157,0.0002723988018681209,0.00025702022979756656,220270926.5131,34729645.7536,1655792.5295,0.01224267531008838,0.01224267531008838,0.012580766921467562,1.0125807669214675,-0.00007941103750475076,0.9993517550974643,436.64546347608245,8.517728968720949,0.00004159990000000003,0.000012779023290586625
2022-02-07T21:00:00.000Z,0.0189922326912453,1.0111181584091526,0.0000873622629846779,0.0002846172154679017,0.00026993842317257766,219978815.8776,36293314.866500005,1563669.1129,0.010848219985980068,0.010848219985980068,0.011205520672137323,1.0112055206721373,-0.00005170910482277247,1.0004062742629656,434.9842585483881,8.474100535391171,0.00004166799999999997,0.000012084061282560449
2022-02-07T22:00:00.000Z,0.0189922326912453,1.0098057824300817,0.00009412841862365945,0.000294189862914377,0.0002779126572929336,219695937.3761,37518402.872600004,1225088.0061,0.009527869772788744,0.009527869772788744,0.009899910848705337,1.0098999108487052,-0.00003925668070026145,1.0004080127024464,433.84791087097983,8.479463941769003,0.00004167099999999997,0.000009479691045923567
2022-02-07T23:00:00.000Z,0.0189922326912453,1.0103346296066105,0.00010126430910556376,0.0003038157854727745,0.00028895703623876834,219824678.9255,38750385.6933,1231982.8207,0.0100456725703717,0.0100456725703717,0.010435893915716032,1.010435893915716,-0.00005099541173358979,0.9996824205262055,434.60829967596123,8.515238070897613,0.000041668500000000016,0.000009527459816737846
2022-02-08T00:00:00.000Z,0.0189922326912453,1.008951178960953,0.00010762688336387393,0.0003149814444206934,0.00029839607341886065,218688917.46220002,40173999.0893,1423613.396,0.008652782887534238,0.008652782887534238,0.009058805844316974,1.009058805844317,-0.00003259582386816451,1.0003274566727118,433.13097102702704,8.483620193887988,0.00004182260000000004,0.000011066599996400444
2022-02-08T01:00:00.000Z,0.0189922326912453,1.0071439697013909,0.000115195382423228,0.0003341455853061435,0.00031969615290816655,218305541.7238,42617506.3417,2443507.2524,0.0068242735484826955,0.0068242735484826955,0.00725916508381409,1.007259165083814,-0.000027797663523010385,0.9991312425217859,432.0787040095217,8.545199308344934,0.000041821299999999965,0.0000190282037564378
2022-02-08T02:00:00.000Z,0.0189922326912453,1.0101151165777937,0.0001227654203733087,0.0003473689121236369,0.00033215709866740717,218970830.0339,44303698.9398,1686192.5981,0.00978295947912633,0.00978295947912633,0.010237881998167046,1.010237881998167,-0.000041851361216371785,1.0003724918794936,434.0826025288912,8.600077015868598,0.00004181749999999993,0.000013090909945978732
2022-02-08T03:00:00.000Z,0.0189922326912453,1.0096645442017915,0.00012827263709289772,0.00036590708801181626,0.0003501795167766275,218885273.9302,46667753.5325,2364054.5927,0.009314364685014898,0.009314364685014898,0.009792816838884423,1.0097928168388843,-0.00004199142270377987,0.9998929684906744,433.8878015123761,8.512301055229171,0.000041815500000000196,0.0000183607272222049
2022-02-08T04:00:00.000Z,0.0189922326912453,1.010154403828672,0.0001352916736675717,0.00038441529795525534,0.0003686714141186709,218974396.9258,49027802.8947,2360049.3622,0.009785732414553383,0.009785732414553383,0.010289695502339626,1.0102896955023397,-0.00004408846060477423,1.0001338270585436,434.18857352808266,8.528579274583608,0.00004181919999999993,0.000018322159905751467
2022-02-08T05:00:00.000Z,0.0189922326912453,1.0115453050246563,0.00014276752721180337,0.00040078861761099735,0.0003872512897855618,219279382.2681,51115657.5131,2087854.6184,0.011158053734870776,0.011158053734870776,0.011688072551868142,1.0116880725518682,-0.00006705029351417036,0.9993020863167725,435.73188681775935,8.570733083061862,0.00004181879999999992,0.000016186441308651695
2022-02-08T06:00:00.000Z,0.0189922326912453,1.0181665476312707,0.00015035363015199752,0.00042494319744208774,0.0004140676055486292,220768414.2971,54196494.1962,3080836.6831,0.01775248002572205,0.01775248002572205,0.01831690126142268,1.0183169012614226,-0.00012549887968849038,1.0015402779708389,440.4473134545892,8.615459297307828,0.00004180899999999997,0.000023723603659270374
2022-02-08T07:00:00.000Z,0.0189922326912453,1.0158100043687366,0.00015614172864596818,0.00045549798306236374,0.0004420397109989871,220252864.2399,58093574.8438,3897080.6476,0.015367964657737598,0.015367964657737598,0.015966146097382554,1.0159661460973826,-0.00011050428112546751,1.000170131856994,438.9864137102164,8.55773406229939,0.00004181060000000004,0.000030079232448500607
2022-02-08T08:00:00.000Z,0.0189922326912453,1.015129922202822,0.0001610304360651372,0.0004800624589570664,0.00046604684285300735,220130543.7294,61226985.1876,3133410.3438,0.014663875359969047,0.014663875359969047,0.015290952638887191,1.0152909526388871,-0.00009934161498492688,1.000247428702748,438.34393293273234,8.460855868817953,0.000041423200000000014,0.00002419835745741888
2022-02-08T09:00:00.000Z,0.0189922326912453,1.0029865711086097,0.00016326124879461877,0.0005143400203628797,0.0004947502200658427,217533248.9229,65600106.5948,4373121.4072,0.0024918208885438276,0.0024918208885438276,0.003149832357404289,1.0031498323574042,-0.000002679570828112432,0.9999598227784257,428.01320826495265,8.234568190039608,0.000041802499999999924,0.000034175494684377795
2022-02-08T10:00:00.000Z,0.0189922326912453,1.0003735589009277,0.00016883405760321585,0.0005445553445137022,0.000523771735179146,216973355.66300002,69455090.1568,3854983.562,-0.00015021283425142862,-0.00015021283425142862,0.0005423929585309333,1.0005423929585309,-3.709432983001193e-7,1.0004973131300978,425.53142384545373,8.18780097388654,0.00004179959999999995,0.000030204040654552815
2022-02-08T11:00:00.000Z,0.0189922326912453,0.9995987501047391,0.00017553708400887177,0.0005630999492726475,0.0005416414098832201,216816756.8614,71821204.9099,2366114.7531,-0.0009428913051441334,-0.0009428913051441334,-0.0002257128112520416,0.999774287188748,-9.335995087011995e-7,1.0002092263225713,424.97934084074603,8.19729432572395,0.00004179770000000007,0.000018552048921390855
2022-02-08T12:00:00.000Z,0.0189922326912453,1.0003545682161035,0.00018289436464291847,0.0005793246680021434,0.0005582602406619674,216990446.9353,73891417.4284,2070212.5185,-0.00020369202455849944,-0.00020369202455849944,0.0005374625807463865,1.0005374625807464,-3.7307182787493787e-8,0.9993094545609351,425.99167040486236,8.23558003451559,0.00004179619999999994,0.00001621896876639628
2022-02-08T13:00:00.000Z,0.0189922326912453,0.9934589288741217,0.00018690407282356754,0.0006133026725186108,0.0005935853634545518,215473870.5184,78226462.7966,4335045.3682,-0.007134656489332869,-0.007134656489332869,-0.00635416705305475,0.9936458329469452,-0.000029269665336451034,1.000277086901273,419.6994779040461,8.125656053320961,0.00004180079999999992,0.00003420172064580187
2022-02-08T14:00:00.000Z,0.0189922326912453,0.9942387017233469,0.0001913859809278567,0.0006510291910943587,0.0006359677099674332,215657959.5223,83040091.9776,4813629.181,-0.006397265986620493,-0.006397265986620493,-0.005569912295725203,0.9944300877042748,-0.000027021405305083235,1.000719992305906,420.1370926154572,8.042925593532319,0.00004179849999999993,0.00003794513138224246
2022-02-08T15:00:00.000Z,0.0189922326912453,0.9939840986947895,0.0001974216468102785,0.0006684317796070166,0.0006442776878640144,215653922.5571,85261062.71959999,2220970.742,-0.006660178993074473,-0.006660178993074473,-0.0058184796584001795,0.9941815203415998,-0.000024675420567166206,1.000128724042996,420.1630309697065,8.031159045083397,0.00004140609999999999,0.000017507913682396842
2022-02-08T16:00:00.000Z,0.0189922326912453,0.9912446954918012,0.00020212491441745571,0.0006962538697257361,0.0006713294640100509,214739388.61180001,88806515.29059999,3545452.571,-0.009426633972208887,-0.009426633972208887,-0.00855317959378138,0.9914468204062186,-0.00004989608241023902,1.0003045961144688,417.75251720380925,7.967848690659156,0.00004136439999999998,0.000028067833338186188
2022-02-08T17:00:00.000Z,0.0189922326912453,0.9910306576387857,0.00020875271920065515,0.000710826704830892,0.0006877521620639593,214698940.4704,90663626.69129999,1857111.4007,-0.009657094523278231,-0.009657094523278231,-0.008760589642013617,0.9912394103579864,-0.0000620566316514859,1.0012237078784048,417.17484293470363,7.980924019083571,0.0000415378,0.000014704727346454977
2022-02-08T18:00:00.000Z,0.0189922326912453,0.9893888336246377,0.00021363905600163625,0.0007273834533691894,0.0007004415014209009,214448487.0898,92774596.99489999,2110970.3036,-0.011311607876783203,-0.011311607876783203,-0.010397527319360667,0.9896024726806394,-0.00007564132756021635,1.0007103556899655,415.99539467832096,7.927156408079909,0.000041796900000000033,0.000016734319578656008
2022-02-08T19:00:00.000Z,0.0189922326912453,0.9851150837599753,0.00021917225844269951,0.0007405378592734695,0.0007122838414089783,213523029.0059,94451778.46549998,1677181.4706,-0.015597200081433726,-0.015597200081433726,-0.014665743981582048,0.985334256018418,-0.00013036392992638035,1.0002139386600033,412.60152077735125,7.899781041116953,0.000041796900000000033,0.00001335316622892801
2022-02-08T20:00:00.000Z,0.0189922326912453,0.9791215635475041,0.000223743833943922,0.0007574082645346627,0.0007228309896648577,212663853.92659998,96607207.19209999,2155428.7266,-0.021601267442160732,-0.021601267442160732,-0.02065469261855195,0.9793453073814481,-0.00024857786489396183,1.000247424690523,407.57014810501124,7.840504011142642,0.00004174479999999992,0.000017230144039826784
2022-02-08T21:00:00.000Z,0.0189922326912453,0.987257765483886,0.00023496297935736307,0.0007688534644578942,0.0007406179246592925,214434896.68940002,98069517.01099999,1462309.8189,-0.013482852440773296,-0.013482852440773296,-0.012507271536756641,0.9874927284632433,-0.00011662748906271503,1.0014860462808637,413.8494864815453,8.011083682738358,0.000041744300000000054,0.00001159292041784953
2022-02-08T22:00:00.000Z,0.0189922326912453,0.9841712609655342,0.00024106847343307382,0.0007855702472465178,0.0007563516053379349,213770752.80380002,100205419.31609999,2135902.3051,-0.016585090639803735,-0.016585090639803735,-0.015587670561032725,0.9844123294389673,-0.00015317731371045085,1.0005661885614145,411.62884434944795,8.00292713217509,0.00004174340000000008,0.000016985644065175664
2022-02-08T23:00:00.000Z,0.0189922326912453,0.9816911197168288,0.00024649920521872554,0.0007982364768017022,0.0007674616814264956,212774667.1808,101820311.25939998,1614891.9433,-0.01907634196459773,-0.01907634196459773,-0.01806238107795251,0.9819376189220475,-0.00018646901226260226,0.9998385591058417,409.8440012480203,7.972919025907655,0.000041833999999999884,0.000012902458455156389
2022-02-09T00:00:00.000Z,0.0189922326912453,0.9806633771630963,0.00025322129670717763,0.0008084353361444732,0.0007772399968891675,212610353.1518,103120981.40799998,1300670.1486,-0.020113862833792906,-0.020113862833792906,-0.01908340154019656,0.9809165984598034,-0.00022294945781986542,1.0005856364897987,408.67211849718893,7.985191144870215,0.00004182260000000004,0.00001039996039629023
2022-02-09T01:00:00.000Z,0.0189922326912453,0.9864746722397123,0.00026270101708397963,0.0008271188500933223,0.0007990918534389602,213841992.0225,105503392.40059997,2382410.9926,-0.014324419613726658,-0.014324419613726658,-0.013262626743203719,0.9867373732567963,-0.00011419392276112994,1.000471417068867,413.5626934865372,8.081670025122495,0.00004182869999999998,0.000018939679008386046
2022-02-09T02:00:00.000Z,0.0189922326912453,0.9851088761449216,0.00026853951975298705,0.000846061735266366,0.0008201349966427962,213617415.4064,107919685.48719998,2416293.0866,-0.0157112588517212,-0.0157112588517212,-0.014622584335325416,0.9853774156646746,-0.00013593737772121806,1.000439751958333,412.41280500191795,8.06426482616187,0.00004181470000000016,0.000019229229224617483
2022-02-09T03:00:00.000Z,0.0189922326912453,0.9803944330293624,0.0002724595356037127,0.0008628907621501948,0.0008315259732103453,212598617.7064,110066377.11629997,2146691.6291,-0.02043709294384799,-0.02043709294384799,-0.01933310743503393,0.9806668925649661,-0.00022277465351572268,1.0002472941653837,408.5406954392884,7.991401443541123,0.00004181440000000017,0.000017165566779506584
2022-02-09T04:00:00.000Z,0.0189922326912453,0.9823209039495356,0.0002786934285587588,0.0008764334224689355,0.0008440646136241847,210292468.8951,111771773.61729997,1705396.501,-0.018523160664088545,-0.018523160664088545,-0.017400402621905602,0.9825995973780944,-0.0001913061799184712,1.0006514733805263,409.973059019484,7.985799798391999,0.00004236140000000009,0.000013786390292208667
2022-02-09T05:00:00.000Z,0.0189922326912453,0.983523101760993,0.0002863347018085658,0.000888008493178533,0.0008574884901099145,210692344.7952,113230382.70859997,1458609.0913,-0.017334386729116913,-0.017334386729116913,-0.016190563537198433,0.9838094364628016,-0.00015052833736317606,0.999651832606745,411.37774911528953,8.019520151838341,0.000042443300000000157,0.000011768986944543658
2022-02-09T06:00:00.000Z,0.0189922326912453,0.9850385706561623,0.0002936892765460615,0.0009082136439191487,0.0008811190093118704,211021505.6673,115776548.44549997,2546165.7369,-0.015842548353149577,-0.015842548353149577,-0.014667740067291645,0.9853322599327083,-0.00011817844762884722,0.9991916892125348,412.81778888424253,8.043902036743418,0.00004244260000000006,0.000020512040889113716
2022-02-09T07:00:00.000Z,0.0189922326912453,0.986299791723107,0.00030071333885999863,0.0009240927799825947,0.0008976160439652103,211314239.4138,117777781.91039997,2001233.4649,-0.01459782432085821,-0.01459782432085821,-0.013399494938033002,0.986600505061967,-0.000105514903010695,0.9996082445866566,413.6902166856955,8.058390888171191,0.00004243839999999983,0.00001609970487444503
