query_ts,assumedLPToken,equityValue,totalDexYield,totalTradingfee,newTotalTradingFee,liquidity,totalVolume,volume,priceImpact,priceEffect,totalReturn,totalEquityVal,impermanentLoss,tokenPrice,quoteTokenPrice,rewardPrice,rewardTokenPerLP,feePerDollar
2021-07-06T09:00:00.000Z,0.024840061268757714,1,0.00001969033562832825,0.000028693758310017292,-3.1019631308026874e-13,181619873.0788,3065504.0508,3065504.0508,3.1019631308026874e-13,3.1019631308026874e-13,0.00001969033562832825,1.0000196903356284,0,1.0008159335026745,319.7638941314677,15.266512675717447,0.0000519231,0.000028693759102556643
2021-07-06T10:00:00.000Z,0.024840061268757714,0.9857740734822368,0.00003838001574910383,0.00012527711803177695,0.00009599002355187292,179078461.7856,13386446.246299999,10320942.1955,-0.014321916541315094,-0.014321916541315094,-0.014187546502014117,0.9858124534979859,-0.00010096917104729375,1.0006014155370215,310.73682391306824,14.84210496333518,0.00005217840000000001,0.00009797717468310792
2021-07-06T11:00:00.000Z,0.024840061268757714,0.9817828513097353,0.000057062393140773324,0.00015219861000644605,0.00012455004488798327,177760789.7329,16253730.402099999,2867284.1558,-0.01834169873515268,-0.01834169873515268,-0.01816008629712392,0.981839913702876,-0.00015297744537767777,0.9997963096327465,308.4556947881288,14.59992821649249,0.00005324120000000001,0.00002742102503135903
2021-07-06T12:00:00.000Z,0.024840061268757714,0.9885288171923228,0.00007792106896401993,0.00019263185579226205,0.00016418666729856035,179046865.87379998,20561644.786399998,4307914.3843,-0.011635369474975787,-0.011635369474975787,-0.011393261738713207,0.9886067382612868,-0.00006174823462445911,1.0002252185405338,312.5505199911891,14.897584182347336,0.0000532224,0.00004090244427105409
2021-07-06T13:00:00.000Z,0.024840061268757714,0.9956842931330394,0.00009953626652056818,0.000228247890852283,0.00020099783091365175,179636440.83699998,24341450.210899998,3779805.4245,-0.004516704697874241,-0.004516704697874241,-0.004216170600440021,0.99578382939956,-0.00000871163232318839,1.000462905668787,316.9936757036999,15.234951169303335,0.000052454200000000044,0.00003577041045630924
2021-07-06T14:00:00.000Z,0.024840061268757714,0.9949210811650461,0.0001194317802082323,0.00024952788447602685,0.00022234279090749265,177286137.5018,26571983.494299997,2230533.2834,-0.00530126162586142,-0.00530126162586142,-0.004959487054745695,0.9950405129452543,-0.000010616664502971496,1.000108227527731,316.60645806282446,15.172161982330756,0.00005387889999999994,0.000021388624261394946
2021-07-06T15:00:00.000Z,0.024840061268757714,0.9965014156226245,0.00014023677112889245,0.00027519380326178697,0.00024899200615546846,177866657.9231,29266770.849999998,2694787.3557,-0.0037475763835309595,-0.0037475763835309595,-0.0033583476062465987,0.9966416523937534,-0.0000043516204250027,1.0000111156441551,317.627129342007,15.228229079357735,0.0000538336,0.0000257560273419577
2021-07-06T16:00:00.000Z,0.024840061268757714,0.9955819166065206,0.00016002714054168284,0.00030118696501470167,0.00027624935742787127,177868246.4248,31998461.974699996,2731691.1247,-0.0046943327509072486,-0.0046943327509072486,-0.004258056252937695,0.9957419437470623,-0.000014395631706798362,1.0014770861788593,316.55966081395866,15.16922255300681,0.00005396370000000002,0.000026108510121020164
2021-07-06T17:00:00.000Z,0.024840061268757714,0.993312165372791,0.00017975463828480455,0.00032354469437671313,0.00029622163236520116,177382182.2535,34347029.3406,2348567.3659,-0.006984056259574212,-0.006984056259574212,-0.006508079988924206,0.9934919200110758,-0.00001937185895539706,1.0000315378052833,315.56031557053,15.1174338771251,0.00005398900000000003,0.000022508261378384416
2021-07-06T18:00:00.000Z,0.024840061268757714,0.9960079013906489,0.00019981298245586975,0.0003539058964475306,0.00032791012852528834,178027789.2,37539265.897199996,3192236.5566,-0.004320008737876413,-0.004320008737876413,-0.0037922856268952547,0.9962077143731047,-0.000008876610138042196,1.000699951353912,317.04383753064997,15.102536708789248,0.000053940000000000036,0.000030482893544914052
2021-07-06T19:00:00.000Z,0.024840061268757714,0.9976748142001075,0.00022174327284565194,0.00037734250170662185,0.00035200414694092075,179695882.09649998,40022369.79529999,2483103.8981,-0.0026771899468334137,-0.0026771899468334137,-0.002103442527046841,0.9978965574729531,-0.000001630924116868826,0.9999408825125885,318.3323785886011,15.22958720821664,0.00005352669999999999,0.0000234912262736388
2021-07-06T20:00:00.000Z,0.024840061268757714,0.9986457750318875,0.00024447263606131134,0.00039884408109691367,0.0003735429852605998,180789253.9663,42312090.97829999,2289721.183,-0.0017277679533731494,-0.0017277679533731494,-0.0011097523320512382,0.9988902476679488,-7.121063633208635e-7,1.000279781869963,318.83069530144974,15.395433064357798,0.00005312080000000005,0.00002153073772750667
2021-07-06T21:00:00.000Z,0.024840061268757714,1.0132472545658917,0.00026253233727661413,0.0004240828402530717,0.01900355371762108,179140742.0475,44936901.72699999,2624810.7487,-0.0057562991517293716,-0.0057562991517293716,0.013509786903168322,1.0135097869031684,-0.000012996573171331072,1.0001410552831194,316.3064705501009,15.234172992134132,0.00005449119999999998,0.000024908785247784852
2021-07-06T22:00:00.000Z,0.024840061268757714,0.9911705030899285,0.0002803680174528706,0.00044334383121288483,0.000418773713088183,179229163.5859,46985656.78129999,2048755.0543,-0.009248270623159693,-0.009248270623159693,-0.00854912889261864,0.9914508711073814,-0.00002779900132066082,0.9989813118217191,314.45314987921716,15.10806595967128,0.00005331650000000002,0.000019432571812682378
2021-07-06T23:00:00.000Z,0.024840061268757714,0.9959499617986991,0.0003038061739234481,0.00046099286365675383,0.0004347848228032358,180254327.0552,48864628.264199995,1878971.4829,-0.004484823024104134,-0.004484823024104134,-0.0037462320273774505,0.9962537679726226,-0.000004025130136198207,0.9991583480013847,317.42789170325426,15.282294521955032,0.000053225000000000027,0.000017720803561912892
2021-07-07T00:00:00.000Z,0.024840061268757714,1.001196677103076,0.0003276337796934769,0.0004769832655935608,0.00045278119545955064,181142059.1413,50566435.4523,1701807.1881,0.0007438959076164764,0.0007438959076164764,0.0015243108827695038,1.0015243108827696,-9.097822541992429e-7,1.0002103294256595,320.43371094115247,15.452011110196961,0.00005328860000000005,0.000015971289238316854
2021-07-07T01:00:00.000Z,0.024840061268757714,1.0029281059877095,0.00034946632840868934,0.0005177961171956859,0.00049465906897872,181505083.5615,54911207.77159999,4344772.3193,0.0024334469187308194,0.0024334469187308194,0.0032775723161182287,1.0032775723161182,-0.000005632622032014645,0.9998897162475725,321.6196914391262,15.51345396080984,0.000053274899999999994,0.00004069369737684144
2021-07-07T02:00:00.000Z,0.024840061268757714,1.0069948299213942,0.0003732358542347002,0.0005367266334963734,0.0005172390730596721,182173711.89180002,56925729.767299995,2014521.9957,0.006477590848334547,0.006477590848334547,0.007368065775628919,1.007368065775629,-0.000023845862093696546,1.0003663812076575,324.0654761182577,15.650411437317581,0.00005320629999999997,0.000018799020764994092
2021-07-07T03:00:00.000Z,0.024840061268757714,1.0072612960921252,0.0003964318888180547,0.0005574544996262782,0.0005377844473630766,182007428.4372,59128923.381299995,2203193.614,0.006723511644762148,0.006723511644762148,0.007657727980943279,1.0076577279809433,-0.000026678319635875525,1.0002119888153824,324.2739056218487,15.747831109903892,0.00005335879999999996,0.000020578441088696145
2021-07-07T04:00:00.000Z,0.024840061268757714,1.0150468379960302,0.0004233952079476793,0.0005775341146772522,0.0005606429015150294,183350172.0417,61262467.74069999,2133544.3594,0.014486195094515208,0.014486195094515208,0.015470233203977918,1.015470233203978,-0.00010583192975588407,1.0006487700868205,329.1502978756058,15.977382326735707,0.00005337810000000004,0.00001978195804558663
2021-07-07T05:00:00.000Z,0.024840061268757714,1.0180513865845997,0.0004434466065484279,0.0006049651930568314,0.0005913525698377775,183964342.2354,64178269.022599995,2915801.2819,0.017460034014761927,0.017460034014761927,0.018494833191148134,1.018494833191148,-0.00016598665306366556,0.9999035695180659,331.32959872513607,15.93663809490125,0.00005337929999999996,0.00002694469003611156
2021-07-07T06:00:00.000Z,0.024840061268757714,1.0205572606618973,0.00046442282683162366,0.0006298418511878564,0.0006185008403105652,184549335.6267,66824442.0302,2646173.0076,0.01993875982158677,0.01993875982158677,0.02102168348872896,1.021021683488729,-0.0002201986908574316,0.999570706349789,333.05680181736716,15.932135416990057,0.000053319600000000044,0.000024375563843911078
2021-07-07T07:00:00.000Z,0.024840061268757714,1.0213207636883406,0.0004893898235009071,0.0006534864894760674,0.0006405540210094873,184709426.1192,69339862.8792,2515420.849,0.020680209667331084,0.020680209667331084,0.021810153511841478,1.0218101535118416,-0.00021681073456014666,1.00045952255438,333.2448919447779,16.058756085231558,0.00005333660000000018,0.000023151040708341523
2021-07-07T08:00:00.000Z,0.024840061268757714,1.018393310840234,0.0005111546575347408,0.0006766377296272971,0.0006618468192041149,184135486.6646,71802198.87539999,2462335.9962,0.017731464021029986,0.017731464021029986,0.018904465497768842,1.0189044654977688,-0.00016068969684690515,1.0004635457459274,331.320851634014,16.074228891200615,0.00005332859999999977,0.000022733104136329152
2021-07-07T09:00:00.000Z,0.024840061268757714,1.020112144489829,0.000532265191496045,0.0007127265281854034,0.0007012469620992778,184468283.65539998,75641014.87149999,3838815.9961,0.01941089752772962,0.01941089752772962,0.020644409681324943,1.020644409681325,-0.00019652580239648554,1.0002133798257586,332.4983688536659,16.068778762879553,0.00005332299999999988,0.000035377285807900794
2021-07-07T10:00:00.000Z,0.024840061268757714,1.0189123912755376,0.000549199412177441,0.0007350050301719982,0.0007212607746769351,184312392.1024,78011595.52659999,2370580.6551,0.01819113050086063,0.01819113050086063,0.019461590687715007,1.019461590687715,-0.00018750027993108542,0.9994769448820009,331.94755460093876,15.943722171841804,0.00005321799999999989,0.000021864981880496813
2021-07-07T11:00:00.000Z,0.024840061268757714,1.0158096933377478,0.0005626607778923527,0.0007654002258666619,0.0007498908871415022,183830532.571,81247243.82159999,3235648.295,0.015059802450606341,0.015059802450606341,0.016372354115640197,1.0163723541156402,-0.00013890520267423323,0.9990949298339616,330.03510654747606,15.732519017731319,0.00005306210000000007,0.000029922135482991802
2021-07-07T12:00:00.000Z,0.024840061268757714,1.0215588410299015,0.000589372801785105,0.0007915555311195084,0.0007790261174596136,184905175.84510002,84032060.09269999,2784816.2711,0.020779814912441852,0.020779814912441852,0.02214821383168657,1.0221482138316866,-0.00022693540153506664,1.0000762048045977,333.4376898179996,15.892353192076039,0.00005318499999999989,0.000025603326890297297
2021-07-07T13:00:00.000Z,0.024840061268757714,1.0249179603790304,0.0006083868835977837,0.0008166993018813747,0.0008101335428003509,185325423.4156,86706466.2796,2674406.1869,0.02410782683623003,0.02410782683623003,0.025526347262628164,1.0255263472626281,-0.0003017903224971086,1.0000664555060912,335.61869578274815,15.84019924475763,0.00005323949999999989,0.000024532470688246075
2021-07-07T14:00:00.000Z,0.024840061268757714,1.0286347178164883,0.0006292522596082341,0.0008426421649942263,0.0008378973557265912,185675364.9048,89461088.7052,2754622.4256,0.027796820460761706,0.027796820460761706,0.029263970076096532,1.0292639700760966,-0.00039861955063869026,0.9999929891869374,338.06578554514493,15.838059445446365,0.00005324499999999989,0.000025220675483368556
2021-07-07T15:00:00.000Z,0.024840061268757714,1.0234624225084983,0.0006398008065414843,0.0008788152980443462,0.0008698090833152428,184985343.7764,93307029.6817,3845940.9765,0.02259261342518304,0.02259261342518304,0.024102223315039768,1.0241022233150399,-0.00028855454072063136,0.9991311751553751,334.9395462363956,15.584579824206775,0.000053263300000000104,0.00003534387928566325
2021-07-07T16:00:00.000Z,0.024840061268757714,1.0215040341397945,0.0006560731995254955,0.0009047938861333145,0.0008943911472905075,184595456.9571,96068545.6751,2761515.9934,0.020609642992504007,0.020609642992504007,0.02216010733932001,1.02216010733932,-0.0002615868876041372,0.9983416296692209,333.90566611440227,15.481867885366492,0.0000532778000000001,0.00002543170490848548
2021-07-07T17:00:00.000Z,0.024840061268757714,1.024899949603258,0.0006803275826522269,0.0009323821896806944,0.0009246602444339391,185190527.80110002,99000879.1798,2932333.5047,0.023975289358824092,0.023975289358824092,0.025580277185910258,1.0255802771859102,-0.00026115114537861306,1.0016529392135325,335.00039418665335,15.568557431816549,0.000053218199999999944,0.00002691804498415814
2021-07-07T18:00:00.000Z,0.024840061268757714,1.0259585912211295,0.0007043837368061331,0.0009497657911658699,0.0009430596898101218,185587114.59710002,100850611.2378,1849732.058,0.025015531531319413,0.025015531531319413,0.026662974957935667,1.0266629749579357,-0.00029594207023242447,1.0011924067236095,335.83579241031225,15.646902065629233,0.000053085100000000065,0.000016943765225439506
2021-07-07T19:00:00.000Z,0.024840061268757714,1.0283699351560698,0.000729235469626741,0.0009675305211631104,0.0009633405358673297,187298902.67430001,102753859.8736,1903248.6358,0.02740659462020245,0.02740659462020245,0.029099170625696523,1.0290991706256964,-0.0003762921749392856,1.0004158719179057,337.6663316808938,15.740036481000665,0.00005283869999999998,0.000017274648354381194
2021-07-07T20:00:00.000Z,0.024840061268757714,1.02877608067758,0.0007510947075288849,0.0009809466134143051,0.000977190827352592,188454751.6812,104199510.61330001,1445650.7397,0.027798889850227493,0.027798889850227493,0.02952717538510897,1.029527175385109,-0.0003824247416245319,1.0005749613427566,337.8705142750449,15.767731161626807,0.0000525342,0.000013040829353283785
2021-07-07T21:00:00.000Z,0.024840061268757714,1.0268054854432276,0.000768935973114124,0.0009907839135823017,0.0009869989163491244,188087215.115,105259491.5355,1059980.9222,0.02581848652687846,0.02581848652687846,0.027574421416341706,1.0275744214163418,-0.000310435827984179,1.0013868590154815,336.2968425727452,15.711834394386225,0.000052535999999999946,0.000009580489384343554
2021-07-07T22:00:00.000Z,0.024840061268757714,1.0214289537455385,0.0007813010652187523,0.0010056932015325086,0.0009967176977234704,183562290.33990002,106835589.8362,1576098.3007,0.020432236047815078,0.020432236047815078,0.0222102548107573,1.0222102548107572,-0.0002226737683330704,0.9999366840120246,333.25714798878556,15.5420273453947,0.00005355430000000008,0.00001459650076401122
2021-07-07T23:00:00.000Z,0.024840061268757714,1.0204275398978533,0.0007980939068462898,0.0010218281850459304,0.0010100263555168354,183679077.2551,108544019.5369,1708429.7007,0.01941751354233645,0.01941751354233645,0.021225633804699575,1.0212256338046997,-0.00018363970920953765,1.000881386011728,332.2807664666106,15.46742733208616,0.000053467899999999976,0.00001581198324051009
2021-07-08T00:00:00.000Z,0.024840061268757714,1.0121180547688904,0.0008031531459679233,0.0010563062124430212,0.0010361265864040625,182191117.8148,112194831.8101,3650812.2732,0.011081928182486322,0.011081928182486322,0.012921207914858308,1.0129212079148584,-0.00006874750221330661,1.0001104181537546,327.12096578533163,15.174885195955143,0.00005346649999999987,0.000034065221943195274
2021-07-08T01:00:00.000Z,0.024840061268757714,1.0019083496202659,0.0008103990813238264,0.001098956632417564,0.0010681447212301798,180341879.9538,116710718.04030001,4515886.2302,0.0008402048990356903,0.0008402048990356903,0.0027187487015896965,1.0027187487015896,-6.181122323978272e-7,1.0005437441081688,320.38858952712246,14.938462210315532,0.000053248300000000105,0.00004256918356017302
2021-07-08T02:00:00.000Z,0.024840061268757714,1.0054867656125164,0.0008375578357208096,0.0011253516591656907,0.0010985828977021495,182191930.9511,119524082.23160002,2813364.1913,0.004388182714814226,0.004388182714814226,0.006324323448237185,1.006324323448237,-0.000010354926541999987,1.0006435629282777,322.63198325944967,15.072807065092285,0.0000530719999999999,0.00002625099311612035
2021-07-08T03:00:00.000Z,0.024840061268757714,1.007348477215416,0.0008613769108698824,0.001143863821638496,0.0011269034592578109,182692575.762,121499001.74650002,1974919.5149,0.006221573756158172,0.006221573756158172,0.008209854126285865,1.0082098541262858,-0.000021800661070825456,1.0004147967779846,323.88495707892537,15.142237110476046,0.00005306890000000001,0.000018377118836529813
2021-07-08T04:00:00.000Z,0.024840061268757714,1.0049927716071774,0.0008765572204935885,0.0011671835295692565,0.0011438716311631403,182226306.263,123986268.23870002,2487266.4922,0.0038488999760142306,0.0038488999760142306,0.00586932882767096,1.005869328827671,-0.00001018586341117178,1.0001435989370737,322.4467249474597,15.060018213376603,0.000053081600000000065,0.000023203856366585105
2021-07-08T05:00:00.000Z,0.024840061268757714,0.9997786180362187,0.0008791085609667556,0.001190746789332745,0.001160619680034225,181323930.0787,126500108.90070002,2513840.662,-0.0013820016438155225,-0.0013820016438155225,0.0006577265971854581,1.0006577265971854,-2.4324380287765734e-8,0.9996532680887655,319.25155653240694,14.76934689735846,0.00005306940000000001,0.000023568478377592854
2021-07-08T06:00:00.000Z,0.024840061268757714,0.9949547518457399,0.0008856348814927149,0.0012064802009636776,0.0011710638140406404,180320789.6016,128177431.06050001,1677322.1598,-0.006216311968300747,-0.006216311968300747,-0.0041596132727673915,0.9958403867272326,-0.000016972918363444833,1.0004063164373864,315.93005121060395,14.556376397376397,0.0000531079999999999,0.000015813194240996706
2021-07-08T07:00:00.000Z,0.024840061268757714,0.9981198192476778,0.0009055742837357645,0.0012331736239158076,0.0012009257419991481,180443880.6034,131016100.43460001,2838669.3741,-0.0030811064943213617,-0.0030811064943213617,-0.0009746064685864491,0.9990253935314135,-0.0000018980962891435027,0.9996781733136054,318.1581690791741,14.567273027742965,0.00005327160000000005,0.000026743705133323714
