query_ts,assumedLPToken,equityValue,totalDexYield,totalTradingfee,newTotalTradingFee,liquidity,totalVolume,volume,priceImpact,priceEffect,totalReturn,totalEquityVal,impermanentLoss,tokenPrice,quoteTokenPrice,rewardPrice,rewardTokenPerLP,feePerDollar
2022-05-28T09:00:00.000Z,0.021507331746471188,1,0,0.00001109709709729642,-3.774758283725532e-14,232080787.615,1514954.8211,1514954.8211,3.774758283725532e-14,3.774758283725532e-14,0,1,-1.1102230246251565e-16,0.9991472078340344,300.98521440026684,4.287295241093399,0,0.000011097097792266986
2022-05-28T10:00:00.000Z,0.021507331746471188,0.9997179272039837,0,0.000023033399525674277,0.000014651504749552124,232036842.73309997,3144627.281,1629672.4599,-0.00029672430076588263,-0.00029672430076588263,-0.0002820727960163305,0.9997179272039837,-1.465457173388529e-7,0.9993916400236537,300.73305006682807,4.27670232798113,0,0.000011939669361113905
2022-05-28T11:00:00.000Z,0.021507331746471188,0.9996039360422921,0,0.000034795576445499523,0.000024913232624657056,231965637.81010002,4750216.5194,1605589.2384,-0.00042097719033251657,-0.00042097719033251657,-0.0003960639577078595,0.9996039360422921,-7.2100346693027e-8,0.9991059157808931,300.7442808697415,4.2784590319191,0,0.000011766836377353968
2022-05-28T12:00:00.000Z,0.021507331746471188,1.0021685772077427,0,0.00005488118538346881,0.000051338539741152545,232561636.9101,7492001.4288,2741784.9094,0.0021172386680015087,0.0021172386680015087,0.0021685772077426613,1.0021685772077427,-0.000001031753438573979,0.9998253679406529,302.0560614874552,4.3038992836475005,0,0.000020042146279619577
2022-05-28T13:00:00.000Z,0.021507331746471188,1.0046806295102013,0,0.00006848436839346024,0.00005945637946558335,233133019.5186,9348811.143,1856809.7142,0.004621173130735734,0.004621173130735734,0.004680629510201317,1.0046806295102013,-0.00001105274716284299,0.9990561483041408,303.80113918382085,4.331171399733285,0,0.000013539808820981531
2022-05-28T14:00:00.000Z,0.021507331746471188,1.0061518309354769,0,0.00008611380348351855,0.00007681500762646287,233461761.27640003,11755066.442899998,2406255.2999,0.0060750159278504245,0.0060750159278504245,0.006151830935476887,1.0061518309354769,-0.0000203877805315944,0.998818551178858,304.75354721843894,4.3446164025729,0,0.00001752164460451841
2022-05-28T15:00:00.000Z,0.021507331746471188,1.006359770000009,0,0.0000980860747735092,0.00008826438384912372,233504833.52269998,13389134.896499999,1634068.4536,0.006271505616159967,0.006271505616159967,0.006359770000009091,1.006359770000009,-0.0000219244662128526,0.998777600167382,304.885097661174,4.332022213683271,0,0.000011896611856858828
2022-05-28T16:00:00.000Z,0.021507331746471188,1.0099349688712456,0,0.00012480634928722372,0.00011907927565402154,234301011.6566,17035605.632799998,3646470.7363,0.009815889595591543,0.009815889595591543,0.009934968871245564,1.0099349688712456,-0.00005727460305537946,0.9982134467892184,307.21019585779834,4.357527233205498,0,0.000026457419914155033
2022-05-28T17:00:00.000Z,0.021507331746471188,1.0098921833812766,0,0.00013985831993198683,0.00013451841083611527,234292712.95399997,19089737.060099997,2054131.4273,0.009757664970440505,0.009757664970440505,0.00989218338127662,1.0098921833812766,-0.000045097148738904025,0.9993601688748931,306.82230061203535,4.345062515025381,0,0.0000149045328059162
2022-05-28T18:00:00.000Z,0.021507331746471188,1.0074636454588703,0,0.00015502041886895774,0.00014555542004868194,233723120.13639998,21158842.8179,2069105.7578,0.007318090038821667,0.007318090038821667,0.007463645458870349,1.0074636454588703,-0.00002255653752769593,0.9997216356050803,305.23112440918857,4.331049127004623,0,0.00001504977250948563
2022-05-28T19:00:00.000Z,0.021507331746471188,1.0101753011647743,0,0.00016242598249015762,0.00015271289772700314,234221586.5286,22168884.7066,1010041.8887,0.010022588267047272,0.010022588267047272,0.010175301164774275,1.0101753011647743,-0.000046960738877777075,0.9994282037330665,306.96242200448233,4.361122147225,0,0.0000073309690888817125
2022-05-28T20:00:00.000Z,0.021507331746471188,1.0122065247856864,0,0.0001684807007146261,0.00016125756705021033,234742808.27670002,22994862.194,825977.4874,0.012045267218636191,0.012045267218636191,0.012206524785686401,1.0122065247856864,-0.00007573911870895067,0.9988128116121447,308.3829886779092,4.377723279089088,0,0.000005981702864033485
2022-05-28T21:00:00.000Z,0.021507331746471188,1.0115332398838353,0,0.00017200517168991557,0.00016214811060621948,234619713.5277,23475734.171899997,480871.9779,0.011371091773229036,0.011371091773229036,0.011533239883835256,1.0115332398838353,-0.00006085760618101954,0.9994211969195512,307.7847916485972,4.370279452001529,0,0.0000034842867640509894
2022-05-28T22:00:00.000Z,0.021507331746471188,1.0113957738781818,0,0.00017488313872510565,0.00016547076325612586,234588988.83020002,23868400.229899995,392666.058,0.011230303114925677,0.011230303114925677,0.011395773878181803,1.0113957738781818,-0.00006077911506607858,0.9992891840676158,307.7397559260257,4.364248596149593,0,0.0000028455397754545616
2022-05-28T23:00:00.000Z,0.021507331746471188,1.0113178959374645,0,0.00018549683058186885,0.00018107850374615708,234570925.3696,25316518.594399996,1448118.3645,0.011136817433718305,0.011136817433718305,0.011317895937464462,1.0113178959374645,-0.00005372093384992116,0.9998564650671944,307.5082913371964,4.359847204803477,0,0.000010494912000586094
2022-05-29T00:00:00.000Z,0.021507331746471188,1.0121207256989884,0,0.0001947504762053795,0.0001948389605526124,234757138.35059997,26579073.919799995,1262555.3254,0.011925886738435754,0.011925886738435754,0.012120725698988366,1.0121207256989884,-0.00006762279588301556,0.999372533162216,308.1375632517385,4.363240784509415,0,0.000009142827639918342
2022-05-29T01:00:00.000Z,0.021507331746471188,0.9931296586229019,0,0.0002071320836361017,-0.015349630553754157,233966793.4154,28294912.198299997,1715838.2785,0.00847928917665608,0.00847928917665608,-0.006870341377098077,0.9931296586229019,-0.00003333503939928484,0.9994252629910989,306.0259713532635,4.339355382593585,0,0.000012467260976950262
2022-05-29T02:00:00.000Z,0.021507331746471188,0.9890586051147426,0,0.00022295451787821815,-0.01526314157021369,233007712.8695,30487579.1346,2192666.9363,0.004321746684956329,0.004321746684956329,-0.01094139488525736,0.9890586051147426,-0.00000914265515872259,0.9991834633794281,303.5813838520948,4.31210453913718,0,0.00001599746955070826
2022-05-29T03:00:00.000Z,0.021507331746471188,0.985999401333063,0,0.00023796163068115763,-0.015127503763906147,232287009.2907,32567258.911199998,2079679.7766,0.0011269050969691108,0.0011269050969691108,-0.014000598666937036,0.985999401333063,-3.924715868963702e-7,0.9993873320408259,301.5914789442735,4.283153549063982,0,0.000015220203794502717
2022-05-29T04:00:00.000Z,0.021507331746471188,0.982874461482322,0,0.0002499236021099749,-0.01611991840233784,231550819.2576,34224944.1742,1657685.263,-0.0010056201153401112,-0.0010056201153401112,-0.017125538517677952,0.982874461482322,-1.265115513460202e-7,0.9986446512701895,300.5313281081874,4.273418742082627,0,0.000012170395061158932
2022-05-29T05:00:00.000Z,0.021507331746471188,0.9811785046679098,0,0.00025937019645878265,-0.016291212446561287,231151276.6861,35534049.5538,1309105.3796,-0.0025302828855289228,-0.0025302828855289228,-0.01882149533209021,0.9811785046679098,-0.000005060393702849275,0.9997947008241824,299.2700452862201,4.266210008338024,0,0.000009627803822784711
2022-05-29T06:00:00.000Z,0.021507331746471188,0.9824090300372195,0,0.00026835265613630205,-0.016210662882864213,231441170.4297,36778835.4293,1244785.8755,-0.0013803070799163208,-0.0013803070799163208,-0.017590969962780534,0.9824090300372195,-0.0000016656483353694185,0.9995908524191678,300.0216672126889,4.294435611556531,0,0.000009143299718114648
2022-05-29T07:00:00.000Z,0.021507331746471188,0.9831152289272418,0,0.00027882613094374416,-0.0162062064512003,231607540.53880003,38230245.4265,1451409.9972,-0.0006785646215579089,-0.0006785646215579089,-0.01688477107275821,0.9831152289272418,-5.348880596223182e-7,0.999502472908106,300.47003953152483,4.311417979166945,0,0.000010653353468112364
2022-05-29T08:00:00.000Z,0.021507331746471188,0.9842756001914029,0,0.0002889601899459625,-0.015960681377149677,231880907.0038,39634619.4704,1404374.0439,0.00023628156855259874,0.00023628156855259874,-0.015724399808597078,0.9842756001914029,-5.671179809096927e-7,1.000448203469545,300.7358757144448,4.33058136217008,0,0.000010295957116429923
2022-05-29T09:00:00.000Z,0.021507331746471188,0.9850050567400496,0,0.00029998095322142436,-0.01595214873114481,232052756.27650002,41161872.524799995,1527253.0544,0.0009572054711943778,0.0009572054711943778,-0.014994943259950433,0.9850050567400496,-0.0000012798690933735202,0.998504791547168,301.75571780859315,4.364165178346265,0,0.000011188534168438706
2022-05-29T10:00:00.000Z,0.021507331746471188,0.9829123128720796,0,0.00031188202018820195,-0.015913317180369146,231559736.4902,42811117.7257,1649245.2009,-0.0011743699475512681,-0.0011743699475512681,-0.017087687127920415,0.9829123128720796,-6.740278384320675e-7,0.999133218137211,300.2828979737594,4.352755075094216,0,0.000012107963517434118
2022-05-29T11:00:00.000Z,0.021507331746471188,1.0016693834285222,0,0.00032733513483103435,0.000314378395130932,180951703.66,44453239.676199995,1642121.9505,0.0013550050333912544,0.0013550050333912544,0.0016693834285221865,1.0016693834285222,-4.173807395257967e-7,0.9995873640192136,301.6685453741047,4.3863697055506945,0,0.00001542736133115001
2022-05-29T12:00:00.000Z,0.021507331746471188,1.0020169968865864,0,0.0003369383563232858,0.000324615392716332,181015253.4612,45473728.18219999,1020488.506,0.0016923814938700765,0.0016923814938700765,0.0020169968865864085,1.0020169968865864,-0.000002676374462162734,0.9985252800628135,302.19294267788456,4.3954934169240705,0,0.000009583891009338918
2022-05-29T13:00:00.000Z,0.021507331746471188,1.0071472682902076,0,0.00035056400374128646,0.00034135813658586756,181952584.875,46921744.64549999,1448016.4633,0.0068059101536217526,0.0068059101536217526,0.00714726829020762,1.0071472682902076,-0.00001786040638063202,0.99995296601215,304.8502675621478,4.41106147269339,0,0.000013528953102266279
2022-05-29T14:00:00.000Z,0.021507331746471188,1.0071329793803367,0,0.0003650846314537866,0.000356807956309213,182020237.023,48465467.40279999,1543722.7573,0.006776171424027533,0.006776171424027533,0.007132979380336746,1.0071329793803367,-0.000022299783549950547,0.9992221102913176,305.05522051730566,4.405544589002049,0,0.000014417785243727547
2022-05-29T15:00:00.000Z,0.021507331746471188,1.0052653153331506,0,0.00038022396918157024,0.0003701965331921464,181684593.0171,50074983.63759999,1609516.2348,0.004895118799958409,0.004895118799958409,0.005265315333150555,1.0052653153331506,-0.000011255017559497205,0.9992857794225208,303.8969959951253,4.3867914984996865,0,0.00001506004198662279
2022-05-29T16:00:00.000Z,0.021507331746471188,1.0034766051201987,0,0.0003954901184387974,0.0003858414913200381,181364312.28350002,51698008.50289999,1623024.8653,0.0030907636288786122,0.0030907636288786122,0.0034766051201986503,1.0034766051201987,-0.000004345410428818752,0.9992850715637752,302.80685625104763,4.384160712328279,0,0.000015213259082068143
2022-05-29T17:00:00.000Z,0.021507331746471188,1.0050781510240832,0,0.0004064821457683128,0.00039562454274610914,181655070.822,52866637.18659999,1168628.6837,0.004682526481337046,0.004682526481337046,0.005078151024083155,1.0050781510240832,-0.00001080034340827929,0.9991711104565694,303.803288398893,4.395257644874457,0,0.0000109364894318678
2022-05-29T18:00:00.000Z,0.021507331746471188,1.0040764997775165,0,0.000417216977671138,0.0004068844562823415,181474970.4376,54007927.82389999,1141290.6373,0.00366961532123411,0.00366961532123411,0.004076499777516451,1.0040764997775165,-0.0000065820175151332094,0.9991818401014876,303.1877583570902,4.387623712464569,0,0.000010691248929433683
2022-05-29T19:00:00.000Z,0.021507331746471188,1.0031490823941187,0,0.00043020160121716824,0.00042192825334730344,181308121.1972,55388414.54779999,1380486.7239,0.002727154140771404,0.002727154140771404,0.0031490823941187074,1.0031490823941187,-0.000004940052870106015,0.9987278260839091,302.75619788201595,4.384964126177522,0,0.000012943862719075172
2022-05-29T20:00:00.000Z,0.021507331746471188,1.0030895093606567,0,0.00046670873112305194,0.0004550301121588607,181294843.2915,59269690.71239999,3881276.1646,0.002634479248497801,0.002634479248497801,0.0030895093606566615,1.0030895093606567,-0.000003428664244520263,0.999159558591405,302.5694418339276,4.3817645691226,0,0.000036394689225721374
2022-05-29T21:00:00.000Z,0.021507331746471188,1.0033133401560537,0,0.0004714779754856324,0.00045916440730953134,181244420.7867,59776481.41179999,506790.6994,0.0028541757487441366,0.0028541757487441366,0.003313340156053668,1.0033133401560537,-0.000004224996413171311,0.9990904759366231,302.72298442891184,4.390002315123372,0,0.000004753493570949254
2022-05-29T22:00:00.000Z,0.021507331746471188,1.0035808361966738,0,0.00047518185847161777,0.00046452640430549863,181292778.6543,60170064.57259999,393583.1608,0.0031163097923683214,0.0031163097923683214,0.00358083619667382,1.0035808361966738,-0.0000049618571654752586,0.999108506522028,302.8757954214015,4.388622049250588,0,0.000003690667539692046
2022-05-29T23:00:00.000Z,0.021507331746471188,1.0094451717033348,0,0.0004868264117941216,0.0004777450575341735,182353503.5259,61407450.76719999,1237386.1946,0.008967426645800636,0.008967426645800636,0.00944517170333481,1.0094451717033348,-0.00003685641231732095,0.9994886836446658,306.3028594202457,4.441524543966438,0,0.000011535597014297166
2022-05-30T00:00:00.000Z,0.021507331746471188,1.0071973312375269,0,0.0005010436828938042,0.0004950959961105283,181949391.1162,62918238.14869999,1510787.3815,0.006702235241416332,0.006702235241416332,0.0071973312375268605,1.0071973312375269,-0.00002222395365103491,0.9991600839303401,305.0293511258237,4.450326010366982,0,0.000014115675423776265
2022-05-30T01:00:00.000Z,0.021507331746471188,1.0071356984275468,0,0.0005163335805467458,0.0005076518187210333,181982264.15809998,64543400.45309999,1625162.3044,0.006628046608825766,0.006628046608825766,0.007135698427546799,1.0071356984275468,-0.00002001247350824631,0.9994266061375165,304.90306293211006,4.4625159905415215,0,0.000015181566897529061
2022-05-30T02:00:00.000Z,0.021507331746471188,1.015700970162293,0,0.000536610535913797,0.0005325210523370316,183576871.4604,66699187.87389999,2155787.4208,0.015168449109955962,0.015168449109955962,0.015700970162292993,1.015700970162293,-0.00011197997492440326,0.9992357048490464,310.15795196927854,4.53780864063862,0,0.000019963509488996577
2022-05-30T03:00:00.000Z,0.021507331746471188,1.024828112819898,0,0.0005657656296457315,0.0005662198359634996,185050059.8466,69795920.58959998,3096732.7157,0.02426189298393444,0.02426189298393444,0.02482811281989794,1.024828112819898,-0.00029171886693746263,0.9989622393389762,315.8257959776722,4.781370382018764,0,0.000028448764734548265
2022-05-30T04:00:00.000Z,0.021507331746471188,1.0271661934923104,0,0.0005924723222794481,0.0005942118813537789,185464842.5941,72632481.12789997,2836560.5383,0.02657198161095664,0.02657198161095664,0.02716619349231042,1.0271661934923104,-0.0003430524919934008,0.9991749122440984,317.1844833480033,4.787140592140184,0,0.000026000361295771548
2022-05-30T05:00:00.000Z,0.021507331746471188,1.026939215939849,0,0.0006072668049978093,0.0006087399213570155,185434805.04540002,74203919.54219997,1571438.4143,0.026330476018491922,0.026330476018491922,0.026939215939848937,1.026939215939849,-0.0003300602780338391,0.9994404513445276,316.9510304107889,4.758046796641749,0,0.000014406385595497834
