query_ts,assumedLPToken,equityValue,totalDexYield,totalTradingfee,newTotalTradingFee,liquidity,totalVolume,volume,priceImpact,priceEffect,totalReturn,totalEquityVal,impermanentLoss,tokenPrice,quoteTokenPrice,rewardPrice,rewardTokenPerLP,feePerDollar
2021-12-22T09:00:00.000Z,0.01732301260977917,1,0.000007061398937324253,0.000015509062793467583,-7.522871214860061e-13,288059343.84569997,2627958.9781,2627958.9781,7.522871214860061e-13,7.522871214860061e-13,0.000007061398937324253,1.0000070613989374,0,1.0007782798974894,536.396409042878,12.06487526239835,0.0000337866,0.000015509062136734743
2021-12-22T10:00:00.000Z,0.01732301260977917,0.9952871953122402,0.000014109785018961169,0.000034587660525473475,0.00002073840625427259,286735281.6874,5861141.597999999,3233182.6199,-0.004733543094014081,-0.004733543094014081,-0.004698694902740847,0.9953013050972591,-0.000006136758973429579,0.9995366698292864,531.9903276091828,11.953247807193927,0.000034354800000000005,0.000019168936663407226
2021-12-22T11:00:00.000Z,0.01732301260977917,0.9975317304634128,0.000014959245668287578,0.000055821817882455805,0.00005013467210035483,287382501.0901,9459626.8156,3598485.2176,-0.0025184042086875413,-0.0025184042086875413,-0.002453310290918899,0.9975466897090811,-0.000001159591330068821,0.9997793078555636,534.231352266686,11.978377451828425,0.000003950800000000005,0.000021286699248267967
2021-12-22T12:00:00.000Z,0.01732301260977917,0.9972249696692971,0.000014993729970931122,0.0000734961100065386,-0.00013329028886066574,287294125.2705,12454832.8281,2995206.0125,-0.0026417400418422554,-0.0026417400418422554,-0.00276003660073199,0.997239963399268,-4.3271420135937433e-7,0.9990634646344103,534.4819377125028,12.01075504450739,-2.8599999999994717e-8,0.00001772347491079325
2021-12-22T13:00:00.000Z,0.01732301260977917,0.9901983010603356,0.000014848997324348848,0.00009876127176727241,-0.0020656269729796284,285269787.0589,16736439.3336,4281606.5055,-0.007736071966684799,-0.007736071966684799,-0.009786849942340078,0.99021315005766,-0.00001798407368758248,0.9990097072270274,529.0642691557613,11.904282154436679,-5.7300000000000745e-8,0.000025515253943969716
2021-12-22T14:00:00.000Z,0.01732301260977917,0.9909631518788049,0.00001479733699187487,0.00012490896133461645,-0.00202294019321525,285490135.6799,21167605.162699997,4431165.8291,-0.0070139079279798455,-0.0070139079279798455,-0.009022050784203222,0.9909779492157967,-0.000014962575361154862,0.9992100909715096,529.7283951379621,11.867580273225983,-2.8599999999994717e-8,0.000026386137270662835
2021-12-22T15:00:00.000Z,0.01732301260977917,0.99580753557721,0.000014816379313498981,0.00014447899907595168,-0.0020210324311162875,286885771.58889997,24484077.3001,3316472.1374,-0.002171431991673689,-0.002171431991673689,-0.004177648043476478,0.9958223519565236,-0.0000018276778659398474,1.000516217338538,534.2093289604334,11.887575836708413,-2.8599999999994717e-8,0.000019652430311737853
2021-12-22T16:00:00.000Z,0.01732301260977917,1.0008207256395734,0.000014987588389170562,0.00017088425065938046,-0.0020008126674000426,288330039.5302,28958891.3158,4474814.0157,0.0028215383069734035,0.0028215383069734035,0.0008357132279625314,1.0008357132279626,-0.000007497202895501154,0.9997233075539241,539.9968440766858,12.034525691418887,-5.7300000000000745e-8,0.000026383597904280158
2021-12-22T17:00:00.000Z,0.01732301260977917,1.0025361700415494,0.00001495693407301317,0.00019488736339174267,-0.0019192859562706666,288824248.0729,33026622.6283,4067731.3125,0.004455455997820046,0.004455455997820046,0.0025511269756223927,1.0025511269756224,-0.000014400845057882528,0.9998567944728638,541.6856054999255,12.014690999186673,-2.8599999999994717e-8,0.000023942391531837725
2021-12-22T18:00:00.000Z,0.01732301260977917,0.99810124046958,0.000014812430654048865,0.0002119469016412334,-0.0019243627410622244,287546573.2745,35917648.1965,2891025.5682,0.00002560321064226656,0.00002560321064226656,-0.001883947099765909,0.9981160529002341,-1.6360547694382888e-8,1.0006228842538802,536.5071823776761,11.903350747880253,-2.8599999999994717e-8,0.000017091991081556893
2021-12-22T19:00:00.000Z,0.01732301260977917,0.9967312815781324,0.000014827541104046085,0.00022245306453458667,-0.0022942606359880324,287151896.8939,37698094.1612,1780445.9647,-0.0009744577858795678,-0.0009744577858795678,-0.0032538908807635543,0.9967461091192364,-3.650102694541246e-7,0.9989491842854769,536.3317662524928,11.920239474980836,-2.8599999999994717e-8,0.000010540616909483134
2021-12-22T20:00:00.000Z,0.01732301260977917,0.9991354086311991,0.000014884044036801343,0.00023054508719373733,-0.002257815334451796,287844510.4963,39069423.521800004,1371329.3606,0.0013932239656508916,0.0013932239656508916,-0.000849707324764103,0.9991502926752359,-0.000002582375508652923,0.9998976254618417,538.3658364462259,11.975219654719329,-5.7300000000000745e-8,0.000008099025091708208
2021-12-22T21:00:00.000Z,0.01732301260977917,0.9987556282398461,0.000014898408487635351,0.00023731445453259984,-0.002246577501746505,287735098.19890004,40216606.725,1147183.2032,0.001002205741592599,0.001002205741592599,-0.0012294733516662708,0.9987705266483338,-0.000004175281332563507,0.9988905579089518,538.4878317315412,11.991556822879781,-2.8599999999994717e-8,0.000006777801726822687
2021-12-22T22:00:00.000Z,0.01732301260977917,0.99863316000957,0.000014865865805725023,0.0002454229877550689,-0.0022336733919009477,287699815.8863,41590733.9622,1374127.2372,0.0008668334014709789,0.0008668334014709789,-0.0013519741246242438,0.9986480258753757,-0.0000013187603906672507,1.0000203898528386,537.7339710252618,11.970136955121417,-2.8599999999994717e-8,0.00000811963085914244
2021-12-22T23:00:00.000Z,0.01732301260977917,0.9986554175117708,0.000014841705673944166,0.00025277621164323264,-0.00220641252196474,287706228.1299,42836861.5393,1246127.5771,0.0008618300337355222,0.0008618300337355222,-0.0013297407825552737,0.9986702592174447,-0.0000018046572546337458,0.9997396489349223,537.879596470194,11.960242305068963,-5.7300000000000745e-8,0.00000736312486121618
2021-12-23T00:00:00.000Z,0.01732301260977917,0.9978865295686774,0.00011241241958401028,0.0002667914694841287,0.00025594832846687066,286781553.1002,45206173.340900004,2369311.8016,-0.0023694187597894656,-0.0023694187597894656,-0.0020010580117385845,0.9979989419882614,-0.0000035553318568082304,1.0010729088034305,533.7004037391728,11.844457589428083,0.0004762335,0.000014044941242481857
2021-12-23T01:00:00.000Z,0.01732301260977917,0.9949568510328526,0.00011801722812877484,0.00028436304653724307,0.0002688670431070239,285944098.3358,48176736.009,2970562.6681,-0.005312016010254439,-0.005312016010254439,-0.00492513173901864,0.9950748682609813,-0.00000880909817990716,0.9996492827109507,531.3122357211031,11.712730901997297,0.000033785100000000044,0.000017660642640155334
2021-12-23T02:00:00.000Z,0.01732301260977917,0.9975768829269617,0.00012635996654648541,0.00030213826772969424,0.00028572231979240303,259566224.68019998,50897356.044300005,2720620.0353,-0.002708839392830731,-0.002708839392830731,-0.0022967571064918422,0.9977032428935082,-0.0000022365159747517183,1.0001804348649883,533.8132109627469,11.771041386778286,0.00003803250000000003,0.000017818397080391813
2021-12-23T03:00:00.000Z,0.01732301260977917,0.9985172772420664,0.0001343835840982352,0.0003187808791762953,0.00030389415179699064,259765293.03250003,53444175.193900004,2546819.1496,-0.0017866169097305873,-0.0017866169097305873,-0.0013483391738353615,0.9986516608261646,-7.230291051429916e-7,1.000192302835723,534.7945850839602,11.794483058258272,0.000038039000000000006,0.000016667324967767388
2021-12-23T04:00:00.000Z,0.01732301260977917,0.9967900064124524,0.00014128444899375248,0.00033861783855742834,0.0003251650624482849,259360766.75939998,56480350.20420001,3036175.0103,-0.003535158649995873,-0.003535158649995873,-0.0030687091385538357,0.9969312908614462,-0.0000024912076154182117,0.999468830982231,533.3084168099255,11.722314156647167,0.000038032699999999904,0.000019900841526652882
2021-12-23T05:00:00.000Z,0.01732301260977917,0.9951395466106798,0.00014855417008241879,0.0003542441435002389,0.0003385560087081352,258933261.801,58872075.158300005,2391724.9541,-0.005199009398028309,-0.005199009398028309,-0.004711899219237755,0.9952881007807622,-0.0000064183689000296695,0.9991486174831536,531.6992641910825,11.686643995312926,0.0000380327000000001,0.000015702626976888057
2021-12-23T06:00:00.000Z,0.01732301260977917,0.9934199042104584,0.00015610589394092158,0.0003731404286506357,0.00036061472939519224,258486782.1154,61764306.3456,2892231.1873,-0.0069407105189367435,-0.0069407105189367435,-0.00642398989560063,0.9935760101043993,-0.00001058450804169997,0.9984153250292637,530.2282357554437,11.675580982790246,0.000038032700000000006,0.00001902144851729759
2021-12-23T07:00:00.000Z,0.01732301260977917,0.9941117018441015,0.00016391528080225484,0.00038722838424625,0.000370764887147379,258678464.7663,63920680.679800004,2156374.3342,-0.006259063043045909,-0.006259063043045909,-0.005724382875096276,0.9942756171249038,-0.00001749527604855139,1.0004146543976502,529.8952785481407,11.683943543587073,0.00003803129999999999,0.000014171401440208238
2021-12-23T08:00:00.000Z,0.01732301260977917,0.9903231619537749,0.00017011672513339747,0.0004047677249051988,0.00038726285276924344,257680529.9987,66605215.426800005,2684534.747,-0.010064100898994344,-0.010064100898994344,-0.009506721321091703,0.9904932786789084,-0.000045712921795448835,1.0002247844805046,525.9449251101544,11.582046605960652,0.00003803390000000004,0.000017710725253176964
2021-12-23T09:00:00.000Z,0.01732301260977917,0.9908538675819238,0.00017783934612096192,0.0004207310594521402,0.00040398708817535045,257820437.34460002,69048547.08870001,2443331.6619,-0.009550119506251509,-0.009550119506251509,-0.008968293071955196,0.9910317069280448,-0.00003985844992593357,1.0001105493614486,526.5513523324656,11.588018766727728,0.00003803389999999994,0.000016110684893759053
2021-12-23T10:00:00.000Z,0.01732301260977917,0.9904640460985971,0.00018611998556660025,0.0004385862142216766,0.0004224638157931393,257722058.1863,71781471.1342,2732924.0455,-0.009958417717196077,-0.009958417717196077,-0.009349833915836337,0.9906501660841637,-0.00004480859818201122,1.0002364834297692,526.0510754796676,11.628364260330814,0.00003803380000000001,0.00001802705949985685
2021-12-23T11:00:00.000Z,0.01732301260977917,0.9908916033847123,0.00019445898262091975,0.0004565252608766797,0.00043851235302749814,257836878.1618,74527273.7187,2745802.5845,-0.009546908968315226,-0.009546908968315226,-0.008913937632666808,0.9910860623673332,-0.000040149967754810056,1.000146388107745,526.5358976641518,11.669386533586216,0.0000380036999999999,0.00001810394396227828
2021-12-23T12:00:00.000Z,0.01732301260977917,0.9907074070311522,0.00020217947147940687,0.00047488757975409137,0.00045738985456489356,257790883.7432,77337884.72950001,2810611.0108,-0.009749982823412662,-0.009749982823412662,-0.009090413497368362,0.9909095865026316,-0.000031707274627978954,0.9989441403443415,526.9534430218231,11.672633179438343,0.000037913900000000064,0.00001853455269240503
2021-12-23T13:00:00.000Z,0.01732301260977917,0.9921989863819619,0.0002109715562375692,0.0004934518901554369,0.00047674864253088867,258474290.15289998,80182663.1983,2844778.4688,-0.008277762260568977,-0.008277762260568977,-0.0075900420618005195,0.9924099579381995,-0.0000204197424792385,0.9988570498754307,528.5675498611506,11.735716944382116,0.00003787260000000006,0.000018710268607756696
2021-12-23T14:00:00.000Z,0.01732301260977917,0.9944891850394137,0.0002194339841090139,0.0005288714900937963,0.0005188833315410424,259307382.62589997,85615285.9411,5432622.7428,-0.006029698292127295,-0.006029698292127295,-0.0052913809764772385,0.9947086190235228,-0.000018315468646945554,1.000782728959164,529.9449379994256,11.77705597789832,0.00003783700000000005,0.00003561587244156445
2021-12-23T15:00:00.000Z,0.01732301260977917,0.9945867140144269,0.00022601602391448752,0.0005545066367578498,0.0005415291338184414,259337625.6664,89547251.948,3931966.0069,-0.005954815119391554,-0.005954815119391554,-0.0051872699616586256,0.9948127300383414,-0.000016093163583308367,1.0004788135944702,530.1857959774165,11.718115275566285,0.00003783499999999992,0.000025774671895579204
2021-12-23T16:00:00.000Z,0.01732301260977917,0.9933969105720337,0.00023453639384415892,0.0005952636491667221,0.0005912874924929312,259005362.9843,95798106.288,6250854.34,-0.007194376920459211,-0.007194376920459211,-0.006368553034122121,0.9936314469658779,-0.000022907332629329424,1.0003263669322455,528.9449477114356,11.759881809307569,0.00003787019999999999,0.00004102792411539424
2021-12-23T17:00:00.000Z,0.01732301260977917,0.9985180516552189,0.0002452352284549716,0.0006448072244408152,0.0006310220409060374,260311792.3347,103395704.8264,7597598.5384,-0.0021129703856871407,-0.0021129703856871407,-0.0012367131163261316,0.9987632868836739,-0.0000015347580100133484,1.0004148619189401,534.3260570902271,11.908160646036338,0.000037528600000000087,0.000049617104931893194
2021-12-23T18:00:00.000Z,0.01732301260977917,1.0060222229865485,0.000259136305558948,0.0006800745516337321,0.0006712667188799593,261942018.3155,108797289.97209999,5401585.1457,0.005350956267668572,0.005350956267668572,0.006281359292107479,1.0062813592921074,-0.00001595733372050656,1.0004654318690591,542.3217673431252,12.19479922072459,0.000037860600000000076,0.000035056211320131794
2021-12-23T19:00:00.000Z,0.01732301260977917,1.0093313486709328,0.00026936647106070796,0.0007194708362052025,0.000717842629282428,262872104.52620003,114832843.2198,6035553.2477,0.008613506041650343,0.008613506041650343,0.009600715141993479,1.0096007151419935,-0.00004176782591347461,1.0002146786044974,545.9841911373832,12.296171886667345,0.00003791439999999995,0.000039032062909768955
2021-12-23T20:00:00.000Z,0.01732301260977917,1.0140643418106612,0.0002805852543698518,0.0007442876524150762,0.0007418672231496171,264105342.62179998,118634814.3027,3801971.0829,0.013322474587511568,0.013322474587511568,0.014344927065031036,1.014344927065031,-0.000102598169385959,0.9996872486567068,551.3849786062698,12.435450496146597,0.00003791520000000004,0.000024472624358021968
2021-12-23T21:00:00.000Z,0.01732301260977917,1.0128429210587302,0.00028692833344036504,0.000765968611842495,0.0007619782079828497,263707768.49670002,121955367.2089,3320552.9062,0.012080942850747345,0.012080942850747345,0.013129849392170559,1.0131298493921705,-0.00007470945920473593,1.0005626024488954,549.5534785013961,12.35676276343808,0.000037927099999999896,0.000021406043412068233
2021-12-23T22:00:00.000Z,0.01732301260977917,1.0118538427362371,0.0002941018559103536,0.0007758330246784051,0.0007710704973340476,263457772.5091,123466196.97,1510829.7611,0.011082772238903082,0.011082772238903082,0.012147944592147485,1.0121479445921475,-0.00006151965100664736,1.00070744307266,548.3906279581089,12.317192963068418,0.00003792620000000026,0.00000974885109446253
2021-12-23T23:00:00.000Z,0.01732301260977917,1.0123729084172466,0.00030258280175485735,0.0007920281688508855,0.0007901018116285297,263594323.6665,125946652.4184,2480455.4484,0.011582806605618057,0.011582806605618057,0.012675491219001444,1.0126754912190015,-0.00006771044429332296,1.0006570559607546,548.9608199194215,12.333031939366062,0.00003792620000000026,0.0000159972119415404
2021-12-24T00:00:00.000Z,0.01732301260977917,1.0107693048475497,0.00030856033715527005,0.0008083227731002649,0.0008036830790940641,263179722.4032,128442369.1813,2495716.7629,0.009965621768455613,0.009965621768455613,0.011077865184704947,1.011077865184705,-0.00005629709806365124,1.0000829829074545,547.5211217057704,12.24867479359537,0.00003792549999999952,0.000016120993130428245
2021-12-24T01:00:00.000Z,0.01732301260977917,1.010877283777477,0.00031531009295534445,0.000824164117260107,0.0008186316587179832,263198491.6625,130868577.262,2426208.0807,0.010058652118759115,0.010058652118759115,0.011192593870432442,1.0111925938704325,-0.00006545133430857497,0.9993450099220088,548.0263884249202,12.198467029632619,0.00003792720000000042,0.00001567088668000014
2021-12-24T02:00:00.000Z,0.01732301260977917,1.0120371671307604,0.00032381033430628974,0.0008419485023262287,0.0008401502900887703,263487333.87570003,133592239.2778,2723662.0158,0.011197016840671647,0.011197016840671647,0.012360977465066708,1.0123609774650668,-0.00008009627376759365,0.9992559065749916,549.3113446205168,12.216811843829655,0.000037924599999999884,0.000017572857711043923
2021-12-24T03:00:00.000Z,0.01732301260977917,1.010585559763665,0.0003312161342223486,0.0008635258077753956,0.0008584458184346389,263091376.1654,136896557.0659,3304317.7881,0.009727113945230403,0.009727113945230403,0.010916775897887391,1.0109167758978874,-0.00005522796100876359,0.999948045585492,547.3364031790147,12.193953220500312,0.00003792759999999978,0.000021351289888873044
2021-12-24T04:00:00.000Z,0.01732301260977917,1.0087381524592258,0.0003389986798294912,0.0008831794481078868,0.0008791443153293166,262611972.96930003,139906305.2464,3009748.1805,0.007859008143896506,0.007859008143896506,0.009077151139055314,1.0090771511390553,-0.000035381045998872374,1.0001941383310387,545.1788404910969,12.185716139112477,0.00003792770000000011,0.000019483391594823208
2021-12-24T05:00:00.000Z,0.01732301260977917,1.0078103343723754,0.0003476902674460479,0.0009024233195062989,0.0008944385053142323,261135553.2105,142839431.1378,2933125.8914,0.006915895867061206,0.006915895867061206,0.008158024639821486,1.0081580246398214,-0.00003198653008951169,0.9996716991629945,544.4433901334077,12.208439080088063,0.00003810849999999982,0.0000190947343403698
2021-12-24T06:00:00.000Z,0.01732301260977917,1.0066486239401644,0.00035444277220028663,0.0009172860710931032,0.0009115471173437584,260866723.956,145105072.1758,2265641.038,0.0057370768228206526,0.0057370768228206526,0.007003066712364697,1.0070030667123646,-0.000021247352049336143,0.99997980594176,543.0019946047784,12.163621249083876,0.000038103900000000135,0.000014764588239509008
2021-12-24T07:00:00.000Z,0.01732301260977917,1.0081009050615832,0.0003643816276856392,0.000934050057959856,0.0009295458360614184,261245134.6006,147660552.8067,2555480.6309,0.007171359225521812,0.007171359225521812,0.00846528668926887,1.008465286689269,-0.000031172748347851886,1.000027725870688,544.5257558867764,12.227714658225763,0.00003810389999999994,0.000016629274566861247
