query_ts,assumedLPToken,equityValue,totalDexYield,totalTradingfee,newTotalTradingFee,liquidity,totalVolume,volume,priceImpact,priceEffect,totalReturn,totalEquityVal,impermanentLoss,tokenPrice,quoteTokenPrice,rewardPrice,rewardTokenPerLP,feePerDollar
2022-04-24T09:00:00.000Z,0.018878518380364966,1,0,0.000009849045749405874,-7.989164885202626e-13,322207519.9779,1866727.5378,1866727.5378,7.989164885202626e-13,7.989164885202626e-13,0,1,0,1.0002395836822704,403.47965776338305,9.604694341882945,0,0.000009849046398661533
2022-04-24T10:00:00.000Z,0.018878518380364966,0.9991484330411264,0,0.00002014227094282049,0.000010278560324095132,321933802.82710004,3817646.0503000002,1950918.5125,-0.0008618455191976571,-0.0008618455191976571,-0.0008515669588735619,0.9991484330411264,-7.984952385964306e-7,1.000641264692916,402.6227959941793,9.556526428525043,0,0.000010301998243506025
2022-04-24T11:00:00.000Z,0.018878518380364966,0.9989003962039458,0,0.0000316541063855395,0.00002181583755422878,321847735.5054,5999491.047,2181844.9967,-0.0011214196336084559,-0.0011214196336084559,-0.001099603796054227,0.9989003962039458,-5.7195125413578296e-8,0.9994558704694592,402.89090044288764,9.594650749688794,0,0.000011524507042330169
2022-04-24T12:00:00.000Z,0.018878518380364966,0.9978281604713894,0,0.000045473999279812526,0.00003614406078422672,321512217.141,8618864.7114,2619373.6644,-0.0022079835893947797,-0.0022079835893947797,-0.002171839528610553,0.9978281604713894,-0.0000031708275163300215,1.0005475476729808,401.57623048130694,9.527693624249538,0,0.000013849972075951174
2022-04-24T13:00:00.000Z,0.018878518380364966,0.9973962551339751,0,0.00005876278281649074,0.00004959423892880732,321382884.6294,11137650.973900001,2518786.2625,-0.002653339104953689,-0.002653339104953689,-0.002603744866024882,0.9973962551339751,-0.000001381454776128166,0.9992451757318984,401.7407601521428,9.537416762689034,0,0.000013323474432024218
2022-04-24T14:00:00.000Z,0.018878518380364966,0.9973552653699325,0,0.00007378416691960085,0.0000638568167578013,321364073.83089995,13984788.762300001,2847137.7884,-0.002708591446825337,-0.002708591446825337,-0.0026447346300675356,0.9973552653699325,-0.0000019225614760198795,0.9994883196980474,401.5985290225456,9.470621408313283,0,0.000015061217585967163
2022-04-24T15:00:00.000Z,0.018878518380364966,0.999381954308235,0,0.0000865909497885471,0.00007700534823351646,322016027.8926,16412165.231600001,2427376.4693,-0.0006950510399985621,-0.0006950510399985621,-0.0006180456917650456,0.999381954308235,-1.7825509512903182e-7,1.0001413570630462,402.9585465455969,9.501834945144434,0,0.000012814703742592275
2022-04-24T16:00:00.000Z,0.018878518380364966,0.9980974513335725,0,0.00009790307504887574,0.00008849231596563811,321490466.5225,18555502.1941,2143336.9625,-0.0019910409823931108,-0.0019910409823931108,-0.0019025486664274727,0.9980974513335725,-0.0000016118383516783297,1.0000419913594893,401.9539721814067,9.51426878499999,0,0.000011333688602535877
2022-04-24T17:00:00.000Z,0.018878518380364966,0.9967785336637727,0,0.00011556568658376838,0.00010799084333146247,321118533.3049,21902632.9787,3347130.7846,-0.0033294571795587924,-0.0033294571795587924,-0.00322146633622733,0.9967785336637727,-0.0000034586990064200407,0.999534749560724,401.0800211346007,9.45237973190244,0,0.000017719694579002283
2022-04-24T18:00:00.000Z,0.018878518380364966,0.9937994338639173,0,0.00012454206715748636,0.00011446463716535682,320116998.64470005,23603468.7036,1700835.7249,-0.00631503077324802,-0.00631503077324802,-0.006200566136082664,0.9937994338639173,-0.00001567324400797432,0.999503453385536,398.6931953068712,9.302561828240137,0,0.000009032387360157673
2022-04-24T19:00:00.000Z,0.018878518380364966,0.9973225215312791,0,0.00013237638987393234,0.00012483485623615564,321235787.0558,25087834.0191,1484365.3155,-0.002802313324957062,-0.002802313324957062,-0.0026774784687209063,0.9973225215312791,-0.0000028897143141692894,0.999837368174026,401.3828771779852,9.417841874651009,0,0.000007855354658575669
2022-04-24T20:00:00.000Z,0.018878518380364966,0.9975536918942507,0,0.00014053893073523566,0.00013087737778194608,321269183.5411,26634189.2973,1546355.2782,-0.0025771854835312524,-0.0025771854835312524,-0.0024463081057493063,0.9975536918942507,-0.000001112033853001293,0.9991507352142475,401.84009195993355,9.428559365796083,0,0.000008182558762607546
2022-04-24T21:00:00.000Z,0.018878518380364966,0.9959818008604894,0,0.00014494573950506057,0.00013519957629037904,320765085.32600003,27469044.1169,834854.8196,-0.004153398715801004,-0.004153398715801004,-0.004018199139510625,0.9959818008604894,-0.000003679802709322111,0.9987911016884761,400.7152841386281,9.358072791238927,0,0.000004424587519796877
2022-04-24T22:00:00.000Z,0.018878518380364966,0.997200627348119,0,0.00014888966399486547,0.0001403105009188943,321158107.77,28216208.2229,747164.106,-0.00293968315279991,-0.00293968315279991,-0.002799372651881016,0.997200627348119,-0.000006475533934957589,1.0008947114160704,400.8483958231015,9.37516181301518,0,0.0000039549958399607
2022-04-24T23:00:00.000Z,0.018878518380364966,0.9967512380956732,0,0.00015578458974885266,0.00014689683672397535,321016155.8051,29522441.7011,1306233.4782,-0.0033956587410507444,-0.0033956587410507444,-0.003248761904326769,0.9967512380956732,-0.0000037227678908458017,0.9995668668816861,401.01385577213796,9.378993631088898,0,0.0000069173992423241185
2022-04-25T00:00:00.000Z,0.018878518380364966,0.9948749661312598,0,0.0001622666989414164,0.000153562837292176,320411982.08790004,30750468.072499998,1228026.3714,-0.005278596706032368,-0.005278596706032368,-0.005125033868740192,0.9948749661312598,-0.000012858840827356666,1.0000182649660985,399.31964310907216,9.309244211138983,0,0.000006515501754261135
2022-04-25T01:00:00.000Z,0.018878518380364966,0.9861627782814997,0,0.0001848613101882165,0.0001747961288444122,317893558.28,35034858.9705,4284390.898,-0.014012017847344738,-0.014012017847344738,-0.013837221718500325,0.9861627782814997,-0.0001199751438446528,1.0016208574774723,391.71081698477633,8.962407299160581,0,0.00002291164553949451
2022-04-25T02:00:00.000Z,0.018878518380364966,0.9867666558623233,0,0.00019956717572578375,0.0001885602539523079,318362627.39640003,37825791.1872,2790932.2167,-0.013421904391629047,-0.013421904391629047,-0.013233344137676739,0.9867666558623233,-0.00009042680553550397,1.0001754672252947,392.74658832862485,9.030722815711682,0,0.000014903083339874618
2022-04-25T03:00:00.000Z,0.018878518380364966,0.9875259970754289,0,0.00020861751100740498,0.00019898709506316337,318608565.9175,39543401.7332,1717610.546,-0.01267299001963429,-0.01267299001963429,-0.012474002924571126,0.9875259970754289,-0.00007299244271519179,0.9995684588055097,393.58195049947255,9.061918192701325,0,0.000009164656071915166
2022-04-25T04:00:00.000Z,0.018878518380364966,0.989593730642524,0,0.0002176305668787805,0.00020774070986107063,319078590.4754,41252881.0651,1709479.3319,-0.010614010067337087,-0.010614010067337087,-0.010406269357476017,0.989593730642524,-0.00005029117328092525,0.9995981805058758,395.2134688126861,9.194960438425314,0,0.000009107834091595227
2022-04-25T05:00:00.000Z,0.018878518380364966,0.989497672111992,0,0.00022543764789320362,0.00021490932938106333,319038711.4522,42733585.367,1480704.3019,-0.010717237217389042,-0.010717237217389042,-0.010502327888007978,0.989497672111992,-0.00004928177357976793,0.999392780394332,395.21221353382117,9.180540429431792,0,0.000007889943203983694
2022-04-25T06:00:00.000Z,0.018878518380364966,0.986964682464108,0,0.00023666957531960064,0.00022599616771146191,318235265.5933,44863940.7105,2130355.3435,-0.013261313703603506,-0.013261313703603506,-0.013035317535892044,0.986964682464108,-0.00008682941340587558,1.0000679714356722,392.91668721540145,8.983123467820443,0,0.000011380272633198223
2022-04-25T07:00:00.000Z,0.018878518380364966,0.9806538833584725,0,0.0002513762715119766,0.00023917267068074288,316341706.93729997,47654600.6167,2790659.9062,-0.019585289312208265,-0.019585289312208265,-0.019346116641527522,0.9806538833584725,-0.00018992055660105311,0.9999509888944706,387.94182543937995,8.748941175904346,0,0.000014996826964331647
2022-04-25T08:00:00.000Z,0.018878518380364966,0.9761117201578076,0,0.00030009257892169147,0.00028708088204509874,316490763.6315,56946124.7447,9291524.128,-0.024175360724237538,-0.024175360724237538,-0.02388827984219244,0.9761117201578076,-0.0003055697607227126,1.00049167862557,384.1101290984827,8.675200223721298,0,0.000049908537097124565
2022-04-25T09:00:00.000Z,0.018878518380364966,0.9768802655529047,0,0.00032643068898005953,0.0003132750001724194,317916778.47089994,61988182.3342,5042057.5895,-0.023433009447267672,-0.023433009447267672,-0.023119734447095253,0.9768802655529047,-0.00028221748325285567,1.0002883025490064,384.77298435823,8.725810632926576,0,0.00002696145180942244
2022-04-25T10:00:00.000Z,0.018878518380364966,0.9787173838024593,0,0.0003422156449646929,0.00033031197703226045,318255535.0646,65007529.965100005,3019347.6309,-0.021612928174572943,-0.021612928174572943,-0.021282616197540682,0.9787173838024593,-0.00022600455290200383,0.9996522153305235,386.4543135781523,8.754565510186994,0,0.000016128206447338356
2022-04-25T11:00:00.000Z,0.018878518380364966,0.9803543769934158,0,0.0003554485518626689,0.000343763873014602,318772631.34430003,67538600.52450001,2531070.5594,-0.019989386879598836,-0.019989386879598836,-0.019645623006584234,0.9803543769934158,-0.00019642377302242497,0.9998696902715241,387.65361260118215,8.867656034667434,0,0.00001349808461546565
2022-04-25T12:00:00.000Z,0.018878518380364966,0.9853383045148966,0,0.0003714071637864759,0.00036148871372909674,320396388.6832,70591049.66480002,3052449.1403,-0.015023184198832529,-0.015023184198832529,-0.014661695485103432,0.9853383045148966,-0.00010563987740064285,0.9996385502394178,391.68298127784766,9.061258292849192,0,0.000016196073744267185
2022-04-25T13:00:00.000Z,0.018878518380364966,0.9876447650892163,0,0.0003868521931691524,0.0003782669710775677,321137160.24270004,73545179.83700001,2954130.1722,-0.012733501881861287,-0.012733501881861287,-0.012355234910783719,0.9876447650892163,-0.0000821189328388261,1.000240286807433,393.26938437552604,9.047053007013224,0,0.000015638244072858456
2022-04-25T14:00:00.000Z,0.018878518380364966,0.987596060790432,0,0.0004134792823719242,0.0004048669428405871,321125341.2424,78638136.62460001,5092956.7876,-0.012808806152408536,-0.012808806152408536,-0.012403939209567949,0.987596060790432,-0.00008151801644262768,1.0001170057581183,393.2578626013085,8.72090882173586,0,0.00002696151759753064
2022-04-25T15:00:00.000Z,0.018878518380364966,0.9896037593683478,0,0.00043570105043211945,0.00042754483083218275,321577402.5353,82885836.9378,4247700.3132,-0.010823785462484414,-0.010823785462484414,-0.010396240631652232,0.9896037593683478,-0.00005542180486461934,0.9998852451105966,394.9324789354416,8.786985166972046,0,0.00002245521754796601
2022-04-25T16:00:00.000Z,0.018878518380364966,0.9881824455682179,0,0.00044994602903691134,0.0004425998303373424,321119604.0512999,85608804.9823,2722968.0445,-0.01226015426211946,-0.01226015426211946,-0.011817554431782118,0.9881824455682179,-0.00006992702734676115,0.9997299967292644,393.84751113665186,8.665251899729542,0,0.00001441533191137871
2022-04-25T17:00:00.000Z,0.018878518380364966,0.993847013743044,0,0.00046380764723250864,0.0004587357928034219,322962171.1219,88258507.6699,2649702.6876,-0.006611722049759461,-0.006611722049759461,-0.006152986256956039,0.993847013743044,-0.000017336408263401992,0.9994944118712403,398.4587542344971,8.759567088181823,0,0.000013947437104699816
2022-04-25T18:00:00.000Z,0.018878518380364966,0.9935825454531289,0,0.00047604105174120644,0.00047020663183894307,322880106.98759997,90596999.0714,2338491.4015,-0.006887661178710092,-0.006887661178710092,-0.006417454546871149,0.9935825454531289,-0.00001885681800339878,0.9994693963490106,398.24738806259893,8.679386752974464,0,0.000012312419676888532
2022-04-25T19:00:00.000Z,0.018878518380364966,0.9970710112336137,0,0.0004871960756351292,0.0004841657727515658,324015491.81249994,92729362.7157,2132363.6443,-0.0034131545391378193,-0.0034131545391378193,-0.0029289887663862535,0.9970710112336137,-0.00000568476462581291,1.0001924621076426,400.74896069718324,8.749085249702688,0,0.000011187792827534652
2022-04-25T20:00:00.000Z,0.018878518380364966,0.9978514506729731,0,0.0004979324627204119,0.0004933298606434322,324257009.1349,94781624.2454,2052261.5297,-0.0026418791876703374,-0.0026418791876703374,-0.002148549327026905,0.9978514506729731,-8.924657588504914e-7,0.9989307657049123,401.87644196350465,8.801090699495173,0,0.000010759504042173357
2022-04-25T21:00:00.000Z,0.018878518380364966,0.9985256735211352,0,0.0005073271346258836,0.0005042168193991614,323886015.8294,96574150.9355,1792526.6901,-0.0019785432982639684,-0.0019785432982639684,-0.001474326478864807,0.9985256735211352,-0.0000010681627031772223,0.9997207088387241,402.09321937452455,8.824865955792228,0,0.000009408542586707718
2022-04-25T22:00:00.000Z,0.018878518380364966,0.9986062754893976,0,0.0005149617735898649,0.0005114817329399113,323916735.2805,98030879.5674,1456728.6319,-0.00190520624354229,-0.00190520624354229,-0.0013937245106023788,0.9986062754893976,-6.98396895870701e-10,0.9983712331164201,402.6958952810596,8.85335527796085,0,0.000007645294004601198
2022-04-25T23:00:00.000Z,0.018878518380364966,1.0001679449230643,0,0.0005223397213394284,0.0005196956307692568,324097743.35950005,99437217.6184,1406338.051,-0.00035175070770498973,-0.00035175070770498973,0.00016794492306426712,1.0001679449230643,-7.086411679679827e-9,0.9997687194804128,403.38575358967194,8.947316225439407,0,0.000007376708834556964
2022-04-26T00:00:00.000Z,0.018878518380364966,1.0016595389219434,0,0.0005304738141613844,0.0005293158176340462,324212907.9628,100985928.75539999,1548711.137,0.0011302231043093247,0.0011302231043093247,0.001659538921943371,1.0016595389219434,-4.478676721708652e-7,1.0004227960871248,404.31815887297984,8.899918689519605,0,0.00000812061724945907
2022-04-26T01:00:00.000Z,0.018878518380364966,1.0047089380218328,0,0.0005409141067886857,0.0005394464150325629,325220752.7748,102973861.84979999,1987933.0944,0.004169491606800246,0.004169491606800246,0.004708938021832809,1.0047089380218328,-0.000009908081982423766,0.9999488262684889,406.9695832931405,8.960801292053874,0,0.000010391361042141534
2022-04-26T02:00:00.000Z,0.018878518380364966,1.0011580432294955,0,0.0005524785151293903,0.0005495422618135848,324447177.0579,105178391.1159,2204529.2661,0.0006085009676819464,0.0006085009676819464,0.0011580432294955312,1.0011580432294955,-0.00000240273276108649,0.9986566346172095,404.61116814370655,8.658642937737516,0,0.000011551032085883106
2022-04-26T03:00:00.000Z,0.018878518380364966,0.9999735268745539,0,0.0005640200615843364,0.000560776202876645,324065343.4508,107378576.0076,2200184.8917,-0.0005872493283227698,-0.0005872493283227698,-0.00002647312544612479,0.9999735268745539,-2.2467154114913512e-7,0.9989823207065082,403.51311116934846,8.510311869983836,0,0.00001154185225751503
2022-04-26T04:00:00.000Z,0.018878518380364966,1.0005995779944865,0,0.0005740499994090111,0.0005711648948738546,324273659.5884,109290632.3289,1912056.3213,0.000028413099612656367,0.000028413099612656367,0.0005995779944865109,1.0005995779944865,-2.8632066140232837e-7,0.9995113563362701,403.79657157545324,8.54220397378491,0,0.00001002392778474776
2022-04-26T05:00:00.000Z,0.018878518380364966,1.0011581563665684,0,0.0005898204736821949,0.000586985429940512,324298123.09319997,112295584.4814,3004952.1525,0.0005711709366278406,0.0005711709366278406,0.0011581563665683525,1.0011581563665684,-1.6414631320849082e-7,1.000237622795582,403.94149299426556,8.649529855299983,0,0.00001575223011013817
2022-04-26T06:00:00.000Z,0.018878518380364966,1.0022208053741637,0,0.0006026854986681964,0.0006000258653531265,324339979.70489997,114744641.0086,2449056.5272,0.0016207795088105659,0.0016207795088105659,0.0022208053741636924,1.0022208053741637,-0.000002561993236560589,0.9995954794504198,405.04945237246926,8.663114628244461,0,0.000012836518334952283
2022-04-26T07:00:00.000Z,0.018878518380364966,1.0004430374616655,0,0.0006136690735217442,0.000611751800991045,323876489.9017,116836256.447,2091615.4384,-0.00016871433932552637,-0.00016871433932552637,0.0004430374616655186,1.0004430374616655,-7.441742155833708e-8,1.00045672188148,403.2559823354584,8.545797552925363,0,0.000010978710576859738
