query_ts,assumedLPToken,equityValue,totalDexYield,totalTradingfee,newTotalTradingFee,liquidity,totalVolume,volume,priceImpact,priceEffect,totalReturn,totalEquityVal,impermanentLoss,tokenPrice,quoteTokenPrice,rewardPrice,rewardTokenPerLP,feePerDollar
2021-10-04T09:00:00.000Z,0.020780532197003487,1,0.0000255906049364902,0.000014313366664537101,-2.702282841937631e-13,173258295.5657,1458770.2576,1458770.2576,2.702282841937631e-13,2.702282841937631e-13,0.0000255906049364902,1.0000255906049365,0,1.0004000490152989,419.37510484105565,19.41408161282888,0.0000634318,0.000014313366236363624
2021-10-04T10:00:00.000Z,0.020780532197003487,1.0009573068739799,0.00005116637149412281,0.00002770826705481816,0.00001326400201695499,173470510.2085,2824298.3866,1365528.129,0.0009440428719629246,0.0009440428719629246,0.0010084732454740024,1.001008473245474,-7.862176467643422e-7,1.0000896023438128,420.29772260331777,19.41103893266429,0.00006341489999999998,0.000013382089073871024
2021-10-04T11:00:00.000Z,0.020780532197003487,0.9997525173543332,0.00007641343858740546,0.000042253667063813776,0.000027640582343058107,173263017.674,4307124.179099999,1482825.7925,-0.0002751232280098215,-0.0002751232280098215,-0.0001710692070793579,0.9998289307929207,-4.1097071856732725e-8,1.0004115878300153,419.1395424798113,19.332263239660257,0.00006336199999999998,0.00001454900117226963
2021-10-04T12:00:00.000Z,0.020780532197003487,0.9979363279143577,0.00010138692408999121,0.00006170222325442627,0.000048635162143706445,173213731.99150002,6292843.903899999,1985719.7248,-0.002112307247785994,-0.002112307247785994,-0.001962285161552296,0.9980377148384477,-0.000001037911814161241,0.9997262376905232,417.8867420990709,19.244291237412867,0.0000633178,0.00001948877547610171
2021-10-04T13:00:00.000Z,0.020780532197003487,1.0011535579519795,0.00012804860172165348,0.00007728389645275597,0.00006296976739483817,173773706.3173,7883764.6087,1590920.7048,0.0010905881845846288,0.0010905881845846288,0.0012816065537011203,1.0012816065537011,-0.0000017848934713571296,0.9996006533159976,420.6264472182129,19.44782519975189,0.00006331869999999996,0.000015563719365124387
2021-10-04T14:00:00.000Z,0.020780532197003487,1.0065453736347763,0.0001544153192476036,0.00009797261402435343,0.000033258784599476954,174812593.4553,9997370.555,2113605.9463,0.006512114850176776,0.006512114850176776,0.006699788954023856,1.006699788954024,-0.000023679950555077767,1.000009050764528,425.0210432751893,19.575104170111143,0.00006275780000000001,0.000020554183412585612
2021-10-04T15:00:00.000Z,0.020780532197003487,0.9966026148050949,0.0001764888851110664,0.00013566631123967742,0.00012115333899531677,173257222.8903,13852057.6645,3854687.1095,-0.003518538533900384,-0.003518538533900384,-0.003220896309794001,0.996779103690206,-0.0000062014607745686234,1.0003970919679943,416.4303527309353,19.17924057188698,0.00006321910000000003,0.00003782219278845935
2021-10-04T16:00:00.000Z,0.020780532197003487,1.0006325598136094,0.00020252106111658236,0.00016775290135494494,0.00015376123383714635,173962030.26929998,17133422.2782,3281364.6137,0.00047879857977228824,0.00047879857977228824,0.000835080874726017,1.000835080874726,-2.251046982149063e-7,1.000207698062297,419.857521090216,19.25877597642556,0.00006321789999999998,0.00003206630685244673
2021-10-04T17:00:00.000Z,0.020780532197003487,1.0036173325984623,0.00022875706772516982,0.00019324485607519643,0.00017936991568179295,174495737.61769998,19740601.4009,2607179.1227,0.0034379626827805154,0.0034379626827805154,0.003846089666187478,1.0038460896661874,-0.000006287531360227305,1.0002859335082943,422.31182665922677,19.33982008893718,0.00006316069999999997,0.000025400073200071215
2021-10-04T18:00:00.000Z,0.020780532197003487,1.008249229492098,0.00025583440977137886,0.0002131068596563473,0.00020045109239053005,175325711.3463,21772265.122199997,2031663.7213,0.008048778399707412,0.008048778399707412,0.00850506390186932,1.0085050639018693,-0.000030583168699638286,1.0005957153818767,426.0698535165709,19.481916076185872,0.00006273170000000003,0.000019699497008673555
2021-10-04T19:00:00.000Z,0.020780532197003487,1.0110044237575413,0.00028237257528251826,0.00023408645480542552,0.00022175843511429427,175569135.2172,23915369.4577,2143104.3355,0.010782665322426999,0.010782665322426999,0.011286796332823812,1.0112867963328238,-0.00005512082279413022,1.0006252680204781,428.37138785539884,19.54524664574432,0.00006329150000000002,0.000020751240620071575
2021-10-04T20:00:00.000Z,0.020780532197003487,1.0081532072660937,0.0003067008753392573,0.0002472718936653204,0.00023461854822870443,175131997.3966,25262732.5088,1347363.0511,0.007918588717864994,0.007918588717864994,0.008459908141432956,1.008459908141433,-0.00003794512160337771,0.9995758218672659,426.394424625923,19.458330255446885,0.00006327120000000004,0.000013078804678296142
2021-10-04T21:00:00.000Z,0.020780532197003487,1.005973675074986,0.00032969046170511316,0.0002632172053965655,0.00025077133055284584,174768147.10259998,26892252.6619,1629520.1531,0.005722903744433072,0.005722903744433072,0.006303365536691031,1.006303365536691,-0.000016097609310206096,1.0004325315508649,424.1751539988385,19.30651911340297,0.00006326629999999998,0.000015850624419813333
2021-10-04T22:00:00.000Z,0.020780532197003487,1.006624588624525,0.0003539816258001648,0.0002757206001750629,0.0002626083244359201,174969418.5007,28170672.8464,1278420.1845,0.006361980300089165,0.006361980300089165,0.00697857025032525,1.0069785702503253,-0.000021005947531516078,1.0002601160814732,424.78760927852335,19.247870893224395,0.00006323469999999999,0.000012421109541730032
2021-10-04T23:00:00.000Z,0.020780532197003487,1.0039574352917922,0.00037744889036511124,0.00029123735706886234,0.00028090027540939033,174506848.0251,29757206.2878,1586533.4414,0.003676535016382765,0.003676535016382765,0.0043348841821572665,1.0043348841821573,-0.0000046489987298725666,1.0010210152833743,422.20239940411386,19.160559045939184,0.00006297110000000002,0.000015455593181031292
2021-10-05T00:00:00.000Z,0.020780532197003487,1.0088256797179904,0.00040586483728653126,0.0003054839143223861,0.00029324078688675037,175270532.2349,31213180.918899998,1455974.6311,0.00853243893110367,0.00853243893110367,0.00923154455527695,1.0092315445552769,-0.00003809776051322267,1.000167083240424,426.6615791427823,19.31407121145049,0.00006326509999999994,0.000014121922500656074
2021-10-05T01:00:00.000Z,0.020780532197003487,1.009941920206368,0.00043377678903453213,0.0003217611431041478,0.00031048727916038743,175283694.4973,32874972.8382,1661791.9193,0.009631432927207584,0.009631432927207584,0.010375696995402504,1.0103756969954025,-0.00005472402365525042,0.9995234483323059,427.86729312556645,19.425744861515007,0.00006333089999999995,0.00001611699405875722
2021-10-05T02:00:00.000Z,0.020780532197003487,1.0093015796045859,0.0004566250291147608,0.0003364740092660126,0.00032410012324657345,175180049.2097,34377118.5348,1502145.6966,0.008977479481339312,0.008977479481339312,0.009758204633700647,1.0097582046337006,-0.00004812204401005715,0.9995268986037363,427.31172543996547,19.31085178259195,0.00006333029999999993,0.000014577274613978131
2021-10-05T03:00:00.000Z,0.020780532197003487,1.0075159493274235,0.00048083627605675683,0.0003513441113247461,0.0003396130940147568,175010195.90300003,35896533.6203,1519415.0855,0.007176336233408742,0.007176336233408742,0.007996785603480256,1.0079967856034802,-0.000029042300055959203,0.9999292628068508,425.6161501822452,19.269433169655443,0.00006290909999999993,0.000014759172355773143
2021-10-05T04:00:00.000Z,0.020780532197003487,1.0096715678348414,0.0005066944782311886,0.0003637211583894325,0.0003517033020552507,175401741.38140002,37161333.802600004,1264800.1823,0.009319864532786104,0.009319864532786104,0.010178262313072544,1.0101782623130726,-0.000055407390104900145,0.9991499301181826,427.76311094697564,19.28930870166793,0.00006327239999999992,0.000012258488957841142
2021-10-05T05:00:00.000Z,0.020780532197003487,1.00836293705237,0.0005267450751473846,0.0003758895252717434,0.0003636249016807369,174590334.5117,38400662.9534,1239329.1508,0.007999312150689164,0.007999312150689164,0.008889682127517286,1.0088896821275173,-0.00003237048994753078,1.0003212213611645,426.14494354911295,19.094438861871666,0.00006343229999999982,0.000012067446701746314
2021-10-05T06:00:00.000Z,0.020780532197003487,1.011725861473044,0.0005551406842540155,0.00038982334590596834,0.000378845809412498,175175271.4245,39819822.5413,1419159.5879,0.011347015663631499,0.011347015663631499,0.012281002157298012,1.012281002157298,-0.000068313469091974,0.999994004844432,429.1205853856733,19.205330690476515,0.00006348460000000003,0.000013772328022164992
2021-10-05T07:00:00.000Z,0.020780532197003487,1.0146446124539905,0.0005806742418158548,0.00041235458183313243,0.00040276936067829006,175687576.9984,42114719.620299995,2294897.079,0.014241843093312223,0.014241843093312223,0.015225286695806368,1.0152252866958065,-0.00010879535299790355,0.9997897470583853,431.668858612868,19.211873769736115,0.00006348280000000029,0.000022206038132881354
2021-10-05T08:00:00.000Z,0.020780532197003487,1.0165442286050925,0.000606756185145622,0.00042664235103810925,0.00041736750946608225,176035969.1607,43570147.24519999,1455427.6249,0.016126861095626444,0.016126861095626444,0.017150984790238147,1.0171509847902382,-0.00014329308998972667,0.9994684477183119,433.4141899774029,19.235349417088592,0.00006347529999999987,0.0000140552352688292
2021-10-05T09:00:00.000Z,0.020780532197003487,1.0190328412408691,0.0006353803498410304,0.0004545015803471258,0.00044704116637950264,176466800.3064,46408033.62009999,2837886.3749,0.018585800074489622,0.018585800074489622,0.019668221590710154,1.0196682215907102,-0.00017660808607067313,1.0000197346147743,435.2742889989187,19.334288024300847,0.0000634761999999999,0.00002733889223895579
2021-10-05T10:00:00.000Z,0.020780532197003487,1.0192384323472603,0.0006640018665727923,0.00047730847418998954,0.00047195262212440525,176178450.49150002,48726998.64109999,2318965.021,0.0187664797251359,0.0187664797251359,0.019902434213833097,1.0199024342138332,-0.00018276225650804,0.9998723875614948,435.4928904090033,19.42412445263469,0.0000635938,0.000022376405994615098
2021-10-05T11:00:00.000Z,0.020780532197003487,1.0228565324331182,0.0006927303277554038,0.0005105079407704289,0.0005045948794826227,176677997.0837,52100259.54419999,3373260.9031,0.022351937553635626,0.022351937553635626,0.023549262760873654,1.0235492627608735,-0.0002649389961252302,0.9994842757352813,438.7339409270165,19.509390369470726,0.00006367219999999996,0.00003245759873853052
2021-10-05T12:00:00.000Z,0.020780532197003487,1.0258028513481074,0.0007213561523824508,0.0005331494402794836,0.000528250209600456,176931432.2342,54397451.93879999,2297192.3946,0.02527460113850699,0.02527460113850699,0.026524207500489897,1.02652420750049,-0.00030652526334673524,1.0005976076852083,440.755040793984,19.58382280423885,0.00006384599999999989,0.000022071980210111805
2021-10-05T13:00:00.000Z,0.020780532197003487,1.0240506743613362,0.0007445505949498008,0.0005563044932368292,0.0005509666793477308,178882354.54700002,56776717.422699995,2379265.4839,0.023499707681988502,0.023499707681988502,0.024795224956286034,1.024795224956286,-0.00029088710108249316,0.999505012214128,439.71048341182416,19.519323086113182,0.00006303960000000014,0.000022611237049472486
2021-10-05T14:00:00.000Z,0.020780532197003487,1.0251501571937303,0.0007734553829877069,0.0005772563713120631,0.0005742960139729636,180204944.8531,58943190.29979999,2166472.8771,0.024575861179757297,0.024575861179757297,0.025923612576717967,1.025923612576718,-0.0002951947311243819,1.0003778529729839,440.2511727048381,19.60793563440412,0.00006264299999999999,0.000020437862535194704
2021-10-05T15:00:00.000Z,0.020780532197003487,1.0206516562426013,0.0007912131465927343,0.0006141079125234648,0.0006072349224155449,179414880.1584,62753740.163499996,3810549.8637,0.0200444213201858,0.0200444213201858,0.02144286938919408,1.0214428693891942,-0.00018439942960302158,1.001041075019656,436.07643890967364,19.419382955584922,0.00006243519999999998,0.0000361058946870562
2021-10-05T16:00:00.000Z,0.020780532197003487,1.0185627251000533,0.0008065303958562948,0.0006461379110154002,0.000637706054242626,178960444.2438,66064115.626499996,3310375.463,0.017925019045810675,0.017925019045810675,0.019369255495909597,1.0193692554959095,-0.0001721845793287713,0.999607788526462,434.88887368234253,19.1846135907667,0.00006241449999999993,0.00003144626909527224
2021-10-05T17:00:00.000Z,0.020780532197003487,1.0193076445447138,0.0008362655627308623,0.0006702985713307168,0.0006637807766300963,178273873.1009,68549778.9556,2485663.3291,0.01864386376808369,0.01864386376808369,0.020143910107444648,1.0201439101074445,-0.00018322728645991937,0.9997277385515054,435.4510628467815,19.29149540631605,0.00006296479999999998,0.00002370301147313026
2021-10-05T18:00:00.000Z,0.020780532197003487,1.020452564964583,0.0008645570526747212,0.00068622124059408,0.000680122933025995,187272418.3512,70268668.4539,1718889.4983,0.019772442031557036,0.019772442031557036,0.02131712201725775,1.0213171220172577,-0.00021434477023507537,0.9992730710499111,436.6150579952184,19.38654484330749,0.0000599986000000001,0.000015603537204448534
2021-10-05T19:00:00.000Z,0.020780532197003487,1.023702990393723,0.0008938742220092684,0.0007033075510847191,0.0007000219300150601,190802936.1305,72141981.8107,1873313.3568,0.023002968463707862,0.023002968463707862,0.02459686461573219,1.0245968646157322,-0.0002700239932116322,0.9999008149997984,439.1098870916769,19.50698182603716,0.000059073099999999866,0.000016690690254272947
2021-10-05T20:00:00.000Z,0.020780532197003487,1.023844586030839,0.0009189018726828983,0.0007152885648448482,0.0007160372695484973,190829745.6984,73455562.3629,1313580.5522,0.023128548761290446,0.023128548761290446,0.02476348790352184,1.024763487903522,-0.0002755286496778364,0.9997878240945203,439.26733906098184,19.5299675164292,0.000059072999999999975,0.000011701985613235155
2021-10-05T21:00:00.000Z,0.020780532197003487,1.0265169607382771,0.0009483207303971446,0.0007332072250062658,0.0007319488796133644,191329913.3442,75420158.76210001,1964596.3992,0.025785011858663776,0.025785011858663776,0.027465281468674285,1.0274652814686742,-0.0003261506951347526,1.0003145399592503,441.31883921005283,19.64440422562569,0.00005887620000000012,0.00001745578524687731
2021-10-05T22:00:00.000Z,0.020780532197003487,1.0281199011652098,0.000974651224295856,0.000745160619361052,0.0007440130352658336,191635234.43449998,76730770.12120001,1310611.3591,0.02737588812994396,0.02737588812994396,0.02909455238950565,1.0290945523895056,-0.0003704288810170153,1.0001849515537875,442.74612839991306,19.69121053373358,0.000058825299999999906,0.000011626459596768636
2021-10-05T23:00:00.000Z,0.020780532197003487,1.0270159432722217,0.000998267371537336,0.0007635971594775639,0.0007629677286236092,191489799.62489998,78752853.0002,2022082.879,0.026252975543598067,0.026252975543598067,0.028014210643759013,1.028014210643759,-0.0003641464851456,0.9993234798695833,442.15965985171573,19.68240393511859,0.000058805399999999984,0.000017951561394046215
2021-10-06T00:00:00.000Z,0.020780532197003487,1.028695820822554,0.0010405440038405561,0.0007754870028087852,0.0007749020164122822,191807153.2458,80056935.3084,1304082.3082,0.02792091880614178,0.02792091880614178,0.02973636482639462,1.0297363648263946,-0.00037857277312081106,1.0004176737785735,443.11291018947253,20.03131207996157,0.00005905050000000018,0.00001155817124869687
2021-10-06T01:00:00.000Z,0.020780532197003487,1.0265244122028099,0.001057048398308617,0.0007922312013198119,0.0007902003578892369,191479298.0353,81894184.28320001,1837248.9748,0.02573421184492064,0.02573421184492064,0.027581460601118494,1.0275814606011184,-0.00032296859698810465,1.0003899901046038,441.24184807951167,19.880375109534118,0.00005892879999999984,0.000016311545369171983
2021-10-06T02:00:00.000Z,0.020780532197003487,1.0229991098194628,0.0010762041766537328,0.0008105775560046421,0.0008061514265946812,190779149.5801,83906779.9078,2012595.6246,0.022192958392868167,0.022192958392868167,0.024075313996116583,1.0240753139961165,-0.00023645463987675974,1.0006018084204913,438.10765008548566,19.784501821822946,0.000058991699999999485,0.000017933891462198256
2021-10-06T03:00:00.000Z,0.020780532197003487,1.0230231695113285,0.0011037249670912631,0.0008242769535332058,0.0008205219675516684,190783769.88099998,85409605.2512,1502825.3434,0.022202647543776877,0.022202647543776877,0.024126894478419807,1.0241268944784199,-0.00026131481001878676,0.9994962697372469,438.60055382784776,19.844337116043583,0.00005884430000000044,0.000013391092362696995
2021-10-06T04:00:00.000Z,0.020780532197003487,1.0217344656653673,0.0011233477134277138,0.0008396489740202531,0.0008344215814555245,190673807.5384,87097071.1639,1687465.9127,0.020900044083911773,0.020900044083911773,0.02285781337879501,1.022857813378795,-0.00021417757933783754,1.000386087950744,437.09430907251976,19.761518473227405,0.000059001000000000454,0.000015045024215044696
2021-10-06T05:00:00.000Z,0.020780532197003487,1.0179467203156143,0.0011340106778361275,0.0008587567336389413,0.0008507703841931225,188943615.432,89183329.2113,2086258.0474,0.01709594993142116,0.01709594993142116,0.019080730993450413,1.0190807309934504,-0.00014651681215960277,1.0002321845711706,433.9097167094459,19.52669386276418,0.00005917469999999953,0.000018770883961709835
2021-10-06T06:00:00.000Z,0.020780532197003487,1.0168044533639795,0.0011553316863397642,0.0008767517477098103,0.0008671209831840887,188710917.0166,91147878.1886,1964548.9773,0.01593733238079542,0.01593733238079542,0.017959785050319275,1.0179597850503193,-0.00012239331319785496,1.0005653389509812,432.7775612214631,19.4802637480777,0.00005933009999999993,0.00001769761556039823
2021-10-06T07:00:00.000Z,0.020780532197003487,1.0195628241561208,0.0011865785987105922,0.000893370799621787,0.0008865708039327291,189233923.4853,92962317.0626,1814438.874,0.018676253352188033,0.018676253352188033,0.020749402754831354,1.0207494027548314,-0.0001762177755260108,1.0001293254919261,435.3038951941037,19.59969977288389,0.000059326999999999935,0.00001630017509011598
