query_ts,assumedLPToken,equityValue,totalDexYield,totalTradingfee,newTotalTradingFee,liquidity,totalVolume,volume,priceImpact,priceEffect,totalReturn,totalEquityVal,impermanentLoss,tokenPrice,quoteTokenPrice,rewardPrice,rewardTokenPerLP,feePerDollar
2022-01-25T09:00:00.000Z,0.020630077164081884,1,0.000007309050064623205,0.000029094438972910515,-7.451816941284051e-13,173619016.41059998,2971381.1367,2971381.1367,7.451816941284051e-13,7.451816941284051e-13,0.000007309050064623205,1.0000073090500645,0,1.000327859646405,365.23822318134836,7.364752033026957,0.0000481063,0.000029094439289091603
2022-01-25T10:00:00.000Z,0.020630077164081884,1.0092094174190138,0.000014686748261022402,0.00005161134918344247,0.000019554595100057526,182638143.14609998,5368392.2303,2397011.0936,0.009189862823913764,0.009189862823913764,0.009224104167274844,1.009224104167275,-0.000045593896200402106,0.9999262902442035,372.1314348136471,7.554073846068685,0.0000461355,0.000022311433903816574
2022-01-25T11:00:00.000Z,0.020630077164081884,1.0096862957883903,0.000021891951034139967,0.00007190693440240137,0.00003854145517112606,182721399.3319,7528898.8295,2160506.5992,0.009647754333219183,0.009647754333219183,0.009708187739424449,1.0097081877394245,-0.000053392690499753925,0.9995954685674387,372.5924705132207,7.5655281866974144,0.0000460216,0.000020100881626724615
2022-01-25T12:00:00.000Z,0.020630077164081884,1.0093229559068975,0.0000291059910265786,0.00009332260284188378,0.00006023933398591197,182657174.2011,9808659.7146,2279760.8851,0.009262716572911556,0.009262716572911556,0.009352061897924046,1.0093520618979241,-0.00003818358406182387,1.000809243779952,371.8568088477424,7.568933659630074,0.00004613699999999999,0.00002121785537097541
2022-01-25T13:00:00.000Z,0.020630077164081884,1.0108857788079724,0.00003641876810965349,0.00011341522729869472,0.00008211321336348831,182941317.2818,11947594.028,2138934.3134,0.01080366559460888,0.01080366559460888,0.010922197576082022,1.010922197576082,-0.000055775255115797506,1.0005116667632026,373.10412002611525,7.591566486728868,0.00004613709999999997,0.00001987625533043949
2022-01-25T14:00:00.000Z,0.020630077164081884,1.0077239096270698,0.000043265636757470136,0.00013278066010254122,0.0001005857416715994,182371755.50910002,14009145.980500001,2061551.9525,0.007623323885398214,0.007623323885398214,0.007767175263827284,1.0077671752638273,-0.000027547603517974473,1.000499644113023,370.76443686993,7.526709880468818,0.00004609840000000004,0.000019217001610071823
2022-01-25T15:00:00.000Z,0.020630077164081884,1.0052486823642037,0.00005009449879460648,0.00016662985530699012,0.00013463618777587172,181942300.20270002,17612937.0139,3603791.0334,0.0051140461764278555,0.0051140461764278555,0.005298776862998334,1.0052987768629984,-0.000014117928291201842,1.0001150528876477,369.0619788467878,7.486533476543872,0.000045710000000000015,0.00003367245962019053
2022-01-25T16:00:00.000Z,0.020630077164081884,1.0091271575382625,0.00005756885082660874,0.0001970635679442771,0.000168031374251143,182671310.5944,20853574.6715,3240637.6576,0.0089591261640114,0.0089591261640114,0.00918472638908915,1.0091847263890892,-0.00004233944920062349,1.0000447620678092,371.91722437049754,7.5337939255030495,0.000046055800000000034,0.000030158452359014757
2022-01-25T17:00:00.000Z,0.020630077164081884,1.0113524710911903,0.00006488539579230046,0.00021351681366947204,0.00018051099357752065,183076482.6817,22605568.930800002,1751994.2593,0.011171960097612788,0.011171960097612788,0.011417356486982609,1.0114173564869826,-0.00006142452426616263,1.0003538705183406,373.4349530726499,7.566203037305466,0.00004528690000000003,0.00001626855725641333
2022-01-25T18:00:00.000Z,0.020630077164081884,1.0186925720311055,0.00007325953720135316,0.00023535337281724062,0.00020433853702939153,184279983.7475,24929216.7426,2323647.8118,0.018488233494076134,0.018488233494076134,0.018765831568306877,1.0187658315683068,-0.00017726264395367952,0.9998169937346989,379.0618724250429,7.688807453319128,0.000046165,0.000021435867313036864
2022-01-25T19:00:00.000Z,0.020630077164081884,1.0290642640150789,0.00008227709159711424,0.00025862559347591166,0.00023098535965471179,186151361.10390002,27405570.1056,2476353.363,0.028833278655424177,0.028833278655424177,0.029146541106676003,1.029146541106676,-0.000419519311446126,0.9997820226491394,386.81496653230084,7.85048675150486,0.000046167199999999994,0.000022614933848108198
2022-01-25T20:00:00.000Z,0.020630077164081884,1.0261263304969763,0.00008891751675005096,0.0002818721998307758,0.0002517012700966603,186444201.30089998,29890182.8343,2484612.7287,0.025874629226879664,0.025874629226879664,0.026215248013726374,1.0262152480137263,-0.0003390030555219248,0.9998311364550612,384.57452055229794,7.780126604622361,0.000045966499999999994,0.000022654722481678013
2022-01-25T21:00:00.000Z,0.020630077164081884,1.0225923195358275,0.00009429156935045331,0.00029867676339202873,0.0002683540157286668,185803147.0797,31686275.9551,1796093.1208,0.022323965520098854,0.022323965520098854,0.022686611105177973,1.022686611105178,-0.00023891371064010958,1.000544947257016,381.64455094843316,7.618228348296253,0.000045966799999999975,0.00001643329703156355
2022-01-25T22:00:00.000Z,0.020630077164081884,1.018408367510279,0.00010023869795560675,0.00030883636672068463,0.0002776858989876896,185048014.5705,32772177.0752,1085901.1201,0.018130681611291388,0.018130681611291388,0.018508606208234683,1.0185086062082347,-0.0001653640834398118,1.0001089062754007,378.6852079806292,7.522392096280412,0.00004596570000000006,0.000009975961690022318
2022-01-25T23:00:00.000Z,0.020630077164081884,1.0216292780162939,0.00010842660724212423,0.0003224803859563385,0.000293194769946048,185593799.06579998,34230197.2318,1458020.1566,0.021336083246347837,0.021336083246347837,0.021737704623536008,1.021737704623536,-0.00022943993515611716,1.0000159320070132,381.1088356962891,7.596149540769648,0.00004597729999999989,0.000013355156684632718
2022-01-26T00:00:00.000Z,0.020630077164081884,1.0265787744915573,0.00011680081004838601,0.00033299436862450357,0.00030321555586176885,186514582.8,35353867.4897,1123670.2579,0.026275558935695553,0.026275558935695553,0.02669557530160571,1.0266955753016056,-0.0003430773511658991,1.0000657945913445,384.7848680103625,7.6730064100181865,0.000045972199999999926,0.000010241769891410336
2022-01-26T01:00:00.000Z,0.020630077164081884,1.0186095048335446,0.00012224088139039735,0.0003499435840978079,0.00031784251457800394,185740127.8513,37171887.761199996,1818020.2715,0.018291662318966617,0.018291662318966617,0.01873174571493502,1.018731745714935,-0.00017413496670315443,0.9997908642273982,378.9254694175834,7.559452786780159,0.000045966800000000056,0.000016639562475289684
2022-01-26T02:00:00.000Z,0.020630077164081884,1.0191184417920112,0.00013001319302876778,0.0003620273072743802,0.0003309940981703896,186029557.7587,38469393.06249999,1297505.3013,0.018787447693840775,0.018787447693840775,0.019248454985039933,1.01924845498504,-0.00016191018968236826,1.000945171712032,378.8571322567929,7.595166904517796,0.000045917700000000064,0.000011857035187231386
2022-01-26T03:00:00.000Z,0.020630077164081884,1.0181396441459418,0.00013718221354927588,0.00038055878983894585,0.0003485274518368886,185886530.9427,40459616.47389999,1990223.4114,0.017791116694104936,0.017791116694104936,0.0182768263594911,1.018276826359491,-0.00014794737910095446,1.0007601496415193,378.1863888735181,7.593744603895243,0.000045917199999999954,0.000018201317665253193
2022-01-26T04:00:00.000Z,0.020630077164081884,1.0199647411727895,0.00014554795067090256,0.00039794675960435277,0.0003677896551204096,186236648.27539998,42327199.59609999,1867583.1222,0.019596951517669048,0.019596951517669048,0.02011028912346036,1.0201102891234604,-0.00019539201005969176,0.9999653426510989,379.8312511119555,7.655413734286854,0.000045916499999999966,0.000017047618377694846
2022-01-26T05:00:00.000Z,0.020630077164081884,1.0231382759155194,0.0001537308679632356,0.00041409704026834686,0.00038527055913140096,186862579.3922,44062278.28549999,1735078.6894,0.022753005356388023,0.022753005356388023,0.02329200678348266,1.0232920067834828,-0.00025899915767935155,1.000063791390432,382.1487215046403,7.7021598906178,0.000045905199999999955,0.000015785042578209874
2022-01-26T06:00:00.000Z,0.020630077164081884,1.023395201031562,0.00016138207062351044,0.0004276387714554058,0.0003981090677422916,187407566.3354,45520988.41759999,1458710.1321,0.022997091963819605,0.022997091963819605,0.02355658310218541,1.0235565831021853,-0.000276510951843445,0.9995454259461873,382.5294251766128,7.7201765456124125,0.00004578199999999992,0.000013232161716095994
2022-01-26T07:00:00.000Z,0.020630077164081884,1.0202553208536993,0.0001673703517699608,0.00044370153933206985,0.00041258454027115476,186842871.7727,47251358.99269999,1730370.5751,0.019842736313428144,0.019842736313428144,0.02042269120546926,1.0204226912054692,-0.000196290494976048,1.0001609768196928,379.94006615398325,7.6605389589351445,0.00004577989999999996,0.000015743870503385228
2022-01-26T08:00:00.000Z,0.020630077164081884,1.019976488056318,0.00017436531514399375,0.00045725664293514654,0.00042699890168074184,186792437.6875,48711594.95439999,1460235.9617,0.01954948915463728,0.01954948915463728,0.020150853371462014,1.020150853371462,-0.00019704274714915648,0.9998354551391865,379.8452284140362,7.650009599497816,0.00004577999999999998,0.000013289623314638718
2022-01-26T09:00:00.000Z,0.020630077164081884,1.025358167545835,0.00018339584869764782,0.0004731177311774545,0.00044431466499461614,188028465.6372,50422524.21819999,1710929.2638,0.02491385288084036,0.02491385288084036,0.02554156339453262,1.0255415633945326,-0.00030389645273398713,1.000279829567263,383.6823315402153,7.726740475944958,0.000045680500000000045,0.00001546882669389054
2022-01-26T10:00:00.000Z,0.020630077164081884,1.0253262870582645,0.0001906750655410397,0.0004894178604699376,0.0004682728514908696,188022619.4466,52180812.64279999,1758288.4246,0.024858014206773582,0.024858014206773582,0.02551696212380549,1.0255169621238054,-0.00030469091820095606,1.0001931097097376,383.67378845681156,7.726396989862282,0.000045718600000000006,0.000015897503878084877
2022-01-26T11:00:00.000Z,0.020630077164081884,1.030755322209119,0.00019990061841722518,0.0005063300965299254,0.00047958181710594516,188498130.95180002,54000109.45089999,1819296.8081,0.030275740392013084,0.030275740392013084,0.030955222827536256,1.0309552228275363,-0.0004582332378144649,0.999875310117779,387.86419348844,7.801463111282483,0.00004581100000000003,0.000016407614007381574
2022-01-26T12:00:00.000Z,0.020630077164081884,1.0310629273604566,0.00020821223304053703,0.0005250244741837786,0.0004984102841512073,188511208.1002,56010655.741699986,2010546.2908,0.030564517076305364,0.030564517076305364,0.03127113959349711,1.031271139593497,-0.0004667468650227935,0.9998754672766387,388.0815923964884,7.83695508221959,0.00004578379999999999,0.00001813116964665176
2022-01-26T13:00:00.000Z,0.020630077164081884,1.0293949750158178,0.00021540755744979342,0.0005404299182898099,0.0005131323445466407,188167065.1491,57667138.22389998,1656482.4822,0.02888184267127114,0.02888184267127114,0.029610382573267573,1.0296103825732676,-0.0004405981378209356,0.9991104232317344,387.11152560486477,7.829152682980158,0.00004583210000000005,0.000014965531919779048
2022-01-26T14:00:00.000Z,0.020630077164081884,1.0378714200671424,0.0002260021630595697,0.000569535206620301,0.0005493350185146184,189767113.5098,60797542.13849998,3130403.9146,0.03732208504862777,0.03732208504862777,0.03809742223020196,1.038097422230202,-0.0006813051248025781,1.0000462465581217,393.12055305813755,7.941382502677489,0.00004582010000000005,0.00002804325025761208
2022-01-26T15:00:00.000Z,0.020630077164081884,1.0412169883941262,0.00023329365206531397,0.0006045855158623585,0.0005834231370271947,190382296.83470002,64567428.31969998,3769886.1812,0.04063356525709905,0.04063356525709905,0.041450282046191556,1.0414502820461915,-0.0008113158868733317,0.9998620123044918,395.70740430310804,7.934060540306693,0.00004582020000000007,0.000033662827976093094
2022-01-26T16:00:00.000Z,0.020630077164081884,1.035573626063667,0.00023654432566641337,0.000632550804695832,0.0006089689286952193,189370720.26270002,67575597.37319998,3008169.0535,0.034964657134971766,0.034964657134971766,0.0358101703893334,1.0358101703893334,-0.000599145383342492,1.0000701050063012,391.32642849668804,7.8113069296778495,0.0000425704,0.00002700463611193896
2022-01-26T17:00:00.000Z,0.020630077164081884,1.036489229290152,0.0002446208944508514,0.0006634506828087493,0.0006401918567469078,189873384.9692,70905312.89639999,3329715.5232,0.03584903743340506,0.03584903743340506,0.036733850184602825,1.0367338501846028,-0.0006246302058486863,1.0001951605983517,391.9464817042974,7.833934623013504,0.000045734400000000014,0.00002981205812683127
2022-01-26T18:00:00.000Z,0.020630077164081884,1.0302285261435629,0.0002486985949082586,0.0006824246970325462,0.0006560333358476278,188728529.4693,72949940.91719998,2044628.0208,0.029572492807715234,0.029572492807715234,0.03047722473847112,1.030477224738471,-0.00047175185531012076,0.9987497036570765,387.77140846997764,7.730929049574159,0.00004573419999999997,0.000018417287757892537
2022-01-26T19:00:00.000Z,0.020630077164081884,1.0284825468881778,0.0002533378846970626,0.0007135019587379436,0.0006905204772174045,188410028.2426,76298831.23049998,3348890.3133,0.027792026410960347,0.027792026410960347,0.028735884772874812,1.028735884772875,-0.0003760826432270825,1.0003107612207682,385.82834757577604,7.6511160985099655,0.000045658100000000063,0.000030216616311311457
2022-01-26T20:00:00.000Z,0.020630077164081884,1.0332602012840677,0.00026159180291776633,0.0007876569753419998,0.0007659707501626034,188980284.3188,84276911.71559998,7978080.4851,0.0324942305339051,0.0324942305339051,0.03352179308698547,1.0335217930869856,-0.0005093953115278271,1.0003800595273287,389.3398223126431,7.681316474260164,0.00004577599999999992,0.00007176799883415542
2022-01-26T21:00:00.000Z,0.020630077164081884,1.017420265354886,0.00026105496481514524,0.000838148981924689,0.000802191343002967,186107221.8014,89709872.24159998,5432960.526,0.01661807401188309,0.01661807401188309,0.0176813203197012,1.0176813203197013,-0.00013250424788102677,1.0005294704006193,377.40213576717645,7.458743898502898,0.00004577110000000017,0.00004962748250605781
2022-01-26T22:00:00.000Z,0.020630077164081884,1.004928288784821,0.00026103856960742823,0.0008605051962121591,0.0008250152848847669,183822180.7681,92115410.08949998,2405537.8479,0.004103273499936222,0.004103273499936222,0.005189327354428417,1.0051893273544283,-0.000008207581611130443,1.0003711758966425,368.2257723559129,7.262185402482694,0.00004580929999999999,0.00002224657723209682
2022-01-26T23:00:00.000Z,0.020630077164081884,1.011101887941437,0.00027200716126348466,0.0008789392924344639,0.0008365423045912923,184944447.6857,94098851.07299998,1983440.9835,0.01026534563684578,0.01026534563684578,0.011373895102700557,1.0113738951027005,-0.00005299527527746761,1.000245452266601,372.8060161055526,7.373463852676481,0.00004581199999999992,0.000018231689105261598
2022-01-27T00:00:00.000Z,0.020630077164081884,1.0144241378962169,0.0002817690278587393,0.0008924457730086725,0.0008531708036207952,185682529.781,95553120.13299999,1454269.06,0.013570967092596087,0.013570967092596087,0.014705906924075621,1.0147059069240756,-0.00009456376044691961,1.0000546075685446,375.32128504670544,7.4474079997061855,0.00004578260000000006,0.000013314431922679322
2022-01-27T01:00:00.000Z,0.020630077164081884,1.0178454212924288,0.00029001349788616875,0.0009059331274383424,0.0008706465465639912,186319585.3564,97005413.99549998,1452293.8625,0.01697477474586484,0.01697477474586484,0.018135434790315,1.018135434790315,-0.00013741210941586868,1.0005815157408702,377.64737598188344,7.478630807905833,0.00004578010000000017,0.000013250885898695965
2022-01-27T02:00:00.000Z,0.020630077164081884,1.0054021641824014,0.0002896797175831621,0.0009248644477174483,0.0008827951751342322,184036250.1983,99043842.83319998,2038428.8377,0.004519369007267127,0.004519369007267127,0.005691843899984521,1.0056918438999845,-0.000009071840197050207,1.0005776039561782,368.45498629615645,7.29285307222759,0.000045665600000000066,0.00001882960025731936
2022-01-27T03:00:00.000Z,0.020630077164081884,0.9986046279632238,0.0002911540355575884,0.0009553383436190354,0.0009069461646037391,182794704.2376,102325166.77039997,3281323.9372,-0.002302318201379938,-0.002302318201379938,-0.0011042180012186106,0.9988957819987814,-0.000002451080962750929,1.0002369462665235,363.59141446005964,7.159871329400821,0.00004574200000000004,0.000030516478672102475
2022-01-27T04:00:00.000Z,0.020630077164081884,0.9957171499715384,0.0002940662057388358,0.0009797694588623987,0.0009235275812443655,182275237.8134,104955956.10469997,2630789.3343,-0.005206377609705992,-0.005206377609705992,-0.003988783822722791,0.9960112161772772,-0.000011334252430050817,0.9998690042879325,361.61085994547057,7.067350089313761,0.0000457786000000005,0.00002453620097804209
2022-01-27T05:00:00.000Z,0.020630077164081884,0.9992964672867426,0.0003026292942509129,0.0009966031933527617,0.0009448839710181067,182945906.1188,106768797.79069997,1812841.686,-0.001648416684275511,-0.001648416684275511,-0.0004009034190064914,0.9995990965809936,-0.000001051448902056329,1.0001281751098166,364.1077689341115,7.1117438754491715,0.00004577489999999968,0.000016845585296665476
2022-01-27T06:00:00.000Z,0.020630077164081884,0.999349176364395,0.00030953947398224837,0.0010122794299146564,0.0009611348548453913,184510636.4066,108471336.55099997,1702538.7603,-0.0016119584904503714,-0.0016119584904503714,-0.00034128416162273177,0.9996587158383773,-0.0000022249031077503645,1.0008243447382221,363.88107219440496,7.117656086134616,0.000045346599999999875,0.000015686444688922386
2022-01-27T07:00:00.000Z,0.020630077164081884,1.0013396549948486,0.0003182534951662194,0.0010258832617599948,0.0009778179736705805,184879118.13230002,109948806.83179997,1477470.2808,0.0003618370211779798,0.0003618370211779798,0.0016579084900147797,1.0016579084900148,-2.5878054166206255e-7,0.9999701606696467,365.63332822314396,7.1637982282641754,0.00004538439999999994,0.000013585630993558833
