query_ts,assumedLPToken,equityValue,totalDexYield,totalTradingfee,newTotalTradingFee,liquidity,totalVolume,volume,priceImpact,priceEffect,totalReturn,totalEquityVal,impermanentLoss,tokenPrice,quoteTokenPrice,rewardPrice,rewardTokenPerLP,feePerDollar
2021-07-13T09:00:00.000Z,0.024936788879030235,1,0.000015127208845295488,0.000009204557789156572,-9.696687897076117e-13,233365582.3224,1263545.2638,1263545.2638,9.696687897076117e-13,9.696687897076117e-13,0.000015127208845295488,1.0000151272088453,-2.220446049250313e-16,1.001059380818306,315.41520124704994,14.856210665730993,0.0000408329,0.00000920455761763725
2021-07-13T10:00:00.000Z,0.024936788879030235,0.9964379710062191,0.000030165583333936063,0.000019022964560717128,0.000010077399763663841,232536018.7094,2611365.6702,1347820.4064,-0.0035721063935445496,-0.0035721063935445496,-0.0035318634104469495,0.996468136589553,-0.0000026601525456859676,0.9997869223855798,313.56440804483526,14.812607342299279,0.00004083279999999999,0.000009853504431687327
2021-07-13T11:00:00.000Z,0.024936788879030235,0.9953270002923632,0.00004502859382383006,0.00003073910834587075,0.00002165214934513049,232307630.8648,4219911.5688000005,1608545.8986,-0.004694651856981924,-0.004694651856981924,-0.004627971113812963,0.995372028886187,-0.000005628535708401827,0.9997083200835692,312.8829002495539,14.741291070936445,0.000040827599999999995,0.000011771150252104542
2021-07-13T12:00:00.000Z,0.024936788879030235,0.993955314525622,0.00005973471500580647,0.000042112573271927636,0.00003332352865148547,232009898.1767,5781560.9023,1561649.3335,-0.006078009003029461,-0.006078009003029461,-0.005984950759372169,0.9940150492406278,-0.000013663124127649695,1.0001897639558508,311.8635753320089,14.667431751983955,0.000040824000000000014,0.000011442631921367797
2021-07-13T13:00:00.000Z,0.024936788879030235,0.9861140160455472,0.00007357763539060743,0.00007411710395682256,0.0000649400453701654,229992093.4818,10172407.8598,4390846.9575,-0.013950923999823006,-0.013950923999823006,-0.013812406319062233,0.9861875936809378,-0.00009408237960017996,1.0007277857785262,306.77754122127925,14.45114665438116,0.000040857900000000014,0.00003245520189301935
2021-07-13T14:00:00.000Z,0.024936788879030235,0.9888160334482166,0.00008910085393367868,0.0000924399307645776,0.00008416988268933334,226527063.2299,12641561.5574,2469153.6976,-0.011268136434472775,-0.011268136434472775,-0.011094865697849763,0.9889051343021502,-0.00004743411336782799,0.9994670839435338,308.8382084578041,14.538000962928797,0.0000415992,0.000018530065353206554
2021-07-13T15:00:00.000Z,0.024936788879030235,0.9896227375859437,0.00010399843623170003,0.00010542379107333226,0.00009717383438534455,229562485.7636,14413245.3194,1771683.762,-0.010474436248441688,-0.010474436248441688,-0.010273263977824644,0.9897267360221753,-0.00004075736633069038,0.9995579428529892,309.30612631785186,14.538601916619509,0.000041081399999999996,0.000013120011248273251
2021-07-13T16:00:00.000Z,0.024936788879030235,0.9946759975991943,0.00012016320948380215,0.00012015422158149531,0.00011242360241037197,230744718.57720003,16423340.613599999,2010095.2942,-0.005436426003216033,-0.005436426003216033,-0.0052038391913218586,0.9947961608086782,-0.000009735026450852224,1.0000200693145458,312.31931400098716,14.694080872625921,0.00004107980000000003,0.000014809275034378407
2021-07-13T17:00:00.000Z,0.024936788879030235,0.9930053339253202,0.0001346344625814384,0.00013342948323037478,0.0001247477790699003,230385187.0427,18235085.868499998,1811745.2549,-0.007119413853749701,-0.007119413853749701,-0.006860031612098362,0.9931399683879016,-0.00001476184659787716,0.9993477594236474,311.472604682612,14.631092409828218,0.000041075099999999975,0.0000133687715467538
2021-07-13T18:00:00.000Z,0.024936788879030235,0.9932923809105992,0.0001488310380861816,0.00014407326280232682,0.00013558076901010185,230830912.94050002,19690088.636099998,1455002.7676,-0.006843199858410864,-0.006843199858410864,-0.006558788051314581,0.9934412119486854,-0.000020588426154044548,1.0006092579398163,311.2530272692468,14.556257908481928,0.000041007600000000024,0.000010715656206573949
2021-07-13T19:00:00.000Z,0.024936788879030235,0.9885918826777111,0.00016239625866518552,0.0001558148944793937,0.0001465808033724869,229835122.3815,21295842.0484,1605753.4123,-0.011554698125661345,-0.011554698125661345,-0.011245721063623672,0.9887542789363764,-0.00006055111399949631,1.0004418686903105,308.3584713786824,14.439437748127748,0.0000409907,0.000011877126405331889
2021-07-13T20:00:00.000Z,0.024936788879030235,0.9853796676166564,0.00017543204379423261,0.0001667160092441829,0.00015754835753334362,230216490.3505,22793990.3048,1498148.2564,-0.014777880740876936,-0.014777880740876936,-0.014444900339549361,0.9855550996604506,-0.00010419777360692883,1.0006073815139367,306.3000478741156,14.304783295412799,0.0000407894,0.000011062856670269228
2021-07-13T21:00:00.000Z,0.024936788879030235,0.9878516682482759,0.00019125514922294708,0.00017590690915407042,0.0001666220787058803,228198952.19689998,24042899.8774,1248909.5726,-0.01231495383043002,-0.01231495383043002,-0.011957076602501192,0.9880429233974988,-0.00006496232513797384,1.0000661690328607,307.9999747046099,14.38801871987181,0.00004125610000000001,0.00000930392647722614
2021-07-13T22:00:00.000Z,0.024936788879030235,0.9872510408510826,0.00020620962084430314,0.00018182571085544378,0.00017266580824615296,228059908.2865,24847177.9995,804278.1221,-0.012921624957163536,-0.012921624957163536,-0.012542749528073079,0.9874572504719269,-0.00006888326515830379,0.9997907422865299,307.706466912041,14.398668045424976,0.00004125510000000002,0.000005995235277619971
2021-07-13T23:00:00.000Z,0.024936788879030235,0.9856057588683252,0.0002206986375439643,0.00018888002918785487,0.00017976399587815717,227551890.6931,25805217.4515,958039.452,-0.014574005127552914,-0.014574005127552914,-0.014173542494130793,0.9858264575058692,-0.00009095355555399642,0.9998653855260403,306.6542266551773,14.377021023326558,0.00004127849999999997,0.00000715734359947195
2021-07-14T00:00:00.000Z,0.024936788879030235,0.9879625403037937,0.00023652730292088425,0.00019951262710367354,0.00019055133521250767,227766911.10070002,27247135.584599998,1441918.1331,-0.012228011031418795,-0.012228011031418795,-0.011800932393285403,0.9881990676067146,-0.00005974025050636822,0.9996864667175104,308.1712072023757,14.43855852527433,0.00004133860000000001,0.000010762146329438744
2021-07-14T01:00:00.000Z,0.024936788879030235,0.9777564680451738,0.00024356300196541093,0.00022244023396593142,0.00021690416751962704,225090076.9732,30351948.607699998,3104813.0231,-0.022460436122345828,-0.022460436122345828,-0.021999968952860792,0.9780000310471392,-0.00023238354946664153,0.9999028568564201,301.7542098258491,13.986629646707353,0.00004139850000000004,0.000023449199583766806
2021-07-14T02:00:00.000Z,0.024936788879030235,0.9737479354229361,0.00025410515836867394,0.00026725927922630353,0.00025538567778449206,222003163.4163,36362665.8971,6010717.2894,-0.026507450254848353,-0.026507450254848353,-0.025997959418695187,0.9740020405813048,-0.0003264405498162315,0.9997487586555569,299.306983855761,13.767818146764197,0.00004180449999999984,0.0000460273594066712
2021-07-14T03:00:00.000Z,0.024936788879030235,0.9770442306979176,0.000270530719136629,0.00027834855203790057,0.0002670723662672181,223234996.6607,37853063.8412,1490397.9441,-0.023222841668349647,-0.023222841668349647,-0.0226852385829458,0.9773147614170542,-0.00025720922409233626,1.0002453353336616,301.18054543072685,13.875729974494737,0.000041714500000000124,0.000011349817648981773
2021-07-14T04:00:00.000Z,0.024936788879030235,0.9653970909376302,0.00027761237237255195,0.0003067400437493694,0.0002919926948449225,219419220.6384,41648904.3947,3795840.5535,-0.03489490175721477,-0.03489490175721477,-0.034325296689997294,0.9656747033100027,-0.0005872561292504797,0.9998201095862134,294.15064962862795,13.514103977647657,0.00004193540000000004,0.000029409132537136948
2021-07-14T05:00:00.000Z,0.024936788879030235,0.9676983183818598,0.0002920766582928803,0.0003421469598836348,0.0003280855424628859,219351570.4772,46369969.0999,4721064.7052,-0.03262976716060306,-0.03262976716060306,-0.032009604959847296,0.9679903950401527,-0.0005237958426357325,1.000258451504848,295.4035221565614,13.527704078406988,0.000042049600000000025,0.00003658879661257873
2021-07-14T06:00:00.000Z,0.024936788879030235,0.9641869847427524,0.00030422594326269314,0.0003760980388526746,0.0003609193409532807,218574327.19689998,50897303.0935,4527333.9936,-0.03617393459820084,-0.03617393459820084,-0.035508789313984865,0.9644912106860152,-0.0006419595639068909,1.000055796526955,293.3023633454908,13.437832709754883,0.000042046699999999985,0.00003521213075580798
2021-07-14T07:00:00.000Z,0.024936788879030235,0.9639080272193681,0.00031559028081609345,0.00039364228674436966,0.00037880115304245177,218425482.5331,53235890.0517,2338586.9582,-0.03647077393367437,-0.03647077393367437,-0.03577638249981583,0.9642236175001841,-0.0006596050263399933,1.000237307721616,293.06853627793095,13.3225434304496,0.00004206359999999994,0.000018201163082414347
2021-07-14T08:00:00.000Z,0.024936788879030235,0.9667253220156662,0.00033351894430146286,0.00040762324206277344,0.0003935727004058531,219141258.1288,55100160.65710001,1864270.6054,-0.033668250684739665,-0.033668250684739665,-0.03294115904003235,0.9670588409599676,-0.0005145345113390931,0.9988973359216832,295.17128257714614,13.482586341996962,0.000042049300000000004,0.00001446217867069683
2021-07-14T09:00:00.000Z,0.024936788879030235,0.9633554646099517,0.0003451349369562735,0.00042177448323139547,0.0004065240147089755,218303259.8403,56986497.45080001,1886336.7937,-0.03705105940475728,-0.03705105940475728,-0.03629940045309203,0.963700599546908,-0.0006651017343313192,0.9997860193925155,292.8477689521304,13.384608741778168,0.00004206399999999996,0.000014689531212845462
2021-07-14T10:00:00.000Z,0.024936788879030235,0.9755792136648177,0.0003694558146144892,0.0004612321513006016,0.0004518877586859871,220981731.13009998,62243961.83160001,5257464.3808,-0.024872674093868286,-0.024872674093868286,-0.02405133052056781,0.9759486694794322,-0.0002924472408635248,1.0000591353265162,300.21986960719863,13.767511983358984,0.000042081599999999967,0.00004044537709815504
2021-07-14T11:00:00.000Z,0.024936788879030235,0.9788371280223244,0.00038109356985499137,0.00048214838918970244,0.0004740508470841842,226469323.3783,65090608.63220001,2846646.8006,-0.02163692282475982,-0.02163692282475982,-0.020781778407820643,0.9792182215921793,-0.00021875518200353827,1.000103047290131,302.20233654964505,13.677163198934897,0.0000412306,0.000021368455068575947
2021-07-14T12:00:00.000Z,0.024936788879030235,0.9803668574514435,0.0003964007603054036,0.0004987912320117138,0.000492635218000359,227646810.2427,67363881.37770002,2273272.7455,-0.020125777766556885,-0.020125777766556885,-0.019236741788251122,0.9807632582117489,-0.00017676296569668626,0.9995315398570151,303.30992563757263,13.722021044705842,0.00004108119999999988,0.000016976138006194293
2021-07-14T13:00:00.000Z,0.024936788879030235,0.9799626429836353,0.0004096709148229124,0.0005146591142457317,0.0005067999941442691,227718328.2599,69532876.06240001,2168994.6847,-0.020544157010508934,-0.020544157010508934,-0.019627686101541753,0.9803723138984582,-0.0002016969380111977,1.0003871270235711,302.791784817938,13.69604301305686,0.000041051700000000094,0.0000161923328357725
2021-07-14T14:00:00.000Z,0.024936788879030235,0.9911847416535637,0.0004375142706031226,0.0005375860278652588,0.0005354765087167701,230864073.66109997,72674096.386,3141220.3236,-0.009350734855153031,-0.009350734855153031,-0.008377744075833138,0.9916222559241669,-0.00003271969669194075,0.9997536951344231,309.948318944414,14.143958090058476,0.00004095629999999991,0.000023130816611852016
2021-07-14T15:00:00.000Z,0.024936788879030235,0.9943553078908094,0.0004534100446199594,0.0005522003751275111,0.0005518678251577036,227469333.704,74640677.0276,1966580.6416,-0.006196559934348311,-0.006196559934348311,-0.0051912820645706485,0.9948087179354294,-0.000012857025877610617,0.9999139151073696,311.8751982489445,14.181076426808803,0.000041703399999999984,0.000014697309023072109
2021-07-14T16:00:00.000Z,0.024936788879030235,0.9903758838600398,0.0004631477958505705,0.0005661197914383192,0.0005647257625704949,226753880.1751,76515355.32110001,1874678.2935,-0.010188841902530665,-0.010188841902530665,-0.0091609683441096,0.9908390316558904,-0.000040569484453634175,0.9998256012899646,309.40184373596793,14.029689784207113,0.00004166870000000001,0.000014054679445789527
2021-07-14T17:00:00.000Z,0.024936788879030235,0.9920055324935562,0.00047896781353241234,0.0005797288993356745,0.0005782843534178905,227185426.5208,78348712.50490001,1833357.1838,-0.008572751859861727,-0.008572751859861727,-0.007515499692911424,0.9924845003070886,-0.00002787511043533808,0.9999158081228836,310.38500144341,14.066272507598184,0.000041658199999999906,0.000013718781438538486
2021-07-14T18:00:00.000Z,0.024936788879030235,0.9914081798403649,0.0004938594802961167,0.0005887978932594479,0.0005867673989297106,231368439.82099998,79593690.8655,1244978.3606,-0.009178587558564821,-0.009178587558564821,-0.008097960679338994,0.991902039320661,-0.0000307057542289213,0.9996745524919386,310.08059574654874,14.084770597198865,0.00004060540000000012,0.000009147588213230025
2021-07-14T19:00:00.000Z,0.024936788879030235,0.9880755593794289,0.0005059510528224689,0.0006048399639511435,0.0006030878312358601,230790319.22460002,81797829.6976,2204138.8321,-0.012527528451806935,-0.012527528451806935,-0.011418489567748605,0.9885815104322514,-0.00006150340802801857,0.9995433928611854,308.0284295843918,14.025613159305887,0.00004050230000000001,0.000016235672393708454
2021-07-14T20:00:00.000Z,0.024936788879030235,0.9898301782167148,0.0005205191063386354,0.0006170467066396666,0.0006151838185518566,231298289.6071,83475716.42660001,1677886.729,-0.010785005601837039,-0.010785005601837039,-0.009649302676946548,0.9903506973230535,-0.00004672131769367649,0.9998820029688461,309.0118184156613,14.03340772805691,0.00004082570000000013,0.000012332159672020512
2021-07-14T21:00:00.000Z,0.024936788879030235,0.9893177966766509,0.0005351162460414773,0.0006257020565905514,0.0006236349739643376,231095200.91459998,84665014.71370001,1189298.2871,-0.011305838297313464,-0.011305838297313464,-0.010147087077307649,0.9898529129226924,-0.00005355852959887386,1.0000385538213288,308.6381844874096,14.041411254343787,0.000040840699999999976,0.000008748806033480324
2021-07-14T22:00:00.000Z,0.024936788879030235,0.9914176332074588,0.0005507871427881891,0.0006336302073851825,0.0006329607962257677,231722708.5808,85755035.90400001,1090021.1903,-0.009215327588766975,-0.009215327588766975,-0.008031579649753018,0.991968420350247,-0.000046002874200423705,1.0013938857888642,309.5252500422124,14.076656308707708,0.00004081660000000012,0.00000799678216631867
2021-07-14T23:00:00.000Z,0.024936788879030235,0.9929750041194524,0.0005672867835536466,0.0006421013442892601,0.0006421929644501168,232089518.2498,86919724.94460002,1164689.0406,-0.00766718884499773,-0.00766718884499773,-0.0064577090969939665,0.993542290903006,-0.000025376004091470783,1.0004863251359084,310.774950235774,14.130760309500344,0.0000408163000000001,0.000008531067598188296
2021-07-15T00:00:00.000Z,0.024936788879030235,0.9891858637772989,0.0005757768812131546,0.0006500630500270069,0.0006468052939947455,231231722.24150002,88014504.50820002,1094779.5636,-0.011460941516695855,-0.011460941516695855,-0.010238359341487955,0.989761640658512,-0.0000487573046171752,0.9994070208704556,308.7363253604742,13.987649059076167,0.00004081160000000008,0.000008048745388732726
2021-07-15T01:00:00.000Z,0.024936788879030235,0.9946393927795707,0.0005973477627547991,0.0006682103243347325,0.000671021895147339,232424660.86819997,90508978.89870001,2494474.3905,-0.006031629115576642,-0.006031629115576642,-0.004763259457674504,0.9952367405423255,-0.000011353868595409544,0.9997742388347058,312.022309817663,14.161432549040766,0.00004082619999999962,0.000018245079708881245
2021-07-15T02:00:00.000Z,0.024936788879030235,0.9902731693613058,0.000604461580543508,0.000684098569950549,0.0006825569644469676,231444102.724,92693308.2645,2184329.3658,-0.01040938760314114,-0.01040938760314114,-0.009122369058150665,0.9908776309418493,-0.00004592171974204806,1.0001785734697817,309.15483768220383,13.992420866437358,0.00004081940000000029,0.000016044305636459562
2021-07-15T03:00:00.000Z,0.024936788879030235,0.9887347427407978,0.0006165737872988514,0.0006993224296876192,0.000696552059778921,229399583.8224,94771036.2662,2077728.0017,-0.011961809318981165,-0.011961809318981165,-0.010648683471903392,0.9893513165280966,-0.00006281326365342732,1.0002335372661113,308.1686892049074,13.943749793868541,0.00004088079999999973,0.00001539731478163693
2021-07-15T04:00:00.000Z,0.024936788879030235,0.9870628015028621,0.0006257974658780885,0.000716190880625977,0.0007141869256414024,229123062.7724,97074335.2325,2303298.9663,-0.013651385422779327,-0.013651385422779327,-0.012311401031259836,0.9876885989687402,-0.00009585887196483789,1.0011608416810824,306.83117475403,13.83174323079229,0.000041100800000000276,0.000017089542167126056
2021-07-15T05:00:00.000Z,0.024936788879030235,0.9814227743486909,0.0006331032910289098,0.0007418663046726407,0.0007330512225519614,228080663.5047,100584286.0921,3509950.8596,-0.01931027687386111,-0.01931027687386111,-0.01794412236028024,0.9820558776397198,-0.00016676645447366578,0.9998238323497373,303.72617695805036,13.683598701371576,0.000041053300000000056,0.000026161430651910748
2021-07-15T06:00:00.000Z,0.024936788879030235,0.9809241148751905,0.0006475120031581736,0.0007643736094393792,0.000755652053279432,227891695.9471,103660153.93339999,3075867.8413,-0.019831537178088943,-0.019831537178088943,-0.018428373121651336,0.9815716268783486,-0.00016034229743644435,0.998937428873856,303.6726110362877,13.691965102165527,0.00004106690000000008,0.000022945001609114315
2021-07-15T07:00:00.000Z,0.024936788879030235,0.9815386811443773,0.000664468056341309,0.0007794218393723744,0.0007707684251357927,228189309.2008,105718054.26509999,2057900.3317,-0.019232087280758536,-0.019232087280758536,-0.017796850799281436,0.9822031492007186,-0.00017231138423956516,1.0002047623687602,303.65891739174805,13.752894433587663,0.00004103950000000002,0.000015331264098842956
